0.299357 0 0.421293 0 0.421292 0.500001 
0.299124 0 0.423471 0 0.423185 0.499424 
0.298786 0 0.425618 0 0.42493 0.49888 
0.298393 0 0.427747 0 0.426591 0.498372 
0.29799 0 0.429866 0 0.428216 0.497903 
0.297591 0 0.431959 0 0.429821 0.497472 
0.29719 0 0.434017 0 0.431398 0.49708 
0.296793 0 0.436048 0 0.43295 0.496728 
0.296401 0 0.438051 0 0.434476 0.496413 
0.296007 0 0.440014 0 0.435972 0.496133 
0.295611 0 0.441938 0 0.437434 0.495887 
0.295221 0 0.443829 0 0.438866 0.495673 
0.294836 0 0.445687 0 0.440267 0.495486 
0.294449 0 0.447501 0 0.441631 0.495325 
0.294062 0 0.449272 0 0.442958 0.495187 
0.293682 0 0.451009 0 0.444252 0.495068 
0.293307 0 0.452709 0 0.445511 0.494968 
0.292932 0 0.454365 0 0.44673 0.494881 
0.292557 0 0.455976 0 0.447911 0.494808 
0.292189 0 0.457552 0 0.449057 0.494744 
0.291826 0 0.459092 0 0.450167 0.494688 
0.291463 0 0.460587 0 0.451238 0.494637 
0.2911 0 0.462039 0 0.452271 0.49459 
0.290892 0 0.463544 0 0.453458 0.494544 
0.291003 0 0.465379 0 0.454867 0.494498 
0.291297 0 0.467365 0 0.456403 0.494449 
0.291702 0 0.46942 0 0.458011 0.494396 
0.292181 0 0.471507 0 0.459657 0.494337 
0.292581 0 0.473486 0 0.461188 0.49427 
0.293118 0 0.475598 0 0.462798 0.494192 
0.293581 0 0.477604 0 0.464298 0.494102 
0.294006 0 0.479555 0 0.465718 0.493997 
0.294562 0 0.481618 0 0.467243 0.493875 
0.295183 0 0.483668 0 0.468848 0.493733 
0.295842 0 0.485709 0 0.470493 0.493568 
0.296525 0 0.487743 0 0.472156 0.493376 
0.297223 0 0.489771 0 0.473825 0.493154 
0.29793 0 0.491787 0 0.475496 0.492898 
0.298648 0 0.493798 0 0.477175 0.492603 
0.299384 0 0.495815 0 0.478867 0.492263 
0.300135 0 0.497839 0 0.480574 0.491873 
0.300895 0 0.499863 0 0.482294 0.491424 
0.301664 0 0.501893 0 0.484029 0.49091 
0.302448 0 0.503938 0 0.485787 0.49032 
0.303245 0 0.506 0 0.487568 0.489644 
0.30405 0 0.508073 0 0.48937 0.488868 
0.304863 0 0.510161 0 0.491197 0.487978 
0.30569 0 0.512274 0 0.493054 0.486955 
0.30653 0 0.514413 0 0.494941 0.48578 
0.307376 0 0.516571 0 0.496856 0.484427 
0.30823 0 0.51875 0 0.498801 0.482869 
0.309097 0 0.520959 0 0.500781 0.481071 
0.309977 0 0.523197 0 0.502794 0.478995 
0.310863 0 0.525455 0 0.504834 0.476595 
0.311756 0 0.527733 0 0.506904 0.473819 
0.312662 0 0.530037 0 0.509003 0.470606 
0.313582 0 0.532361 0 0.511126 0.466889 
0.314507 0 0.534693 0 0.513266 0.462592 
0.31544 0 0.537024 0 0.515415 0.457633 
0.316388 0 0.539355 0 0.51757 0.451928 
0.317348 0 0.541672 0 0.519716 0.445391 
0.318315 0 0.54395 0 0.521835 0.437941 
0.319289 0 0.546174 0 0.52391 0.429512 
0.320278 0 0.548328 0 0.525925 0.420056 
0.321279 0 0.550389 0 0.527854 0.409555 
0.322285 0 0.552324 0 0.52967 0.398022 
0.323297 0 0.554108 0 0.531349 0.385509 
0.32432 0 0.555727 0 0.53287 0.3721 
0.32535 0 0.557159 0 0.534213 0.357906 
0.32638 0 0.558382 0 0.535357 0.343059 
0.327408 0 0.559388 0 0.536293 0.327696 
0.32844 0 0.56018 0 0.537019 0.311955 
0.329471 0 0.560759 0 0.537533 0.295963 
0.330493 0 0.561121 0 0.537835 0.279836 
0.331505 0 0.561277 0 0.537932 0.263673 
0.332512 0 0.561247 0 0.537839 0.247557 
0.333511 0 0.561042 0 0.537565 0.231554 
0.334492 0 0.56067 0 0.53712 0.215718 
0.335458 0 0.560145 0 0.536517 0.20009 
0.336412 0 0.559491 0 0.535774 0.184704 
0.337352 0 0.558721 0 0.534902 0.169581 
0.33827 0 0.557841 0 0.53391 0.15474 
0.339168 0 0.556864 0 0.532811 0.140191 
0.34005 0 0.555811 0 0.53162 0.125944 
0.340914 0 0.554691 0 0.530345 0.112002 
0.341752 0 0.553507 0 0.528992 0.0983671 
0.342566 0 0.55227 0 0.52757 0.0850395 
0.34336 0 0.550995 0 0.526091 0.0720176 
0.344132 0 0.549688 0 0.524559 0.0592987 
0.344874 0 0.548348 0 0.522978 0.0468793 
0.345586 0 0.546982 0 0.521352 0.0347552 
0.346271 0 0.545602 0 0.51969 0.0229216 
0.346926 0 0.544209 0 0.517994 0.0113734 
0.347349 0 0.542314 0 0.515979 0.000105201 
0.347673 0 0.540058 0 0.513728 -0.0108883 
0.347941 0 0.537634 0 0.511398 -0.0216125 
0.348192 0 0.5352 0 0.509081 -0.0320733 
0.348519 0 0.532858 0 0.506847 -0.0422762 
0.348898 0 0.530604 0 0.504675 -0.0522267 
0.349319 0 0.528438 0 0.502556 -0.0619304 
0.349768 0 0.526352 0 0.50048 -0.0713923 
0.35023 0 0.524337 0 0.498438 -0.0806178 
0.350702 0 0.522391 0 0.496429 -0.0896118 
0.351187 0 0.520521 0 0.494455 -0.0983791 
0.351681 0 0.518724 0 0.492513 -0.106924 
0.352108 0 0.51674 0 0.490473 -0.115252 
0.352498 0 0.51462 0 0.488378 -0.123366 
0.352887 0 0.512445 0 0.486282 -0.131269 
0.353295 0 0.51027 0 0.484216 -0.138965 
0.353727 0 0.508121 0 0.482194 -0.146456 
0.354186 0 0.506014 0 0.480227 -0.153741 
0.354675 0 0.503965 0 0.478324 -0.160821 
0.355187 0 0.50198 0 0.476489 -0.167692 
0.355711 0 0.500059 0 0.474723 -0.174348 
0.356243 0 0.498211 0 0.473034 -0.180779 
0.356787 0 0.496448 0 0.471431 -0.18697 
0.357338 0 0.494779 0 0.46992 -0.192898 
0.357886 0 0.493204 0 0.468506 -0.198532 
0.358432 0 0.491734 0 0.467199 -0.203829 
0.35898 0 0.490392 0 0.466018 -0.208731 
0.359528 0 0.489194 0 0.464979 -0.213162 
0.360069 0 0.488157 0 0.464101 -0.217026 
0.360603 0 0.487309 0 0.463412 -0.220204 
0.361136 0 0.486694 0 0.462951 -0.222554 
0.361667 0 0.486347 0 0.462753 -0.223917 
0.362189 0 0.486304 0 0.462854 -0.224119 
0.362704 0 0.486607 0 0.463295 -0.222996 
0.363217 0 0.487298 0 0.464114 -0.220403 
0.363728 0 0.4884 0 0.465334 -0.21624 
0.364229 0 0.489917 0 0.466962 -0.210473 
0.364724 0 0.491844 0 0.468993 -0.203139 
0.365218 0 0.494164 0 0.471409 -0.194345 
0.36571 0 0.496838 0 0.474171 -0.184254 
0.366193 0 0.49981 0 0.477231 -0.173066 
0.36667 0 0.503029 0 0.48054 -0.160995 
0.367147 0 0.506452 0 0.484053 -0.148248 
0.367621 0 0.510026 0 0.48772 -0.135015 
0.368087 0 0.5137 0 0.491496 -0.121461 
0.368546 0 0.517438 0 0.495347 -0.107724 
0.369004 0 0.521216 0 0.499246 -0.0939168 
0.36946 0 0.525004 0 0.503166 -0.0801276 
0.369906 0 0.528774 0 0.507085 -0.0664259 
0.370344 0 0.532511 0 0.510988 -0.0528645 
0.370781 0 0.536208 0 0.514865 -0.0394835 
0.371214 0 0.539853 0 0.518706 -0.0263122 
0.371638 0 0.543431 0 0.522501 -0.013372 
0.372052 0 0.546936 0 0.526243 -0.000677675 
0.372464 0 0.55037 0 0.529934 0.0117605 
0.372871 0 0.553729 0 0.53357 0.0239361 
0.373267 0 0.557004 0 0.537143 0.035846 
0.373652 0 0.560191 0 0.540654 0.0474888 
0.374346 0 0.563806 0 0.544556 0.058865 
0.375195 0 0.567529 0 0.548527 0.0699763 
0.376089 0 0.571173 0 0.552422 0.0808257 
0.376987 0 0.57472 0 0.55625 0.091416 
0.377888 0 0.578189 0 0.560021 0.101752 
0.378792 0 0.581584 0 0.563736 0.111837 
0.379693 0 0.5849 0 0.567397 0.121677 
0.380591 0 0.588143 0 0.571008 0.131275 
0.381495 0 0.591327 0 0.57458 0.140638 
0.382402 0 0.594456 0 0.578116 0.14977 
0.383269 0 0.597512 0 0.581548 0.158676 
0.384113 0 0.600522 0 0.584967 0.167363 
0.384951 0 0.60349 0 0.588368 0.175833 
0.385781 0 0.606407 0 0.591738 0.184094 
0.386594 0 0.609265 0 0.595074 0.192149 
0.387392 0 0.612069 0 0.59838 0.200004 
0.388181 0 0.614832 0 0.601663 0.207663 
0.388959 0 0.617554 0 0.60492 0.215132 
0.389717 0 0.620227 0 0.608145 0.222414 
0.390455 0 0.622851 0 0.611337 0.229514 
0.391174 0 0.625433 0 0.614495 0.236436 
0.391721 0 0.627754 0 0.616566 0.243187 
0.392183 0 0.629874 0 0.618012 0.249766 
0.392551 0 0.631593 0 0.619546 0.256181 
0.39284 0 0.633103 0 0.621216 0.262433 
0.393108 0 0.634551 0 0.622905 0.268528 
0.393373 0 0.635978 0 0.624582 0.274468 
0.393638 0 0.637384 0 0.626247 0.280256 
0.393909 0 0.638778 0 0.627904 0.285896 
0.394149 0 0.640115 0 0.62958 0.29139 
0.394365 0 0.641403 0 0.631242 0.296741 
0.394581 0 0.642666 0 0.632888 0.301951 
0.394805 0 0.643913 0 0.634518 0.307022 
0.395026 0 0.645135 0 0.636154 0.311957 
0.395242 0 0.646324 0 0.637778 0.316757 
0.395455 0 0.647484 0 0.639384 0.321422 
0.395676 0 0.648625 0 0.64098 0.325956 
0.395907 0 0.649748 0 0.642565 0.330357 
0.396141 0 0.650847 0 0.644135 0.334626 
0.396382 0 0.651924 0 0.645692 0.338763 
0.396638 0 0.652986 0 0.647239 0.342768 
0.396906 0 0.654033 0 0.648773 0.346639 
0.39718 0 0.655057 0 0.650289 0.350375 
0.397463 0 0.656058 0 0.651788 0.353973 
0.39776 0 0.657046 0 0.653274 0.35743 
0.398115 0 0.658186 0 0.654456 0.360743 
0.398438 0 0.659262 0 0.655502 0.363908 
0.398736 0 0.660296 0 0.656442 0.366918 
0.399025 0 0.661308 0 0.657315 0.369767 
0.399268 0 0.662244 0 0.65814 0.372448 
0.399554 0 0.663199 0 0.65891 0.374951 
0.399836 0 0.664131 0 0.659666 0.377268 
0.400117 0 0.665027 0 0.66038 0.379386 
0.400479 0 0.666097 0 0.661184 0.381292 
0.400866 0 0.667152 0 0.661966 0.382972 
0.401246 0 0.668131 0 0.662668 0.38441 
0.401621 0 0.669048 0 0.663299 0.385587 
0.402045 0 0.669955 0 0.663898 0.386482 
0.40241 0 0.670788 0 0.664419 0.387073 
0.402777 0 0.671549 0 0.664889 0.387334 
0.403152 0 0.672252 0 0.665308 0.387237 
0.403536 0 0.672898 0 0.665668 0.386751 
0.40392 0 0.673473 0 0.66596 0.385841 
0.404305 0 0.673972 0 0.666179 0.38447 
0.404698 0 0.674396 0 0.666321 0.382597 
0.405097 0 0.674737 0 0.666378 0.380178 
0.405496 0 0.674977 0 0.666338 0.377167 
0.405897 0 0.675107 0 0.66619 0.373517 
0.406306 0 0.675125 0 0.66593 0.36918 
0.406721 0 0.675016 0 0.665543 0.364108 
0.407138 0 0.67476 0 0.665013 0.35826 
0.407556 0 0.674345 0 0.664328 0.351599 
0.407983 0 0.673766 0 0.663479 0.3441 
0.408417 0 0.673009 0 0.662454 0.33575 
0.408851 0 0.672056 0 0.661238 0.326554 
0.409287 0 0.670902 0 0.659826 0.316535 
0.409731 0 0.669551 0 0.658219 0.305732 
0.410181 0 0.668001 0 0.656416 0.294207 
0.410629 0 0.666251 0 0.654418 0.282034 
0.411078 0 0.664313 0 0.652236 0.2693 
0.411533 0 0.662207 0 0.649889 0.256099 
0.411992 0 0.659951 0 0.647391 0.242529 
0.412448 0 0.657556 0 0.644759 0.228684 
0.412903 0 0.655046 0 0.642013 0.214653 
0.413361 0 0.65245 0 0.639179 0.200517 
0.413821 0 0.649786 0 0.636276 0.18635 
0.414277 0 0.64707 0 0.63332 0.172214 
0.41473 0 0.644321 0 0.63033 0.158161 
0.415185 0 0.641563 0 0.627327 0.144235 
0.415641 0 0.63881 0 0.624323 0.130472 
0.416091 0 0.636069 0 0.621328 0.1169 
0.416536 0 0.633352 0 0.618354 0.103541 
0.416982 0 0.630677 0 0.615415 0.0904121 
0.417427 0 0.62805 0 0.612517 0.0775264 
0.417864 0 0.625471 0 0.609662 0.0648926 
0.418292 0 0.622948 0 0.606858 0.052517 
0.418717 0 0.62049 0 0.604114 0.040403 
0.419135 0 0.618101 0 0.60143 0.0285528 
0.419537 0 0.615776 0 0.598808 0.0169664 
0.41992 0 0.613517 0 0.596249 0.00564285 
0.420286 0 0.611331 0 0.59376 -0.00541947 
0.420627 0 0.609216 0 0.591341 -0.0162232 
0.420928 0 0.607165 0 0.588989 -0.0267717 
0.421263 0 0.605229 0 0.586733 -0.0370687 
0.421377 0 0.602487 0 0.584043 -0.047118 
0.421344 0 0.599394 0 0.581041 -0.0569239 
0.421264 0 0.596324 0 0.578091 -0.0664906 
0.421216 0 0.593392 0 0.575246 -0.0758227 
0.421196 0 0.590581 0 0.572499 -0.0849253 
0.421198 0 0.587883 0 0.569842 -0.0938029 
0.421215 0 0.585293 0 0.567271 -0.10246 
0.421247 0 0.582809 0 0.564784 -0.110903 
0.421297 0 0.580436 0 0.56238 -0.119135 
0.421365 0 0.578168 0 0.560054 -0.127162 
0.421441 0 0.575996 0 0.557798 -0.134988 
0.421529 0 0.573917 0 0.555609 -0.142618 
0.421632 0 0.571937 0 0.553489 -0.150056 
0.421749 0 0.570049 0 0.551433 -0.157307 
0.421873 0 0.568248 0 0.549434 -0.164375 
0.422006 0 0.566531 0 0.547492 -0.171264 
0.422153 0 0.564904 0 0.54561 -0.177977 
0.422313 0 0.563364 0 0.543785 -0.184519 
0.422478 0 0.561903 0 0.542011 -0.190892 
0.422651 0 0.560522 0 0.54029 -0.197099 
0.422837 0 0.559226 0 0.538626 -0.203143 
0.423033 0 0.558013 0 0.537016 -0.209025 
0.423214 0 0.556532 0 0.535316 -0.214748 
0.423377 0 0.554895 0 0.533571 -0.22031 
0.423548 0 0.553226 0 0.531858 -0.22571 
0.423742 0 0.551599 0 0.530216 -0.230945 
0.423962 0 0.550033 0 0.528653 -0.236009 
0.42421 0 0.548534 0 0.527168 -0.240892 
0.424491 0 0.547101 0 0.52576 -0.24558 
0.424799 0 0.545733 0 0.524431 -0.250051 
0.425126 0 0.544433 0 0.523188 -0.254273 
0.42547 0 0.543215 0 0.522045 -0.258203 
0.425834 0 0.542109 0 0.521028 -0.261781 
0.426215 0 0.541138 0 0.520156 -0.264929 
0.426604 0 0.540323 0 0.519454 -0.267541 
0.427002 0 0.539702 0 0.518956 -0.269486 
0.427411 0 0.539323 0 0.518705 -0.270604 
0.427828 0 0.539232 0 0.518746 -0.27071 
0.428246 0 0.539471 0 0.519122 -0.269608 
0.428665 0 0.540092 0 0.519883 -0.267109 
0.429089 0 0.541142 0 0.521073 -0.263052 
0.429516 0 0.542649 0 0.522718 -0.257342 
0.42994 0 0.544611 0 0.52482 -0.24996 
0.430353 0 0.547011 0 0.527359 -0.240978 
0.43077 0 0.549826 0 0.530317 -0.230539 
0.431171 0 0.552994 0 0.533627 -0.218849 
0.432007 0 0.557216 0 0.537909 -0.206137 
0.433031 0 0.561834 0 0.542555 -0.192635 
0.4341 0 0.566567 0 0.547366 -0.17856 
0.43517 0 0.57143 0 0.552314 -0.164101 
0.436235 0 0.576372 0 0.557351 -0.14942 
0.437297 0 0.581354 0 0.562442 -0.134646 
0.438363 0 0.586353 0 0.567561 -0.119881 
0.439432 0 0.591342 0 0.572682 -0.105204 
0.440498 0 0.596291 0 0.577783 -0.0906766 
0.441562 0 0.601185 0 0.582848 -0.0763428 
0.442631 0 0.60602 0 0.58787 -0.0622356 
0.443705 0 0.610784 0 0.592839 -0.0483784 
0.444776 0 0.615462 0 0.597745 -0.0347878 
0.445846 0 0.620048 0 0.602583 -0.0214742 
0.446922 0 0.624546 0 0.607355 -0.00844428 
0.448002 0 0.628952 0 0.612056 0.00429866 
0.449079 0 0.633256 0 0.616682 0.0167535 
0.450155 0 0.637457 0 0.621233 0.0289211 
0.451237 0 0.641563 0 0.625713 0.0408038 
0.452284 0 0.645627 0 0.630228 0.0524048 
0.45329 0 0.649558 0 0.63467 0.0637279 
0.454293 0 0.653381 0 0.639038 0.0747777 
0.455245 0 0.656941 0 0.643157 0.0855594 
0.456175 0 0.66044 0 0.647209 0.0960776 
0.45708 0 0.663819 0 0.651174 0.106338 
0.45796 0 0.667076 0 0.655055 0.116346 
0.458842 0 0.670244 0 0.65888 0.126107 
0.459727 0 0.673325 0 0.662649 0.135626 
0.460606 0 0.676316 0 0.666365 0.14491 
0.461482 0 0.679223 0 0.670033 0.153963 
0.462328 0 0.682038 0 0.673691 0.162791 
0.463145 0 0.684787 0 0.677259 0.171399 
0.463785 0 0.687193 0 0.679444 0.179792 
0.46432 0 0.689392 0 0.680869 0.187977 
0.464727 0 0.691136 0 0.68237 0.195957 
0.465021 0 0.692676 0 0.683965 0.203738 
0.465309 0 0.694189 0 0.68555 0.211325 
0.465594 0 0.695677 0 0.687125 0.218722 
0.465883 0 0.697149 0 0.688697 0.225934 
0.466102 0 0.698528 0 0.690299 0.232965 
0.46628 0 0.69985 0 0.691899 0.23982 
0.466456 0 0.701151 0 0.693492 0.246503 
0.466638 0 0.70244 0 0.695081 0.253018 
0.466824 0 0.703717 0 0.696666 0.25937 
0.467008 0 0.704972 0 0.698241 0.265561 
0.467167 0 0.70619 0 0.699849 0.271596 
0.467314 0 0.707378 0 0.701458 0.277479 
0.467455 0 0.708542 0 0.703062 0.283212 
0.467596 0 0.709684 0 0.704653 0.288799 
0.467734 0 0.710802 0 0.706248 0.294243 
0.467881 0 0.71191 0 0.707849 0.299547 
0.468038 0 0.713006 0 0.709451 0.304713 
0.468199 0 0.714084 0 0.711051 0.309745 
0.468368 0 0.715145 0 0.712648 0.314644 
0.468552 0 0.716198 0 0.714246 0.319413 
0.46875 0 0.717242 0 0.715842 0.324053 
0.468957 0 0.71827 0 0.717431 0.328566 
0.469173 0 0.719281 0 0.719014 0.332954 
0.469405 0 0.720285 0 0.720594 0.337218 
0.469652 0 0.721281 0 0.722168 0.341357 
0.469907 0 0.722259 0 0.723731 0.345373 
0.470263 0 0.723506 0 0.724974 0.349266 
0.470607 0 0.724726 0 0.726079 0.353036 
0.470934 0 0.725914 0 0.727064 0.356681 
0.471239 0 0.727073 0 0.727964 0.360201 
0.471533 0 0.728212 0 0.728816 0.363593 
0.471771 0 0.729269 0 0.72965 0.366855 
0.472084 0 0.730389 0 0.730433 0.369984 
0.472388 0 0.731483 0 0.731214 0.372976 
0.472682 0 0.732544 0 0.731959 0.375827 
0.472971 0 0.733569 0 0.732657 0.378532 
0.473252 0 0.734558 0 0.733304 0.381084 
0.47352 0 0.735506 0 0.733902 0.383477 
0.473779 0 0.736416 0 0.734452 0.385702 
0.474035 0 0.737297 0 0.734962 0.38775 
0.474288 0 0.738147 0 0.735428 0.389611 
0.474722 0 0.739382 0 0.736194 0.391274 
0.475195 0 0.740584 0 0.736932 0.392725 
0.475717 0 0.741755 0 0.737582 0.393952 
0.476244 0 0.742892 0 0.738194 0.394939 
0.47677 0 0.743984 0 0.738764 0.395669 
0.477295 0 0.745032 0 0.73929 0.396123 
0.477826 0 0.746042 0 0.739774 0.396284 
0.478363 0 0.747009 0 0.740213 0.396128 
0.478898 0 0.747923 0 0.740598 0.395633 
0.479433 0 0.748782 0 0.740929 0.394773 
0.479976 0 0.749575 0 0.741169 0.393523 
0.480514 0 0.750288 0 0.741305 0.391854 
0.481029 0 0.750929 0 0.741426 0.389734 
0.481513 0 0.751446 0 0.741438 0.387133 
0.481976 0 0.751844 0 0.741327 0.384016 
0.482426 0 0.752137 0 0.741099 0.380349 
0.482866 0 0.752324 0 0.740761 0.376097 
0.483302 0 0.752401 0 0.740314 0.371225 
0.483744 0 0.752367 0 0.739753 0.3657 
0.48419 0 0.752208 0 0.739067 0.359492 
0.484633 0 0.751903 0 0.73824 0.352576 
0.485075 0 0.751444 0 0.737264 0.344935 
0.485522 0 0.750828 0 0.736132 0.336559 
0.485973 0 0.750044 0 0.734834 0.32745 
0.486421 0 0.74908 0 0.733363 0.317624 
0.486868 0 0.747931 0 0.731716 0.30711 
0.487318 0 0.746605 0 0.729896 0.29595 
0.487772 0 0.745103 0 0.727905 0.284198 
0.488221 0 0.743424 0 0.725747 0.27192 
0.488668 0 0.741579 0 0.723432 0.259189 
0.489117 0 0.739591 0 0.720977 0.246083 
0.489567 0 0.737472 0 0.718395 0.232682 
0.490012 0 0.735234 0 0.715701 0.219062 
0.490452 0 0.732898 0 0.712914 0.205298 
0.490894 0 0.730489 0 0.710054 0.191457 
0.491335 0 0.728025 0 0.707137 0.177599 
0.491769 0 0.725517 0 0.704179 0.163779 
0.492197 0 0.722983 0 0.701194 0.150041 
0.492403 0 0.719736 0 0.697792 0.136426 
0.492435 0 0.716013 0 0.694112 0.122963 
0.492373 0 0.712117 0 0.690367 0.109681 
0.492325 0 0.708279 0 0.686659 0.0965981 
0.492296 0 0.704513 0 0.683002 0.0837323 
0.492281 0 0.700827 0 0.679404 0.0710958 
0.492276 0 0.697224 0 0.675873 0.0586983 
0.49228 0 0.693714 0 0.672417 0.0465463 
0.4923 0 0.690309 0 0.669045 0.0346443 
0.492335 0 0.687013 0 0.66576 0.0229952 
0.492378 0 0.683823 0 0.662564 0.0116003 
0.49243 0 0.680745 0 0.659461 0.000459355 
0.492499 0 0.677786 0 0.656457 -0.0104283 
0.492581 0 0.674949 0 0.653553 -0.0210645 
0.492672 0 0.672228 0 0.650748 -0.0314514 
0.492773 0 0.669626 0 0.648042 -0.0415922 
0.49289 0 0.667148 0 0.645439 -0.05149 
0.493022 0 0.664794 0 0.642937 -0.0611484 
0.493164 0 0.662555 0 0.640531 -0.0705714 
0.493245 0 0.660176 0 0.638139 -0.0797635 
0.493285 0 0.657725 0 0.635761 -0.0887291 
0.4933 0 0.655278 0 0.633428 -0.0974728 
0.493301 0 0.652887 0 0.631163 -0.105999 
0.4933 0 0.650577 0 0.628974 -0.114314 
0.493307 0 0.648356 0 0.626858 -0.12242 
0.493322 0 0.646212 0 0.624802 -0.130323 
0.493339 0 0.644127 0 0.622794 -0.138027 
0.49336 0 0.642095 0 0.62083 -0.145537 
0.493391 0 0.640118 0 0.61891 -0.152855 
0.493431 0 0.638192 0 0.61703 -0.159987 
0.493476 0 0.63631 0 0.615186 -0.166935 
0.49353 0 0.634468 0 0.613376 -0.173702 
0.493598 0 0.632671 0 0.611603 -0.180292 
0.493684 0 0.630911 0 0.609863 -0.186705 
0.493781 0 0.62918 0 0.608153 -0.192943 
0.493894 0 0.627476 0 0.606473 -0.199007 
0.494032 0 0.625802 0 0.604828 -0.204896 
0.494194 0 0.624156 0 0.60322 -0.210605 
0.494378 0 0.622534 0 0.60165 -0.216131 
0.494585 0 0.62094 0 0.600124 -0.221463 
0.494822 0 0.619388 0 0.598655 -0.226589 
0.495088 0 0.617884 0 0.597252 -0.231488 
0.495375 0 0.616436 0 0.595925 -0.23613 
0.495684 0 0.615061 0 0.594689 -0.240476 
0.496017 0 0.613785 0 0.593567 -0.244467 
0.496372 0 0.612631 0 0.592582 -0.248028 
0.496739 0 0.611621 0 0.591758 -0.251059 
0.497118 0 0.610794 0 0.591129 -0.253429 
0.497512 0 0.610197 0 0.59074 -0.254983 
0.497917 0 0.609879 0 0.590636 -0.255535 
0.498325 0 0.609884 0 0.590864 -0.254885 
0.498736 0 0.610265 0 0.591474 -0.252838 
0.499154 0 0.611074 0 0.592514 -0.249227 
0.499577 0 0.612338 0 0.594011 -0.243942 
0.499989 0 0.614055 0 0.595964 -0.236958 
0.500387 0 0.61621 0 0.598361 -0.228338 
0.501231 0 0.61954 0 0.601829 -0.218227 
0.502287 0 0.623419 0 0.605804 -0.206831 
0.503402 0 0.62755 0 0.610042 -0.194383 
0.50451 0 0.631919 0 0.614525 -0.181125 
0.505618 0 0.636476 0 0.6192 -0.167278 
0.506727 0 0.641167 0 0.624018 -0.15304 
0.50783 0 0.645938 0 0.62893 -0.138573 
0.50893 0 0.650752 0 0.633901 -0.124012 
0.510033 0 0.655584 0 0.638906 -0.109459 
0.511139 0 0.660408 0 0.643919 -0.0949942 
0.512242 0 0.665195 0 0.648918 -0.0806789 
0.513342 0 0.66993 0 0.653889 -0.0665573 
0.514448 0 0.674608 0 0.658825 -0.0526621 
0.515558 0 0.679217 0 0.663715 -0.039016 
0.516665 0 0.683743 0 0.668551 -0.025635 
0.51777 0 0.68818 0 0.673328 -0.0125292 
0.518881 0 0.692532 0 0.678047 0.000295148 
0.519996 0 0.696794 0 0.682705 0.0128351 
0.521108 0 0.700957 0 0.687297 0.0250899 
0.522218 0 0.705019 0 0.691824 0.0370609 
0.52329 0 0.709042 0 0.696435 0.0487503 
0.524324 0 0.712938 0 0.700994 0.0601615 
0.525353 0 0.716724 0 0.705489 0.0712988 
0.526378 0 0.7204 0 0.709921 0.0821667 
0.527354 0 0.723767 0 0.71409 0.0927702 
0.528309 0 0.727091 0 0.718225 0.103114 
0.52924 0 0.730296 0 0.722289 0.113204 
0.530177 0 0.733395 0 0.726299 0.123046 
0.531116 0 0.736399 0 0.730259 0.132644 
0.532057 0 0.73931 0 0.73417 0.142005 
0.532991 0 0.742123 0 0.738032 0.151134 
0.53387 0 0.744814 0 0.741858 0.160036 
0.53455 0 0.74698 0 0.744258 0.168717 
0.535086 0 0.748983 0 0.745806 0.177181 
0.53548 0 0.750598 0 0.747327 0.185435 
0.535776 0 0.752033 0 0.74894 0.193484 
0.536076 0 0.753448 0 0.750544 0.201331 
0.536316 0 0.754779 0 0.752171 0.208982 
0.536551 0 0.756088 0 0.75379 0.216443 
0.536784 0 0.757377 0 0.755405 0.223716 
0.537022 0 0.758656 0 0.757019 0.230808 
0.537222 0 0.759895 0 0.758663 0.237723 
0.537393 0 0.761095 0 0.760314 0.244465 
0.537544 0 0.762267 0 0.761968 0.251038 
0.53769 0 0.763426 0 0.763631 0.257446 
0.537837 0 0.764576 0 0.765307 0.263693 
0.53798 0 0.765713 0 0.766994 0.269784 
0.538264 0 0.767095 0 0.768494 0.275722 
0.538602 0 0.768568 0 0.769925 0.28151 
0.538965 0 0.770077 0 0.771309 0.287153 
0.539331 0 0.77159 0 0.772658 0.292653 
0.539729 0 0.77313 0 0.774 0.298015 
0.540043 0 0.774601 0 0.775325 0.30324 
0.540459 0 0.776156 0 0.776586 0.308333 
0.540781 0 0.777611 0 0.77785 0.313295 
0.541151 0 0.779089 0 0.77909 0.31813 
0.541516 0 0.780548 0 0.780315 0.322841 
0.541876 0 0.781987 0 0.781508 0.327429 
0.542225 0 0.783399 0 0.782664 0.331897 
0.542564 0 0.784784 0 0.783786 0.336247 
0.542902 0 0.786154 0 0.784877 0.340482 
0.543237 0 0.787507 0 0.785937 0.344601 
0.543564 0 0.788835 0 0.786964 0.348608 
0.543882 0 0.790137 0 0.787956 0.352504 
0.5442 0 0.791423 0 0.788919 0.356289 
0.544516 0 0.792692 0 0.789848 0.359964 
0.544822 0 0.793934 0 0.790743 0.36353 
0.545121 0 0.79515 0 0.791603 0.366987 
0.545419 0 0.796349 0 0.792432 0.370335 
0.545715 0 0.797531 0 0.793228 0.373573 
0.546002 0 0.798686 0 0.793988 0.376701 
0.546281 0 0.799814 0 0.794713 0.379717 
0.546559 0 0.800926 0 0.795405 0.382619 
0.546835 0 0.802019 0 0.796063 0.385405 
0.547101 0 0.803084 0 0.796683 0.388073 
0.54736 0 0.804122 0 0.797266 0.390619 
0.547617 0 0.805141 0 0.797814 0.393039 
0.547872 0 0.806139 0 0.798326 0.395328 
0.548116 0 0.807108 0 0.798796 0.397482 
0.548353 0 0.808046 0 0.799226 0.399493 
0.548587 0 0.808962 0 0.799618 0.401356 
0.548817 0 0.809853 0 0.799968 0.403062 
0.549037 0 0.81071 0 0.800272 0.404603 
0.549248 0 0.811531 0 0.80053 0.405969 
0.549455 0 0.812323 0 0.800744 0.407149 
0.549901 0 0.813632 0 0.801363 0.408133 
0.5504 0 0.814894 0 0.801951 0.408906 
0.550931 0 0.81609 0 0.802409 0.409455 
0.551469 0 0.817255 0 0.802829 0.409764 
0.552011 0 0.818387 0 0.803208 0.409818 
0.552551 0 0.819476 0 0.803542 0.409598 
0.55309 0 0.820519 0 0.803827 0.409086 
0.553635 0 0.821521 0 0.804065 0.408259 
0.554184 0 0.822479 0 0.80425 0.407095 
0.55473 0 0.823379 0 0.804377 0.405571 
0.555275 0 0.824219 0 0.804443 0.40366 
0.555819 0 0.824961 0 0.804382 0.401335 
0.556352 0 0.825603 0 0.804192 0.398567 
0.556865 0 0.826137 0 0.803879 0.395325 
0.557362 0 0.826561 0 0.803451 0.391579 
0.557876 0 0.826961 0 0.803073 0.387296 
0.558374 0 0.827207 0 0.802576 0.382445 
0.55884 0 0.827275 0 0.801919 0.376995 
0.559324 0 0.827216 0 0.801121 0.370919 
0.559794 0 0.827026 0 0.800208 0.364192 
0.560253 0 0.826679 0 0.799153 0.356795 
0.560698 0 0.826156 0 0.797942 0.348716 
0.561135 0 0.825456 0 0.796572 0.339953 
0.561573 0 0.82458 0 0.795043 0.330513 
0.562009 0 0.823523 0 0.793349 0.320413 
0.56244 0 0.822278 0 0.791489 0.309684 
0.562865 0 0.820846 0 0.789466 0.298367 
0.563292 0 0.819241 0 0.787289 0.286514 
0.563718 0 0.817468 0 0.784962 0.274185 
0.564137 0 0.815536 0 0.782496 0.261445 
0.564549 0 0.813458 0 0.779903 0.248366 
0.564962 0 0.811258 0 0.777201 0.235017 
0.565372 0 0.808953 0 0.774403 0.221468 
0.565593 0 0.805953 0 0.771261 0.207786 
0.565635 0 0.802333 0 0.767806 0.194032 
0.565575 0 0.79837 0 0.764206 0.180261 
0.565471 0 0.794311 0 0.760583 0.166522 
0.565388 0 0.790277 0 0.75696 0.152858 
0.565323 0 0.786283 0 0.753352 0.139305 
0.565278 0 0.782352 0 0.749772 0.125895 
0.565252 0 0.778496 0 0.746233 0.112654 
0.565236 0 0.774721 0 0.742744 0.0996022 
0.565232 0 0.771037 0 0.739316 0.0867575 
0.565245 0 0.76746 0 0.735959 0.0741331 
0.565273 0 0.763994 0 0.732679 0.0617394 
0.565311 0 0.76064 0 0.729482 0.0495839 
0.565358 0 0.757403 0 0.726372 0.0376722 
0.565421 0 0.754293 0 0.723355 0.026008 
0.565499 0 0.751311 0 0.720435 0.0145935 
0.565522 0 0.748229 0 0.717543 0.0034297 
0.565507 0 0.745115 0 0.714693 -0.00748343 
0.565477 0 0.742048 0 0.71192 -0.0181469 
0.565444 0 0.739074 0 0.709242 -0.0285623 
0.565411 0 0.736207 0 0.706663 -0.0387318 
0.565381 0 0.733447 0 0.704177 -0.0486582 
0.565361 0 0.730788 0 0.701778 -0.0583448 
0.56535 0 0.728221 0 0.699457 -0.0677953 
0.565342 0 0.725735 0 0.69721 -0.0770136 
0.565337 0 0.723328 0 0.695032 -0.0860044 
0.565344 0 0.721002 0 0.692923 -0.094772 
0.565359 0 0.718754 0 0.690877 -0.103321 
0.565379 0 0.716575 0 0.68889 -0.111655 
0.565403 0 0.714461 0 0.686956 -0.119779 
0.56544 0 0.712415 0 0.685074 -0.127697 
0.565488 0 0.71043 0 0.683238 -0.135413 
0.565543 0 0.708495 0 0.68144 -0.14293 
0.565607 0 0.706606 0 0.679679 -0.150251 
0.565688 0 0.704764 0 0.677952 -0.157378 
0.565785 0 0.702964 0 0.676256 -0.164314 
0.565896 0 0.701194 0 0.674585 -0.171059 
0.566023 0 0.699451 0 0.67294 -0.177613 
0.566175 0 0.697738 0 0.671323 -0.183974 
0.566353 0 0.696052 0 0.669735 -0.190138 
0.566553 0 0.694389 0 0.668176 -0.196097 
0.566776 0 0.692752 0 0.666655 -0.20184 
0.567031 0 0.691154 0 0.665184 -0.20735 
0.567315 0 0.689605 0 0.663771 -0.212603 
0.567621 0 0.688112 0 0.66243 -0.217563 
0.567948 0 0.686695 0 0.66118 -0.22218 
0.568302 0 0.685383 0 0.660045 -0.226387 
0.568678 0 0.684202 0 0.65905 -0.230095 
0.569068 0 0.683179 0 0.658224 -0.233188 
0.569469 0 0.682356 0 0.657607 -0.235518 
0.569886 0 0.681784 0 0.657243 -0.236913 
0.570315 0 0.681513 0 0.65718 -0.237176 
0.570748 0 0.681589 0 0.657465 -0.236106 
0.571184 0 0.682058 0 0.658143 -0.233521 
0.571628 0 0.682965 0 0.659252 -0.229283 
0.572078 0 0.684326 0 0.66081 -0.223331 
0.572501 0 0.686121 0 0.662794 -0.215691 
0.57293 0 0.688332 0 0.665204 -0.206481 
0.573713 0 0.691443 0 0.668424 -0.195887 
0.574716 0 0.695142 0 0.672164 -0.184138 
0.575815 0 0.699139 0 0.676191 -0.171478 
0.576941 0 0.703316 0 0.680407 -0.15814 
0.578068 0 0.707648 0 0.684782 -0.144335 
0.579196 0 0.712085 0 0.68927 -0.13024 
0.580318 0 0.716582 0 0.693832 -0.116 
0.581438 0 0.721106 0 0.69844 -0.10173 
0.582562 0 0.725638 0 0.703072 -0.087518 
0.583688 0 0.730155 0 0.707709 -0.0734322 
0.584812 0 0.734634 0 0.712332 -0.0595218 
0.585934 0 0.73906 0 0.716932 -0.0458234 
0.587061 0 0.743432 0 0.721504 -0.0323627 
0.588159 0 0.747788 0 0.726131 -0.0191578 
0.589221 0 0.752053 0 0.730731 -0.00622035 
0.590282 0 0.756234 0 0.735287 0.00644227 
0.591348 0 0.760334 0 0.739801 0.0188262 
0.592418 0 0.764349 0 0.74427 0.0309303 
0.593473 0 0.768208 0 0.74861 0.0427549 
0.594497 0 0.771979 0 0.752904 0.0543022 
0.595504 0 0.775631 0 0.757134 0.0655754 
0.596495 0 0.779154 0 0.761295 0.0765782 
0.597464 0 0.782555 0 0.765398 0.0873152 
0.598416 0 0.785846 0 0.769454 0.0977911 
0.599359 0 0.789043 0 0.773467 0.108011 
0.600293 0 0.792144 0 0.777439 0.11798 
0.601213 0 0.795139 0 0.781366 0.127704 
0.602119 0 0.798026 0 0.78525 0.137187 
0.603017 0 0.800817 0 0.789095 0.146436 
0.603906 0 0.80351 0 0.792903 0.155456 
0.604779 0 0.806102 0 0.796676 0.164252 
0.605637 0 0.808595 0 0.800419 0.172829 
0.606308 0 0.810656 0 0.802761 0.181191 
0.606837 0 0.812442 0 0.804163 0.189347 
0.607243 0 0.813789 0 0.805455 0.197299 
0.607606 0 0.815082 0 0.806729 0.205053 
0.607888 0 0.816284 0 0.808069 0.212614 
0.608171 0 0.817476 0 0.80941 0.219986 
0.60845 0 0.818653 0 0.810754 0.227173 
0.608727 0 0.819817 0 0.812104 0.234181 
0.608949 0 0.820938 0 0.813502 0.241014 
0.609175 0 0.822057 0 0.814908 0.247676 
0.609363 0 0.823153 0 0.816365 0.254172 
0.6097 0 0.824428 0 0.817665 0.260505 
0.610067 0 0.825754 0 0.818931 0.266679 
0.610447 0 0.827103 0 0.820165 0.272699 
0.610826 0 0.828456 0 0.821378 0.278568 
0.611199 0 0.829809 0 0.82258 0.28429 
0.611575 0 0.83117 0 0.823777 0.289868 
0.611951 0 0.832535 0 0.824963 0.295306 
0.612319 0 0.833894 0 0.826134 0.300608 
0.612679 0 0.835243 0 0.827287 0.305776 
0.613037 0 0.836593 0 0.82842 0.310814 
0.613393 0 0.837942 0 0.829532 0.315725 
0.61374 0 0.839281 0 0.830622 0.320511 
0.614078 0 0.84061 0 0.831689 0.325177 
0.614416 0 0.841939 0 0.832736 0.329723 
0.614752 0 0.843265 0 0.833759 0.334153 
0.615079 0 0.84458 0 0.834757 0.33847 
0.615398 0 0.845882 0 0.835731 0.342675 
0.615717 0 0.847181 0 0.836681 0.346771 
0.616034 0 0.848474 0 0.837605 0.35076 
0.616342 0 0.849753 0 0.838502 0.354643 
0.616643 0 0.851019 0 0.839373 0.358423 
0.616943 0 0.852279 0 0.840218 0.362102 
0.617241 0 0.853532 0 0.841035 0.365679 
0.61753 0 0.854769 0 0.841824 0.369158 
0.617811 0 0.855992 0 0.842584 0.372538 
0.618092 0 0.857209 0 0.843318 0.37582 
0.618371 0 0.858418 0 0.844021 0.379006 
0.618641 0 0.859611 0 0.844695 0.382096 
0.618904 0 0.860788 0 0.845339 0.385088 
0.619165 0 0.861958 0 0.845954 0.387984 
0.619425 0 0.86312 0 0.846537 0.390783 
0.619675 0 0.864264 0 0.847089 0.393484 
0.619917 0 0.865393 0 0.847608 0.396086 
0.620159 0 0.866512 0 0.848096 0.398586 
0.620397 0 0.867622 0 0.84855 0.400984 
0.620627 0 0.868712 0 0.848969 0.403276 
0.620848 0 0.869784 0 0.849354 0.40546 
0.620972 1 0.869815 0 0.850239 0.407536 
0.621102 1 0.869551 0 0.851373 0.409429 
0.621224 1 0.869349 0 0.852526 0.411102 
0.621347 0 0.869093 0 0.85363 0.412527 
0.62147 0 0.868803 0 0.854701 0.413797 
0.621594 0 0.868476 0 0.855737 0.414905 
0.621718 0 0.868113 0 0.856736 0.415841 
0.622043 0 0.868746 0 0.858141 0.416596 
0.622383 0 0.869478 0 0.859535 0.417159 
0.622714 0 0.870183 0 0.86089 0.417519 
0.62304 0 0.870844 0 0.862197 0.417665 
0.623361 0 0.87146 0 0.863455 0.417583 
0.623678 0 0.872035 0 0.864665 0.417261 
0.623988 0 0.872569 0 0.865827 0.416685 
0.62429 0 0.873063 0 0.866939 0.41584 
0.624559 0 0.87325 0 0.867463 0.41471 
0.624799 0 0.87333 0 0.867639 0.413278 
0.625056 0 0.873394 0 0.867783 0.411525 
0.625343 0 0.873981 1 0.867562 0.409434 
0.625631 0 0.874371 1 0.867151 0.40632 
0.625995 1 0.874191 0 0.867492 0.40201 
0.626875 1 0.874589 1 0.867088 0.396568 
0.628072 1 0.874941 1 0.867407 0.388981 
0.629628 1 0.87539 1 0.86798 0.379119 
0.63156 1 0.876032 1 0.86865 0.367051 
0.633827 1 0.87686 1 0.869448 0.35308 
0.636371 1 0.877826 1 0.870345 0.337611 
0.639114 1 0.878874 1 0.871299 0.321123 
0.641961 1 0.879944 1 0.872275 0.304049 
0.644876 1 0.880995 1 0.873263 0.286722 
0.647812 1 0.882003 1 0.874224 0.269396 
0.650743 1 0.88296 1 0.875142 0.252229 
0.65366 1 0.883861 1 0.876017 0.235313 
0.656557 1 0.884709 1 0.876851 0.2187 
0.659428 1 0.885506 1 0.877647 0.202416 
0.662269 1 0.886254 1 0.878402 0.18648 
0.665299 1 0.886951 1 0.87913 0.170919 
0.668551 1 0.887525 1 0.880108 0.155704 
0.67195 1 0.888186 1 0.881303 0.14085 
0.675414 1 0.888938 1 0.882573 0.126351 
0.678869 1 0.889735 1 0.883804 0.112193 
0.682275 1 0.890556 1 0.884906 0.0983868 
0.685628 1 0.89135 1 0.885919 0.0849131 
0.688925 1 0.892118 1 0.886866 0.0717753 
0.692164 1 0.892861 1 0.887763 0.0589578 
0.695345 1 0.893577 1 0.888615 0.046458 
0.698467 1 0.894263 1 0.889426 0.0342665 
0.701532 1 0.89492 1 0.890199 0.022377 
0.704538 1 0.895549 1 0.890937 0.0107832 
0.707486 1 0.896148 1 0.891643 -0.000522386 
0.710377 1 0.896721 1 0.892318 -0.0115492 
0.713211 1 0.897267 1 0.892965 -0.0223008 
0.715988 1 0.89779 1 0.893583 -0.0327863 
0.718708 1 0.89829 1 0.894176 -0.0430096 
0.721374 1 0.898765 1 0.894744 -0.0529796 
0.723984 1 0.899222 1 0.895288 -0.0627004 
0.726539 1 0.899657 1 0.895809 -0.0721785 
0.729041 1 0.900073 1 0.89631 -0.0814203 
0.731489 1 0.900471 1 0.89679 -0.0904316 
0.733884 1 0.900852 1 0.897251 -0.0992183 
0.736228 1 0.901215 1 0.897693 -0.107786 
0.73852 1 0.901564 1 0.898118 -0.11614 
0.740762 1 0.901898 1 0.898526 -0.124286 
0.742953 1 0.902217 1 0.898918 -0.132228 
0.745096 1 0.902522 1 0.899295 -0.139972 
0.747189 1 0.902814 1 0.899657 -0.147522 
0.749235 1 0.903094 1 0.900006 -0.154884 
0.751234 1 0.903363 1 0.900341 -0.162062 
0.752751 1 0.903547 1 0.900493 -0.169071 
0.754128 1 0.903556 1 0.900588 -0.175893 
0.755471 1 0.903564 1 0.900662 -0.182546 
0.756781 1 0.903573 1 0.900724 -0.189033 
0.758059 1 0.90358 1 0.900779 -0.195358 
0.759305 1 0.903584 1 0.90083 -0.201525 
0.76052 1 0.903586 1 0.900878 -0.207537 
0.761704 1 0.903585 1 0.900921 -0.2134 
0.762858 1 0.903581 1 0.90096 -0.219117 
0.763982 1 0.903575 1 0.900997 -0.224689 
0.765077 1 0.903566 1 0.901031 -0.230123 
0.766142 1 0.903555 1 0.901061 -0.235421 
0.76718 1 0.903541 1 0.901088 -0.240587 
0.768189 1 0.903525 1 0.901113 -0.245623 
0.769171 1 0.903507 1 0.901136 -0.250533 
0.770077 1 0.9035 1 0.901124 -0.255321 
0.770945 1 0.90347 1 0.901096 -0.259989 
0.771785 1 0.903426 1 0.901072 -0.26454 
0.772601 1 0.903377 1 0.901052 -0.268977 
0.773392 1 0.903323 1 0.901033 -0.273302 
0.774159 1 0.903267 1 0.901014 -0.27752 
0.774898 1 0.903213 1 0.900992 -0.281633 
0.775614 1 0.903154 1 0.900968 -0.285642 
0.776311 1 0.903093 1 0.900944 -0.289551 
0.776988 1 0.903031 1 0.900921 -0.293363 
0.777646 1 0.902969 1 0.900898 -0.29708 
0.778284 1 0.902906 1 0.900874 -0.300701 
0.778903 1 0.902843 1 0.90085 -0.304233 
0.779504 1 0.902779 1 0.900826 -0.307676 
0.780086 1 0.902716 1 0.9008 -0.311033 
0.78065 1 0.902652 1 0.900775 -0.314306 
0.781197 1 0.902587 1 0.900749 -0.317498 
0.781726 1 0.902523 1 0.900722 -0.320608 
0.782239 1 0.902459 1 0.900695 -0.323642 
0.782735 1 0.902394 1 0.900667 -0.326599 
0.783214 1 0.90233 1 0.900639 -0.329482 
0.783678 1 0.902266 1 0.90061 -0.332293 
0.784381 1 0.902135 1 0.900786 -0.335031 
0.785233 1 0.902124 1 0.901062 -0.3377 
0.786164 1 0.902199 1 0.901384 -0.340301 
0.787109 1 0.902325 1 0.901697 -0.342838 
0.788009 1 0.902477 1 0.901952 -0.345312 
0.788897 1 0.902641 1 0.902182 -0.347724 
0.78977 1 0.902814 1 0.9024 -0.350075 
0.790608 1 0.902981 1 0.902602 -0.352366 
0.79142 1 0.903149 1 0.902794 -0.354599 
0.792211 1 0.903316 1 0.90298 -0.356776 
0.792985 1 0.903483 1 0.903163 -0.358899 
0.793741 1 0.903648 1 0.903343 -0.360966 
0.794482 1 0.903814 1 0.903522 -0.362982 
0.795208 1 0.903977 1 0.903699 -0.364945 
0.795921 1 0.90414 1 0.903876 -0.366859 
0.79662 1 0.904302 1 0.904052 -0.368724 
0.797426 1 0.904508 1 0.904297 -0.370542 
0.798307 1 0.904745 1 0.904582 -0.372314 
0.799237 1 0.905005 1 0.904891 -0.37404 
0.800188 1 0.90528 1 0.905211 -0.375719 
0.801136 1 0.905562 1 0.905528 -0.377355 
0.802077 1 0.905851 1 0.905839 -0.378951 
0.803015 1 0.906148 1 0.906145 -0.380503 
0.803947 1 0.906449 1 0.906448 -0.382015 
0.804879 1 0.906747 1 0.906753 -0.383488 
0.805824 1 0.907043 1 0.90707 -0.384922 
0.806783 1 0.907347 1 0.907398 -0.386318 
0.807755 1 0.907657 1 0.907736 -0.387676 
0.80874 1 0.907973 1 0.908081 -0.388999 
0.809733 1 0.908295 1 0.908429 -0.390286 
0.810735 1 0.908621 1 0.908779 -0.391538 
0.811744 1 0.908952 1 0.909132 -0.392756 
0.812762 1 0.909285 1 0.909487 -0.39394 
0.81379 1 0.909623 1 0.909844 -0.395091 
0.814828 1 0.909963 1 0.910204 -0.396211 
0.815876 1 0.910306 1 0.910566 -0.397298 
0.816936 1 0.91065 1 0.910929 -0.398356 
0.818007 1 0.910994 1 0.911292 -0.399383 
0.81909 1 0.911337 1 0.911651 -0.400381 
0.820183 1 0.911678 1 0.912009 -0.401351 
0.819778 1 0.911519 1 0.911767 -0.402292 
0.819462 1 0.911367 1 0.911625 -0.403204 
0.819196 1 0.911222 1 0.911515 -0.40409 
0.818955 1 0.911085 1 0.911417 -0.404951 
0.818725 1 0.910957 1 0.91132 -0.405785 
0.818496 1 0.910832 1 0.91122 -0.406593 
0.818269 1 0.910712 1 0.911118 -0.407378 
0.818045 1 0.910595 1 0.911018 -0.408138 
0.81783 1 0.910481 1 0.91092 -0.408875 
0.817627 1 0.910371 1 0.910829 -0.409589 
0.817437 1 0.910267 1 0.910747 -0.410281 
0.817261 1 0.910169 1 0.910671 -0.410951 
0.817097 1 0.910078 1 0.910604 -0.4116 
0.816946 1 0.909994 1 0.910542 -0.412229 
0.816805 1 0.909916 1 0.910486 -0.412837 
0.816516 1 0.909754 1 0.910426 -0.413426 
0.816197 1 0.909591 1 0.910328 -0.413996 
0.815962 1 0.909444 1 0.910277 -0.414549 
0.815769 1 0.909324 1 0.91024 -0.415082 
0.815504 1 0.909198 1 0.910127 -0.415597 
0.815307 1 0.909059 1 0.91004 -0.416097 
0.815047 1 0.908916 1 0.909905 -0.41658 
0.814852 1 0.908767 1 0.90982 -0.417047 
0.814602 1 0.908633 1 0.909683 -0.4175 
0.814428 1 0.9085 1 0.909593 -0.417938 
0.814198 1 0.908372 1 0.909456 -0.41836 
0.814046 1 0.908246 1 0.90937 -0.418768 
0.81383 1 0.908121 1 0.90924 -0.419164 
0.813682 1 0.907989 1 0.909162 -0.419545 
0.813478 1 0.907873 1 0.909029 -0.419915 
0.813353 1 0.907756 1 0.908947 -0.420272 
0.813264 1 0.907659 1 0.908883 -0.420617 
0.813076 1 0.907558 1 0.908742 -0.42095 
0.812965 1 0.907441 1 0.908664 -0.421271 
0.812837 1 0.907355 1 0.908554 -0.421582 
0.812771 1 0.907267 1 0.908488 -0.421882 
0.81264 1 0.907181 1 0.908372 -0.422172 
0.812579 1 0.907087 1 0.908312 -0.422452 
0.812462 1 0.907005 1 0.908204 -0.422721 
0.81242 1 0.906923 1 0.908149 -0.422982 
0.812414 1 0.90686 1 0.908111 -0.423233 
0.812332 1 0.906801 1 0.908012 -0.423475 
0.812313 1 0.906729 1 0.907965 -0.423709 
0.812259 1 0.906676 1 0.907881 -0.423934 
0.812267 1 0.906619 1 0.907843 -0.424151 
0.812307 1 0.90658 1 0.907821 -0.424361 
0.812271 1 0.906541 1 0.907741 -0.424563 
0.812296 1 0.906491 1 0.90771 -0.424759 
0.812324 1 0.906473 1 0.907665 -0.424947 
0.812376 1 0.906457 1 0.907633 -0.425129 
0.812393 1 0.906428 1 0.907581 -0.425302 
0.812462 1 0.906405 1 0.907567 -0.425471 
0.812556 1 0.906398 1 0.907567 -0.425632 
0.812582 1 0.906382 1 0.907517 -0.425786 
0.812665 1 0.906366 1 0.90751 -0.425936 
0.812778 1 0.906365 1 0.907519 -0.42608 
0.812828 1 0.906364 1 0.907479 -0.426217 
0.812934 1 0.906359 1 0.907481 -0.426351 
0.813067 1 0.90637 1 0.907499 -0.426479 
0.81314 1 0.906381 1 0.907469 -0.426605 
0.813262 1 0.906385 1 0.907481 -0.426724 
0.813381 1 0.906417 1 0.907516 -0.426838 
0.813513 1 0.906447 1 0.907532 -0.426949 
0.814024 1 0.906768 1 0.907387 -0.427057 
0.814886 1 0.907335 1 0.907338 -0.427161 
0.815929 1 0.907993 1 0.907472 -0.427258 
0.817007 1 0.908608 1 0.907718 -0.427349 
0.818088 1 0.90913 1 0.908028 -0.427439 
0.819168 1 0.909593 1 0.908348 -0.427523 
0.820247 1 0.910019 1 0.908686 -0.427607 
0.821322 1 0.91042 1 0.909032 -0.427686 
0.822396 1 0.910801 1 0.909383 -0.427763 
0.823469 1 0.911167 1 0.909734 -0.427835 
0.824541 1 0.911521 1 0.910081 -0.427905 
0.825611 1 0.911864 1 0.910425 -0.427972 
0.826539 1 0.912183 1 0.91069 -0.428037 
0.825909 1 0.911822 1 0.91053 -0.428099 
0.825291 1 0.911544 1 0.910337 -0.428157 
0.824675 1 0.911264 1 0.910115 -0.428213 
0.824059 1 0.910985 1 0.909883 -0.428268 
0.823689 1 0.910908 1 0.909498 -0.428323 
0.823457 1 0.910931 1 0.909217 -0.428367 
0.823274 1 0.910948 1 0.909033 -0.428411 
0.823093 1 0.910908 1 0.908909 -0.428455 
0.822838 1 0.910782 1 0.908799 -0.428499 
0.822618 1 0.910654 1 0.90869 -0.428541 
0.822426 1 0.910543 1 0.908589 -0.42858 
0.822253 1 0.910443 1 0.908497 -0.428615 
0.822094 1 0.910347 1 0.908413 -0.42865 
0.821947 1 0.910254 1 0.908337 -0.428683 
0.821813 1 0.910165 1 0.908267 -0.428714 
0.821695 1 0.910081 1 0.908203 -0.428743 
0.821594 1 0.910005 1 0.908146 -0.428771 
0.821511 1 0.909938 1 0.908095 -0.428797 
0.821446 1 0.909878 1 0.908051 -0.428822 
0.8214 1 0.909827 1 0.908013 -0.428847 
0.821372 1 0.909783 1 0.907982 -0.428871 
0.82136 1 0.909747 1 0.907959 -0.428892 
0.821365 1 0.909718 1 0.907942 -0.428911 
0.821388 1 0.909697 1 0.907927 -0.428931 
0.821429 1 0.909685 1 0.907922 -0.428949 
0.821489 1 0.909682 1 0.907923 -0.428964 
0.821568 1 0.909687 1 0.907931 -0.428979 
0.821666 1 0.9097 1 0.907946 -0.428993 
0.821783 1 0.909721 1 0.907968 -0.429008 
0.821918 1 0.909749 1 0.907997 -0.429022 
0.822072 1 0.909786 1 0.908034 -0.429034 
0.822252 1 0.909835 1 0.908079 -0.429043 
0.822464 1 0.909895 1 0.908142 -0.429053 
0.822695 1 0.909963 1 0.908211 -0.429063 
0.82294 1 0.910038 1 0.908282 -0.429072 
0.823198 1 0.910118 1 0.908354 -0.42908 
0.823471 1 0.910206 1 0.908426 -0.429088 
0.823756 1 0.910302 1 0.908501 -0.429096 
0.824056 1 0.910405 1 0.908578 -0.429102 
0.824371 1 0.910514 1 0.908658 -0.429106 
0.824699 1 0.910629 1 0.908742 -0.429109 
0.825039 1 0.910748 1 0.90883 -0.429114 
0.825365 1 0.910865 1 0.908912 -0.429118 
0.825702 1 0.910983 1 0.908991 -0.42912 
0.826059 1 0.911107 1 0.909077 -0.429121 
0.826435 1 0.911234 1 0.909175 -0.429123 
0.826333 1 0.911138 1 0.909158 -0.429127 
0.826262 1 0.911096 1 0.909124 -0.429129 
0.82622 1 0.911067 1 0.909094 -0.429129 
0.8262 1 0.911044 1 0.909073 -0.429129 
0.826195 1 0.911025 1 0.909058 -0.429127 
0.826205 1 0.911009 1 0.909051 -0.429127 
0.82623 1 0.910998 1 0.909049 -0.429128 
0.826271 1 0.910992 1 0.909053 -0.429129 
0.82633 1 0.910994 1 0.909061 -0.429128 
0.826319 1 0.910967 1 0.909058 -0.429124 
0.826307 1 0.910949 1 0.909042 -0.429124 
0.826305 1 0.910941 1 0.909026 -0.429121 
0.826308 1 0.910935 1 0.909011 -0.429116 
0.826311 1 0.910929 1 0.908996 -0.429114 
0.826313 1 0.910923 1 0.908983 -0.42911 
0.826315 1 0.910916 1 0.908969 -0.429106 
0.826317 1 0.91091 1 0.908955 -0.4291 
0.826319 1 0.910903 1 0.908943 -0.429097 
0.826321 1 0.910897 1 0.908929 -0.429094 
0.826323 1 0.91089 1 0.908916 -0.429089 
0.826323 1 0.910885 1 0.908908 -0.429087 
0.826323 1 0.910879 1 0.908899 -0.429082 
0.826323 1 0.910873 1 0.908891 -0.429076 
0.826323 1 0.910867 1 0.908882 -0.429071 
0.826324 1 0.910861 1 0.908874 -0.429067 
0.826324 1 0.910856 1 0.908865 -0.429063 
0.826324 1 0.910851 1 0.908856 -0.429058 
0.826324 1 0.910846 1 0.908847 -0.429051 
0.826323 1 0.910841 1 0.908838 -0.429046 
0.826324 1 0.910837 1 0.908828 -0.429041 
0.826324 1 0.910832 1 0.90882 -0.429034 
0.826324 1 0.910828 1 0.908811 -0.429031 
0.826323 1 0.910824 1 0.908803 -0.429026 
0.826323 1 0.91082 1 0.908794 -0.42902 
0.826322 1 0.910816 1 0.908786 -0.429014 
0.826322 1 0.910811 1 0.908778 -0.429009 
0.826321 1 0.910808 1 0.908769 -0.429002 
0.826321 1 0.910804 1 0.908762 -0.428997 
0.826321 1 0.9108 1 0.908753 -0.428989 
0.82632 1 0.910796 1 0.908746 -0.428981 
0.82632 1 0.910792 1 0.908738 -0.428976 
0.82632 1 0.910788 1 0.908731 -0.428972 
0.826319 1 0.910784 1 0.908724 -0.428963 
0.826319 1 0.910781 1 0.908717 -0.428957 
0.826318 1 0.910777 1 0.90871 -0.428952 
0.826318 1 0.910773 1 0.908703 -0.428946 
0.826317 1 0.91077 1 0.908696 -0.428939 
0.826316 1 0.910767 1 0.908689 -0.428932 
0.826316 1 0.910763 1 0.908682 -0.428924 
0.826315 1 0.91076 1 0.908676 -0.428919 
0.826314 1 0.910756 1 0.90867 -0.42891 
0.826314 1 0.910753 1 0.908663 -0.428903 
0.826313 1 0.91075 1 0.908656 -0.428894 
0.826312 1 0.910747 1 0.90865 -0.428887 
0.826312 1 0.910744 1 0.908643 -0.42888 
0.826311 1 0.910741 1 0.908638 -0.428873 
0.82631 1 0.910738 1 0.908632 -0.428868 
0.82631 1 0.910735 1 0.908626 -0.428862 
0.826309 1 0.910732 1 0.908621 -0.428854 
0.826308 1 0.910729 1 0.908616 -0.428846 
0.826308 1 0.910726 1 0.90861 -0.428841 
0.826307 1 0.910723 1 0.908605 -0.428833 
0.826306 1 0.91072 1 0.908599 -0.428823 
0.826305 1 0.910717 1 0.908594 -0.428816 
0.826304 1 0.910715 1 0.908588 -0.428809 
0.826303 1 0.910712 1 0.908584 -0.428802 
0.826303 1 0.910709 1 0.908579 -0.428797 
0.826302 1 0.910706 1 0.908573 -0.42879 
0.826301 1 0.910704 1 0.908569 -0.428781 
0.8263 1 0.910701 1 0.908564 -0.428775 
0.826299 1 0.910698 1 0.908559 -0.428767 
0.826298 1 0.910696 1 0.908555 -0.42876 
0.826298 1 0.910693 1 0.90855 -0.428754 
0.826298 1 0.910691 1 0.908545 -0.428747 
0.826297 1 0.910688 1 0.90854 -0.42874 
0.826296 1 0.910686 1 0.908536 -0.428731 
0.826295 1 0.910684 1 0.908531 -0.428725 
0.826294 1 0.910681 1 0.908527 -0.428718 
0.826294 1 0.910679 1 0.908523 -0.428711 
0.826293 1 0.910676 1 0.90852 -0.428702 
0.826292 1 0.910674 1 0.908515 -0.428694 
0.826291 1 0.910672 1 0.908511 -0.428687 
0.826291 1 0.91067 1 0.908507 -0.42868 
0.82629 1 0.910667 1 0.908503 -0.428672 
0.826289 1 0.910665 1 0.9085 -0.428666 
0.826288 1 0.910663 1 0.908496 -0.428659 
0.826287 1 0.910661 1 0.908492 -0.428652 
0.826286 1 0.910659 1 0.908488 -0.428644 
0.826285 1 0.910657 1 0.908484 -0.428638 
0.826285 1 0.910654 1 0.908481 -0.42863 
0.826284 1 0.910652 1 0.908477 -0.428625 
0.826283 1 0.91065 1 0.908474 -0.428618 
0.826283 1 0.910648 1 0.908471 -0.428611 
0.826282 1 0.910646 1 0.908467 -0.428604 
0.826281 1 0.910644 1 0.908464 -0.428597 
0.82628 1 0.910643 1 0.90846 -0.428591 
0.82628 1 0.910641 1 0.908457 -0.428582 
0.826279 1 0.910639 1 0.908454 -0.428575 
0.826279 1 0.910637 1 0.90845 -0.428569 
0.826278 1 0.910635 1 0.908447 -0.428563 
0.826277 1 0.910633 1 0.908445 -0.428557 
0.826277 1 0.910631 1 0.908442 -0.428549 
0.826276 1 0.910629 1 0.908438 -0.428539 
0.826276 1 0.910627 1 0.908436 -0.428534 
0.826275 1 0.910626 1 0.908434 -0.428526 
0.826274 1 0.910624 1 0.90843 -0.428517 
0.826273 1 0.910622 1 0.908427 -0.428512 
0.826272 1 0.91062 1 0.908425 -0.428506 
0.826272 1 0.910619 1 0.908423 -0.4285 
0.826271 1 0.910617 1 0.90842 -0.428491 
0.82627 1 0.910615 1 0.908417 -0.428484 
0.826269 1 0.910613 1 0.908415 -0.428477 
0.826268 1 0.910612 1 0.908413 -0.428469 
0.826267 1 0.91061 1 0.90841 -0.428462 
0.826266 1 0.910609 1 0.908407 -0.428455 
0.826265 1 0.910607 1 0.908405 -0.42845 
0.826265 1 0.910605 1 0.908402 -0.428444 
0.826264 1 0.910604 1 0.908399 -0.428437 
0.826264 1 0.910602 1 0.908397 -0.428431 
0.826263 1 0.910601 1 0.908394 -0.428426 
0.826263 1 0.910599 1 0.908393 -0.428418 
0.826262 1 0.910598 1 0.90839 -0.428411 
0.826261 1 0.910596 1 0.908388 -0.428404 
0.826261 1 0.910595 1 0.908386 -0.428398 
0.82626 1 0.910593 1 0.908383 -0.42839 
0.82626 1 0.910592 1 0.908381 -0.428385 
0.826259 1 0.91059 1 0.908379 -0.428378 
0.826259 1 0.910589 1 0.908378 -0.428372 
0.826258 1 0.910587 1 0.908375 -0.428364 
0.826258 1 0.910586 1 0.908373 -0.428356 
0.826258 1 0.910584 1 0.908371 -0.428352 
0.826258 1 0.910583 1 0.908369 -0.428346 
0.826257 1 0.910581 1 0.908366 -0.42834 
0.826257 1 0.91058 1 0.908365 -0.428336 
0.826256 1 0.910578 1 0.908363 -0.428329 
0.826256 1 0.910577 1 0.908362 -0.428323 
0.826255 1 0.910575 1 0.908359 -0.428316 
0.826254 1 0.910574 1 0.908358 -0.428312 
0.826254 1 0.910572 1 0.908356 -0.428305 
0.826253 1 0.910571 1 0.908354 -0.428299 
0.826252 1 0.91057 1 0.908352 -0.428293 
0.826252 1 0.910568 1 0.908351 -0.428288 
0.826252 1 0.910567 1 0.908349 -0.428283 
0.826251 1 0.910566 1 0.908347 -0.428279 
0.826251 1 0.910565 1 0.908344 -0.428272 
0.82625 1 0.910563 1 0.908343 -0.428265 
0.82625 1 0.910562 1 0.908342 -0.428258 
0.826249 1 0.91056 1 0.908341 -0.428251 
0.826249 1 0.910559 1 0.908338 -0.428245 
0.826249 1 0.910558 1 0.908337 -0.42824 
0.826248 1 0.910557 1 0.908336 -0.428232 
0.826248 1 0.910555 1 0.908334 -0.428229 
0.826247 1 0.910554 1 0.908332 -0.428225 
0.826247 1 0.910553 1 0.908331 -0.428221 
0.826247 1 0.910551 1 0.90833 -0.428216 
0.826247 1 0.91055 1 0.908328 -0.428211 
0.826246 1 0.910549 1 0.908326 -0.428205 
0.826246 1 0.910548 1 0.908325 -0.428201 
0.826246 1 0.910546 1 0.908324 -0.428194 
0.826245 1 0.910545 1 0.908322 -0.428188 
0.826245 1 0.910544 1 0.908321 -0.428181 
0.826244 1 0.910543 1 0.90832 -0.428175 
0.826243 1 0.910541 1 0.908318 -0.428169 
0.826243 1 0.91054 1 0.908317 -0.428164 
0.826242 1 0.910539 1 0.908316 -0.428158 
0.826242 1 0.910538 1 0.908315 -0.428154 
0.826241 1 0.910537 1 0.908313 -0.428149 
0.826241 1 0.910535 1 0.908312 -0.428143 
0.826241 1 0.910534 1 0.90831 -0.428141 
0.826241 1 0.910533 1 0.908309 -0.428136 
0.826241 1 0.910532 1 0.908307 -0.428131 
0.82624 1 0.910531 1 0.908306 -0.428126 
0.82624 1 0.91053 1 0.908306 -0.42812 
0.826239 1 0.910529 1 0.908304 -0.428114 
0.826239 1 0.910527 1 0.908303 -0.428107 
0.826239 1 0.910526 1 0.908302 -0.4281 
0.826238 1 0.910525 1 0.908301 -0.428095 
0.826238 1 0.910524 1 0.9083 -0.428089 
0.826237 1 0.910523 1 0.908298 -0.428085 
0.826237 1 0.910522 1 0.908297 -0.428079 
0.826236 1 0.91052 1 0.908297 -0.428074 
0.826236 1 0.910519 1 0.908295 -0.42807 
0.826236 1 0.910518 1 0.908293 -0.428067 
0.826236 1 0.910517 1 0.908293 -0.428063 
0.826235 1 0.910516 1 0.908292 -0.428057 
0.826235 1 0.910515 1 0.908291 -0.428053 
0.826235 1 0.910514 1 0.90829 -0.428049 
0.826235 1 0.910513 1 0.908289 -0.428045 
0.826234 1 0.910512 1 0.908287 -0.428039 
0.826234 1 0.910511 1 0.908287 -0.428033 
0.826234 1 0.91051 1 0.908285 -0.42803 
0.826234 1 0.910508 1 0.908285 -0.428026 
0.826234 1 0.910507 1 0.908284 -0.428024 
0.826234 1 0.910506 1 0.908282 -0.428021 
0.826234 1 0.910505 1 0.908282 -0.428017 
0.826234 1 0.910504 1 0.908281 -0.428013 
0.826234 1 0.910503 1 0.90828 -0.428009 
0.826234 1 0.910501 1 0.908279 -0.428003 
0.826233 1 0.910501 1 0.908278 -0.427999 
0.826233 1 0.910499 1 0.908277 -0.427993 
0.826233 1 0.910498 1 0.908276 -0.427989 
0.826233 1 0.910497 1 0.908276 -0.427986 
0.826233 1 0.910496 1 0.908275 -0.427981 
0.826233 1 0.910495 1 0.908274 -0.427978 
0.826233 1 0.910494 1 0.908273 -0.427973 
0.826232 1 0.910493 1 0.908272 -0.427969 
0.826232 1 0.910492 1 0.908271 -0.427965 
0.826232 1 0.910491 1 0.90827 -0.427962 
0.826232 1 0.91049 1 0.908269 -0.427959 
0.826232 1 0.910488 1 0.908269 -0.427956 
0.826232 1 0.910487 1 0.908267 -0.427951 
0.826232 1 0.910486 1 0.908267 -0.427947 
0.826231 1 0.910486 1 0.908266 -0.427943 
0.826231 1 0.910484 1 0.908266 -0.427939 
0.826231 1 0.910483 1 0.908264 -0.427936 
0.826231 1 0.910482 1 0.908263 -0.427933 
0.82623 1 0.910481 1 0.908263 -0.427929 
0.82623 1 0.91048 1 0.908263 -0.427925 
0.82623 1 0.910479 1 0.908261 -0.427922 
0.82623 1 0.910478 1 0.908261 -0.427917 
0.82623 1 0.910477 1 0.90826 -0.427913 
0.82623 1 0.910476 1 0.908259 -0.427909 
0.82623 1 0.910475 1 0.908259 -0.427906 
0.82623 1 0.910474 1 0.908257 -0.427903 
0.82623 1 0.910473 1 0.908257 -0.4279 
0.82623 1 0.910472 1 0.908256 -0.427897 
0.82623 1 0.910471 1 0.908256 -0.427894 
0.82623 1 0.910469 1 0.908255 -0.42789 
0.82623 1 0.910468 1 0.908256 -0.427887 
0.82623 1 0.910467 1 0.908254 -0.427884 
0.82623 1 0.910466 1 0.908253 -0.427881 
0.82623 1 0.910465 1 0.908253 -0.427879 
0.82623 1 0.910464 1 0.908252 -0.427875 
0.826239 1 0.910452 1 0.908255 -0.427871 
0.82625 1 0.910438 1 0.908257 -0.427869 
0.826258 1 0.910425 1 0.908258 -0.427865 
0.826266 1 0.910417 1 0.908259 -0.42786 
0.826275 1 0.910413 1 0.908258 -0.427856 
0.826286 1 0.910412 1 0.908255 -0.427853 
0.826296 1 0.910412 1 0.908252 -0.427849 
0.826306 1 0.910411 1 0.908248 -0.427846 
0.826314 1 0.91041 1 0.908243 -0.427844 
0.826321 1 0.910408 1 0.908239 -0.427842 
0.826328 1 0.910406 1 0.908235 -0.427839 
0.826334 1 0.910404 1 0.908232 -0.427836 
0.826339 1 0.910401 1 0.908229 -0.427832 
0.826348 1 0.910401 1 0.908233 -0.427829 
0.826359 1 0.9104 1 0.908235 -0.427827 
0.826368 1 0.9104 1 0.908235 -0.427823 
0.826374 1 0.9104 1 0.908233 -0.427819 
0.826378 1 0.910399 1 0.908231 -0.427816 
0.826381 1 0.910398 1 0.90823 -0.427814 
0.826385 1 0.910397 1 0.90823 -0.42781 
0.826387 1 0.910395 1 0.908231 -0.427808 
0.82639 1 0.910393 1 0.908231 -0.427805 
0.826392 1 0.910392 1 0.908231 -0.427802 
0.826393 1 0.91039 1 0.908231 -0.427799 
0.826393 1 0.910389 1 0.908231 -0.427796 
0.826394 1 0.910386 1 0.90823 -0.427794 
0.826394 1 0.910382 1 0.908229 -0.427792 
0.826394 1 0.910378 1 0.908229 -0.427789 
0.826392 1 0.910374 1 0.908229 -0.427787 
0.826391 1 0.91037 1 0.90823 -0.427784 
0.82639 1 0.910367 1 0.908231 -0.427782 
0.82639 1 0.910364 1 0.908231 -0.427779 
0.826389 1 0.910361 1 0.908232 -0.427776 
0.826387 1 0.910358 1 0.908232 -0.427773 
0.826385 1 0.910355 1 0.908233 -0.427771 
0.826382 1 0.910352 1 0.908233 -0.427769 
0.826379 1 0.910349 1 0.908232 -0.427766 
0.826376 1 0.910346 1 0.90823 -0.427763 
0.826373 1 0.910345 1 0.908229 -0.427762 
0.82637 1 0.910343 1 0.908227 -0.42776 
0.826367 1 0.910342 1 0.908227 -0.427757 
0.826364 1 0.910341 1 0.908225 -0.427756 
0.826362 1 0.910339 1 0.908224 -0.427755 
0.82636 1 0.910338 1 0.908222 -0.427753 
0.826357 1 0.910337 1 0.908221 -0.427751 
0.826355 1 0.910336 1 0.908218 -0.427749 
0.826353 1 0.910335 1 0.908218 -0.427749 
0.826351 1 0.910334 1 0.908216 -0.427748 
0.826348 1 0.910332 1 0.908216 -0.427745 
0.826347 1 0.910331 1 0.908215 -0.427745 
0.826345 1 0.91033 1 0.908212 -0.427743 
0.826343 1 0.910328 1 0.908212 -0.427741 
0.826341 1 0.910327 1 0.908211 -0.42774 
0.826339 1 0.910325 1 0.90821 -0.427737 
0.826337 1 0.910323 1 0.908209 -0.427735 
0.826335 1 0.910322 1 0.908207 -0.427733 
0.826334 1 0.91032 1 0.908207 -0.427732 
0.826332 1 0.910319 1 0.908205 -0.427732 
0.82633 1 0.910318 1 0.908204 -0.427731 
0.826328 1 0.910316 1 0.908203 -0.427729 
0.826327 1 0.910315 1 0.908202 -0.427728 
0.826325 1 0.910313 1 0.908201 -0.427725 
0.826324 1 0.910312 1 0.908199 -0.427724 
0.826322 1 0.91031 1 0.908198 -0.427722 
0.82632 1 0.910309 1 0.908198 -0.42772 
0.826319 1 0.910307 1 0.908197 -0.427719 
0.826318 1 0.910306 1 0.908195 -0.427717 
0.826316 1 0.910304 1 0.908194 -0.427716 
0.826315 1 0.910303 1 0.908193 -0.427715 
0.826314 1 0.910302 1 0.908191 -0.427714 
0.826313 1 0.910301 1 0.908191 -0.427714 
0.826311 1 0.910299 1 0.908189 -0.427712 
0.826311 1 0.910297 1 0.908189 -0.427711 
0.826309 1 0.910296 1 0.908188 -0.427708 
0.826308 1 0.910294 1 0.908187 -0.427706 
0.826307 1 0.910293 1 0.908186 -0.427705 
0.826306 1 0.910291 1 0.908185 -0.427704 
0.826305 1 0.91029 1 0.908184 -0.427703 
0.826304 1 0.910289 1 0.908182 -0.427702 
0.826303 1 0.910288 1 0.908182 -0.427701 
0.826302 1 0.910287 1 0.908181 -0.4277 
0.826301 1 0.910286 1 0.908181 -0.427699 
0.8263 1 0.910285 1 0.90818 -0.427697 
0.826299 1 0.910283 1 0.908179 -0.427695 
0.826298 1 0.910282 1 0.908178 -0.427693 
0.826298 1 0.910281 1 0.908178 -0.427691 
0.826297 1 0.91028 1 0.908177 -0.427689 
0.826296 1 0.910279 1 0.908176 -0.427687 
0.826295 1 0.910277 1 0.908175 -0.427687 
0.826294 1 0.910276 1 0.908175 -0.427685 
0.826294 1 0.910275 1 0.908174 -0.427684 
0.826293 1 0.910274 1 0.908173 -0.427683 
0.826293 1 0.910273 1 0.908173 -0.427682 
0.826292 1 0.910271 1 0.908172 -0.42768 
0.826291 1 0.91027 1 0.908172 -0.427679 
0.82629 1 0.910269 1 0.908172 -0.427678 
0.82629 1 0.910268 1 0.908171 -0.427677 
0.826289 1 0.910267 1 0.90817 -0.427677 
0.826288 1 0.910265 1 0.90817 -0.427675 
0.826288 1 0.910264 1 0.908168 -0.427675 
0.826288 1 0.910263 1 0.908168 -0.427673 
0.826288 1 0.910262 1 0.908167 -0.427673 
0.826287 1 0.91026 1 0.908167 -0.427672 
0.826287 1 0.910259 1 0.908166 -0.42767 
0.826287 1 0.910258 1 0.908165 -0.42767 
0.826286 1 0.910257 1 0.908165 -0.42767 
0.826286 1 0.910256 1 0.908164 -0.427668 
0.826285 1 0.910254 1 0.908163 -0.427668 
0.826285 1 0.910253 1 0.908163 -0.427666 
0.826285 1 0.910252 1 0.908162 -0.427665 
0.826285 1 0.910251 1 0.908161 -0.427664 
0.826284 1 0.91025 1 0.90816 -0.427663 
0.826284 1 0.910249 1 0.90816 -0.427661 
0.826283 1 0.910248 1 0.908159 -0.427661 
0.826284 1 0.910246 1 0.908159 -0.42766 
0.826284 1 0.910245 1 0.908158 -0.427659 
0.826283 1 0.910244 1 0.908158 -0.427657 
0.826283 1 0.910243 1 0.908157 -0.427657 
0.826283 1 0.910241 1 0.908156 -0.427655 
0.826283 1 0.91024 1 0.908155 -0.427654 
0.826283 1 0.910239 1 0.908156 -0.427653 
0.826283 1 0.910238 1 0.908155 -0.427652 
0.826283 1 0.910236 1 0.908154 -0.42765 
0.826282 1 0.910235 1 0.908153 -0.427648 
0.826283 1 0.910234 1 0.908152 -0.427648 
0.826283 1 0.910233 1 0.908152 -0.427647 
0.826283 1 0.910232 1 0.908151 -0.427645 
0.826282 1 0.910231 1 0.90815 -0.427643 
0.826282 1 0.91023 1 0.90815 -0.427642 
0.826283 1 0.910228 1 0.908148 -0.427641 
0.826283 1 0.910227 1 0.908148 -0.42764 
0.826283 1 0.910226 1 0.908146 -0.42764 
0.826283 1 0.910225 1 0.908146 -0.427638 
0.826283 1 0.910224 1 0.908145 -0.427637 
0.826283 1 0.910223 1 0.908145 -0.427635 
0.826283 1 0.910222 1 0.908144 -0.427634 
0.826283 1 0.91022 1 0.908144 -0.427633 
0.826283 1 0.910219 1 0.908143 -0.427632 
0.826283 1 0.910218 1 0.908142 -0.427631 
0.826283 1 0.910217 1 0.908142 -0.42763 
0.826283 1 0.910216 1 0.908141 -0.427629 
0.826283 1 0.910214 1 0.90814 -0.427629 
0.826283 1 0.910213 1 0.90814 -0.427627 
0.826284 1 0.910212 1 0.908139 -0.427626 
0.826284 1 0.910211 1 0.908138 -0.427626 
0.826283 1 0.91021 1 0.908137 -0.427625 
0.826283 1 0.910209 1 0.908137 -0.427624 
0.826283 1 0.910208 1 0.908137 -0.427624 
0.826283 1 0.910206 1 0.908136 -0.427624 
0.826283 1 0.910205 1 0.908136 -0.427623 
0.826284 1 0.910204 1 0.908135 -0.427623 
0.826284 1 0.910203 1 0.908135 -0.427621 
0.826284 1 0.910202 1 0.908132 -0.427621 
0.826285 1 0.910201 1 0.908131 -0.427621 
0.826285 1 0.9102 1 0.908131 -0.42762 
0.826285 1 0.910199 1 0.908131 -0.427619 
0.826285 1 0.910198 1 0.908129 -0.427618 
0.826285 1 0.910197 1 0.908129 -0.427618 
0.826285 1 0.910195 1 0.908129 -0.427617 
0.826286 1 0.910194 1 0.908128 -0.427615 
0.826286 1 0.910193 1 0.908127 -0.427614 
0.826286 1 0.910192 1 0.908126 -0.427615 
0.826286 1 0.910191 1 0.908125 -0.427615 
0.826287 1 0.91019 1 0.908125 -0.427614 
0.826287 1 0.910189 1 0.908124 -0.427614 
0.826287 1 0.910187 1 0.908124 -0.427614 
0.826288 1 0.910186 1 0.908122 -0.427615 
0.826288 1 0.910185 1 0.908121 -0.427615 
0.826289 1 0.910184 1 0.908122 -0.427613 
0.826289 1 0.910183 1 0.908121 -0.427612 
0.826289 1 0.910181 1 0.90812 -0.427612 
0.82629 1 0.91018 1 0.908119 -0.427612 
0.82629 1 0.910179 1 0.908118 -0.427612 
0.826291 1 0.910178 1 0.908117 -0.427612 
0.826291 1 0.910177 1 0.908118 -0.427612 
0.826291 1 0.910176 1 0.908117 -0.427612 
0.826292 1 0.910175 1 0.908116 -0.427612 
0.826292 1 0.910173 1 0.908115 -0.427611 
0.826292 1 0.910172 1 0.908115 -0.42761 
0.826293 1 0.910171 1 0.908114 -0.42761 
0.826293 1 0.91017 1 0.908114 -0.42761 
0.826294 1 0.910169 1 0.908112 -0.42761 
0.826294 1 0.910168 1 0.908111 -0.42761 
0.826295 1 0.910166 1 0.908111 -0.42761 
0.826295 1 0.910165 1 0.90811 -0.427609 
0.826296 1 0.910164 1 0.908109 -0.427608 
0.826296 1 0.910163 1 0.908109 -0.427607 
0.826296 1 0.910162 1 0.908108 -0.427608 
0.826297 1 0.910161 1 0.908106 -0.427609 
0.826297 1 0.91016 1 0.908106 -0.427609 
0.826298 1 0.910158 1 0.908106 -0.427608 
0.826298 1 0.910158 1 0.908105 -0.427609 
0.826298 1 0.910156 1 0.908104 -0.427609 
0.826299 1 0.910155 1 0.908103 -0.42761 
0.8263 1 0.910154 1 0.908103 -0.427609 
0.8263 1 0.910153 1 0.908103 -0.427608 
0.8263 1 0.910152 1 0.908101 -0.427607 
0.826301 1 0.910151 1 0.9081 -0.427606 
0.826301 1 0.91015 1 0.9081 -0.427606 
0.826301 1 0.910149 1 0.908099 -0.427606 
0.826302 1 0.910147 1 0.908099 -0.427607 
0.826303 1 0.910146 1 0.908098 -0.427605 
0.826303 1 0.910145 1 0.908097 -0.427606 
0.826303 1 0.910144 1 0.908097 -0.427606 
0.826304 1 0.910143 1 0.908095 -0.427605 
0.826304 1 0.910142 1 0.908095 -0.427605 
0.826305 1 0.910141 1 0.908094 -0.427604 
0.826305 1 0.910139 1 0.908094 -0.427605 
0.826306 1 0.910138 1 0.908093 -0.427606 
0.826306 1 0.910137 1 0.908092 -0.427605 
0.826307 1 0.910136 1 0.908091 -0.427605 
0.826308 1 0.910135 1 0.90809 -0.427605 
0.826308 1 0.910134 1 0.90809 -0.427603 
0.826309 1 0.910133 1 0.908089 -0.427602 
0.826309 1 0.910131 1 0.908089 -0.427603 
0.82631 1 0.91013 1 0.908088 -0.427601 
0.82631 1 0.910129 1 0.908087 -0.427601 
0.826311 1 0.910128 1 0.908086 -0.4276 
0.826311 1 0.910127 1 0.908085 -0.4276 
0.826311 1 0.910126 1 0.908084 -0.427599 
0.826312 1 0.910125 1 0.908084 -0.427599 
0.826313 1 0.910123 1 0.908083 -0.427598 
0.826313 1 0.910122 1 0.908083 -0.427598 
0.826313 1 0.910121 1 0.908081 -0.427597 
0.826313 1 0.91012 1 0.908081 -0.427598 
0.826314 1 0.910119 1 0.90808 -0.427597 
0.826314 1 0.910118 1 0.908079 -0.427596 
0.826315 1 0.910116 1 0.908079 -0.427595 
0.826316 1 0.910115 1 0.908078 -0.427594 
0.826316 1 0.910114 1 0.908077 -0.427594 
0.826316 1 0.910113 1 0.908076 -0.427593 
0.826317 1 0.910112 1 0.908076 -0.427593 
0.826317 1 0.910111 1 0.908075 -0.427593 
0.826317 1 0.91011 1 0.908074 -0.427591 
0.826318 1 0.910109 1 0.908074 -0.427591 
0.826318 1 0.910107 1 0.908073 -0.427592 
0.826318 1 0.910106 1 0.908072 -0.427591 
0.826319 1 0.910105 1 0.908071 -0.427592 
0.826319 1 0.910104 1 0.90807 -0.427591 
0.826319 1 0.910103 1 0.90807 -0.427592 
0.82632 1 0.910102 1 0.90807 -0.427592 
0.82632 1 0.910101 1 0.908069 -0.427592 
0.826321 1 0.9101 1 0.908068 -0.427592 
0.826321 1 0.910099 1 0.908067 -0.427592 
0.826322 1 0.910097 1 0.908066 -0.427591 
0.826323 1 0.910096 1 0.908066 -0.427591 
0.826324 1 0.910095 1 0.908065 -0.427592 
0.826324 1 0.910094 1 0.908064 -0.427593 
0.826325 1 0.910093 1 0.908063 -0.427592 
0.826326 1 0.910092 1 0.908062 -0.427592 
0.826326 1 0.910091 1 0.908061 -0.427591 
0.826326 1 0.910089 1 0.908061 -0.427591 
0.826327 1 0.910088 1 0.908059 -0.42759 
0.826327 1 0.910087 1 0.90806 -0.427591 
0.826328 1 0.910086 1 0.908058 -0.42759 
0.826328 1 0.910085 1 0.908058 -0.42759 
0.826328 1 0.910084 1 0.908057 -0.42759 
0.826329 1 0.910082 1 0.908056 -0.427589 
0.826329 1 0.910081 1 0.908055 -0.42759 
0.82633 1 0.91008 1 0.908055 -0.42759 
