0.369286 0 0.487358 0 0.487357 0.500001 
0.369685 0 0.490864 0 0.490648 0.49826 
0.370365 0 0.494921 0 0.494442 0.494444 
0.371208 0 0.499378 0 0.498635 0.487162 
0.372148 0 0.50412 0 0.503141 0.475542 
0.37309 0 0.509003 0 0.50779 0.459999 
0.374031 0 0.513948 0 0.512504 0.441801 
0.374978 0 0.518885 0 0.517207 0.42219 
0.375933 0 0.523738 0 0.521827 0.402008 
0.376889 0 0.528435 0 0.526296 0.381742 
0.377846 0 0.532925 0 0.530564 0.361655 
0.378813 0 0.537179 0 0.534597 0.341881 
0.379789 0 0.541168 0 0.538367 0.322491 
0.380767 0 0.544864 0 0.541852 0.303519 
0.381748 0 0.548256 0 0.545041 0.284979 
0.382741 0 0.551348 0 0.547934 0.266876 
0.383743 0 0.554138 0 0.550529 0.249208 
0.384437 0 0.556445 0 0.552438 0.231969 
0.384904 0 0.558237 0 0.553834 0.215153 
0.385218 0 0.559564 0 0.554812 0.198752 
0.385432 0 0.560489 0 0.55543 0.182757 
0.385561 0 0.561051 0 0.555682 0.167159 
0.385622 0 0.561288 0 0.555586 0.15195 
0.385632 0 0.561215 0 0.555179 0.137121 
0.385593 0 0.560826 0 0.554484 0.122663 
0.385499 0 0.560107 0 0.553516 0.108568 
0.385351 0 0.559057 0 0.552292 0.0948286 
0.385125 0 0.557706 0 0.550791 0.0814385 
0.384872 0 0.556075 0 0.549098 0.0683921 
0.38458 0 0.554181 0 0.547244 0.0556859 
0.384204 0 0.552081 0 0.545208 0.0433189 
0.383769 0 0.549843 0 0.543032 0.0312938 
0.383286 0 0.547511 0 0.540751 0.0196177 
0.382761 0 0.545118 0 0.5384 0.0083029 
0.382206 0 0.542695 0 0.536008 -0.00263297 
0.381635 0 0.540277 0 0.533607 -0.0131687 
0.38114 0 0.537841 0 0.53134 -0.0232811 
0.380611 0 0.53542 0 0.529097 -0.0329479 
0.380059 0 0.533031 0 0.52688 -0.0421494 
0.379495 0 0.530696 0 0.524701 -0.0508684 
0.378923 0 0.528426 0 0.522566 -0.0590897 
0.378339 0 0.526223 0 0.520483 -0.0667988 
0.377886 0 0.524362 0 0.518868 -0.0739803 
0.377551 0 0.52268 0 0.517293 -0.0806177 
0.377278 0 0.521126 0 0.515814 -0.0866926 
0.377037 0 0.519699 0 0.514461 -0.0921861 
0.376793 0 0.518386 0 0.513223 -0.0970791 
0.376554 0 0.517203 0 0.512112 -0.101352 
0.376319 0 0.516154 0 0.511131 -0.104987 
0.376082 0 0.515238 0 0.510285 -0.107967 
0.375843 0 0.514461 0 0.509579 -0.110276 
0.375609 0 0.513837 0 0.509023 -0.111898 
0.37538 0 0.513372 0 0.508623 -0.112818 
0.375148 0 0.513062 0 0.50838 -0.113018 
0.374883 0 0.512909 0 0.508319 -0.112477 
0.374605 0 0.512926 0 0.508442 -0.111171 
0.374322 0 0.513127 0 0.508751 -0.109069 
0.374088 0 0.513526 0 0.509214 -0.106137 
0.373882 0 0.514131 0 0.509874 -0.102344 
0.373701 0 0.514956 0 0.51075 -0.0976653 
0.373538 0 0.516001 0 0.511844 -0.092091 
0.373383 0 0.517259 0 0.51315 -0.0856333 
0.373235 0 0.518724 0 0.514664 -0.0783286 
0.373101 0 0.520392 0 0.516378 -0.0702382 
0.37298 0 0.522241 0 0.51827 -0.0614427 
0.372867 0 0.52424 0 0.520317 -0.0520339 
0.372767 0 0.526369 0 0.5225 -0.0421081 
0.372691 0 0.528615 0 0.524808 -0.0317581 
0.37265 0 0.530961 0 0.527232 -0.0210668 
0.372651 0 0.533391 0 0.529763 -0.0101063 
0.372715 0 0.535897 0 0.532411 0.00106199 
0.372875 0 0.538486 0 0.535188 0.0123817 
0.373153 0 0.541156 0 0.538104 0.023793 
0.373556 0 0.543895 0 0.541151 0.0352261 
0.373843 0 0.546566 0 0.544221 0.0466052 
0.374446 0 0.549201 0 0.547385 0.0578607 
0.374909 0 0.5518 0 0.550582 0.0689389 
0.37533 0 0.55461 0 0.553508 0.0798054 
0.37607 0 0.5575 0 0.556575 0.0904403 
0.376411 0 0.560578 0 0.559221 0.100834 
0.37676 0 0.563604 0 0.561805 0.110982 
0.377478 0 0.566334 0 0.564696 0.120886 
0.3782 0 0.569007 0 0.56753 0.130549 
0.378933 0 0.571633 0 0.570311 0.139973 
0.379674 0 0.574211 0 0.573038 0.149165 
0.380419 0 0.576735 0 0.575709 0.158128 
0.381167 0 0.579207 0 0.578326 0.166868 
0.381926 0 0.581635 0 0.580895 0.175391 
0.382694 0 0.584021 0 0.583416 0.1837 
0.383465 0 0.586358 0 0.585886 0.191803 
0.3839 0 0.588845 0 0.587943 0.199703 
0.384344 0 0.591288 0 0.589948 0.207406 
0.384797 0 0.593687 0 0.591901 0.214916 
0.385251 0 0.596034 0 0.5938 0.222239 
0.385876 0 0.59798 0 0.595848 0.229379 
0.386597 0 0.599752 0 0.597962 0.23634 
0.386995 0 0.601751 0 0.599583 0.243128 
0.387635 0 0.603588 0 0.601581 0.249745 
0.388 0 0.605502 0 0.603161 0.256198 
0.388585 0 0.607205 0 0.60501 0.262489 
0.389292 0 0.60883 0 0.606962 0.268623 
0.389716 0 0.610563 0 0.608536 0.274603 
0.39032 0 0.612126 0 0.610342 0.280434 
0.390813 0 0.613646 0 0.611966 0.28612 
0.391457 0 0.615096 0 0.613766 0.291663 
0.391844 0 0.616606 0 0.615173 0.297068 
0.392397 0 0.617965 0 0.616791 0.302337 
0.393047 0 0.619275 0 0.6185 0.307475 
0.393704 0 0.620565 0 0.620192 0.312484 
0.394133 0 0.62195 0 0.621556 0.317368 
0.394691 0 0.623169 0 0.623104 0.32213 
0.395235 0 0.624368 0 0.624575 0.326773 
0.395736 0 0.62552 0 0.625966 0.3313 
0.396331 0 0.626627 0 0.627481 0.335714 
0.396712 0 0.627765 0 0.628672 0.340017 
0.397221 0 0.6288 0 0.630046 0.344213 
0.397799 0 0.629795 0 0.631497 0.348304 
0.398407 0 0.630761 0 0.632975 0.352293 
0.398796 0 0.63177 0 0.634098 0.356182 
0.399289 0 0.632681 0 0.635403 0.359973 
0.399689 0 0.633535 0 0.63658 0.36367 
0.400165 0 0.634327 0 0.637877 0.367275 
0.40054 0 0.635084 0 0.639031 0.370789 
0.400996 0 0.635806 0 0.640304 0.374215 
0.401346 0 0.636501 0 0.641424 0.377556 
0.401762 0 0.63715 0 0.64264 0.380814 
0.402096 0 0.637776 0 0.643739 0.38399 
0.402508 0 0.638375 0 0.64496 0.387086 
0.402841 0 0.63896 0 0.646063 0.390105 
0.403235 0 0.639511 0 0.647268 0.393049 
0.403546 0 0.640039 0 0.648355 0.395919 
0.403914 0 0.640545 0 0.649529 0.398717 
0.404212 0 0.641042 0 0.65061 0.401445 
0.404567 0 0.64151 0 0.651801 0.404105 
0.404848 0 0.641963 0 0.652893 0.406699 
0.405179 0 0.642403 0 0.654076 0.409228 
0.405447 0 0.642843 0 0.65518 0.411693 
0.405762 0 0.643266 0 0.656394 0.414097 
0.406008 0 0.643685 0 0.657528 0.416441 
0.406303 0 0.644109 0 0.658774 0.418727 
0.406536 0 0.644546 0 0.659956 0.420955 
0.406807 0 0.644988 0 0.661251 0.423127 
0.407014 0 0.645446 0 0.662495 0.425245 
0.407534 0 0.646174 0 0.66418 0.42731 
0.408194 0 0.647077 0 0.666029 0.429323 
0.408839 0 0.647987 0 0.667924 0.431287 
0.409471 0 0.64892 0 0.669868 0.433201 
0.410097 0 0.649893 0 0.671857 0.435067 
0.410713 0 0.650902 0 0.673882 0.436886 
0.411309 0 0.651929 0 0.675927 0.43866 
0.411883 0 0.652964 0 0.677985 0.44039 
0.412441 0 0.654003 0 0.680046 0.442076 
0.41298 0 0.655034 0 0.682098 0.443721 
0.413493 0 0.656035 0 0.684123 0.445324 
0.413786 0 0.65806 0 0.684996 0.446889 
0.414087 0 0.660537 0 0.685483 0.448412 
0.41433 0 0.661862 0 0.686734 0.449897 
0.414539 0 0.662864 0 0.688127 0.451344 
0.414743 0 0.663812 0 0.689482 0.452755 
0.414951 0 0.664713 0 0.690802 0.454129 
0.415161 0 0.665564 0 0.692082 0.455466 
0.415259 0 0.666452 0 0.693129 0.456768 
0.41526 0 0.667292 0 0.693993 0.458033 
0.415732 0 0.668914 0 0.694896 0.459259 
0.41627 0 0.670634 0 0.695745 0.460445 
0.416836 0 0.672355 0 0.696558 0.461587 
0.41738 0 0.673989 0 0.697323 0.462678 
0.417927 0 0.675576 0 0.698056 0.463712 
0.418477 0 0.677116 0 0.698754 0.464674 
0.419023 0 0.678601 0 0.699415 0.465548 
0.419567 0 0.68003 0 0.700039 0.46631 
0.420116 0 0.681414 0 0.700632 0.466929 
0.42067 0 0.682747 0 0.701189 0.467365 
0.421222 0 0.68402 0 0.701704 0.467569 
0.421773 0 0.685228 0 0.702174 0.467485 
0.422207 0 0.686316 0 0.702481 0.467057 
0.422648 0 0.687342 0 0.70274 0.46623 
0.423324 0 0.68846 0 0.703113 0.464967 
0.424114 0 0.689495 0 0.703619 0.463255 
0.424891 0 0.690432 0 0.704061 0.461113 
0.425817 0 0.69136 0 0.704577 0.458587 
0.426765 0 0.692171 0 0.705076 0.455747 
0.427715 0 0.692905 0 0.70551 0.452675 
0.428672 0 0.693578 0 0.705894 0.449452 
0.429636 0 0.694198 0 0.706232 0.446153 
0.430752 0 0.694792 0 0.706696 0.44284 
0.432004 0 0.695411 0 0.70726 0.439564 
0.433384 0 0.696078 0 0.707916 0.436366 
0.434874 0 0.696791 0 0.708649 0.433274 
0.436457 0 0.697539 0 0.709448 0.430311 
0.437718 0 0.697935 0 0.710505 0.42749 
0.438987 0 0.698346 0 0.711573 0.424823 
0.440253 0 0.698897 0 0.712428 0.422315 
0.441471 0 0.699441 0 0.713129 0.419971 
0.44264 0 0.699956 0 0.713733 0.417791 
0.443776 0 0.700459 0 0.714299 0.415773 
0.444886 0 0.700956 0 0.714858 0.413915 
0.445967 0 0.701442 0 0.715416 0.412215 
0.446834 0 0.701811 0 0.715917 0.410666 
0.447736 0 0.702242 0 0.716373 0.409265 
0.4485 0 0.70259 0 0.716783 0.408006 
0.449305 0 0.703001 0 0.717161 0.406883 
0.45013 0 0.703451 0 0.717548 0.40589 
0.450969 0 0.703935 0 0.717965 0.405021 
0.451681 0 0.704352 0 0.718432 0.40427 
0.45244 0 0.704847 0 0.718887 0.403631 
0.453088 0 0.705255 0 0.719312 0.403099 
0.453782 0 0.705725 0 0.719712 0.402667 
0.4545 0 0.706236 0 0.720122 0.40233 
0.455105 0 0.706675 0 0.720562 0.402082 
0.455755 0 0.707172 0 0.721016 0.401918 
0.456314 0 0.707613 0 0.72145 0.401832 
0.456921 0 0.708112 0 0.721862 0.401821 
0.457435 0 0.708546 0 0.722266 0.401878 
0.457916 0 0.708968 0 0.722646 0.402 
0.458352 0 0.70937 0 0.723002 0.402181 
0.458846 0 0.709834 0 0.723344 0.402418 
0.459308 0 0.710315 0 0.723776 0.402705 
0.459735 0 0.710779 0 0.724189 0.40304 
0.460231 0 0.711332 0 0.724617 0.403418 
0.460672 0 0.711839 0 0.725047 0.403836 
0.461095 0 0.712338 0 0.725463 0.40429 
0.46148 0 0.712813 0 0.72586 0.404776 
0.461846 0 0.713285 0 0.726244 0.405292 
0.462199 0 0.713759 0 0.72662 0.405834 
0.462538 0 0.714234 0 0.726992 0.406398 
0.462867 0 0.714713 0 0.727364 0.406983 
0.463197 0 0.715207 0 0.727742 0.407584 
0.463525 0 0.715712 0 0.728125 0.408198 
0.463845 0 0.71622 0 0.728508 0.408824 
0.464159 0 0.716732 0 0.72889 0.409457 
0.464474 0 0.717254 0 0.729277 0.410096 
0.464789 0 0.717786 0 0.729665 0.410737 
0.465096 0 0.718319 0 0.73005 0.411377 
0.465397 0 0.718853 0 0.730432 0.412014 
0.465699 0 0.719397 0 0.730815 0.412644 
0.466001 0 0.719948 0 0.731198 0.413265 
0.466295 0 0.720499 0 0.731576 0.413873 
0.466584 0 0.721048 0 0.731947 0.414466 
0.466875 0 0.721605 0 0.732317 0.415039 
0.467165 0 0.722168 0 0.732684 0.41559 
0.467449 0 0.722728 0 0.733043 0.416114 
0.467726 0 0.723284 0 0.733392 0.416607 
0.468006 0 0.723845 0 0.733737 0.417064 
0.468285 0 0.724409 0 0.734075 0.417482 
0.468557 0 0.724966 0 0.7344 0.417853 
0.468824 0 0.725517 0 0.734711 0.418171 
0.469092 0 0.72607 0 0.735014 0.41843 
0.469361 0 0.72662 0 0.735304 0.418621 
0.469622 0 0.727159 0 0.735576 0.418734 
0.469878 0 0.727686 0 0.735827 0.418758 
0.470135 0 0.728207 0 0.736062 0.41868 
0.470393 0 0.728718 0 0.736275 0.418484 
0.470643 0 0.729209 0 0.736459 0.41815 
0.470888 0 0.729676 0 0.736611 0.417656 
0.471134 0 0.730123 0 0.73673 0.416973 
0.47138 0 0.730543 0 0.73681 0.416067 
0.471619 0 0.730922 0 0.736838 0.414894 
0.471852 0 0.731251 0 0.736806 0.413405 
0.472087 0 0.731528 0 0.736709 0.411536 
0.472322 0 0.731739 0 0.736532 0.409214 
0.472551 0 0.73186 0 0.736254 0.406352 
0.472774 0 0.731875 0 0.735859 0.402855 
0.472998 0 0.731771 0 0.735331 0.398622 
0.473223 0 0.731528 0 0.734649 0.393559 
0.473442 0 0.731117 0 0.733788 0.387586 
0.473933 0 0.730864 0 0.733135 0.380654 
0.474576 0 0.730554 0 0.73246 0.372753 
0.474492 0 0.72885 0 0.730385 0.363915 
0.473876 0 0.726192 0 0.727413 0.354215 
0.472973 0 0.723038 0 0.724031 0.343748 
0.472082 0 0.719703 0 0.720472 0.332629 
0.471202 0 0.716205 0 0.716752 0.320981 
0.470325 0 0.712557 0 0.71289 0.308926 
0.469453 0 0.708784 0 0.708912 0.296575 
0.468592 0 0.704919 0 0.704845 0.284031 
0.46774 0 0.700982 0 0.700711 0.271381 
0.46689 0 0.696989 0 0.696529 0.258702 
0.466196 0 0.693219 0 0.692656 0.246057 
0.465592 0 0.689536 0 0.688889 0.233501 
0.464997 0 0.685865 0 0.685136 0.221077 
0.464404 0 0.682214 0 0.681407 0.208825 
0.463812 0 0.678596 0 0.677716 0.196776 
0.46323 0 0.67503 0 0.674079 0.184954 
0.4627 0 0.671588 0 0.670583 0.173383 
0.462206 0 0.668255 0 0.667209 0.162081 
0.461737 0 0.665025 0 0.663948 0.151064 
0.461296 0 0.661907 0 0.660802 0.140347 
0.460877 0 0.658905 0 0.657777 0.129943 
0.460472 0 0.656017 0 0.654874 0.119866 
0.46008 0 0.653249 0 0.652099 0.110129 
0.459708 0 0.650614 0 0.649463 0.100747 
0.459353 0 0.648117 0 0.64697 0.0917349 
0.459008 0 0.645757 0 0.644623 0.0831137 
0.458674 0 0.643541 0 0.642428 0.0749079 
0.458356 0 0.641487 0 0.640401 0.0671488 
0.458051 0 0.639602 0 0.638552 0.059878 
0.457752 0 0.637895 0 0.636889 0.0531508 
0.457366 0 0.636162 0 0.635147 0.0470407 
0.456924 0 0.63447 0 0.633451 0.0416427 
0.456455 0 0.63292 0 0.631918 0.0370781 
0.455971 0 0.631606 0 0.63064 0.0334918 
0.455486 0 0.630609 0 0.629693 0.0310447 
0.454979 0 0.629972 0 0.629118 0.0298939 
0.454473 0 0.629731 0 0.628939 0.0301649 
0.45399 0 0.629939 0 0.629218 0.0319218 
0.453521 0 0.630576 0 0.629932 0.0351497 
0.453065 0 0.63161 0 0.631049 0.0397526 
0.452448 0 0.632714 0 0.632241 0.0455699 
0.451645 0 0.633853 0 0.633458 0.0524034 
0.450713 0 0.635072 0 0.634724 0.0600432 
0.449714 0 0.636411 0 0.636089 0.0682907 
0.448682 0 0.63787 0 0.637565 0.0769712 
0.44765 0 0.639412 0 0.639129 0.0859383 
0.44662 0 0.641004 0 0.640745 0.0950742 
0.445599 0 0.642624 0 0.64239 0.104287 
0.444586 0 0.644248 0 0.644038 0.113505 
0.443576 0 0.645852 0 0.645669 0.122674 
0.442565 0 0.647403 0 0.647223 0.131756 
0.44156 0 0.648892 0 0.648691 0.140721 
0.440559 0 0.650316 0 0.650071 0.149547 
0.43956 0 0.651672 0 0.651365 0.158219 
0.438565 0 0.65296 0 0.652577 0.166727 
0.437583 0 0.654189 0 0.653712 0.175063 
0.436613 0 0.655356 0 0.654766 0.183225 
0.435648 0 0.656452 0 0.655733 0.191209 
0.434688 0 0.657477 0 0.656613 0.199014 
0.43374 0 0.658439 0 0.657411 0.206641 
0.432802 0 0.659339 0 0.658123 0.214092 
0.431867 0 0.66017 0 0.658749 0.221368 
0.43103 0 0.661073 0 0.659526 0.228471 
0.430333 0 0.6619 0 0.660265 0.235404 
0.429712 0 0.662668 0 0.660962 0.24217 
0.429131 0 0.663384 0 0.661619 0.248773 
0.428581 0 0.664061 0 0.662245 0.255214 
0.428042 0 0.664703 0 0.662832 0.261499 
0.427512 0 0.665309 0 0.663379 0.26763 
0.426986 0 0.665874 0 0.663885 0.27361 
0.426493 0 0.66639 0 0.664355 0.279442 
0.426032 0 0.666876 0 0.664799 0.285131 
0.425599 0 0.667328 0 0.665214 0.290679 
0.425186 0 0.667739 0 0.665598 0.29609 
0.424794 0 0.668113 0 0.665959 0.301367 
0.424437 0 0.668464 0 0.666307 0.306514 
0.424118 0 0.668795 0 0.666651 0.311533 
0.423841 0 0.669105 0 0.666998 0.316427 
0.423617 0 0.669401 0 0.667364 0.321201 
0.423469 0 0.669702 0 0.667769 0.325856 
0.423411 0 0.670016 0 0.668233 0.330396 
0.423453 0 0.670347 0 0.668772 0.334824 
0.423605 0 0.670708 0 0.669399 0.339143 
0.423646 0 0.670989 0 0.670036 0.343355 
0.423993 0 0.671255 0 0.670812 0.347463 
0.42418 0 0.671464 0 0.671597 0.351469 
0.424498 0 0.671734 0 0.672348 0.355376 
0.424918 0 0.672085 0 0.673152 0.359185 
0.425249 0 0.672489 0 0.673826 0.3629 
0.425732 0 0.672882 0 0.674577 0.366522 
0.426046 0 0.673182 0 0.675339 0.370054 
0.42637 0 0.673479 0 0.676098 0.373498 
0.42693 0 0.673799 0 0.676964 0.376855 
0.427509 0 0.674245 0 0.677855 0.380129 
0.428083 0 0.674705 0 0.67871 0.383321 
0.42864 0 0.675139 0 0.679515 0.386434 
0.429214 0 0.675582 0 0.680287 0.389469 
0.429755 0 0.675983 0 0.681038 0.392428 
0.430273 0 0.676354 0 0.681762 0.395312 
0.430781 0 0.676708 0 0.682466 0.398125 
0.431279 0 0.677047 0 0.683148 0.400868 
0.431762 0 0.677365 0 0.683807 0.403542 
0.432233 0 0.677665 0 0.684446 0.40615 
0.432699 0 0.677957 0 0.685069 0.408692 
0.43316 0 0.67824 0 0.685676 0.41117 
0.433609 0 0.678509 0 0.686264 0.413587 
0.434048 0 0.678764 0 0.686835 0.415943 
0.434483 0 0.679014 0 0.687394 0.418241 
0.434915 0 0.67926 0 0.687939 0.420481 
0.435335 0 0.679492 0 0.688468 0.422665 
0.435746 0 0.679713 0 0.688981 0.424794 
0.436155 0 0.679931 0 0.689484 0.42687 
0.43656 0 0.680145 0 0.689975 0.428894 
0.436954 0 0.680349 0 0.690452 0.430868 
0.437341 0 0.680542 0 0.690917 0.432792 
0.437725 0 0.680735 0 0.691372 0.434669 
0.438107 0 0.680925 0 0.691819 0.436498 
0.438479 0 0.681106 0 0.692252 0.438281 
0.438843 0 0.681279 0 0.692676 0.44002 
0.439207 0 0.681452 0 0.693092 0.441716 
0.439568 0 0.681625 0 0.693501 0.443369 
0.439921 0 0.681789 0 0.693899 0.444981 
0.440266 0 0.681946 0 0.694288 0.446553 
0.440612 0 0.682105 0 0.694672 0.448085 
0.440956 0 0.682265 0 0.69505 0.449579 
0.441292 0 0.682417 0 0.69542 0.451035 
0.441622 0 0.682563 0 0.695782 0.452456 
0.441953 0 0.682711 0 0.69614 0.45384 
0.442283 0 0.682862 0 0.696495 0.45519 
0.442606 0 0.683006 0 0.696842 0.456507 
0.442924 0 0.683145 0 0.697184 0.45779 
0.443244 0 0.683289 0 0.697524 0.459042 
0.443564 0 0.683435 0 0.697861 0.460262 
0.443879 0 0.683577 0 0.698193 0.461451 
0.444031 0 0.683741 0 0.698297 0.462611 
0.44431 0 0.68387 0 0.698613 0.463742 
0.444454 0 0.684001 0 0.698735 0.464844 
0.444699 0 0.684077 0 0.699028 0.465919 
0.445004 0 0.684143 0 0.699414 0.466967 
0.445059 0 0.684306 0 0.699363 0.467989 
0.445235 0 0.684363 0 0.699557 0.468986 
0.445299 0 0.684381 0 0.699607 0.469957 
0.445451 0 0.68434 0 0.699821 0.470905 
0.445458 0 0.684297 0 0.699832 0.471828 
0.445591 0 0.68422 0 0.700059 0.472729 
0.445623 0 0.684147 0 0.700131 0.473607 
0.445747 0 0.684038 0 0.70036 0.474463 
0.445696 0 0.683948 0 0.700312 0.475297 
0.445759 0 0.683801 0 0.70047 0.476111 
0.445849 0 0.683806 0 0.700558 0.476905 
0.446089 0 0.683898 0 0.700811 0.477678 
0.446422 0 0.684065 0 0.701153 0.478432 
0.44681 0 0.684285 0 0.701541 0.479168 
0.44721 0 0.684522 0 0.701937 0.479885 
0.447633 0 0.684782 0 0.70235 0.480584 
0.448036 0 0.685048 0 0.702728 0.481266 
0.448467 0 0.685327 0 0.703135 0.48193 
0.448882 0 0.685602 0 0.703522 0.482578 
0.449319 0 0.685886 0 0.703936 0.48321 
0.449776 0 0.686187 0 0.704369 0.483826 
0.450247 0 0.686501 0 0.704814 0.484427 
0.450722 0 0.686818 0 0.705265 0.485012 
0.451201 0 0.687136 0 0.70572 0.485583 
0.451688 0 0.687463 0 0.706182 0.48614 
0.452181 0 0.687796 0 0.70665 0.486683 
0.452673 0 0.688127 0 0.707119 0.487212 
0.453165 0 0.688455 0 0.70759 0.487728 
0.453663 0 0.688789 0 0.708069 0.488231 
0.454166 0 0.689126 0 0.708552 0.488721 
0.454666 0 0.689457 0 0.709038 0.4892 
0.455165 0 0.689782 0 0.709527 0.489666 
0.45567 0 0.690111 0 0.710024 0.490121 
0.456178 0 0.69044 0 0.710526 0.490564 
0.456683 0 0.690762 0 0.711031 0.490996 
0.457186 0 0.691075 0 0.71154 0.491418 
0.457693 0 0.691389 0 0.712057 0.491828 
0.458203 0 0.691702 0 0.71258 0.492229 
0.458709 0 0.692004 0 0.713106 0.492619 
0.459213 0 0.692296 0 0.713637 0.493 
0.45972 0 0.692586 0 0.714176 0.493372 
0.46023 0 0.692874 0 0.714722 0.493734 
0.460735 0 0.693149 0 0.715272 0.494086 
0.461237 0 0.693412 0 0.715827 0.494431 
0.461743 0 0.693671 0 0.71639 0.494766 
0.462251 0 0.693926 0 0.716961 0.495093 
0.462755 0 0.694167 0 0.717536 0.495412 
0.463254 0 0.694393 0 0.718117 0.495723 
0.463758 0 0.694615 0 0.718706 0.496026 
0.464263 0 0.694829 0 0.719303 0.496322 
0.464763 0 0.695028 0 0.719905 0.49661 
0.46526 0 0.695211 0 0.720512 0.496891 
0.46576 0 0.695388 0 0.721129 0.497165 
0.466262 0 0.695556 0 0.721753 0.497432 
0.466759 0 0.695706 0 0.722382 0.497693 
0.467252 0 0.695839 0 0.723017 0.497947 
0.467749 0 0.695963 0 0.723661 0.498194 
0.468247 0 0.696077 0 0.724314 0.498436 
0.46874 0 0.696172 0 0.72497 0.498671 
0.469229 0 0.696247 0 0.725633 0.498901 
0.469721 0 0.696311 0 0.726305 0.499124 
0.470215 0 0.696364 0 0.726985 0.499343 
0.470704 0 0.696394 0 0.727669 0.499555 
0.471188 0 0.696404 0 0.728359 0.499763 
0.471676 0 0.696401 0 0.729058 0.499965 
0.472165 0 0.696383 0 0.729765 0.500162 
0.472649 0 0.696342 0 0.730475 0.500354 
0.473128 0 0.696277 0 0.731191 0.500542 
0.47361 0 0.696197 0 0.731916 0.500724 
0.474094 0 0.696101 0 0.732647 0.500902 
0.474571 0 0.695978 0 0.733383 0.501076 
0.475044 0 0.695829 0 0.734122 0.501246 
0.475519 0 0.695663 0 0.73487 0.501411 
0.475996 0 0.695478 0 0.735625 0.501572 
0.476466 0 0.695264 0 0.736382 0.501729 
0.476931 0 0.695022 0 0.737143 0.501882 
0.477398 0 0.694759 0 0.737911 0.502031 
0.477645 0 0.694501 0 0.738448 0.502177 
0.477732 0 0.69428 0 0.738811 0.502319 
0.47773 0 0.694091 0 0.739044 0.502457 
0.477702 0 0.693922 0 0.739214 0.502592 
0.477745 0 0.693824 0 0.739441 0.502723 
0.477836 0 0.693758 0 0.739711 0.502852 
0.477963 0 0.693708 0 0.740017 0.502977 
0.478125 0 0.693675 0 0.740358 0.503098 
0.478314 0 0.693651 0 0.740728 0.503217 
0.47852 0 0.693624 0 0.741118 0.503333 
0.478741 0 0.693591 0 0.741528 0.503446 
0.478982 0 0.693559 0 0.741961 0.503556 
0.479143 0 0.693513 0 0.74229 0.503664 
0.479243 0 0.693477 0 0.742537 0.503768 
0.479306 0 0.693455 0 0.742731 0.50387 
0.479361 0 0.693455 0 0.7429 0.50397 
0.479418 0 0.693473 0 0.743058 0.504067 
0.479475 0 0.693502 0 0.743213 0.504161 
0.479538 0 0.693543 0 0.743368 0.504254 
0.479613 0 0.693609 0 0.743531 0.504343 
0.4797 0 0.693701 0 0.7437 0.504431 
0.479792 0 0.693811 0 0.743873 0.504517 
0.479892 0 0.693941 0 0.744051 0.5046 
0.480006 0 0.694103 0 0.74424 0.504681 
0.480135 0 0.694296 0 0.744441 0.504761 
0.480272 0 0.694512 0 0.74465 0.504838 
0.480419 0 0.694755 0 0.744871 0.504913 
0.480584 0 0.695036 0 0.74511 0.504987 
0.480767 0 0.695356 0 0.745367 0.505058 
0.48096 0 0.69571 0 0.745641 0.505128 
0.481166 0 0.6961 0 0.745935 0.505196 
0.481394 0 0.69654 0 0.746256 0.505262 
0.481643 0 0.697032 0 0.746607 0.505327 
0.481907 0 0.697572 0 0.746987 0.50539 
0.482188 0 0.698166 0 0.747401 0.505452 
0.482494 0 0.698828 0 0.747857 0.505512 
0.48272 0 0.699528 0 0.748247 0.50557 
0.482902 0 0.700242 0 0.748648 0.505627 
0.483073 0 0.700984 0 0.74909 0.505683 
0.483257 0 0.701788 0 0.749586 0.505737 
0.483456 0 0.702676 0 0.750131 0.50579 
0.483752 0 0.703662 0 0.750863 0.505841 
0.484125 0 0.704758 0 0.751734 0.505892 
0.484564 0 0.705975 0 0.752721 0.505941 
0.485055 0 0.707313 0 0.753806 0.505988 
0.485583 0 0.708761 0 0.754973 0.506035 
0.486145 0 0.710316 0 0.756215 0.50608 
0.486748 0 0.71198 0 0.757529 0.506125 
0.487208 0 0.713736 0 0.758616 0.506168 
0.487672 0 0.715884 0 0.759477 0.506209 
0.488138 0 0.718305 0 0.760185 0.506251 
0.488456 0 0.720729 0 0.760667 0.50629 
0.488676 0 0.723116 0 0.761028 0.506329 
0.48907 0 0.725284 0 0.761862 0.506367 
0.489575 0 0.727412 0 0.762906 0.506403 
0.490149 0 0.72955 0 0.764032 0.506438 
0.490763 0 0.731694 0 0.765177 0.506472 
0.491373 0 0.733797 0 0.766291 0.506503 
0.49198 0 0.735856 0 0.767373 0.506533 
0.492591 0 0.737877 0 0.768426 0.50656 
0.493206 0 0.739858 0 0.769446 0.506583 
0.493817 0 0.741788 0 0.770431 0.506601 
0.494427 0 0.743667 0 0.77138 0.506612 
0.495043 0 0.745505 0 0.7723 0.506613 
0.495487 0 0.747227 0 0.772971 0.5066 
0.49623 0 0.749176 0 0.773858 0.506568 
0.496793 0 0.750993 0 0.774507 0.50651 
0.497424 0 0.752733 0 0.775238 0.506416 
0.49811 0 0.754434 0 0.776009 0.506274 
0.498631 0 0.755997 0 0.776562 0.506069 
0.499385 0 0.757693 0 0.777274 0.505784 
0.500026 0 0.759266 0 0.777847 0.505402 
0.500674 0 0.760793 0 0.778392 0.504906 
0.501321 0 0.762264 0 0.778904 0.504283 
0.50197 0 0.76368 0 0.779387 0.503528 
0.502628 0 0.765051 0 0.779844 0.502646 
0.503294 0 0.766376 0 0.780276 0.501649 
0.503961 0 0.767649 0 0.780681 0.500559 
0.504629 0 0.768873 0 0.78106 0.4994 
0.505306 0 0.770062 0 0.781422 0.498198 
0.505991 0 0.771218 0 0.781767 0.496976 
0.506677 0 0.772337 0 0.782095 0.495753 
0.507364 0 0.773422 0 0.782408 0.494545 
0.508443 0 0.774524 0 0.783188 0.493365 
0.509833 0 0.775755 0 0.784276 0.49222 
0.511457 0 0.777102 0 0.785577 0.491118 
0.51326 0 0.778527 0 0.787026 0.490063 
0.515202 0 0.780004 0 0.788582 0.489059 
0.517252 0 0.781515 0 0.790211 0.488107 
0.51938 0 0.783041 0 0.791889 0.487209 
0.521569 0 0.784575 0 0.7936 0.486366 
0.523811 0 0.786122 0 0.795336 0.485577 
0.526094 0 0.787674 0 0.797084 0.484842 
0.528399 0 0.78922 0 0.798833 0.48416 
0.530717 0 0.790757 0 0.800577 0.48353 
0.533048 0 0.792293 0 0.802314 0.482951 
0.535383 0 0.793825 0 0.80404 0.482421 
0.537186 0 0.794813 0 0.806011 0.481941 
0.53899 0 0.795801 0 0.807992 0.481506 
0.540804 0 0.796797 0 0.809987 0.481117 
0.542625 0 0.797802 0 0.811997 0.480771 
0.544448 0 0.798806 0 0.814018 0.480467 
0.546272 0 0.799809 0 0.816052 0.480203 
0.548107 0 0.800822 0 0.818105 0.479978 
0.54963 0 0.801563 0 0.820326 0.479791 
0.551154 0 0.802303 0 0.822559 0.479638 
0.552443 0 0.80301 0 0.824017 0.479519 
0.553532 0 0.803622 0 0.824968 0.479432 
0.554491 0 0.804187 0 0.825678 0.479376 
0.555378 0 0.804739 0 0.826336 0.479348 
0.556268 0 0.805298 0 0.827013 0.479346 
0.557169 0 0.805874 0 0.827714 0.47937 
0.55808 0 0.806466 0 0.828439 0.479416 
0.558994 0 0.807067 0 0.829184 0.479485 
0.559911 0 0.807676 0 0.82995 0.479574 
0.56084 0 0.808304 0 0.830743 0.479682 
0.561779 0 0.808949 0 0.831562 0.479808 
0.56272 0 0.809604 0 0.832402 0.47995 
0.563666 0 0.810269 0 0.833266 0.480108 
0.564624 0 0.810953 0 0.834158 0.480279 
0.565367 0 0.811572 0 0.834998 0.480464 
0.566059 0 0.812182 0 0.835666 0.480661 
0.566706 0 0.81278 0 0.836227 0.480869 
0.567235 0 0.813328 0 0.836748 0.481088 
0.567776 0 0.813912 0 0.837223 0.481316 
0.568317 0 0.814511 0 0.83769 0.481552 
0.568855 0 0.815117 0 0.83816 0.481796 
0.569392 0 0.815731 0 0.838633 0.482046 
0.569854 0 0.816316 0 0.839133 0.482304 
0.570303 0 0.816903 0 0.839593 0.482566 
0.570691 0 0.817451 0 0.840014 0.482833 
0.571104 0 0.818035 0 0.840387 0.483105 
0.571478 0 0.818606 0 0.840785 0.483381 
0.571819 0 0.819165 0 0.841161 0.483659 
0.572149 0 0.819725 0 0.841516 0.48394 
0.572466 0 0.820288 0 0.841863 0.484224 
0.572773 0 0.820859 0 0.842202 0.484509 
0.573069 0 0.821434 0 0.842533 0.484795 
0.573358 0 0.822014 0 0.842859 0.485083 
0.573649 0 0.822611 0 0.843187 0.485371 
0.57394 0 0.823223 0 0.843514 0.485659 
0.574225 0 0.823841 0 0.843836 0.485947 
0.574505 0 0.824466 0 0.844155 0.486234 
0.574788 0 0.825107 0 0.844474 0.486521 
0.575072 0 0.825763 0 0.844791 0.486807 
0.57535 0 0.826424 0 0.845102 0.487092 
0.575623 0 0.827092 0 0.845408 0.487375 
0.575899 0 0.827776 0 0.845712 0.487657 
0.576176 0 0.828474 0 0.846012 0.487936 
0.576447 0 0.829178 0 0.846304 0.488214 
0.576713 0 0.829889 0 0.846588 0.48849 
0.576981 0 0.830614 0 0.846869 0.488763 
0.57725 0 0.831354 0 0.847143 0.489034 
0.577512 0 0.832099 0 0.847407 0.489302 
0.57777 0 0.83285 0 0.84766 0.489568 
0.578029 0 0.833616 0 0.847907 0.48983 
0.578288 0 0.834395 0 0.848145 0.49009 
0.57854 0 0.83518 0 0.848369 0.490347 
0.578787 0 0.835969 0 0.848581 0.490601 
0.579035 0 0.836773 0 0.848782 0.490851 
0.579282 0 0.837589 0 0.848971 0.491098 
0.579522 0 0.838409 0 0.849144 0.491342 
0.579756 0 0.839234 0 0.8493 0.491583 
0.57999 0 0.840071 0 0.849443 0.49182 
0.580222 0 0.84092 0 0.849569 0.492053 
0.580447 0 0.841772 0 0.849676 0.492283 
0.580664 0 0.842627 0 0.849762 0.492509 
0.580881 0 0.843494 0 0.849831 0.492732 
0.580795 0 0.843643 0 0.849352 0.492952 
0.580539 0 0.843424 0 0.848626 0.493168 
0.58022 0 0.843039 0 0.847882 0.493379 
0.579908 0 0.842666 0 0.847151 0.493587 
0.579603 0 0.842303 0 0.846434 0.49379 
0.579299 0 0.841945 0 0.845729 0.493989 
0.578996 0 0.841592 0 0.845036 0.494184 
0.578702 0 0.841254 0 0.84436 0.494375 
0.578415 0 0.84093 0 0.8437 0.494561 
0.578126 0 0.84063 0 0.843086 0.494742 
0.577837 0 0.840343 0 0.842506 0.494919 
0.577559 0 0.84008 0 0.841956 0.495091 
0.577293 0 0.839841 0 0.841439 0.495258 
0.577036 0 0.839624 0 0.840955 0.49542 
0.576791 0 0.839431 0 0.840507 0.495577 
0.576567 0 0.839272 0 0.8401 0.49573 
0.576363 0 0.839148 0 0.839731 0.495877 
0.576174 0 0.839051 0 0.8394 0.496019 
0.576 0 0.838982 0 0.839106 0.496156 
0.575849 0 0.838952 0 0.838852 0.496288 
0.575719 0 0.838958 0 0.838638 0.496414 
0.57574 0 0.839171 0 0.838608 0.496535 
0.575854 0 0.839478 0 0.838677 0.496651 
0.576034 0 0.839837 0 0.838807 0.496761 
0.576258 0 0.840242 0 0.838985 0.496866 
0.576515 0 0.840691 0 0.839204 0.496965 
0.576798 0 0.841185 0 0.839462 0.497059 
0.576971 0 0.841513 0 0.839575 0.497147 
0.577036 0 0.841636 0 0.839567 0.49723 
0.577016 0 0.8416 0 0.839486 0.497307 
0.576962 0 0.841552 0 0.839428 0.497378 
0.576903 0 0.841509 0 0.839389 0.497443 
0.576843 0 0.841466 0 0.839359 0.497502 
0.576777 0 0.841421 0 0.839337 0.497554 
0.576711 0 0.841379 0 0.839326 0.497601 
0.576653 0 0.841352 0 0.839329 0.497641 
0.576601 0 0.841334 0 0.839344 0.497674 
0.576548 0 0.841315 0 0.839365 0.497701 
0.576495 0 0.841293 0 0.839393 0.49772 
0.576449 0 0.841276 0 0.839431 0.497732 
0.576408 0 0.841264 0 0.839477 0.497737 
0.576366 0 0.84125 0 0.839531 0.497734 
0.576323 0 0.841235 0 0.839593 0.497724 
0.576288 0 0.841227 0 0.839666 0.497705 
0.576259 0 0.841225 0 0.839748 0.497677 
0.576228 0 0.841221 0 0.839837 0.497641 
0.576197 0 0.841215 0 0.839934 0.497596 
0.576173 0 0.841215 0 0.84004 0.497542 
0.576153 0 0.84122 0 0.840155 0.497477 
0.576132 0 0.841222 0 0.840275 0.497403 
0.57611 0 0.84122 0 0.840402 0.497317 
0.576095 0 0.841224 0 0.840539 0.497221 
0.576083 0 0.841232 0 0.840683 0.497112 
0.57607 0 0.841235 0 0.840832 0.496992 
0.576055 0 0.841235 0 0.840987 0.496858 
0.576045 0 0.841238 0 0.841151 0.496711 
0.576039 0 0.841244 0 0.841321 0.49655 
0.57603 0 0.841244 0 0.841494 0.496373 
0.57602 0 0.841239 0 0.841673 0.496181 
0.576013 0 0.841236 0 0.841858 0.495971 
0.576009 0 0.841234 0 0.842049 0.495744 
0.576002 0 0.841224 0 0.842242 0.495497 
0.575991 0 0.841207 0 0.842438 0.49523 
0.575983 0 0.84119 0 0.84264 0.494941 
0.575977 0 0.841172 0 0.842845 0.494628 
0.575966 0 0.841144 0 0.84305 0.49429 
0.57595 0 0.841106 0 0.843256 0.493925 
0.575936 0 0.841065 0 0.843465 0.49353 
0.575921 0 0.841021 0 0.843676 0.493104 
0.5759 0 0.840963 0 0.843884 0.492643 
0.575871 0 0.840891 0 0.84409 0.492145 
0.575843 0 0.840814 0 0.844295 0.491605 
0.575721 0 0.840655 0 0.844147 0.491021 
0.575519 0 0.840489 0 0.843733 0.490387 
0.575318 0 0.840324 0 0.84325 0.489698 
0.575126 0 0.840171 0 0.84278 0.488949 
0.574976 0 0.839941 0 0.842528 0.488133 
0.574868 0 0.839725 0 0.84238 0.487241 
0.574807 0 0.839511 0 0.842259 0.486265 
0.574778 0 0.839306 0 0.842148 0.485197 
0.574769 0 0.839113 0 0.842039 0.484023 
0.574634 0 0.838851 0 0.841757 0.482733 
0.574422 0 0.838499 0 0.841365 0.481312 
0.574174 0 0.838095 0 0.840912 0.479744 
0.573909 0 0.837658 0 0.840424 0.478012 
0.573629 0 0.837188 0 0.839904 0.476097 
0.573338 0 0.836682 0 0.839347 0.473979 
0.57304 0 0.836143 0 0.838751 0.471636 
0.572734 0 0.835563 0 0.838107 0.469045 
0.572414 0 0.83493 0 0.837408 0.466185 
0.572081 0 0.834242 0 0.836651 0.463034 
0.571744 0 0.833503 0 0.835838 0.45957 
0.571404 0 0.832709 0 0.834966 0.455777 
0.571054 0 0.831849 0 0.834027 0.451641 
0.570697 0 0.83092 0 0.83302 0.447153 
0.570341 0 0.829928 0 0.831948 0.442309 
0.569987 0 0.82887 0 0.830806 0.437113 
0.569628 0 0.827738 0 0.829592 0.431573 
0.569266 0 0.826533 0 0.828306 0.425706 
0.56891 0 0.825263 0 0.826955 0.419533 
0.568558 0 0.823931 0 0.825539 0.41308 
0.568206 0 0.822531 0 0.824059 0.40638 
0.567853 0 0.821068 0 0.822519 0.399465 
0.567507 0 0.819555 0 0.82093 0.392373 
0.567166 0 0.817997 0 0.819294 0.385139 
0.566824 0 0.816391 0 0.817614 0.377804 
0.56648 0 0.814745 0 0.815898 0.370403 
0.566142 0 0.813072 0 0.814156 0.362972 
0.565805 0 0.811378 0 0.812391 0.355548 
0.565463 0 0.809662 0 0.810608 0.348162 
0.565114 0 0.807929 0 0.808811 0.340848 
0.564763 0 0.806193 0 0.80701 0.333634 
0.564406 0 0.804458 0 0.805209 0.326548 
0.564034 0 0.802721 0 0.803406 0.319617 
0.563644 0 0.800985 0 0.801608 0.312866 
0.563241 0 0.799263 0 0.799819 0.306319 
0.562818 0 0.797556 0 0.798042 0.3 
0.562364 0 0.795858 0 0.796274 0.29393 
0.561876 0 0.794174 0 0.794519 0.288134 
0.561357 0 0.792513 0 0.792781 0.282635 
0.5608 0 0.790877 0 0.791063 0.277457 
0.560196 0 0.789263 0 0.789364 0.272626 
0.559543 0 0.787678 0 0.787692 0.268172 
0.558833 0 0.786127 0 0.786061 0.264128 
0.558083 0 0.784632 0 0.78447 0.260532 
0.557291 0 0.783209 0 0.782948 0.257428 
0.556461 0 0.781878 0 0.781516 0.254871 
0.555606 0 0.780667 0 0.780199 0.252921 
0.554729 0 0.779595 0 0.779018 0.251642 
0.553833 0 0.778678 0 0.777992 0.251095 
0.552925 0 0.777933 0 0.777142 0.251322 
0.55202 0 0.777377 0 0.776483 0.252335 
0.551197 0 0.777054 0 0.776016 0.254109 
0.550434 0 0.776943 0 0.775749 0.256587 
0.549709 0 0.777007 0 0.77565 0.259682 
0.549015 0 0.77721 0 0.775685 0.263295 
0.548339 0 0.777513 0 0.775816 0.267324 
0.547671 0 0.777879 0 0.776011 0.271672 
0.547011 0 0.778285 0 0.776248 0.276252 
0.546365 0 0.778718 0 0.776512 0.280993 
0.545731 0 0.77916 0 0.776786 0.285832 
0.545103 0 0.779593 0 0.777054 0.290722 
0.544482 0 0.780006 0 0.777307 0.295626 
0.543875 0 0.780402 0 0.777544 0.300514 
0.543282 0 0.780773 0 0.777756 0.305363 
0.542695 0 0.781109 0 0.77794 0.310156 
0.542117 0 0.781409 0 0.778092 0.314882 
0.541554 0 0.781679 0 0.778217 0.31953 
0.541005 0 0.781917 0 0.77831 0.324095 
0.540465 0 0.782117 0 0.778372 0.328572 
0.539933 0 0.782278 0 0.778403 0.332958 
0.539419 0 0.782411 0 0.778408 0.337251 
0.538921 0 0.782515 0 0.778386 0.34145 
0.538433 0 0.782584 0 0.778338 0.345555 
0.537958 0 0.78262 0 0.778265 0.349567 
0.537502 0 0.782633 0 0.778175 0.353485 
0.537066 0 0.782624 0 0.778067 0.357312 
0.536645 0 0.782587 0 0.777943 0.361048 
0.536241 0 0.782524 0 0.777806 0.364696 
0.535864 0 0.782446 0 0.777662 0.368255 
0.535515 0 0.782353 0 0.777515 0.371729 
0.53519 0 0.782242 0 0.777366 0.375118 
0.534896 0 0.782113 0 0.777222 0.378425 
0.534642 0 0.78198 0 0.77709 0.381652 
0.534433 0 0.781844 0 0.776977 0.384799 
0.53427 0 0.7817 0 0.776887 0.387869 
0.534159 0 0.781553 0 0.776831 0.390864 
0.534117 0 0.781417 0 0.776819 0.393784 
0.534147 0 0.781295 0 0.776859 0.396633 
0.53425 0 0.781185 0 0.776958 0.399411 
0.534429 0 0.781092 0 0.777119 0.40212 
0.534689 0 0.781029 0 0.777347 0.404763 
0.535024 0 0.780997 0 0.777636 0.407339 
0.535416 0 0.780986 0 0.777976 0.409851 
0.535856 0 0.780995 0 0.778358 0.412301 
0.536338 0 0.781028 0 0.778774 0.414689 
0.53685 0 0.781079 0 0.779213 0.417018 
0.537376 0 0.781135 0 0.779664 0.419289 
0.537909 0 0.781192 0 0.780124 0.421502 
0.538452 0 0.781256 0 0.780589 0.423661 
0.538999 0 0.781324 0 0.781056 0.425766 
0.539541 0 0.781386 0 0.781521 0.427818 
0.540075 0 0.781441 0 0.781982 0.429819 
0.540609 0 0.781498 0 0.782442 0.431769 
0.54114 0 0.781555 0 0.782898 0.433671 
0.541659 0 0.781603 0 0.783347 0.435526 
0.542169 0 0.781643 0 0.783789 0.437334 
0.542675 0 0.781684 0 0.784227 0.439097 
0.543176 0 0.781724 0 0.784658 0.440816 
0.543664 0 0.781756 0 0.785082 0.442491 
0.544142 0 0.781779 0 0.785497 0.444125 
0.544616 0 0.781804 0 0.785907 0.445718 
0.545084 0 0.781829 0 0.78631 0.447272 
0.54554 0 0.781847 0 0.786704 0.448786 
0.545986 0 0.781857 0 0.787091 0.450263 
0.546427 0 0.781869 0 0.787472 0.451702 
0.546864 0 0.781883 0 0.787847 0.453106 
0.547289 0 0.781889 0 0.788213 0.454475 
0.547704 0 0.781889 0 0.788572 0.455809 
0.548116 0 0.781891 0 0.788927 0.45711 
0.548523 0 0.781895 0 0.789275 0.458379 
0.54892 0 0.781893 0 0.789616 0.459616 
0.549307 0 0.781885 0 0.789951 0.460821 
0.549692 0 0.78188 0 0.790282 0.461997 
0.550072 0 0.781877 0 0.790608 0.463143 
0.550443 0 0.781868 0 0.790927 0.464261 
0.550806 0 0.781854 0 0.791241 0.465351 
0.551166 0 0.781844 0 0.791552 0.466413 
0.551524 0 0.781837 0 0.791858 0.467449 
0.551872 0 0.781824 0 0.79216 0.468459 
0.552212 0 0.781807 0 0.792457 0.469444 
0.552552 0 0.781794 0 0.792752 0.470404 
0.552889 0 0.781785 0 0.793044 0.47134 
0.553217 0 0.78177 0 0.793332 0.472253 
0.553539 0 0.781751 0 0.793617 0.473143 
0.55386 0 0.781738 0 0.7939 0.474011 
0.55418 0 0.781728 0 0.794182 0.474857 
0.554492 0 0.781713 0 0.79446 0.475681 
0.554797 0 0.781694 0 0.794736 0.476486 
0.555103 0 0.781681 0 0.795012 0.47727 
0.555408 0 0.781672 0 0.795286 0.478034 
0.555706 0 0.781658 0 0.795559 0.47878 
0.555999 0 0.78164 0 0.79583 0.479506 
0.556292 0 0.781628 0 0.796102 0.480215 
0.556585 0 0.78162 0 0.796373 0.480906 
0.556872 0 0.781608 0 0.796643 0.48158 
0.55687 0 0.781653 0 0.796555 0.482237 
0.556999 0 0.781549 0 0.796696 0.482877 
0.556826 0 0.781484 0 0.79648 0.483502 
0.556819 0 0.78124 0 0.796563 0.48411 
0.556564 0 0.78104 0 0.796333 0.484704 
0.556496 0 0.780703 0 0.796411 0.485282 
0.556462 0 0.780365 0 0.796535 0.485847 
0.556432 0 0.780035 0 0.796669 0.486397 
0.556131 0 0.779907 0 0.79635 0.486933 
0.556002 0 0.779536 0 0.79638 0.487456 
0.555973 0 0.779068 0 0.796598 0.487966 
0.555879 0 0.778874 0 0.796542 0.488463 
0.555949 0 0.778717 0 0.79667 0.488948 
0.556117 0 0.778615 0 0.796889 0.48942 
0.556338 0 0.778554 0 0.797151 0.489881 
0.556583 0 0.778513 0 0.797432 0.49033 
0.556839 0 0.778485 0 0.797724 0.490768 
0.557107 0 0.778471 0 0.798024 0.491195 
0.557382 0 0.778465 0 0.798327 0.491612 
0.557653 0 0.778455 0 0.798632 0.492018 
0.557922 0 0.778439 0 0.79894 0.492413 
0.558196 0 0.778427 0 0.799253 0.492799 
0.558472 0 0.778418 0 0.79957 0.493176 
0.558746 0 0.778403 0 0.79989 0.493542 
0.559018 0 0.778382 0 0.800214 0.4939 
0.559295 0 0.778367 0 0.800544 0.494249 
0.559577 0 0.778355 0 0.800879 0.494589 
0.55974 0 0.778205 0 0.801164 0.494921 
0.559807 0 0.777842 0 0.8015 0.495244 
0.559807 0 0.77731 0 0.801884 0.495559 
0.559702 0 0.77669 0 0.802201 0.495866 
0.559515 0 0.776005 0 0.802458 0.496166 
0.559265 0 0.775271 0 0.80267 0.496458 
0.558974 0 0.774509 0 0.802847 0.496743 
0.558648 0 0.773722 0 0.802993 0.49702 
0.558287 0 0.772906 0 0.803111 0.497291 
0.557895 0 0.772067 0 0.8032 0.497555 
0.557571 0 0.771051 0 0.803534 0.497813 
0.557323 0 0.769979 0 0.804021 0.498064 
0.557115 0 0.76888 0 0.804584 0.498308 
0.557072 0 0.768441 0 0.804802 0.498547 
0.557115 0 0.768266 0 0.804913 0.498779 
0.5572 0 0.768195 0 0.804992 0.499006 
0.557299 0 0.768157 0 0.805063 0.499227 
0.557407 0 0.768135 0 0.805138 0.499443 
0.557532 0 0.768133 0 0.805223 0.499653 
0.55767 0 0.768149 0 0.805315 0.499858 
0.557813 0 0.768171 0 0.805412 0.500058 
0.557961 0 0.768197 0 0.805514 0.500253 
0.558118 0 0.768234 0 0.805622 0.500443 
0.558282 0 0.768278 0 0.805736 0.500628 
0.558446 0 0.76832 0 0.805855 0.500808 
0.558613 0 0.768361 0 0.805979 0.500985 
0.558789 0 0.768412 0 0.806111 0.501156 
0.558974 0 0.768472 0 0.80625 0.501324 
0.55916 0 0.768531 0 0.806394 0.501487 
0.55935 0 0.768591 0 0.806543 0.501646 
0.559549 0 0.768661 0 0.8067 0.501801 
0.559757 0 0.768739 0 0.806863 0.501952 
0.559966 0 0.768816 0 0.807031 0.5021 
0.560178 0 0.768892 0 0.807206 0.502244 
0.5604 0 0.768978 0 0.807388 0.502384 
0.56063 0 0.76907 0 0.807577 0.502521 
0.560862 0 0.769161 0 0.807771 0.502654 
0.561096 0 0.769251 0 0.807972 0.502784 
0.56134 0 0.769348 0 0.808181 0.50291 
0.561591 0 0.769451 0 0.808397 0.503034 
0.561844 0 0.769551 0 0.808618 0.503154 
0.562098 0 0.769648 0 0.808846 0.503272 
0.562362 0 0.769751 0 0.809083 0.503386 
0.562633 0 0.769858 0 0.809327 0.503498 
0.562905 0 0.769961 0 0.809577 0.503607 
0.563178 0 0.770059 0 0.809834 0.503713 
0.563459 0 0.770161 0 0.8101 0.503816 
0.563747 0 0.770267 0 0.810373 0.503917 
0.564036 0 0.770365 0 0.810653 0.504016 
0.564325 0 0.770457 0 0.81094 0.504112 
0.564622 0 0.770552 0 0.811236 0.504205 
0.564925 0 0.770647 0 0.81154 0.504296 
0.565228 0 0.770734 0 0.811851 0.504385 
0.565531 0 0.770813 0 0.812169 0.504472 
0.565842 0 0.770892 0 0.812497 0.504556 
0.566158 0 0.770971 0 0.812833 0.504639 
0.566473 0 0.771039 0 0.813176 0.504719 
0.566788 0 0.771097 0 0.813527 0.504797 
0.56711 0 0.771155 0 0.813887 0.504873 
0.567437 0 0.771209 0 0.814256 0.504948 
0.567763 0 0.771252 0 0.814632 0.50502 
0.568089 0 0.771283 0 0.815017 0.505091 
0.568421 0 0.77131 0 0.815411 0.50516 
0.568758 0 0.771334 0 0.815814 0.505228 
0.569093 0 0.771344 0 0.816223 0.505293 
0.569427 0 0.77134 0 0.816642 0.505357 
0.569767 0 0.771332 0 0.81707 0.50542 
0.570112 0 0.771318 0 0.817507 0.50548 
0.570455 0 0.771288 0 0.817951 0.50554 
0.570797 0 0.771243 0 0.818404 0.505598 
0.571145 0 0.771192 0 0.818867 0.505654 
0.571497 0 0.771133 0 0.819339 0.505709 
0.571846 0 0.771056 0 0.819817 0.505762 
0.572195 0 0.770963 0 0.820304 0.505815 
0.572549 0 0.770861 0 0.820802 0.505866 
0.572907 0 0.77075 0 0.821308 0.505915 
0.573262 0 0.77062 0 0.821821 0.505964 
0.573615 0 0.77047 0 0.822342 0.506011 
0.573974 0 0.770311 0 0.822873 0.506057 
0.574337 0 0.77014 0 0.823413 0.506101 
0.574697 0 0.769948 0 0.82396 0.506145 
0.575054 0 0.769735 0 0.824514 0.506188 
0.575417 0 0.76951 0 0.825079 0.50623 
0.575783 0 0.769272 0 0.825651 0.50627 
0.576146 0 0.769011 0 0.82623 0.50631 
0.576506 0 0.768726 0 0.826816 0.506348 
0.576872 0 0.768428 0 0.827412 0.506386 
0.57724 0 0.768114 0 0.828015 0.506422 
0.577604 0 0.767774 0 0.828624 0.506458 
0.577966 0 0.767409 0 0.82924 0.506493 
0.578105 0 0.767109 0 0.829648 0.506527 
0.578118 0 0.766853 0 0.829933 0.506561 
0.578074 0 0.766625 0 0.830121 0.506593 
0.578085 0 0.766429 0 0.830351 0.506624 
0.578146 0 0.766258 0 0.830617 0.506655 
0.578244 0 0.766102 0 0.830912 0.506685 
0.578366 0 0.765944 0 0.831228 0.506714 
0.57851 0 0.765782 0 0.831564 0.506742 
0.578678 0 0.765621 0 0.831921 0.50677 
0.578869 0 0.765459 0 0.832296 0.506797 
0.579072 0 0.765284 0 0.832685 0.506823 
0.579289 0 0.765096 0 0.833089 0.506849 
0.579526 0 0.764904 0 0.833509 0.506874 
0.579781 0 0.764705 0 0.833945 0.506899 
0.579944 0 0.764553 0 0.834233 0.506922 
0.580038 0 0.764446 0 0.834416 0.506945 
0.580099 0 0.764378 0 0.83453 0.506968 
0.580146 0 0.764337 0 0.8346 0.50699 
0.580185 0 0.764304 0 0.834646 0.507012 
0.580225 0 0.764277 0 0.834678 0.507033 
0.580274 0 0.764266 0 0.834704 0.507053 
0.580331 0 0.764271 0 0.834722 0.507073 
0.580388 0 0.764285 0 0.834731 0.507093 
0.580447 0 0.76431 0 0.83473 0.507112 
0.580516 0 0.764355 0 0.834723 0.50713 
0.580549 0 0.764384 0 0.834728 0.507148 
0.580555 0 0.764379 0 0.83475 0.507165 
0.580575 0 0.76439 0 0.834785 0.507183 
0.580616 0 0.764403 0 0.834839 0.507199 
0.580674 0 0.764413 0 0.834908 0.507216 
0.58074 0 0.764413 0 0.834984 0.507232 
0.580811 0 0.764405 0 0.835069 0.507247 
0.580893 0 0.764395 0 0.835164 0.507262 
0.580984 0 0.764384 0 0.835271 0.507277 
0.58104 0 0.764358 0 0.835361 0.507291 
0.581074 0 0.764339 0 0.83543 0.507305 
0.581107 0 0.764335 0 0.835486 0.507319 
0.581144 0 0.764343 0 0.835536 0.507332 
0.581179 0 0.764351 0 0.835582 0.507345 
0.581214 0 0.764361 0 0.835627 0.507358 
0.581255 0 0.76438 0 0.835676 0.50737 
0.581301 0 0.764408 0 0.835725 0.507382 
0.581344 0 0.764436 0 0.835774 0.507394 
0.581387 0 0.764466 0 0.835823 0.507405 
0.581435 0 0.764506 0 0.835874 0.507416 
0.581489 0 0.764557 0 0.835925 0.507427 
0.581542 0 0.76461 0 0.835974 0.507438 
0.581593 0 0.764666 0 0.836022 0.507448 
0.581652 0 0.764735 0 0.836072 0.507458 
0.581716 0 0.764816 0 0.836123 0.507468 
0.581779 0 0.764901 0 0.836172 0.507478 
0.581841 0 0.764989 0 0.83622 0.507487 
0.581911 0 0.76509 0 0.836271 0.507496 
0.581988 0 0.765205 0 0.836323 0.507505 
0.582064 0 0.765324 0 0.836374 0.507514 
0.58214 0 0.765449 0 0.836425 0.507522 
0.582224 0 0.765589 0 0.836479 0.50753 
0.582316 0 0.765744 0 0.836534 0.507538 
0.582407 0 0.765905 0 0.836589 0.507546 
0.5825 0 0.766075 0 0.836644 0.507554 
0.582602 0 0.766261 0 0.836703 0.507561 
0.582712 0 0.766466 0 0.836765 0.507568 
0.582822 0 0.766679 0 0.836827 0.507575 
0.582935 0 0.766903 0 0.83689 0.507582 
0.583059 0 0.767148 0 0.836959 0.507589 
0.583191 0 0.767415 0 0.837031 0.507596 
0.583326 0 0.767695 0 0.837106 0.507602 
0.583464 0 0.767991 0 0.837185 0.507608 
0.583613 0 0.768312 0 0.83727 0.507614 
0.583773 0 0.768662 0 0.837363 0.50762 
0.583937 0 0.769031 0 0.837462 0.507626 
0.584106 0 0.769424 0 0.837569 0.507632 
0.584288 0 0.769852 0 0.837689 0.507637 
0.584482 0 0.770319 0 0.837821 0.507643 
0.584681 0 0.770817 0 0.837967 0.507648 
0.584886 0 0.771352 0 0.83813 0.507653 
0.585107 0 0.771939 0 0.838316 0.507658 
0.585341 0 0.772581 0 0.838527 0.507662 
0.585581 0 0.773277 0 0.838766 0.507667 
0.58583 0 0.774034 0 0.839039 0.507672 
0.586095 0 0.774868 0 0.839352 0.507676 
0.586375 0 0.775787 0 0.839712 0.507681 
0.586663 0 0.776789 0 0.840119 0.507685 
0.586959 0 0.777884 0 0.840582 0.507689 
0.587272 0 0.779085 0 0.841105 0.507693 
0.587601 0 0.7804 0 0.84169 0.507697 
0.587937 0 0.781819 0 0.842336 0.507701 
0.588281 0 0.783345 0 0.843042 0.507705 
0.588642 0 0.784985 0 0.843807 0.507708 
0.589016 0 0.786731 0 0.844625 0.507712 
0.589396 0 0.788568 0 0.845487 0.507715 
0.589783 0 0.790484 0 0.846386 0.507719 
0.590182 0 0.792477 0 0.847316 0.507722 
0.590593 0 0.794533 0 0.848267 0.507725 
0.591006 0 0.796629 0 0.849229 0.507728 
0.591599 0 0.79891 0 0.850296 0.507731 
0.592312 0 0.801277 0 0.851463 0.507734 
0.593079 0 0.803691 0 0.852661 0.507736 
0.594086 0 0.806248 0 0.85404 0.507739 
0.59485 0 0.808754 0 0.855108 0.507741 
0.59585 0 0.811356 0 0.856366 0.507743 
0.596855 0 0.813935 0 0.857601 0.507745 
0.597859 0 0.816479 0 0.858809 0.507746 
0.598862 0 0.818986 0 0.859991 0.507746 
0.599873 0 0.821465 0 0.861146 0.507745 
0.600666 0 0.823887 0 0.862036 0.507743 
0.60146 0 0.826275 0 0.8629 0.507738 
0.602256 0 0.82863 0 0.863742 0.507731 
0.603061 0 0.83096 0 0.864562 0.507719 
0.604026 0 0.83331 0 0.865458 0.507701 
0.604991 0 0.835616 0 0.866327 0.507675 
0.605957 0 0.83788 0 0.867171 0.507639 
0.606806 0 0.84011 0 0.867892 0.50759 
0.607689 0 0.842118 0 0.86876 0.507525 
0.608598 0 0.844007 0 0.869685 0.507439 
0.609546 0 0.845817 0 0.870667 0.507331 
0.610458 0 0.84757 0 0.871602 0.507197 
0.611476 0 0.849329 0 0.872573 0.507038 
0.612515 0 0.850996 0 0.873593 0.506854 
0.61361 0 0.852594 0 0.874672 0.506648 
0.61479 0 0.854142 0 0.875825 0.506424 
0.616068 0 0.855653 0 0.877057 0.506188 
0.617442 0 0.857125 0 0.878365 0.505946 
0.618911 0 0.858567 0 0.879745 0.505702 
0.620479 0 0.85999 0 0.881187 0.50546 
0.622139 0 0.861396 0 0.882682 0.505224 
0.623878 0 0.862778 0 0.884222 0.504996 
0.625693 0 0.864138 0 0.885801 0.50478 
0.627589 0 0.865487 0 0.887418 0.504575 
0.629563 0 0.866824 0 0.889068 0.504384 
0.631607 0 0.86814 0 0.890749 0.504206 
0.633723 0 0.869435 0 0.892461 0.504042 
0.635914 0 0.870715 0 0.894203 0.503892 
0.638178 0 0.871979 0 0.895969 0.503755 
0.640504 0 0.873215 0 0.897756 0.503633 
0.642888 0 0.874421 0 0.899561 0.503523 
0.645332 0 0.875603 0 0.901376 0.503426 
0.647828 0 0.876759 0 0.903194 0.503342 
0.65036 0 0.877878 0 0.905008 0.503269 
0.652923 0 0.878961 0 0.906813 0.503207 
0.655516 0 0.880014 0 0.908602 0.503156 
0.656861 0 0.881192 1 0.909179 0.503112 
0.657786 0 0.882342 1 0.909423 0.503018 
0.658719 0 0.883302 1 0.909956 0.502854 
0.659427 0 0.884115 1 0.910462 0.502603 
0.659957 0 0.884786 0 0.91082 0.502245 
0.660351 0 0.885439 0 0.91108 0.501937 
0.660643 0 0.886089 0 0.911254 0.501674 
0.660861 0 0.886743 0 0.911369 0.50145 
0.661022 0 0.887402 0 0.911446 0.50126 
0.661165 0 0.888089 0 0.911555 0.501102 
0.661289 0 0.888789 0 0.911676 0.500971 
0.661389 0 0.889494 0 0.911788 0.500865 
0.661465 0 0.890202 0 0.911878 0.500782 
0.661517 0 0.890914 0 0.911946 0.500719 
0.661548 0 0.891629 0 0.911991 0.500674 
0.661558 0 0.892346 0 0.912015 0.500647 
0.661549 0 0.893066 0 0.912014 0.500633 
0.66152 0 0.893786 0 0.91199 0.500634 
0.661471 0 0.894507 0 0.911939 0.500647 
0.661403 0 0.895227 0 0.911862 0.500671 
0.661315 0 0.895947 0 0.911757 0.500705 
0.661207 0 0.896664 0 0.911623 0.500748 
0.66108 0 0.897379 0 0.91146 0.500798 
0.660933 0 0.898091 0 0.911266 0.500856 
0.660766 0 0.8988 0 0.911042 0.50092 
0.66058 0 0.899505 0 0.910786 0.50099 
0.660374 0 0.900206 0 0.910498 0.501065 
0.660148 0 0.900902 0 0.910178 0.501144 
0.659903 0 0.901592 0 0.909826 0.501227 
0.659637 0 0.902276 0 0.909439 0.501313 
0.65961 1 0.902072 0 0.910059 0.501402 
0.65963 1 0.901634 0 0.910943 0.501508 
0.659654 1 0.901226 0 0.911793 0.501627 
0.65964 1 0.900814 0 0.912557 0.501752 
0.65964 1 0.900446 0 0.913322 0.501879 
0.659915 1 0.900671 1 0.913192 0.502006 
0.660205 1 0.900743 1 0.913008 0.502129 
0.660458 1 0.900773 1 0.912837 0.502246 
0.66069 1 0.900799 1 0.912672 0.502359 
0.660909 1 0.900811 1 0.912513 0.502469 
0.661133 1 0.90084 1 0.912355 0.502564 
0.661355 1 0.900869 1 0.912206 0.502653 
0.661571 1 0.900896 1 0.912059 0.502736 
0.661812 1 0.90092 1 0.91193 0.502807 
0.662021 1 0.900942 1 0.91179 0.502865 
0.662214 1 0.900967 1 0.911637 0.502911 
0.66239 1 0.90099 1 0.911478 0.502942 
0.662533 1 0.901005 1 0.911305 0.502956 
0.662651 1 0.90101 1 0.911119 0.502943 
0.662742 1 0.901002 1 0.91092 0.502897 
0.662804 1 0.90098 1 0.910706 0.502803 
0.662878 1 0.900953 1 0.910495 0.502637 
0.662934 1 0.900921 1 0.910289 0.50236 
0.662934 1 0.900879 1 0.910062 0.501914 
0.662915 1 0.900823 1 0.909821 0.501213 
0.662893 1 0.900759 1 0.90958 0.500131 
0.662885 1 0.900697 1 0.909351 0.498482 
0.662907 1 0.900647 1 0.90914 0.496067 
0.662979 1 0.90062 1 0.908954 0.492633 
0.663198 1 0.900636 1 0.908832 0.487896 
0.663521 1 0.900715 1 0.90874 0.481619 
0.663954 1 0.900858 1 0.908718 0.473635 
0.66451 1 0.901058 1 0.908767 0.463872 
0.665204 1 0.901309 1 0.908865 0.452382 
0.666043 1 0.901603 1 0.909002 0.439333 
0.667025 1 0.90193 1 0.909168 0.424962 
0.668144 1 0.902281 1 0.909357 0.409555 
0.669393 1 0.902644 1 0.909559 0.393382 
0.670762 1 0.903011 1 0.909764 0.376664 
0.672238 1 0.903372 1 0.909967 0.3596 
0.673811 1 0.903723 1 0.910158 0.342355 
0.675468 1 0.904058 1 0.910335 0.325061 
0.677197 1 0.904373 1 0.910495 0.307819 
0.678989 1 0.904667 1 0.910635 0.290702 
0.680832 1 0.904941 1 0.910753 0.273772 
0.682717 1 0.905189 1 0.910852 0.257069 
0.684635 1 0.905412 1 0.910932 0.240625 
0.686577 1 0.905611 1 0.910991 0.224464 
0.688537 1 0.905786 1 0.911031 0.208603 
0.690509 1 0.905938 1 0.911051 0.193051 
0.692486 1 0.906066 1 0.911053 0.177817 
0.694463 1 0.906173 1 0.911038 0.162906 
0.696436 1 0.906258 1 0.911005 0.148323 
0.6984 1 0.906322 1 0.910956 0.13406 
0.700353 1 0.906368 1 0.91089 0.120119 
0.702289 1 0.906395 1 0.910809 0.106494 
0.704207 1 0.906404 1 0.910713 0.0931872 
0.706104 1 0.906396 1 0.910603 0.0801922 
0.707978 1 0.906369 1 0.910479 0.067507 
0.709826 1 0.906323 1 0.910342 0.0551245 
0.711644 1 0.906265 1 0.910192 0.0430429 
0.713433 1 0.906192 1 0.910029 0.0312535 
0.715189 1 0.906106 1 0.909853 0.0197489 
0.716913 1 0.906005 1 0.909665 0.00852728 
0.718601 1 0.905891 1 0.909466 -0.00241819 
0.720255 1 0.905763 1 0.909255 -0.0130924 
0.721872 1 0.905624 1 0.909033 -0.0235007 
0.723452 1 0.905472 1 0.9088 -0.0336463 
0.724996 1 0.905308 1 0.908558 -0.0435371 
0.726502 1 0.905133 1 0.908305 -0.0531783 
0.72797 1 0.904947 1 0.908043 -0.062574 
0.729401 1 0.904751 1 0.907772 -0.0717306 
0.730794 1 0.904544 1 0.907492 -0.0806507 
0.732148 1 0.904328 1 0.907204 -0.0893396 
0.733464 1 0.904102 1 0.906907 -0.0978023 
0.734742 1 0.903865 1 0.906603 -0.106048 
0.735982 1 0.903622 1 0.906291 -0.114074 
0.737185 1 0.903369 1 0.905972 -0.121891 
0.738351 1 0.903108 1 0.905647 -0.129498 
0.739479 1 0.902839 1 0.905314 -0.136899 
0.740571 1 0.902562 1 0.904976 -0.1441 
0.741625 1 0.902278 1 0.904632 -0.151102 
0.742644 1 0.901987 1 0.904282 -0.15791 
0.743626 1 0.90169 1 0.903926 -0.164524 
0.744573 1 0.901386 1 0.903566 -0.170953 
0.745484 1 0.901076 1 0.9032 -0.177194 
0.74636 1 0.90076 1 0.902831 -0.183257 
0.747201 1 0.900438 1 0.902457 -0.189143 
0.748009 1 0.900112 1 0.902079 -0.194852 
0.748781 1 0.89978 1 0.901698 -0.200383 
0.74952 1 0.899443 1 0.901313 -0.205742 
0.750224 1 0.899102 1 0.900925 -0.210928 
0.750895 1 0.898756 1 0.900534 -0.215948 
0.751533 1 0.898406 1 0.90014 -0.220802 
0.752137 1 0.898052 1 0.899744 -0.225485 
0.752709 1 0.897695 1 0.899345 -0.230005 
0.753249 1 0.897334 1 0.898944 -0.234357 
0.753755 1 0.89697 1 0.898541 -0.238547 
0.754228 1 0.896602 1 0.898136 -0.242573 
0.754669 1 0.896231 1 0.89773 -0.246442 
0.755078 1 0.895857 1 0.897322 -0.250149 
0.755455 1 0.895481 1 0.896912 -0.253694 
0.755889 1 0.89514 1 0.89659 -0.257077 
0.756337 1 0.894821 1 0.896327 -0.260297 
0.756756 1 0.894557 1 0.896073 -0.263369 
0.757133 1 0.894311 1 0.895806 -0.266276 
0.757466 1 0.894052 1 0.895519 -0.26903 
0.757757 1 0.893777 1 0.895217 -0.271625 
0.758007 1 0.893491 1 0.894906 -0.27407 
0.75822 1 0.893202 1 0.894588 -0.276359 
0.758409 1 0.892908 1 0.894277 -0.278499 
0.75857 1 0.892618 1 0.893971 -0.280491 
0.758701 1 0.892332 1 0.893666 -0.282342 
0.758755 1 0.891826 1 0.893299 -0.284071 
0.758765 1 0.891371 1 0.892875 -0.285658 
0.758737 1 0.89092 1 0.892451 -0.28711 
0.758663 1 0.890483 1 0.892016 -0.288438 
0.758554 1 0.890056 1 0.891556 -0.289651 
0.758433 1 0.889613 1 0.891085 -0.290761 
0.758302 1 0.889168 1 0.890609 -0.291772 
0.758166 1 0.888725 1 0.890131 -0.292699 
0.758029 1 0.888283 1 0.889654 -0.29354 
0.757893 1 0.887842 1 0.889179 -0.294316 
0.757762 1 0.887403 1 0.888706 -0.29503 
0.757653 1 0.886977 1 0.888254 -0.295704 
0.757562 1 0.886558 1 0.887818 -0.296341 
0.757488 1 0.886155 1 0.887394 -0.296948 
0.757431 1 0.885763 1 0.886978 -0.297546 
0.757396 1 0.885379 1 0.886569 -0.298142 
0.757387 1 0.885002 1 0.886168 -0.298744 
0.757418 1 0.884623 1 0.885759 -0.299363 
0.757476 1 0.884144 1 0.885329 -0.300005 
0.75756 1 0.883723 1 0.884903 -0.300674 
0.757674 1 0.883338 1 0.884492 -0.301386 
0.757823 1 0.882959 1 0.884088 -0.302141 
0.758012 1 0.882586 1 0.883694 -0.302952 
0.758245 1 0.882223 1 0.883311 -0.303831 
0.758521 1 0.881867 1 0.882935 -0.304772 
0.758846 1 0.881521 1 0.882574 -0.305779 
0.759218 1 0.881189 1 0.882231 -0.306854 
0.759635 1 0.880872 1 0.881903 -0.308009 
0.760096 1 0.880568 1 0.881589 -0.30923 
0.760601 1 0.880276 1 0.881286 -0.310528 
0.761149 1 0.879995 1 0.880996 -0.311895 
0.761739 1 0.879726 1 0.880717 -0.313341 
0.76237 1 0.879468 1 0.88045 -0.314856 
0.763043 1 0.879221 1 0.880194 -0.316433 
0.763754 1 0.878985 1 0.87995 -0.318079 
0.764501 1 0.87876 1 0.879716 -0.319788 
0.765285 1 0.878545 1 0.879493 -0.321551 
0.766103 1 0.878341 1 0.87928 -0.323366 
0.766953 1 0.878145 1 0.879078 -0.325221 
0.767833 1 0.87796 1 0.878885 -0.327121 
0.768743 1 0.877784 1 0.878702 -0.329059 
0.769679 1 0.877618 1 0.878528 -0.33102 
0.77064 1 0.877459 1 0.878364 -0.333008 
0.771625 1 0.877313 1 0.878209 -0.335011 
0.772632 1 0.877172 1 0.878062 -0.337024 
0.773659 1 0.877042 1 0.877924 -0.339045 
0.774705 1 0.876919 1 0.877796 -0.34107 
0.775768 1 0.876806 1 0.877676 -0.343088 
0.776848 1 0.876702 1 0.877564 -0.345101 
0.777943 1 0.876606 1 0.877462 -0.347096 
0.779052 1 0.876519 1 0.877369 -0.349081 
0.780173 1 0.876442 1 0.877284 -0.351042 
0.781306 1 0.876375 1 0.877209 -0.35298 
0.782452 1 0.876316 1 0.877142 -0.354896 
0.783608 1 0.876268 1 0.877085 -0.356782 
0.784774 1 0.876229 1 0.877038 -0.358644 
0.78595 1 0.8762 1 0.877 -0.360463 
0.787134 1 0.876182 1 0.876973 -0.362245 
0.788327 1 0.876175 1 0.876955 -0.363995 
0.789528 1 0.876177 1 0.876948 -0.365703 
0.790738 1 0.87619 1 0.876952 -0.36738 
0.791955 1 0.876215 1 0.876967 -0.369013 
0.793179 1 0.876254 1 0.876992 -0.370607 
0.794411 1 0.8763 1 0.877029 -0.372161 
0.795649 1 0.876362 1 0.877076 -0.373667 
0.796894 1 0.876432 1 0.877136 -0.375134 
0.798146 1 0.876518 1 0.877208 -0.376557 
0.799404 1 0.876615 1 0.877291 -0.377932 
0.800673 1 0.876746 1 0.877397 -0.379266 
0.801954 1 0.876885 1 0.877521 -0.380549 
0.803234 1 0.877031 1 0.877658 -0.381792 
0.804511 1 0.877185 1 0.8778 -0.382988 
0.805789 1 0.877348 1 0.877948 -0.38414 
0.807066 1 0.877521 1 0.878104 -0.385234 
0.808358 1 0.877725 1 0.878266 -0.386291 
0.809629 1 0.877932 1 0.878439 -0.387293 
0.810903 1 0.878148 1 0.87863 -0.388246 
0.812181 1 0.878376 1 0.878838 -0.38915 
0.813461 1 0.878617 1 0.879062 -0.389994 
0.81474 1 0.87887 1 0.8793 -0.390787 
0.81602 1 0.879136 1 0.879551 -0.391529 
0.817316 1 0.879401 1 0.879817 -0.392214 
0.81865 1 0.879702 1 0.8801 -0.392842 
0.819983 1 0.880025 1 0.880399 -0.39341 
0.821321 1 0.880363 1 0.880715 -0.393922 
0.822639 1 0.880716 1 0.881051 -0.394364 
0.823978 1 0.881098 1 0.881396 -0.394755 
0.82529 1 0.881491 1 0.881773 -0.395081 
0.826607 1 0.881902 1 0.882173 -0.395337 
0.827937 1 0.882348 1 0.882586 -0.395529 
0.829249 1 0.882797 1 0.883021 -0.39566 
0.830563 1 0.883269 1 0.883461 -0.395723 
0.831869 1 0.883767 1 0.883921 -0.395718 
0.833171 1 0.884286 1 0.884412 -0.395644 
0.834456 1 0.884825 1 0.884912 -0.395503 
0.83573 1 0.885384 1 0.885433 -0.395288 
0.836992 1 0.885965 1 0.885974 -0.395009 
0.838242 1 0.886566 1 0.886536 -0.394656 
0.839476 1 0.887188 1 0.88712 -0.394234 
0.840694 1 0.88783 1 0.887724 -0.393749 
0.841894 1 0.888493 1 0.888348 -0.393192 
0.843072 1 0.889176 1 0.888995 -0.392571 
0.844227 1 0.889878 1 0.88966 -0.391883 
0.845355 1 0.8906 1 0.890347 -0.391132 
0.846454 1 0.891342 1 0.891052 -0.390321 
0.847523 1 0.892103 1 0.891776 -0.389448 
0.848559 1 0.892881 1 0.892518 -0.388517 
0.849558 1 0.893677 1 0.893279 -0.387523 
0.850518 1 0.89449 1 0.894057 -0.386483 
0.851435 1 0.895319 1 0.894851 -0.385389 
0.852307 1 0.896163 1 0.89566 -0.384245 
0.85313 1 0.89702 1 0.896483 -0.383052 
0.853902 1 0.897889 1 0.89732 -0.381813 
0.854618 1 0.89877 1 0.898166 -0.380542 
0.855277 1 0.899661 1 0.899023 -0.379236 
0.855876 1 0.90056 1 0.899891 -0.377895 
0.855277 1 0.900269 1 0.899618 -0.376517 
0.8547 1 0.900075 1 0.899427 -0.375121 
0.85412 1 0.89992 1 0.89927 -0.373707 
0.853533 1 0.899775 1 0.899134 -0.372279 
0.852938 1 0.89963 1 0.899007 -0.370835 
0.852337 1 0.899482 1 0.898876 -0.369387 
0.851735 1 0.899331 1 0.898743 -0.367934 
0.851134 1 0.899182 1 0.898609 -0.366485 
0.85054 1 0.899036 1 0.898476 -0.365042 
0.849953 1 0.898897 1 0.898346 -0.363613 
0.849374 1 0.898765 1 0.898222 -0.362193 
0.848805 1 0.898639 1 0.898105 -0.360787 
0.848245 1 0.898517 1 0.897989 -0.359401 
0.847692 1 0.8984 1 0.897882 -0.358033 
0.84715 1 0.898287 1 0.897776 -0.356692 
0.846619 1 0.898176 1 0.897673 -0.355373 
0.846099 1 0.898068 1 0.897573 -0.354083 
0.845589 1 0.897963 1 0.897475 -0.352821 
0.845093 1 0.897862 1 0.897381 -0.351588 
0.844609 1 0.897763 1 0.89729 -0.350389 
0.844138 1 0.897668 1 0.897202 -0.349224 
0.843681 1 0.897576 1 0.897115 -0.348097 
0.843237 1 0.897488 1 0.897033 -0.347005 
0.842807 1 0.897403 1 0.896955 -0.345947 
0.842391 1 0.897321 1 0.896877 -0.344917 
0.841988 1 0.897242 1 0.896804 -0.34392 
0.8416 1 0.897166 1 0.896733 -0.342964 
0.841225 1 0.897093 1 0.896664 -0.342043 
0.840864 1 0.897023 1 0.8966 -0.341143 
0.840517 1 0.896957 1 0.896536 -0.34028 
0.840182 1 0.896893 1 0.896477 -0.339454 
0.839861 1 0.896833 1 0.89642 -0.338652 
0.839554 1 0.896776 1 0.896366 -0.33789 
0.839259 1 0.896722 1 0.896316 -0.337154 
0.838977 1 0.896671 1 0.896269 -0.336443 
