0.257393 0 0.381238 0 0.381237 0.500001 
0.257248 0 0.384259 0 0.384067 0.499021 
0.257245 0 0.387433 0 0.386997 0.497399 
0.257315 0 0.390682 0 0.389952 0.494726 
0.257445 0 0.393978 0 0.392907 0.49046 
0.257685 0 0.397355 0 0.39589 0.484019 
0.257587 0 0.400109 0 0.398651 0.474966 
0.257792 0 0.40337 0 0.401395 0.463197 
0.258002 0 0.406535 0 0.404048 0.448991 
0.258211 0 0.409575 0 0.406586 0.432883 
0.258418 0 0.412474 0 0.408989 0.415466 
0.258632 0 0.415226 0 0.411248 0.397254 
0.258852 0 0.417819 0 0.413352 0.378634 
0.259071 0 0.420239 0 0.415287 0.359878 
0.259292 0 0.422481 0 0.417051 0.341167 
0.259521 0 0.424552 0 0.418645 0.322623 
0.259756 0 0.42645 0 0.420068 0.304322 
0.259992 0 0.428167 0 0.421316 0.286317 
0.260197 0 0.429712 0 0.422327 0.268639 
0.260366 0 0.431063 0 0.423113 0.25131 
0.260498 0 0.432211 0 0.423687 0.23434 
0.260589 0 0.433149 0 0.424062 0.217736 
0.260643 0 0.433884 0 0.42425 0.2015 
0.260669 0 0.434432 0 0.424263 0.185632 
0.260666 0 0.434801 0 0.424107 0.17013 
0.260628 0 0.434992 0 0.423786 0.154989 
0.260327 0 0.434735 0 0.423195 0.140204 
0.260076 0 0.434458 0 0.422444 0.125771 
0.25985 0 0.43411 0 0.421568 0.111684 
0.259631 0 0.433663 0 0.420586 0.0979351 
0.259413 0 0.433114 0 0.419509 0.084519 
0.259201 0 0.432476 0 0.418347 0.0714287 
0.258979 0 0.431735 0 0.417092 0.0586575 
0.25874 0 0.430894 0 0.415744 0.0461985 
0.258946 0 0.43036 0 0.414884 0.0340451 
0.259405 0 0.429973 0 0.414263 0.0221902 
0.259985 0 0.429615 0 0.413727 0.0106271 
0.26055 0 0.429207 0 0.413119 -0.000650636 
0.260964 0 0.428611 0 0.412376 -0.0116496 
0.261274 0 0.427875 0 0.411505 -0.0223765 
0.261506 0 0.427034 0 0.410519 -0.0328376 
0.261677 0 0.426111 0 0.409441 -0.0430392 
0.261805 0 0.425129 0 0.408293 -0.0529873 
0.261907 0 0.42411 0 0.407098 -0.0626882 
0.261991 0 0.423062 0 0.405864 -0.0721477 
0.262054 0 0.421985 0 0.404595 -0.0813716 
0.262099 0 0.420883 0 0.403296 -0.0903656 
0.262135 0 0.41977 0 0.401975 -0.0991351 
0.262161 0 0.418646 0 0.400634 -0.107686 
0.262172 0 0.417509 0 0.399273 -0.116022 
0.26217 0 0.41636 0 0.397895 -0.12415 
0.262161 0 0.415211 0 0.396507 -0.132075 
0.262054 0 0.413656 0 0.395121 -0.139801 
0.261856 0 0.411822 0 0.393707 -0.147333 
0.261887 0 0.41039 0 0.392341 -0.154675 
0.262104 0 0.409252 0 0.391138 -0.161832 
0.262519 0 0.408326 0 0.390128 -0.168808 
0.263054 0 0.407517 0 0.389243 -0.175608 
0.263666 0 0.406791 0 0.388445 -0.182235 
0.264333 0 0.406144 0 0.387711 -0.188692 
0.265035 0 0.405567 0 0.387024 -0.194984 
0.265755 0 0.405046 0 0.38637 -0.201114 
0.266485 0 0.404576 0 0.385742 -0.207085 
0.267226 0 0.404161 0 0.38514 -0.2129 
0.267972 0 0.403797 0 0.38456 -0.218561 
0.268551 0 0.403296 0 0.383845 -0.22407 
0.268962 0 0.402635 0 0.382988 -0.22943 
0.269256 0 0.401847 0 0.382047 -0.234642 
0.269466 0 0.400978 0 0.381058 -0.239707 
0.269611 0 0.400061 0 0.380041 -0.244625 
0.269712 0 0.399121 0 0.379011 -0.249396 
0.269786 0 0.398177 0 0.377984 -0.25402 
0.269836 0 0.397229 0 0.376964 -0.258494 
0.269861 0 0.396271 0 0.375953 -0.262816 
0.269865 0 0.395305 0 0.374954 -0.266982 
0.269854 0 0.394342 0 0.373976 -0.270986 
0.269965 0 0.393543 0 0.373198 -0.274824 
0.270145 0 0.392868 0 0.37254 -0.278487 
0.270358 0 0.392267 0 0.371956 -0.281965 
0.270588 0 0.39172 0 0.371428 -0.285248 
0.270824 0 0.391219 0 0.370948 -0.288322 
0.271054 0 0.39076 0 0.370515 -0.291172 
0.271281 0 0.390347 0 0.370132 -0.293782 
0.271508 0 0.389991 0 0.369809 -0.296133 
0.271734 0 0.389695 0 0.369548 -0.298205 
0.271953 0 0.389456 0 0.369349 -0.299977 
0.272166 0 0.389281 0 0.36922 -0.301428 
0.272379 0 0.389183 0 0.369169 -0.302535 
0.272592 0 0.389164 0 0.3692 -0.303278 
0.272798 0 0.389223 0 0.369314 -0.303635 
0.272998 0 0.389366 0 0.369516 -0.30359 
0.273199 0 0.389605 0 0.369815 -0.303125 
0.273399 0 0.389941 0 0.370213 -0.302227 
0.273593 0 0.39037 0 0.370709 -0.300886 
0.273782 0 0.390898 0 0.371309 -0.299092 
0.273864 0 0.391347 0 0.371885 -0.29684 
0.273891 0 0.391829 0 0.372488 -0.294125 
0.2739 0 0.392408 0 0.373195 -0.290942 
0.27398 0 0.393177 0 0.374082 -0.287286 
0.274117 0 0.39413 0 0.375136 -0.283151 
0.274295 0 0.395261 0 0.376347 -0.278529 
0.274498 0 0.396559 0 0.377704 -0.27341 
0.274721 0 0.398023 0 0.379207 -0.267784 
0.274965 0 0.399661 0 0.380859 -0.261639 
0.275157 0 0.401353 0 0.382544 -0.254966 
0.275311 0 0.403121 0 0.384318 -0.247757 
0.275448 0 0.405005 0 0.386215 -0.24001 
0.275584 0 0.407034 0 0.388255 -0.231732 
0.275722 0 0.40921 0 0.390437 -0.222934 
0.275858 0 0.41152 0 0.392754 -0.213637 
0.275991 0 0.413953 0 0.395198 -0.203868 
0.276128 0 0.416507 0 0.397764 -0.193664 
0.276268 0 0.419169 0 0.400444 -0.183065 
0.276405 0 0.421921 0 0.403221 -0.172115 
0.27654 0 0.424752 0 0.406086 -0.160863 
0.276682 0 0.427657 0 0.409031 -0.149358 
0.276827 0 0.43062 0 0.412041 -0.137648 
0.276972 0 0.433622 0 0.4151 -0.125781 
0.277118 0 0.436648 0 0.418196 -0.113801 
0.277273 0 0.439692 0 0.421322 -0.101751 
0.277435 0 0.44274 0 0.424463 -0.0896717 
0.2776 0 0.445772 0 0.427606 -0.0775979 
0.277771 0 0.448777 0 0.430741 -0.0655624 
0.277954 0 0.451751 0 0.433865 -0.0535948 
0.278152 0 0.454684 0 0.436967 -0.0417208 
0.278359 0 0.457559 0 0.440038 -0.029963 
0.278579 0 0.460369 0 0.443073 -0.018341 
0.27882 0 0.463115 0 0.446071 -0.0068708 
0.279082 0 0.465791 0 0.449029 0.00443396 
0.279361 0 0.468388 0 0.451941 0.0155623 
0.279659 0 0.470904 0 0.454808 0.0265053 
0.279982 0 0.473347 0 0.457632 0.0372555 
0.28033 0 0.475718 0 0.460414 0.0478071 
0.280693 0 0.478012 0 0.463149 0.0581546 
0.281072 0 0.480232 0 0.46584 0.0682933 
0.281471 0 0.482388 0 0.468491 0.0782188 
0.281886 0 0.484481 0 0.471098 0.0879273 
0.282307 0 0.486505 0 0.473659 0.0974148 
0.282734 0 0.488461 0 0.476172 0.106678 
0.283171 0 0.490356 0 0.478641 0.115714 
0.283613 0 0.49219 0 0.481062 0.124519 
0.284053 0 0.493954 0 0.483432 0.13309 
0.284763 0 0.496194 0 0.486291 0.141424 
0.285591 0 0.498472 0 0.489202 0.149519 
0.286426 0 0.500593 0 0.492008 0.15737 
0.287325 0 0.502676 0 0.494794 0.164973 
0.288221 0 0.504687 0 0.497517 0.172324 
0.289122 0 0.506633 0 0.500182 0.179417 
0.290025 0 0.508513 0 0.502788 0.186245 
0.290925 0 0.51032 0 0.50533 0.192801 
0.291822 0 0.512054 0 0.507811 0.199075 
0.292724 0 0.513723 0 0.510233 0.205056 
0.29363 0 0.515325 0 0.512596 0.210733 
0.294532 0 0.516851 0 0.514895 0.21609 
0.295432 0 0.518302 0 0.517129 0.221111 
0.296337 0 0.519683 0 0.519303 0.225777 
0.297049 0 0.520844 0 0.521346 0.230068 
0.297758 0 0.521918 0 0.523318 0.23396 
0.298465 0 0.522905 0 0.525217 0.23743 
0.299176 0 0.523811 0 0.527047 0.240451 
0.299891 0 0.524631 0 0.528804 0.242996 
0.300601 0 0.525357 0 0.53048 0.245038 
0.301154 0 0.525835 0 0.532022 0.246551 
0.301711 0 0.52622 0 0.533482 0.247508 
0.30227 0 0.526509 0 0.534858 0.247886 
0.302939 0 0.526691 0 0.536179 0.247667 
0.303614 0 0.526887 0 0.537438 0.246834 
0.304281 0 0.526986 0 0.538577 0.245377 
0.305003 0 0.52705 0 0.539612 0.243292 
0.30572 0 0.527005 0 0.540551 0.240578 
0.306433 0 0.526852 0 0.541395 0.237243 
0.30715 0 0.526599 0 0.542149 0.233301 
0.307869 0 0.526247 0 0.542812 0.228772 
0.308453 0 0.525679 0 0.543316 0.223684 
0.309157 0 0.525078 0 0.543814 0.218072 
0.309779 0 0.524364 0 0.544184 0.211976 
0.310453 0 0.523631 0 0.544442 0.205444 
0.311127 0 0.52288 0 0.544197 0.198531 
0.31173 0 0.521968 0 0.543569 0.191292 
0.312318 0 0.520992 0 0.542734 0.183788 
0.312943 0 0.520025 0 0.541835 0.17608 
0.313483 0 0.518895 0 0.540864 0.168226 
0.314022 0 0.517718 0 0.539846 0.160285 
0.314565 0 0.516513 0 0.538797 0.152312 
0.315136 0 0.515316 0 0.537755 0.144355 
0.315746 0 0.514149 0 0.536745 0.136458 
0.316532 0 0.513188 0 0.535791 0.128661 
0.317438 0 0.51236 0 0.534932 0.120994 
0.318427 0 0.511628 0 0.53416 0.113484 
0.319464 0 0.510959 0 0.533453 0.106152 
0.320533 0 0.510339 0 0.5328 0.0990127 
0.321627 0 0.509768 0 0.532197 0.0920767 
0.322736 0 0.509241 0 0.531639 0.0853509 
0.323847 0 0.508749 0 0.531118 0.0788387 
0.324955 0 0.508291 0 0.530631 0.0725406 
0.326064 0 0.507874 0 0.530183 0.066455 
0.327169 0 0.507496 0 0.52977 0.0605789 
0.328261 0 0.507146 0 0.529385 0.0549076 
0.329338 0 0.506825 0 0.529028 0.0494358 
0.330405 0 0.506539 0 0.528703 0.0441574 
0.331461 0 0.506286 0 0.528407 0.0390658 
0.332497 0 0.506056 0 0.528133 0.0341542 
0.333513 0 0.505849 0 0.52788 0.0294154 
0.334517 0 0.505673 0 0.527653 0.024842 
0.335506 0 0.505524 0 0.527449 0.0204263 
0.336474 0 0.505394 0 0.52726 0.0161602 
0.337422 0 0.505281 0 0.527088 0.0120352 
0.338357 0 0.505194 0 0.526934 0.00804234 
0.339278 0 0.505128 0 0.526796 0.00417176 
0.340179 0 0.505074 0 0.526666 0.000413012 
0.341061 0 0.50503 0 0.526543 -0.00324538 
0.341932 0 0.505004 0 0.52643 -0.00681621 
0.342792 0 0.504989 0 0.526321 -0.010313 
0.343634 0 0.504976 0 0.526209 -0.0137513 
0.344461 0 0.504961 0 0.526089 -0.0171474 
0.34528 0 0.504949 0 0.525965 -0.0205192 
0.346092 0 0.504935 0 0.525828 -0.0238862 
0.34689 0 0.504906 0 0.52567 -0.0272682 
0.347676 0 0.504857 0 0.525486 -0.0306863 
0.34846 0 0.504794 0 0.525276 -0.0341612 
0.34924 0 0.504709 0 0.525034 -0.0377132 
0.35001 0 0.50459 0 0.524751 -0.0413612 
0.350773 0 0.504434 0 0.524422 -0.0451212 
0.351537 0 0.504247 0 0.524051 -0.0490064 
0.3523 0 0.504025 0 0.523635 -0.0530252 
0.353057 0 0.503759 0 0.523167 -0.0571815 
0.353807 0 0.503449 0 0.522649 -0.0614739 
0.354561 0 0.503107 0 0.522089 -0.0658962 
0.355313 0 0.502732 0 0.521488 -0.0704378 
0.356056 0 0.502319 0 0.520844 -0.0750845 
0.356793 0 0.501873 0 0.520163 -0.0798193 
0.357528 0 0.501408 0 0.519454 -0.0846236 
0.358261 0 0.500925 0 0.518722 -0.0894782 
0.358985 0 0.500424 0 0.517967 -0.0943632 
0.359699 0 0.499909 0 0.517196 -0.0992595 
0.360411 0 0.499394 0 0.516419 -0.104149 
0.361119 0 0.498882 0 0.515638 -0.109014 
0.361816 0 0.498369 0 0.514853 -0.113838 
0.362501 0 0.497861 0 0.51407 -0.118608 
0.363183 0 0.497368 0 0.513296 -0.12331 
0.363858 0 0.496894 0 0.512534 -0.127931 
0.36452 0 0.496432 0 0.511782 -0.132462 
0.36517 0 0.495988 0 0.511043 -0.136892 
0.365814 0 0.495572 0 0.510325 -0.141213 
0.366451 0 0.495183 0 0.509627 -0.145418 
0.367072 0 0.494817 0 0.508947 -0.149501 
0.367679 0 0.494475 0 0.508286 -0.153457 
0.368278 0 0.494167 0 0.507651 -0.157281 
0.368866 0 0.493892 0 0.50704 -0.160972 
0.369438 0 0.493643 0 0.506448 -0.164527 
0.369992 0 0.49342 0 0.505876 -0.167946 
0.370535 0 0.493231 0 0.505329 -0.17123 
0.371065 0 0.493074 0 0.504802 -0.174382 
0.371574 0 0.49294 0 0.504291 -0.177405 
0.372061 0 0.492827 0 0.503792 -0.180305 
0.372533 0 0.49274 0 0.503309 -0.18309 
0.372986 0 0.492677 0 0.502836 -0.185769 
0.373412 0 0.492623 0 0.502363 -0.188355 
0.373811 0 0.492577 0 0.501888 -0.19086 
0.374186 0 0.49254 0 0.501408 -0.193301 
0.374534 0 0.492505 0 0.500917 -0.195696 
0.374846 0 0.492457 0 0.500401 -0.198066 
0.375119 0 0.492389 0 0.499854 -0.200434 
0.375359 0 0.492302 0 0.499272 -0.202822 
0.375559 0 0.492185 0 0.498644 -0.205258 
0.37571 0 0.492022 0 0.497957 -0.207764 
0.375881 0 0.491852 0 0.497216 -0.210366 
0.375962 0 0.491627 0 0.496443 -0.213085 
0.376091 0 0.491423 0 0.495637 -0.215938 
0.376119 0 0.491123 0 0.494749 -0.218937 
0.376196 0 0.490825 0 0.493788 -0.222088 
0.37615 0 0.490411 0 0.492753 -0.22539 
0.376168 0 0.490016 0 0.491649 -0.228834 
0.376001 0 0.489463 0 0.49046 -0.232406 
0.375916 0 0.48895 0 0.489194 -0.236089 
0.375703 0 0.488323 0 0.487871 -0.239861 
0.375571 0 0.487747 0 0.486495 -0.243701 
0.374988 0 0.486225 0 0.48457 -0.247586 
0.374511 0 0.484933 0 0.482992 -0.251497 
0.374206 0 0.483751 0 0.481686 -0.255414 
0.373905 0 0.48259 0 0.480395 -0.25932 
0.373601 0 0.481446 0 0.47912 -0.2632 
0.373295 0 0.480324 0 0.477863 -0.267041 
0.372994 0 0.479234 0 0.476632 -0.27083 
0.372696 0 0.478176 0 0.475427 -0.274558 
0.372394 0 0.477145 0 0.474247 -0.278216 
0.372091 0 0.476143 0 0.473094 -0.281794 
0.371792 0 0.475181 0 0.471974 -0.285286 
0.371496 0 0.474257 0 0.470887 -0.288683 
0.371102 0 0.473209 0 0.469737 -0.291977 
0.370605 0 0.472052 0 0.468485 -0.295161 
0.370016 0 0.470829 0 0.467153 -0.298225 
0.369344 0 0.469564 0 0.465769 -0.301159 
0.368594 0 0.468269 0 0.464351 -0.303953 
0.367774 0 0.466953 0 0.462914 -0.306592 
0.366899 0 0.465632 0 0.461469 -0.309062 
0.365973 0 0.464314 0 0.460024 -0.311345 
0.364995 0 0.463 0 0.458582 -0.31342 
0.363973 0 0.461704 0 0.457157 -0.315264 
0.362916 0 0.460443 0 0.455764 -0.316848 
0.361829 0 0.459229 0 0.454413 -0.318141 
0.360708 0 0.458066 0 0.453113 -0.319107 
0.359558 0 0.456967 0 0.45188 -0.319706 
0.358385 0 0.455952 0 0.450731 -0.319895 
0.35719 0 0.455032 0 0.44968 -0.319622 
0.356308 0 0.454668 0 0.449064 -0.318835 
0.355592 0 0.454627 0 0.448776 -0.317477 
0.35494 0 0.454832 0 0.448643 -0.315487 
0.354412 0 0.454978 0 0.448775 -0.312803 
0.354057 0 0.455375 0 0.449134 -0.309364 
0.353824 0 0.456095 0 0.449795 -0.305115 
0.353663 0 0.457125 0 0.450723 -0.300008 
0.35355 0 0.458428 0 0.451908 -0.294005 
0.353467 0 0.459992 0 0.453345 -0.287086 
0.353409 0 0.461821 0 0.455034 -0.279252 
0.353378 0 0.463922 0 0.456973 -0.270521 
0.353369 0 0.466231 0 0.459145 -0.260937 
0.353364 0 0.468714 0 0.461518 -0.25056 
0.353362 0 0.471357 0 0.464074 -0.239468 
0.353372 0 0.474154 0 0.466803 -0.22775 
0.353395 0 0.477088 0 0.469684 -0.215502 
0.353427 0 0.480132 0 0.472691 -0.20282 
0.353471 0 0.483261 0 0.4758 -0.189799 
0.353535 0 0.486456 0 0.478992 -0.176527 
0.353619 0 0.489691 0 0.482241 -0.163086 
0.353718 0 0.492936 0 0.485525 -0.149546 
0.353835 0 0.496172 0 0.488827 -0.13597 
0.353976 0 0.499393 0 0.492136 -0.122412 
0.354142 0 0.502583 0 0.495439 -0.108917 
0.354327 0 0.505726 0 0.498721 -0.0955239 
0.35453 0 0.508817 0 0.501977 -0.0822641 
0.354758 0 0.511858 0 0.505204 -0.0691651 
0.355007 0 0.514846 0 0.508395 -0.0562495 
0.35527 0 0.517771 0 0.511542 -0.0435361 
0.355545 0 0.520631 0 0.514642 -0.0310401 
0.355836 0 0.523435 0 0.517697 -0.0187744 
0.35614 0 0.526178 0 0.5207 -0.00674876 
0.356447 0 0.528852 0 0.523647 0.00502881 
0.356759 0 0.531456 0 0.526536 0.0165523 
0.357079 0 0.533997 0 0.529369 0.0278171 
0.357404 0 0.536472 0 0.532142 0.0388196 
0.357727 0 0.538872 0 0.534852 0.0495574 
0.358048 0 0.541199 0 0.537497 0.0600285 
0.358373 0 0.543458 0 0.540082 0.0702315 
0.358699 0 0.545648 0 0.542604 0.0801653 
0.35902 0 0.547761 0 0.54506 0.0898288 
0.359337 0 0.549798 0 0.54745 0.099221 
0.359656 0 0.551767 0 0.549779 0.108341 
0.359974 0 0.553665 0 0.552044 0.117187 
0.360286 0 0.555486 0 0.554243 0.125757 
0.360592 0 0.557229 0 0.556376 0.13405 
0.360899 0 0.558904 0 0.558448 0.142062 
0.361205 0 0.560507 0 0.560456 0.14979 
0.361504 0 0.562032 0 0.562397 0.157232 
0.361797 0 0.56348 0 0.564273 0.164382 
0.362089 0 0.564858 0 0.566088 0.171238 
0.36238 0 0.566164 0 0.567839 0.177795 
0.362664 0 0.567393 0 0.569525 0.184051 
0.36294 0 0.568544 0 0.571147 0.190004 
0.363217 0 0.569629 0 0.57271 0.195656 
0.363754 0 0.571189 0 0.574824 0.201012 
0.364376 0 0.572743 0 0.576919 0.206085 
0.365089 0 0.574188 0 0.578984 0.210892 
0.36581 0 0.575591 0 0.581011 0.215461 
0.366536 0 0.576959 0 0.583007 0.21983 
0.367262 0 0.578295 0 0.584978 0.224045 
0.367988 0 0.579612 0 0.586938 0.22816 
0.368721 0 0.580929 0 0.588902 0.232226 
0.36946 0 0.582255 0 0.590879 0.236295 
0.370197 0 0.583591 0 0.592875 0.240401 
0.370933 0 0.584942 0 0.594897 0.244568 
0.371675 0 0.586322 0 0.596952 0.248802 
0.372654 0 0.588057 0 0.599149 0.253098 
0.373794 0 0.589999 0 0.601494 0.257443 
0.37504 0 0.592075 0 0.60395 0.261819 
0.37636 0 0.594252 0 0.606498 0.266207 
0.377726 0 0.596504 0 0.609122 0.270588 
0.378996 0 0.59876 0 0.611621 0.274944 
0.380202 0 0.600993 0 0.614076 0.27926 
0.381369 0 0.60322 0 0.616531 0.28352 
0.382509 0 0.60545 0 0.619003 0.287712 
0.383622 0 0.607685 0 0.621495 0.291825 
0.384711 0 0.609926 0 0.624007 0.295848 
0.385787 0 0.61218 0 0.62654 0.299772 
0.386847 0 0.61444 0 0.629086 0.303589 
0.387885 0 0.616692 0 0.631636 0.307291 
0.388904 0 0.61893 0 0.634184 0.310871 
0.38991 0 0.621157 0 0.63673 0.314322 
0.390903 0 0.623368 0 0.639266 0.317639 
0.391876 0 0.625547 0 0.641783 0.320816 
0.392833 0 0.627692 0 0.644275 0.323846 
0.39378 0 0.629806 0 0.646742 0.326724 
0.394717 0 0.631882 0 0.649177 0.329445 
0.395637 0 0.633908 0 0.651572 0.332004 
0.396542 0 0.635881 0 0.653924 0.334397 
0.397439 0 0.637807 0 0.656234 0.336618 
0.398328 0 0.63968 0 0.658496 0.338664 
0.399201 0 0.64149 0 0.660705 0.34053 
0.400061 0 0.643237 0 0.66286 0.342214 
0.400914 0 0.644926 0 0.664964 0.343712 
0.40176 0 0.646557 0 0.667014 0.345022 
0.402592 0 0.648118 0 0.669004 0.346142 
0.403411 0 0.649612 0 0.670937 0.347071 
0.404225 0 0.651046 0 0.672815 0.347808 
0.405032 0 0.652419 0 0.674638 0.348354 
0.405825 0 0.653723 0 0.676402 0.348709 
0.406606 0 0.654959 0 0.678109 0.348875 
0.407382 0 0.656137 0 0.679763 0.348855 
0.408151 0 0.657256 0 0.681364 0.34865 
0.408907 0 0.658308 0 0.682909 0.348266 
0.40965 0 0.659295 0 0.6844 0.347706 
0.410388 0 0.660228 0 0.685843 0.346974 
0.41112 0 0.661106 0 0.687237 0.346077 
0.411837 0 0.661921 0 0.688579 0.34502 
0.412542 0 0.662676 0 0.689872 0.343808 
0.413241 0 0.663381 0 0.691121 0.34245 
0.413734 0 0.664178 0 0.691619 0.340951 
0.414081 0 0.66495 0 0.691674 0.339317 
0.414328 0 0.665339 0 0.691712 0.337554 
0.414573 0 0.665573 0 0.691808 0.335668 
0.414825 0 0.665748 0 0.691906 0.333664 
0.415078 0 0.665877 0 0.691978 0.331547 
0.415331 0 0.665967 0 0.692023 0.329324 
0.415595 0 0.666031 0 0.69205 0.326998 
0.415869 0 0.66607 0 0.692063 0.324575 
0.416148 0 0.666079 0 0.69206 0.322058 
0.416433 0 0.666061 0 0.692042 0.319452 
0.416733 0 0.666026 0 0.692019 0.316759 
0.417046 0 0.665975 0 0.691989 0.313982 
0.417367 0 0.665901 0 0.691949 0.311123 
0.417696 0 0.665806 0 0.691902 0.308184 
0.418041 0 0.6657 0 0.691853 0.305164 
0.418386 0 0.665598 0 0.691669 0.302064 
0.418711 0 0.66545 0 0.691384 0.298882 
0.419026 0 0.665273 0 0.691037 0.295615 
0.419347 0 0.665084 0 0.69066 0.292261 
0.419677 0 0.664879 0 0.69026 0.288813 
0.42001 0 0.664647 0 0.689831 0.285267 
0.420345 0 0.664381 0 0.689367 0.281614 
0.420689 0 0.664086 0 0.688868 0.277847 
0.42104 0 0.663757 0 0.688327 0.273956 
0.42139 0 0.663384 0 0.687733 0.269929 
0.421742 0 0.662965 0 0.687087 0.265755 
0.422103 0 0.662506 0 0.686391 0.261419 
0.422473 0 0.662003 0 0.685641 0.256906 
0.422846 0 0.661443 0 0.684827 0.252202 
0.423224 0 0.660824 0 0.683946 0.24729 
0.423614 0 0.660148 0 0.682999 0.242156 
0.424015 0 0.65941 0 0.681978 0.236785 
0.424421 0 0.658597 0 0.680875 0.231163 
0.424833 0 0.657705 0 0.679686 0.22528 
0.425258 0 0.65674 0 0.678413 0.21913 
0.425695 0 0.655698 0 0.677053 0.21271 
0.426136 0 0.654568 0 0.6756 0.206022 
0.426583 0 0.653351 0 0.674053 0.199074 
0.427041 0 0.652057 0 0.672422 0.191878 
0.427509 0 0.650686 0 0.670708 0.184452 
0.427979 0 0.649234 0 0.66891 0.176819 
0.428451 0 0.647708 0 0.667035 0.169002 
0.428931 0 0.646121 0 0.665096 0.161031 
0.429416 0 0.644479 0 0.663101 0.152935 
0.429899 0 0.642783 0 0.661051 0.144743 
0.43038 0 0.641039 0 0.658958 0.136485 
0.430865 0 0.639267 0 0.656834 0.12819 
0.431352 0 0.637471 0 0.654689 0.119885 
0.431834 0 0.635652 0 0.652525 0.111597 
0.43231 0 0.633819 0 0.650351 0.103349 
0.432787 0 0.631988 0 0.648181 0.0951637 
0.433263 0 0.630165 0 0.64602 0.0870609 
0.433732 0 0.628347 0 0.643871 0.0790593 
0.434193 0 0.626543 0 0.641739 0.0711755 
0.434654 0 0.624766 0 0.639637 0.0634245 
0.435112 0 0.62302 0 0.637568 0.0558198 
0.435561 0 0.621302 0 0.635532 0.0483734 
0.436002 0 0.619619 0 0.633533 0.0410963 
0.436441 0 0.617981 0 0.63158 0.0339979 
0.436877 0 0.616392 0 0.629675 0.0270869 
0.437303 0 0.614847 0 0.627816 0.0203708 
0.43772 0 0.61335 0 0.626006 0.013856 
0.438135 0 0.611913 0 0.624253 0.00754836 
0.438546 0 0.610537 0 0.622557 0.00145256 
0.438946 0 0.609216 0 0.620913 -0.00442745 
0.439338 0 0.607953 0 0.619325 -0.0100882 
0.439726 0 0.606759 0 0.617799 -0.0155273 
0.44011 0 0.605633 0 0.616333 -0.0207429 
0.440484 0 0.60457 0 0.614923 -0.0257339 
0.440847 0 0.603572 0 0.61357 -0.0304998 
0.441208 0 0.602647 0 0.612279 -0.0350409 
0.441564 0 0.601795 0 0.611047 -0.0393583 
0.441908 0 0.601009 0 0.609871 -0.0434533 
0.442243 0 0.60029 0 0.60875 -0.0473281 
0.442573 0 0.599646 0 0.607688 -0.0509851 
0.442899 0 0.599075 0 0.606681 -0.0544277 
0.443213 0 0.59857 0 0.605725 -0.0576596 
0.443515 0 0.59813 0 0.604818 -0.0606849 
0.443814 0 0.597763 0 0.603964 -0.0635082 
0.444107 0 0.597466 0 0.603158 -0.0661347 
0.444665 0 0.598131 0 0.603205 -0.0685692 
0.445341 0 0.599014 0 0.60346 -0.0708166 
0.446024 0 0.599849 0 0.603653 -0.0728802 
0.446754 0 0.600774 0 0.603874 -0.0747653 
0.447475 0 0.601758 0 0.604126 -0.0764773 
0.448189 0 0.602798 0 0.604408 -0.0780214 
0.448901 0 0.603903 0 0.604722 -0.0794037 
0.449612 0 0.605068 0 0.605064 -0.0806301 
0.450313 0 0.606284 0 0.605426 -0.0817068 
0.450719 0 0.606828 0 0.605317 -0.0826404 
0.450886 0 0.606817 0 0.604884 -0.0834384 
0.450888 0 0.606529 0 0.60431 -0.0841094 
0.450787 0 0.606183 0 0.603719 -0.0846624 
0.450684 0 0.605884 0 0.60317 -0.0851064 
0.450586 0 0.605637 0 0.602666 -0.0854502 
0.450491 0 0.605439 0 0.602201 -0.0857027 
0.450392 0 0.60528 0 0.601769 -0.085873 
0.450292 0 0.605158 0 0.60137 -0.0859701 
0.450197 0 0.605079 0 0.601004 -0.0860032 
0.450104 0 0.605038 0 0.600666 -0.0859816 
0.450084 0 0.605208 0 0.600462 -0.0859147 
0.450062 0 0.605358 0 0.600303 -0.0858119 
0.450025 0 0.60543 0 0.600123 -0.0856831 
0.449971 0 0.60544 0 0.599922 -0.0855386 
0.449904 0 0.605421 0 0.59972 -0.0853893 
0.449833 0 0.6054 0 0.599532 -0.0852468 
0.449769 0 0.60539 0 0.599361 -0.085123 
0.449711 0 0.605385 0 0.5992 -0.0850308 
0.449653 0 0.605369 0 0.599038 -0.0849835 
0.449595 0 0.605335 0 0.598869 -0.0849958 
0.449544 0 0.605284 0 0.598692 -0.0850829 
0.449497 0 0.60521 0 0.598502 -0.0852613 
0.449449 0 0.605103 0 0.598291 -0.085549 
0.449402 0 0.604958 0 0.598054 -0.0859649 
0.449361 0 0.604778 0 0.597791 -0.0865292 
0.449325 0 0.604554 0 0.597494 -0.0872637 
0.449288 0 0.604273 0 0.597152 -0.0881915 
0.449252 0 0.603929 0 0.596761 -0.0893369 
0.449222 0 0.603522 0 0.596316 -0.0907247 
0.449198 0 0.603043 0 0.59581 -0.09238 
0.449172 0 0.602479 0 0.595232 -0.0943274 
0.449147 0 0.601825 0 0.594578 -0.0965896 
0.449128 0 0.601083 0 0.593847 -0.099186 
0.449115 0 0.600247 0 0.593032 -0.102131 
0.449101 0 0.599308 0 0.59213 -0.105431 
0.449087 0 0.59827 0 0.591142 -0.109085 
0.44908 0 0.597141 0 0.590076 -0.113084 
0.449078 0 0.595927 0 0.588936 -0.117408 
0.449075 0 0.59463 0 0.587727 -0.12203 
0.449073 0 0.59326 0 0.586461 -0.126915 
0.449078 0 0.591835 0 0.585152 -0.132026 
0.449085 0 0.590285 0 0.583689 -0.137324 
0.449086 0 0.588657 0 0.58211 -0.14277 
0.449098 0 0.587007 0 0.580496 -0.148329 
0.449124 0 0.585371 0 0.578871 -0.153966 
0.449157 0 0.583762 0 0.577251 -0.159652 
0.449183 0 0.582172 0 0.575645 -0.16536 
0.449214 0 0.580615 0 0.574063 -0.171068 
0.449255 0 0.579102 0 0.572512 -0.176756 
0.449304 0 0.577632 0 0.570992 -0.182407 
0.449352 0 0.576199 0 0.5695 -0.188007 
0.4494 0 0.574804 0 0.568037 -0.193545 
0.449426 0 0.57331 0 0.566536 -0.199012 
0.449434 0 0.57178 0 0.565042 -0.204398 
0.449429 0 0.570258 0 0.563581 -0.209697 
0.449415 0 0.568765 0 0.56216 -0.214903 
0.449399 0 0.567308 0 0.560776 -0.22001 
0.449376 0 0.565876 0 0.55942 -0.225013 
0.449335 0 0.564455 0 0.558083 -0.229909 
0.449274 0 0.563039 0 0.556763 -0.234692 
0.449195 0 0.561632 0 0.555461 -0.239358 
0.449093 0 0.560227 0 0.554175 -0.243901 
0.448958 0 0.558817 0 0.552901 -0.248314 
0.448789 0 0.557398 0 0.55164 -0.252589 
0.448588 0 0.555976 0 0.550396 -0.256716 
0.448352 0 0.554548 0 0.549169 -0.260681 
0.448072 0 0.553106 0 0.547961 -0.264467 
0.447747 0 0.551653 0 0.546777 -0.268047 
0.447381 0 0.550198 0 0.545633 -0.271388 
0.446972 0 0.548744 0 0.544539 -0.274442 
0.446664 0 0.547453 0 0.543558 -0.277141 
0.446536 0 0.546448 0 0.542782 -0.279391 
0.446536 0 0.545723 0 0.542245 -0.281058 
0.44662 0 0.545255 0 0.541951 -0.281964 
0.446753 0 0.545041 0 0.541921 -0.281873 
0.446918 0 0.545122 0 0.542204 -0.280506 
0.447114 0 0.545563 0 0.542866 -0.277571 
0.447335 0 0.546421 0 0.543964 -0.272827 
0.447571 0 0.547722 0 0.545528 -0.266151 
0.447821 0 0.549466 0 0.547555 -0.257586 
0.44809 0 0.551625 0 0.550011 -0.247325 
0.448374 0 0.554137 0 0.552832 -0.235655 
0.448665 0 0.556926 0 0.555946 -0.222894 
0.44896 0 0.559927 0 0.559286 -0.209339 
0.449266 0 0.563087 0 0.562795 -0.195247 
0.449578 0 0.566353 0 0.566421 -0.180825 
0.449889 0 0.56968 0 0.570122 -0.166233 
0.450199 0 0.573035 0 0.573866 -0.151595 
0.450513 0 0.5764 0 0.577631 -0.137004 
0.450828 0 0.579755 0 0.581397 -0.122527 
0.451138 0 0.583076 0 0.585144 -0.108217 
0.451444 0 0.586351 0 0.588861 -0.0941111 
0.451751 0 0.589578 0 0.592544 -0.0802366 
0.452057 0 0.592749 0 0.596181 -0.0666136 
0.452357 0 0.595849 0 0.599765 -0.0532563 
0.452651 0 0.598874 0 0.603291 -0.0401741 
0.452945 0 0.601829 0 0.606761 -0.0273736 
0.453277 0 0.604856 0 0.610487 -0.0148585 
0.453651 0 0.607878 0 0.614253 -0.00262976 
0.454041 0 0.610795 0 0.617938 0.00931315 
0.45444 0 0.613607 0 0.621532 0.0209727 
0.454846 0 0.616346 0 0.62506 0.0323529 
0.455251 0 0.619007 0 0.628522 0.0434596 
0.455657 0 0.62159 0 0.631919 0.0543004 
0.456021 0 0.624108 0 0.635239 0.0648847 
0.45639 0 0.626561 0 0.6385 0.0752238 
0.456878 0 0.628959 0 0.641731 0.0853308 
0.457449 0 0.631485 0 0.645056 0.0952194 
0.458148 0 0.634083 0 0.648305 0.104903 
0.458951 0 0.636734 0 0.651527 0.114394 
0.459841 0 0.639433 0 0.654741 0.123702 
0.460817 0 0.642168 0 0.657957 0.132834 
0.461893 0 0.644949 0 0.661192 0.141791 
0.463058 0 0.647771 0 0.66445 0.150575 
0.464292 0 0.650614 0 0.667727 0.159185 
0.465582 0 0.653466 0 0.671017 0.167621 
0.466917 0 0.656321 0 0.674318 0.17588 
0.468281 0 0.659169 0 0.677623 0.183962 
0.469533 0 0.661923 0 0.680765 0.191866 
0.470712 0 0.664575 0 0.683807 0.199594 
0.471849 0 0.667155 0 0.686794 0.207146 
0.472956 0 0.669683 0 0.689752 0.214524 
0.474035 0 0.672169 0 0.692692 0.22173 
0.475091 0 0.674622 0 0.695622 0.228766 
0.476132 0 0.677059 0 0.698551 0.235635 
0.477158 0 0.679481 0 0.701481 0.242339 
0.478162 0 0.681884 0 0.704412 0.248881 
0.479146 0 0.684272 0 0.707349 0.255265 
0.480117 0 0.686655 0 0.710295 0.261492 
0.481074 0 0.689033 0 0.713251 0.267568 
0.482012 0 0.691399 0 0.716212 0.273494 
0.482933 0 0.693749 0 0.719176 0.279274 
0.483843 0 0.696092 0 0.722145 0.284911 
0.484743 0 0.698422 0 0.725112 0.290409 
0.485625 0 0.700726 0 0.728069 0.29577 
0.486491 0 0.703001 0 0.731012 0.300997 
0.48735 0 0.70525 0 0.733941 0.306094 
0.4882 0 0.707468 0 0.736849 0.311064 
0.489034 0 0.709642 0 0.739728 0.31591 
0.489855 0 0.711768 0 0.742574 0.320634 
0.490668 0 0.713851 0 0.745388 0.32524 
0.491475 0 0.715887 0 0.748165 0.32973 
0.492267 0 0.717864 0 0.750897 0.334107 
0.493046 0 0.719779 0 0.753583 0.338374 
0.493819 0 0.721639 0 0.756224 0.342534 
0.494586 0 0.72344 0 0.758817 0.346588 
0.49534 0 0.725173 0 0.761356 0.350541 
0.496081 0 0.726834 0 0.76384 0.354393 
0.496817 0 0.728434 0 0.766274 0.358148 
0.497547 0 0.729969 0 0.768653 0.361808 
0.498263 0 0.731429 0 0.770973 0.365376 
0.498968 0 0.732814 0 0.773234 0.368852 
0.499668 0 0.734134 0 0.775441 0.372241 
0.500362 0 0.735385 0 0.777592 0.375543 
0.501042 0 0.736559 0 0.779681 0.378762 
0.501711 0 0.737657 0 0.781709 0.381898 
0.502375 0 0.738686 0 0.783682 0.384954 
0.503032 0 0.739647 0 0.785597 0.387932 
0.503677 0 0.74053 0 0.787451 0.390834 
0.504107 0 0.741343 0 0.788805 0.393661 
0.504384 0 0.742103 0 0.789806 0.396416 
0.504573 0 0.742852 0 0.7906 0.3991 
0.504724 0 0.743588 0 0.791309 0.401714 
0.504901 0 0.74432 0 0.792021 0.404261 
0.505106 0 0.745044 0 0.792739 0.406741 
0.50533 0 0.745754 0 0.79346 0.409157 
0.505563 0 0.746436 0 0.794176 0.411509 
0.505805 0 0.74709 0 0.794887 0.4138 
0.50606 0 0.747723 0 0.795598 0.41603 
0.506327 0 0.748334 0 0.796305 0.418201 
0.506597 0 0.748913 0 0.797005 0.420315 
0.506871 0 0.749461 0 0.797698 0.422371 
0.507157 0 0.749986 0 0.798389 0.424373 
0.507452 0 0.750488 0 0.799077 0.42632 
0.507695 0 0.750995 0 0.799647 0.428214 
0.507891 0 0.751502 0 0.800114 0.430057 
0.508062 0 0.752014 0 0.800512 0.431848 
0.508219 0 0.752526 0 0.800866 0.433589 
0.508366 0 0.753024 0 0.801191 0.435282 
0.508508 0 0.753509 0 0.801496 0.436926 
0.508656 0 0.753988 0 0.80179 0.438523 
0.508807 0 0.754464 0 0.802073 0.440073 
0.508955 0 0.754926 0 0.802338 0.441578 
0.509099 0 0.755378 0 0.802586 0.443038 
0.509249 0 0.755829 0 0.802823 0.444454 
0.509402 0 0.75628 0 0.803049 0.445826 
0.509552 0 0.756721 0 0.803259 0.447156 
0.5097 0 0.757154 0 0.803456 0.448442 
0.509854 0 0.757588 0 0.803645 0.449687 
0.510012 0 0.758022 0 0.803826 0.45089 
0.510167 0 0.758449 0 0.803994 0.452052 
0.51032 0 0.758869 0 0.804149 0.453174 
0.510479 0 0.759292 0 0.804299 0.454255 
0.510643 0 0.759717 0 0.804441 0.455295 
0.510804 0 0.760136 0 0.804572 0.456296 
0.510963 0 0.76055 0 0.804692 0.457256 
0.511128 0 0.760968 0 0.804807 0.458177 
0.511262 0 0.761355 0 0.804891 0.459058 
0.511363 0 0.761686 0 0.804951 0.459899 
0.511444 0 0.761986 0 0.804994 0.4607 
0.511523 0 0.76226 0 0.805038 0.46146 
0.511602 0 0.762511 0 0.805086 0.46218 
0.511677 0 0.762737 0 0.805131 0.462858 
0.511751 0 0.762943 0 0.805178 0.463495 
0.511832 0 0.763141 0 0.80523 0.46409 
0.511919 0 0.76333 0 0.805288 0.464642 
0.512004 0 0.7635 0 0.805346 0.465151 
0.512091 0 0.763683 0 0.8054 0.465615 
0.512179 0 0.763881 0 0.805449 0.466034 
0.512269 0 0.764087 0 0.805491 0.466407 
0.512353 0 0.764289 0 0.805525 0.466732 
0.512435 0 0.764486 0 0.805554 0.467008 
0.512521 0 0.764684 0 0.805585 0.467233 
0.512609 0 0.764882 0 0.805616 0.467406 
0.512692 0 0.765072 0 0.805641 0.467526 
0.512772 0 0.765253 0 0.805661 0.467589 
0.512855 0 0.765437 0 0.805682 0.467595 
0.51294 0 0.765622 0 0.805702 0.467541 
0.51302 0 0.7658 0 0.805716 0.467424 
0.513096 0 0.765972 0 0.805725 0.467242 
0.513176 0 0.766147 0 0.805734 0.466993 
0.513258 0 0.766325 0 0.805743 0.466672 
0.513336 0 0.766496 0 0.805744 0.466277 
0.513409 0 0.766661 0 0.80574 0.465805 
0.513487 0 0.766829 0 0.805736 0.465251 
0.513568 0 0.766999 0 0.80573 0.464612 
0.513643 0 0.767163 0 0.805717 0.463883 
0.513716 0 0.767321 0 0.805697 0.463061 
0.513793 0 0.767482 0 0.805676 0.462141 
0.513872 0 0.767644 0 0.805651 0.461117 
0.513947 0 0.7678 0 0.805617 0.459985 
0.514019 0 0.767948 0 0.805574 0.458738 
0.514096 0 0.768099 0 0.805527 0.457372 
0.514175 0 0.768251 0 0.805474 0.45588 
0.51425 0 0.768393 0 0.805408 0.454255 
0.514322 0 0.768527 0 0.805329 0.452491 
0.514399 0 0.76866 0 0.805242 0.450581 
0.514478 0 0.768792 0 0.805143 0.448517 
0.514554 0 0.768911 0 0.805026 0.446292 
0.514626 0 0.769018 0 0.804888 0.443898 
0.514703 0 0.769121 0 0.804736 0.441325 
0.514782 0 0.769216 0 0.804564 0.438565 
0.514857 0 0.769293 0 0.804363 0.435609 
0.514929 0 0.769351 0 0.804132 0.432446 
0.515004 0 0.769397 0 0.803873 0.429066 
0.515081 0 0.769428 0 0.803581 0.425459 
0.515152 0 0.76943 0 0.803246 0.421611 
0.515218 0 0.769403 0 0.802863 0.41751 
0.515286 0 0.769351 0 0.802432 0.413144 
0.515354 0 0.769269 0 0.801947 0.408496 
0.515412 0 0.769143 0 0.801392 0.403552 
0.515462 0 0.768968 0 0.800763 0.398294 
0.515509 0 0.768749 0 0.800054 0.392702 
0.515549 0 0.768477 0 0.799254 0.386758 
0.515574 0 0.768134 0 0.798345 0.380437 
0.5157 0 0.767732 0 0.797453 0.373717 
0.515901 0 0.767279 0 0.796544 0.366572 
0.516157 0 0.766765 0 0.795581 0.358979 
0.516447 0 0.766164 0 0.794524 0.350915 
0.516832 0 0.765524 0 0.793405 0.342362 
0.517216 0 0.764744 0 0.792143 0.333307 
0.517769 0 0.764052 0 0.790821 0.32375 
0.518163 0 0.763 0 0.78927 0.313702 
0.518712 0 0.761975 0 0.787585 0.303188 
0.519201 0 0.760693 0 0.785732 0.292248 
0.5198 0 0.759344 0 0.783785 0.280932 
0.520328 0 0.75778 0 0.781647 0.2693 
0.52098 0 0.756221 0 0.779412 0.257413 
0.521447 0 0.754341 0 0.777029 0.245338 
0.522055 0 0.752499 0 0.774533 0.233134 
0.522734 0 0.750619 0 0.771947 0.22086 
0.523412 0 0.748645 0 0.769284 0.208566 
0.524098 0 0.746601 0 0.766567 0.196301 
0.524627 0 0.744375 0 0.763823 0.184103 
0.525227 0 0.742146 0 0.760971 0.172008 
0.525762 0 0.739802 0 0.758052 0.160047 
0.526362 0 0.737509 0 0.755135 0.148245 
0.52685 0 0.735121 0 0.752237 0.136625 
0.527401 0 0.732786 0 0.749332 0.125204 
0.527982 0 0.73048 0 0.746446 0.114001 
0.528582 0 0.728204 0 0.743597 0.103028 
0.529125 0 0.725941 0 0.740815 0.0922974 
0.529677 0 0.72371 0 0.738068 0.0818202 
0.530209 0 0.721497 0 0.73535 0.0716056 
0.530735 0 0.719323 0 0.732677 0.0616617 
0.531223 0 0.717182 0 0.730046 0.051996 
0.531719 0 0.71509 0 0.727457 0.0426151 
0.532178 0 0.713044 0 0.724931 0.0335252 
0.532619 0 0.711053 0 0.72246 0.0247318 
0.533045 0 0.709119 0 0.720045 0.0162403 
0.533453 0 0.707246 0 0.71769 0.00805538 
0.533849 0 0.70544 0 0.715401 0.000181575 
0.53424 0 0.703716 0 0.713187 -0.00737714 
0.534625 0 0.702075 0 0.711049 -0.0146169 
0.534999 0 0.700514 0 0.708984 -0.0215349 
0.535361 0 0.699035 0 0.706994 -0.0281282 
0.535421 0 0.697286 0 0.704677 -0.034395 
0.535255 0 0.695309 0 0.70215 -0.040334 
0.534963 0 0.693226 0 0.699559 -0.045946 
0.534611 0 0.691148 0 0.697005 -0.0512317 
0.534241 0 0.689148 0 0.694544 -0.0561933 
0.534018 0 0.687344 0 0.692264 -0.0608338 
0.533902 0 0.685744 0 0.690179 -0.0651574 
0.533862 0 0.684321 0 0.688262 -0.0691688 
0.533881 0 0.683058 0 0.686493 -0.0728736 
0.53394 0 0.681935 0 0.684853 -0.0762784 
0.533823 0 0.680744 0 0.683161 -0.0793906 
0.533879 0 0.680359 0 0.682377 -0.0822185 
0.533963 0 0.680012 0 0.681753 -0.0847695 
0.53394 0 0.679583 0 0.681105 -0.0870515 
0.533839 0 0.679124 0 0.680465 -0.0890737 
0.533687 0 0.678675 0 0.679859 -0.0908454 
0.533507 0 0.678263 0 0.679302 -0.0923765 
0.533307 0 0.67789 0 0.678796 -0.0936774 
0.533201 0 0.677556 0 0.678101 -0.0947587 
0.533187 0 0.677315 0 0.677384 -0.0956319 
0.533178 0 0.677158 0 0.676738 -0.0963086 
0.533172 0 0.677082 0 0.676157 -0.0968006 
0.533163 0 0.677075 0 0.675635 -0.0971192 
0.533151 0 0.677137 0 0.67517 -0.0972762 
0.533061 0 0.677123 0 0.67467 -0.0972823 
0.532908 0 0.677032 0 0.674139 -0.0971486 
0.532704 0 0.676888 0 0.673596 -0.0968863 
0.532465 0 0.676726 0 0.673062 -0.0965058 
0.532375 0 0.676862 0 0.673027 -0.0960179 
0.532392 0 0.677033 0 0.673028 -0.0954312 
0.532492 0 0.677222 0 0.673053 -0.0947553 
0.532634 0 0.677456 0 0.673113 -0.0939991 
0.532804 0 0.677757 0 0.673224 -0.0931716 
0.532991 0 0.67812 0 0.673384 -0.0922811 
0.533183 0 0.678531 0 0.673585 -0.0913362 
0.533379 0 0.678983 0 0.673819 -0.0903448 
0.533582 0 0.679476 0 0.674083 -0.0893148 
0.533791 0 0.680006 0 0.674367 -0.0882539 
0.533999 0 0.680562 0 0.674668 -0.0871698 
0.534206 0 0.681144 0 0.674981 -0.0860702 
0.534418 0 0.681757 0 0.675308 -0.0849626 
0.534634 0 0.682397 0 0.675646 -0.0838544 
0.534848 0 0.683057 0 0.67599 -0.0827535 
0.535061 0 0.683734 0 0.676339 -0.0816676 
0.535193 0 0.684241 0 0.676564 -0.0806044 
0.535272 0 0.684606 0 0.67671 -0.0795724 
0.535302 0 0.684876 0 0.676814 -0.0785803 
0.535306 0 0.685106 0 0.676909 -0.077637 
0.535307 0 0.68533 0 0.677013 -0.0767516 
0.53531 0 0.68555 0 0.677121 -0.0759336 
0.53531 0 0.685752 0 0.677226 -0.0751929 
0.535318 0 0.685917 0 0.677286 -0.0745393 
0.535337 0 0.686062 0 0.67732 -0.0739833 
0.535362 0 0.686187 0 0.677328 -0.073536 
0.535385 0 0.686276 0 0.677305 -0.0732085 
0.535404 0 0.686321 0 0.677247 -0.0730127 
0.535424 0 0.686322 0 0.677153 -0.0729606 
0.535444 0 0.686272 0 0.677017 -0.0730646 
0.535457 0 0.68616 0 0.676834 -0.0733377 
0.535466 0 0.685985 0 0.676602 -0.073793 
0.535477 0 0.685751 0 0.676319 -0.0744435 
0.535489 0 0.685454 0 0.67598 -0.0753019 
0.535495 0 0.685081 0 0.675581 -0.0763808 
0.535497 0 0.684632 0 0.675118 -0.0776918 
0.535502 0 0.684109 0 0.674592 -0.0792454 
0.535508 0 0.683508 0 0.673999 -0.0810497 
0.535509 0 0.682819 0 0.673335 -0.083111 
0.535507 0 0.682042 0 0.672602 -0.0854319 
0.535507 0 0.681184 0 0.671801 -0.0880116 
0.535508 0 0.680244 0 0.670933 -0.0908452 
0.535504 0 0.679215 0 0.67 -0.0939232 
0.535496 0 0.678101 0 0.669006 -0.0972315 
0.53549 0 0.676914 0 0.667959 -0.100751 
0.535485 0 0.675655 0 0.666865 -0.104461 
0.535473 0 0.674324 0 0.665727 -0.108333 
0.535456 0 0.672926 0 0.664557 -0.11234 
0.535439 0 0.671474 0 0.663364 -0.116451 
0.535419 0 0.669973 0 0.662156 -0.120632 
0.53539 0 0.668422 0 0.660941 -0.12485 
0.53535 0 0.666828 0 0.659729 -0.129069 
0.535305 0 0.665203 0 0.658532 -0.133253 
0.535349 0 0.663662 0 0.657356 -0.137361 
0.53533 0 0.662065 0 0.656248 -0.141353 
0.535397 0 0.660561 0 0.655172 -0.145183 
0.535533 0 0.659169 0 0.654188 -0.1488 
0.53572 0 0.657886 0 0.653311 -0.152147 
0.535938 0 0.656701 0 0.652547 -0.155158 
0.536179 0 0.655619 0 0.651908 -0.157758 
0.536444 0 0.654663 0 0.651413 -0.159863 
0.536726 0 0.653854 0 0.651085 -0.161374 
0.537017 0 0.653215 0 0.65095 -0.162187 
0.537315 0 0.652775 0 0.651035 -0.162189 
0.537626 0 0.652573 0 0.651373 -0.161264 
0.537946 0 0.652634 0 0.65199 -0.159302 
0.538267 0 0.652975 0 0.652905 -0.156201 
0.538588 0 0.653616 0 0.65414 -0.151884 
0.538914 0 0.654576 0 0.65571 -0.146299 
0.539242 0 0.655855 0 0.657615 -0.139438 
0.539745 0 0.657794 0 0.660255 -0.131339 
0.540386 0 0.660162 0 0.663314 -0.122092 
0.541114 0 0.662797 0 0.666629 -0.111836 
0.541939 0 0.665662 0 0.670219 -0.100745 
0.542759 0 0.668686 0 0.673981 -0.0890069 
0.543577 0 0.671825 0 0.677874 -0.0768071 
0.544399 0 0.675045 0 0.68186 -0.0643105 
0.545224 0 0.678313 0 0.685905 -0.0516554 
0.546047 0 0.681593 0 0.68998 -0.0389529 
0.546887 0 0.68494 0 0.694069 -0.0262885 
0.54774 0 0.688297 0 0.698168 -0.0137266 
0.548599 0 0.691635 0 0.702265 -0.00131441 
0.549455 0 0.694937 0 0.706355 0.0109138 
0.550308 0 0.698199 0 0.710437 0.0229339 
0.551164 0 0.701426 0 0.714512 0.0347292 
0.552019 0 0.704614 0 0.718579 0.0462889 
0.552862 0 0.707699 0 0.7225 0.057606 
0.553698 0 0.710714 0 0.726364 0.068677 
0.554534 0 0.713685 0 0.730203 0.0795005 
0.555368 0 0.716622 0 0.734026 0.090077 
0.556191 0 0.719523 0 0.737832 0.100408 
0.557002 0 0.722391 0 0.741624 0.110496 
0.55781 0 0.725233 0 0.745403 0.120344 
0.55861 0 0.728044 0 0.749165 0.129957 
0.559397 0 0.730815 0 0.752908 0.139338 
0.560171 0 0.733545 0 0.756634 0.148491 
0.560939 0 0.736244 0 0.760346 0.157422 
0.5617 0 0.738911 0 0.764044 0.166134 
0.562448 0 0.74154 0 0.767726 0.174633 
0.563184 0 0.74413 0 0.771391 0.182923 
0.563915 0 0.746687 0 0.77504 0.19101 
0.564641 0 0.749209 0 0.77867 0.198896 
0.565355 0 0.751683 0 0.782276 0.206588 
0.566057 0 0.754109 0 0.785856 0.21409 
0.566756 0 0.756491 0 0.789411 0.221406 
0.567449 0 0.758825 0 0.792935 0.228541 
0.568131 0 0.761101 0 0.796425 0.235499 
0.568802 0 0.763316 0 0.799878 0.242284 
0.569469 0 0.765476 0 0.803296 0.248901 
0.570132 0 0.767578 0 0.806675 0.255353 
0.570783 0 0.769611 0 0.810009 0.261645 
0.571424 0 0.771572 0 0.813298 0.267781 
0.572061 0 0.773468 0 0.816543 0.273764 
0.572694 0 0.775298 0 0.81974 0.279598 
0.573315 0 0.77705 0 0.822885 0.285287 
0.573926 0 0.778722 0 0.825977 0.290834 
0.574533 0 0.780323 0 0.829019 0.296243 
0.575135 0 0.78185 0 0.832007 0.301518 
0.575726 0 0.783294 0 0.834937 0.306661 
0.576305 0 0.784652 0 0.837808 0.311676 
0.576657 0 0.785799 0 0.840088 0.316566 
0.576789 0 0.786844 0 0.84183 0.321334 
0.576762 0 0.787825 0 0.843229 0.325983 
0.576634 0 0.788744 0 0.844467 0.330517 
0.576514 0 0.789633 0 0.845676 0.334937 
0.576398 0 0.790491 0 0.846853 0.339247 
0.57628 0 0.791309 0 0.847997 0.343449 
0.57616 0 0.792087 0 0.849108 0.347547 
0.576048 0 0.792835 0 0.850192 0.351542 
0.576039 0 0.793624 0 0.851356 0.355437 
0.576104 0 0.794425 0 0.85258 0.359236 
0.576137 0 0.795215 0 0.85369 0.362939 
0.576149 0 0.795994 0 0.854683 0.36655 
0.576146 0 0.79676 0 0.855586 0.370071 
0.57613 0 0.797509 0 0.856427 0.373504 
0.57611 0 0.79824 0 0.857225 0.376851 
0.576097 0 0.798964 0 0.857994 0.380114 
0.576091 0 0.799677 0 0.858732 0.383296 
0.576084 0 0.800372 0 0.859436 0.386398 
0.576078 0 0.801048 0 0.860104 0.389423 
0.57608 0 0.801717 0 0.860743 0.392372 
0.576088 0 0.80238 0 0.861353 0.395248 
0.576096 0 0.803026 0 0.861931 0.398051 
0.576104 0 0.803657 0 0.862478 0.400785 
0.57612 0 0.804284 0 0.863002 0.40345 
0.576144 0 0.804906 0 0.863502 0.406048 
0.576167 0 0.805515 0 0.863973 0.408581 
0.576191 0 0.80611 0 0.864417 0.411051 
0.576223 0 0.806704 0 0.864842 0.413459 
0.576261 0 0.807294 0 0.865244 0.415806 
0.576299 0 0.807872 0 0.865622 0.418095 
0.576338 0 0.80844 0 0.865975 0.420326 
0.576374 0 0.808902 0 0.866278 0.422502 
0.576447 0 0.809345 0 0.866589 0.424623 
0.57654 0 0.809753 0 0.866919 0.42669 
0.576645 0 0.810132 0 0.867263 0.428706 
0.576742 0 0.810491 0 0.867598 0.430671 
0.576857 0 0.810836 0 0.867946 0.432587 
0.576978 0 0.81116 0 0.868296 0.434454 
0.577103 0 0.811462 0 0.868645 0.436275 
0.577236 0 0.811749 0 0.868996 0.43805 
0.577376 0 0.812017 0 0.869346 0.43978 
0.577513 0 0.812257 0 0.869689 0.441466 
0.577648 0 0.812468 0 0.870027 0.44311 
0.57779 0 0.81266 0 0.870365 0.444713 
0.577887 0 0.812852 0 0.870619 0.446275 
0.577952 0 0.813048 0 0.870809 0.447798 
0.578001 0 0.813247 0 0.870966 0.449282 
0.578029 0 0.813449 0 0.871087 0.450728 
0.57807 0 0.813647 0 0.871215 0.452138 
0.578114 0 0.813829 0 0.871342 0.453513 
0.578159 0 0.813996 0 0.871466 0.454852 
0.57821 0 0.814159 0 0.87159 0.456157 
0.578264 0 0.814319 0 0.871709 0.457429 
0.578312 0 0.814466 0 0.871817 0.458669 
0.578357 0 0.814605 0 0.871915 0.459876 
0.578405 0 0.814744 0 0.87201 0.461053 
0.578455 0 0.814883 0 0.8721 0.4622 
0.5785 0 0.815013 0 0.872181 0.463318 
0.578542 0 0.815134 0 0.872254 0.464406 
0.578587 0 0.815256 0 0.872325 0.465467 
0.578635 0 0.815379 0 0.872393 0.4665 
0.578678 0 0.815492 0 0.872453 0.467506 
0.578718 0 0.815597 0 0.872506 0.468486 
0.578761 0 0.815705 0 0.872558 0.469441 
0.578806 0 0.815813 0 0.872609 0.47037 
0.578847 0 0.815913 0 0.872652 0.471276 
0.578885 0 0.816007 0 0.87269 0.472157 
0.578926 0 0.816103 0 0.872727 0.473014 
0.57897 0 0.816201 0 0.872764 0.473849 
0.57901 0 0.816292 0 0.872795 0.474662 
0.579045 0 0.816376 0 0.87282 0.475453 
0.579085 0 0.816465 0 0.872846 0.476222 
0.579128 0 0.816555 0 0.872872 0.47697 
0.579166 0 0.81664 0 0.872892 0.477697 
0.579201 0 0.816719 0 0.872908 0.478405 
0.57924 0 0.816801 0 0.872925 0.479092 
0.579282 0 0.816888 0 0.872943 0.47976 
0.579319 0 0.816968 0 0.872956 0.480409 
0.579353 0 0.817044 0 0.872964 0.481039 
0.579392 0 0.817125 0 0.872975 0.48165 
0.579433 0 0.81721 0 0.872987 0.482244 
0.57947 0 0.817289 0 0.872994 0.482819 
0.579504 0 0.817365 0 0.872997 0.483376 
0.579543 0 0.817445 0 0.873003 0.483916 
0.579584 0 0.817531 0 0.87301 0.484439 
0.579621 0 0.817612 0 0.873013 0.484944 
0.579656 0 0.81769 0 0.873013 0.485432 
0.579695 0 0.817774 0 0.873016 0.485903 
0.579737 0 0.817864 0 0.873021 0.486358 
0.579775 0 0.817949 0 0.873021 0.486795 
0.57981 0 0.818032 0 0.873019 0.487215 
0.57985 0 0.818122 0 0.87302 0.487619 
0.579893 0 0.818218 0 0.873023 0.488005 
0.579932 0 0.818311 0 0.873023 0.488374 
0.579969 0 0.818402 0 0.873019 0.488725 
0.58001 0 0.8185 0 0.87302 0.489059 
0.580056 0 0.818606 0 0.873023 0.489374 
0.580097 0 0.818709 0 0.873022 0.489671 
0.580136 0 0.818812 0 0.873019 0.489949 
0.58018 0 0.818922 0 0.87302 0.490208 
0.580228 0 0.819041 0 0.873024 0.490446 
0.580272 0 0.819159 0 0.873025 0.490662 
0.580314 0 0.819276 0 0.873023 0.490857 
0.580361 0 0.819403 0 0.873025 0.491028 
0.580413 0 0.819539 0 0.873031 0.491174 
0.580461 0 0.819675 0 0.873033 0.491295 
0.580508 0 0.819812 0 0.873034 0.491387 
0.58056 0 0.81996 0 0.873038 0.491449 
0.580616 0 0.820118 0 0.873046 0.491479 
0.580669 0 0.820278 0 0.873051 0.491473 
0.580721 0 0.82044 0 0.873054 0.491429 
0.580779 0 0.820614 0 0.873061 0.491343 
0.580842 0 0.820801 0 0.873072 0.491211 
0.580902 0 0.82099 0 0.873079 0.491028 
0.580961 0 0.821183 0 0.873084 0.490788 
0.581027 0 0.821391 0 0.873094 0.490484 
0.581097 0 0.821612 0 0.873106 0.490109 
0.581166 0 0.821838 0 0.873114 0.489654 
0.581234 0 0.82207 0 0.87312 0.489109 
0.581309 0 0.822318 0 0.873128 0.488462 
0.581389 0 0.822582 0 0.873137 0.487698 
0.581467 0 0.822852 0 0.87314 0.486803 
0.581545 0 0.823129 0 0.873136 0.485757 
0.58163 0 0.823423 0 0.873132 0.484539 
0.581721 0 0.823733 0 0.873122 0.483125 
0.581809 0 0.824049 0 0.873099 0.481485 
0.581897 0 0.824372 0 0.873061 0.479588 
0.581989 0 0.824708 0 0.873009 0.477397 
0.582086 0 0.825055 0 0.872935 0.474871 
0.582177 0 0.825402 0 0.872826 0.471963 
0.582263 0 0.825744 0 0.872674 0.468624 
0.582348 0 0.826087 0 0.872473 0.464796 
0.582429 0 0.826422 0 0.872205 0.46042 
0.582493 0 0.82673 0 0.871844 0.455433 
0.5827 0 0.827038 0 0.871561 0.449769 
0.582947 0 0.82726 0 0.871235 0.443363 
0.583268 0 0.827448 0 0.87086 0.436153 
0.583665 0 0.827585 0 0.870408 0.428089 
0.584101 0 0.827618 0 0.869821 0.419134 
0.584679 0 0.827624 0 0.869147 0.40928 
0.585177 0 0.827371 0 0.868197 0.398546 
0.585856 0 0.827165 0 0.867073 0.386985 
0.586243 0 0.826373 0 0.865616 0.37468 
0.58685 0 0.825695 0 0.863926 0.361733 
0.587361 0 0.824656 0 0.86194 0.348257 
0.588049 0 0.823646 0 0.859786 0.334365 
0.588474 0 0.822129 0 0.857402 0.320165 
0.589096 0 0.82067 0 0.854808 0.305754 
0.589831 0 0.819148 0 0.852041 0.291219 
0.590565 0 0.817456 0 0.84912 0.276633 
0.591047 0 0.815375 0 0.846118 0.26206 
0.591682 0 0.813332 0 0.842982 0.247552 
0.5924 0 0.811257 0 0.839757 0.233152 
0.592889 0 0.808868 0 0.836503 0.218897 
0.593495 0 0.806522 0 0.833144 0.204818 
0.594169 0 0.804176 0 0.829751 0.190938 
0.59466 0 0.801644 0 0.826401 0.177279 
0.595244 0 0.79916 0 0.822998 0.163857 
0.595875 0 0.79669 0 0.819595 0.150685 
0.596363 0 0.794118 0 0.816277 0.137777 
0.596932 0 0.791625 0 0.812956 0.12514 
0.597472 0 0.789115 0 0.809669 0.112784 
0.598054 0 0.786661 0 0.806424 0.100715 
0.598582 0 0.784203 0 0.803239 0.0889387 
0.599144 0 0.781789 0 0.800088 0.0774609 
0.599715 0 0.77941 0 0.796988 0.0662859 
0.60023 0 0.777055 0 0.793969 0.055418 
0.600765 0 0.774761 0 0.791002 0.0448612 
0.601263 0 0.772499 0 0.788095 0.0346194 
0.601764 0 0.770283 0 0.785233 0.0246964 
0.60226 0 0.768117 0 0.782427 0.0150958 
0.602729 0 0.766024 0 0.779708 0.00582145 
0.603178 0 0.763995 0 0.777049 -0.00312288 
0.603605 0 0.762028 0 0.774447 -0.0117333 
0.604026 0 0.760126 0 0.771905 -0.0200061 
0.604441 0 0.758335 0 0.769461 -0.0279376 
0.604554 0 0.756313 0 0.766713 -0.035524 
0.604434 0 0.754044 0 0.763743 -0.0427623 
0.604186 0 0.751654 0 0.760704 -0.0496496 
0.603883 0 0.749274 0 0.757711 -0.0561837 
0.60356 0 0.746975 0 0.75482 -0.0623633 
0.603385 0 0.744869 0 0.752105 -0.0681874 
0.603323 0 0.742978 0 0.749592 -0.073656 
0.603349 0 0.741285 0 0.747262 -0.0787698 
0.603436 0 0.739767 0 0.745089 -0.0835304 
0.603559 0 0.738401 0 0.743059 -0.0879404 
0.603709 0 0.737181 0 0.741164 -0.0920033 
0.603668 0 0.735893 0 0.739233 -0.0957239 
0.603416 0 0.734475 0 0.737222 -0.0991082 
0.603006 0 0.732942 0 0.735161 -0.102163 
0.602488 0 0.731357 0 0.733103 -0.104898 
0.601906 0 0.729787 0 0.731095 -0.107321 
0.601695 0 0.7291 0 0.72992 -0.109445 
0.601713 0 0.728798 0 0.729114 -0.111277 
0.601729 0 0.728601 0 0.728402 -0.11283 
0.60175 0 0.728514 0 0.727783 -0.114116 
0.601773 0 0.728531 0 0.727251 -0.115144 
0.601793 0 0.728643 0 0.726802 -0.115929 
0.60181 0 0.728846 0 0.726432 -0.116484 
0.601841 0 0.728768 0 0.725773 -0.11682 
0.601887 0 0.728707 0 0.725064 -0.116953 
0.602116 0 0.729055 0 0.724881 -0.116897 
0.602343 0 0.729448 0 0.72483 -0.116666 
0.602505 0 0.729791 0 0.724694 -0.116275 
0.60257 0 0.730058 0 0.724519 -0.115736 
0.602562 0 0.730266 0 0.724328 -0.115065 
0.602503 0 0.730444 0 0.72414 -0.114274 
0.602416 0 0.73062 0 0.723969 -0.113379 
0.602308 0 0.730799 0 0.723818 -0.112391 
0.602179 0 0.730972 0 0.723683 -0.111326 
0.602035 0 0.731136 0 0.723563 -0.110195 
0.601883 0 0.731295 0 0.723458 -0.109013 
0.601724 0 0.731441 0 0.723364 -0.10779 
0.601552 0 0.731568 0 0.723279 -0.10654 
0.601369 0 0.731673 0 0.723199 -0.105275 
0.601307 0 0.731943 0 0.723356 -0.104006 
0.60131 0 0.732281 0 0.723609 -0.102744 
0.601336 0 0.732623 0 0.723887 -0.101499 
0.601381 0 0.732908 0 0.724071 -0.100282 
0.601442 0 0.733189 0 0.724215 -0.0991015 
0.601552 0 0.733494 0 0.724377 -0.0979684 
0.601685 0 0.733827 0 0.724557 -0.0968913 
0.601829 0 0.734181 0 0.724749 -0.0958788 
0.601985 0 0.734557 0 0.724949 -0.0949388 
0.602095 0 0.734847 0 0.725077 -0.0940787 
0.602169 0 0.735046 0 0.725152 -0.0933053 
0.602224 0 0.73518 0 0.725195 -0.0926249 
0.602272 0 0.735275 0 0.72522 -0.0920428 
0.602318 0 0.735336 0 0.725227 -0.0915636 
0.602356 0 0.735357 0 0.725211 -0.0911906 
0.602386 0 0.735335 0 0.72517 -0.0909264 
0.602416 0 0.735272 0 0.725105 -0.0907716 
0.602442 0 0.735165 0 0.725013 -0.0907255 
0.602459 0 0.735005 0 0.724895 -0.0907856 
0.602468 0 0.734793 0 0.724754 -0.0909468 
0.602474 0 0.734536 0 0.724593 -0.0912019 
0.602476 0 0.734233 0 0.724412 -0.0915404 
0.602467 0 0.733877 0 0.724216 -0.0919482 
0.602448 0 0.733472 0 0.724009 -0.0924069 
0.602425 0 0.733027 0 0.723798 -0.0928938 
0.602395 0 0.732544 0 0.72359 -0.0933802 
0.602352 0 0.73202 0 0.723391 -0.0938311 
0.602295 0 0.731463 0 0.723214 -0.0942038 
0.602228 0 0.730885 0 0.723071 -0.0944468 
0.602255 0 0.730404 0 0.722962 -0.0944982 
0.602345 0 0.730032 0 0.722948 -0.0942843 
0.602483 0 0.729767 0 0.72305 -0.0937182 
0.60266 0 0.729614 0 0.723281 -0.0926986 
0.602866 0 0.729579 0 0.723658 -0.091111 
0.603089 0 0.729677 0 0.724207 -0.0888298 
0.603329 0 0.72994 0 0.724961 -0.0857268 
0.603589 0 0.730406 0 0.725955 -0.0816828 
0.603868 0 0.731103 0 0.727213 -0.0766056 
0.604157 0 0.732041 0 0.728751 -0.0704474 
0.604456 0 0.733223 0 0.730571 -0.0632187 
0.60477 0 0.734645 0 0.732662 -0.054992 
0.605096 0 0.736281 0 0.734995 -0.0458902 
0.605424 0 0.73809 0 0.737536 -0.0360678 
0.605755 0 0.740037 0 0.740249 -0.0256902 
0.606093 0 0.742095 0 0.743101 -0.0149143 
0.606435 0 0.74423 0 0.746059 -0.00387985 
0.606773 0 0.746411 0 0.749096 0.00729734 
0.607108 0 0.748618 0 0.752191 0.0185237 
0.607765 0 0.751506 0 0.755944 0.0297261 
0.608524 0 0.754367 0 0.759689 0.0408493 
0.609359 0 0.75707 0 0.763399 0.0518517 
0.610193 0 0.759762 0 0.767115 0.0627023 
0.611032 0 0.762449 0 0.770836 0.073379 
0.611875 0 0.765126 0 0.774557 0.083866 
0.612716 0 0.767785 0 0.778276 0.0941524 
0.613556 0 0.770424 0 0.781992 0.104231 
0.614403 0 0.77305 0 0.785706 0.114098 
0.615254 0 0.775661 0 0.789414 0.12375 
0.616103 0 0.778247 0 0.793117 0.133188 
0.616952 0 0.780807 0 0.796812 0.142412 
0.617807 0 0.783348 0 0.8005 0.151424 
0.618667 0 0.785867 0 0.80418 0.160225 
0.619415 0 0.788395 0 0.807909 0.16882 
0.620162 0 0.790888 0 0.81163 0.17721 
0.620915 0 0.793353 0 0.815342 0.1854 
0.621597 0 0.795778 0 0.819083 0.193393 
0.622276 0 0.798161 0 0.822813 0.201194 
0.62295 0 0.80023 0 0.826285 0.208805 
0.62362 0 0.802347 0 0.829776 0.216231 
0.624278 0 0.8044 0 0.833215 0.223475 
0.62495 0 0.806401 0 0.836601 0.230543 
0.62562 0 0.808352 0 0.839965 0.237438 
0.626295 0 0.81026 0 0.84331 0.244163 
0.626974 0 0.812124 0 0.846633 0.250722 
0.627573 0 0.813914 0 0.849978 0.257121 
0.62817 0 0.815646 0 0.8533 0.263361 
0.628796 0 0.817245 0 0.856514 0.269447 
0.629421 0 0.818862 0 0.859766 0.275383 
0.630026 0 0.820398 0 0.862963 0.281172 
0.630608 0 0.821837 0 0.866096 0.286818 
0.631179 0 0.823201 0 0.869188 0.292323 
0.631743 0 0.824502 0 0.872251 0.297693 
0.631863 0 0.826256 1 0.872025 0.302945 
0.631604 0 0.828077 1 0.871978 0.308073 
0.631224 0 0.82974 1 0.871699 0.313016 
0.630928 0 0.831418 1 0.87178 0.317858 
0.630629 0 0.833058 1 0.871816 0.322574 
0.630327 0 0.834659 0 0.871806 0.327166 
0.630022 0 0.836229 0 0.87176 0.331647 
0.629715 0 0.837768 0 0.871677 0.336019 
0.629406 0 0.839276 0 0.871558 0.340283 
0.629094 0 0.840752 0 0.871404 0.344443 
0.62878 0 0.842196 0 0.871215 0.348501 
0.628463 0 0.843609 0 0.870992 0.352459 
0.628143 0 0.84499 0 0.870736 0.35632 
0.627821 0 0.846339 0 0.870447 0.360085 
0.627497 0 0.847657 0 0.870127 0.363758 
0.62717 0 0.848943 0 0.869775 0.36734 
0.62684 0 0.850197 0 0.869393 0.370833 
0.626508 0 0.85142 0 0.868982 0.37424 
0.626187 0 0.852635 0 0.868766 0.377563 
0.625865 0 0.853818 0 0.868577 0.380803 
0.625612 0 0.855063 0 0.868549 0.383963 
0.625405 0 0.856343 0 0.86862 0.387044 
0.625216 0 0.857617 0 0.86871 0.390049 
0.625036 0 0.858875 0 0.868835 0.39298 
0.624867 0 0.860119 0 0.868979 0.395837 
0.624713 0 0.861354 0 0.869145 0.398624 
0.624577 0 0.862587 0 0.869339 0.401341 
0.624461 0 0.863819 0 0.869563 0.403991 
0.624366 0 0.86505 0 0.869817 0.406575 
0.624291 0 0.86628 0 0.8701 0.409094 
0.624236 0 0.867509 0 0.87041 0.411551 
0.624203 0 0.868738 0 0.870748 0.413947 
0.62419 0 0.869967 0 0.871112 0.416283 
0.624199 0 0.871196 0 0.871503 0.41856 
0.624229 0 0.872425 0 0.871919 0.420781 
0.624279 0 0.873654 0 0.87236 0.422947 
0.624351 0 0.874882 0 0.872823 0.425059 
0.624443 0 0.876109 0 0.87331 0.427118 
0.624205 1 0.875587 0 0.874276 0.429151 
0.624082 1 0.875228 0 0.875473 0.431104 
0.623999 0 0.874902 0 0.876727 0.433004 
0.623925 0 0.874564 0 0.87797 0.434856 
0.62386 0 0.874214 0 0.879205 0.436663 
0.623803 0 0.873854 0 0.880439 0.438424 
0.623795 0 0.87415 1 0.880548 0.440129 
0.623777 0 0.874483 1 0.880506 0.441807 
0.623908 0 0.874993 1 0.8808 0.44343 
0.623978 1 0.874772 1 0.881062 0.445011 
0.624079 1 0.874502 1 0.881107 0.446527 
0.624189 1 0.874277 1 0.881078 0.447966 
0.624304 1 0.8741 1 0.88102 0.449325 
0.624428 1 0.87396 1 0.880945 0.450571 
0.624563 1 0.873852 1 0.880859 0.451664 
0.624713 1 0.873753 1 0.880775 0.452552 
0.624883 1 0.873679 1 0.880696 0.453156 
0.62508 1 0.873635 1 0.880623 0.453379 
0.625317 1 0.873621 1 0.880564 0.453074 
0.625628 1 0.873669 1 0.880524 0.45209 
0.626025 1 0.873774 1 0.880523 0.450234 
0.62653 1 0.873938 1 0.880577 0.447332 
0.627161 1 0.874165 1 0.880695 0.443231 
0.627933 1 0.874462 1 0.880884 0.437827 
0.628852 1 0.874828 1 0.881148 0.431103 
0.629921 1 0.875262 1 0.881483 0.423102 
0.631134 1 0.875758 1 0.881883 0.413934 
0.632484 1 0.876305 1 0.88234 0.403732 
0.633956 1 0.876896 1 0.882842 0.392656 
0.635538 1 0.877521 1 0.88338 0.380876 
0.637217 1 0.878169 1 0.883942 0.36854 
0.638979 1 0.878832 1 0.88452 0.355785 
0.640811 1 0.879503 1 0.885107 0.342729 
0.642947 1 0.880163 1 0.885632 0.329463 
0.645285 1 0.88095 1 0.886407 0.316092 
0.647724 1 0.881816 1 0.887322 0.302686 
0.650207 1 0.88275 1 0.888219 0.2893 
0.652719 1 0.883639 1 0.889075 0.27599 
0.655248 1 0.884496 1 0.889907 0.26279 
0.657783 1 0.885334 1 0.89072 0.249742 
0.660318 1 0.886154 1 0.891512 0.236869 
0.662846 1 0.886955 1 0.89228 0.224199 
0.665362 1 0.887736 1 0.893025 0.211757 
0.667862 1 0.888494 1 0.893745 0.199553 
0.670341 1 0.88923 1 0.894441 0.187605 
0.672795 1 0.889945 1 0.895114 0.175921 
0.675221 1 0.890638 1 0.895762 0.164514 
0.677615 1 0.89131 1 0.896388 0.153385 
0.679973 1 0.891963 1 0.896992 0.142547 
0.682292 1 0.892595 1 0.897575 0.132002 
0.684608 1 0.89315 1 0.898138 0.121754 
0.686926 1 0.893793 1 0.898607 0.11181 
0.689201 1 0.894479 1 0.899135 0.102168 
0.691403 1 0.895139 1 0.899686 0.0928309 
0.693566 1 0.895759 1 0.90021 0.0838073 
0.695681 1 0.896355 1 0.900707 0.0750873 
0.697742 1 0.896933 1 0.901187 0.0666781 
0.699748 1 0.897494 1 0.901658 0.0585762 
0.701695 1 0.89804 1 0.902118 0.0507869 
0.703584 1 0.898572 1 0.902568 0.0433068 
0.705413 1 0.899092 1 0.903008 0.0361353 
0.707179 1 0.8996 1 0.903438 0.0292672 
0.708884 1 0.900099 1 0.90386 0.0227087 
0.710523 1 0.900588 1 0.904275 0.0164557 
0.712097 1 0.90107 1 0.904684 0.0105122 
0.713605 1 0.901545 1 0.905087 0.00487251 
0.715046 1 0.902014 1 0.905486 -0.000458939 
0.716418 1 0.902477 1 0.905881 -0.00548382 
0.717724 1 0.902908 1 0.906251 -0.0101987 
0.718965 1 0.90331 1 0.906593 -0.0146055 
0.720096 1 0.903622 1 0.90697 -0.0186956 
0.721166 1 0.903887 1 0.907305 -0.0224839 
0.722229 1 0.904185 1 0.907655 -0.0259547 
0.723284 0 0.904513 0 0.908021 -0.0291081 
0.724328 0 0.905276 0 0.908808 -0.0291964 
0.725359 0 0.906435 0 0.909981 -0.0263418 
0.72638 0 0.907885 0 0.911434 -0.0209892 
0.72739 0 0.909503 0 0.913041 -0.0137082 
0.728393 0 0.91117 0 0.91468 -0.00503816 
0.729387 0 0.912789 0 0.916252 0.00457508 
0.730375 0 0.914285 0 0.917679 0.0147928 
0.731356 0 0.915606 0 0.918906 0.0253673 
0.732332 0 0.916715 0 0.919895 0.0361211 
0.733301 0 0.917589 0 0.920621 0.0469289 
0.734265 0 0.918215 0 0.921073 0.0577028 
0.735223 0 0.918588 0 0.921245 0.0683815 
0.736175 0 0.91871 0 0.921141 0.0789227 
0.737121 0 0.918586 0 0.920769 0.0892975 
0.738061 0 0.918228 0 0.920143 0.099486 
0.7391 0 0.917643 0 0.9191 0.109476 
0.739969 0 0.917408 0 0.918021 0.119257 
0.740905 0 0.91712 0 0.916844 0.128829 
0.741882 0 0.916718 0 0.915547 0.138187 
0.742885 0 0.916208 0 0.914144 0.147331 
0.743985 0 0.915411 0 0.913055 0.156263 
0.744528 0 0.914544 0 0.91215 0.164985 
0.744875 0 0.913847 0 0.910997 0.173499 
0.745245 0 0.91344 0 0.909709 0.181809 
0.745616 0 0.912963 0 0.908464 0.189918 
0.745991 0 0.912439 0 0.907223 0.19783 
0.746371 0 0.911883 0 0.905966 0.205549 
0.746675 1 0.911956 0 0.905769 0.213084 
0.747029 1 0.912144 0 0.90568 0.22042 
0.747392 1 0.912343 0 0.905588 0.227568 
0.747757 0 0.912559 0 0.905515 0.23453 
0.748122 0 0.912784 0 0.905453 0.241324 
0.748486 0 0.913013 0 0.905397 0.247952 
0.748848 0 0.913244 0 0.905347 0.254418 
0.749208 0 0.913477 0 0.905303 0.260727 
0.749566 0 0.913713 0 0.905266 0.26688 
0.749921 0 0.913951 0 0.905236 0.272882 
0.750274 0 0.91419 0 0.905215 0.278736 
0.750625 0 0.914431 0 0.905201 0.284445 
0.750974 0 0.914672 0 0.905194 0.290014 
0.751313 0 0.914907 0 0.90521 0.295444 
0.751659 0 0.915141 0 0.905195 0.30074 
0.752004 0 0.915387 0 0.905148 0.305905 
0.752342 0 0.915651 0 0.905099 0.310942 
0.752854 1 0.915836 0 0.905206 0.315854 
0.753381 1 0.91602 0 0.905318 0.32064 
0.753895 1 0.916215 0 0.905426 0.325303 
0.754406 0 0.916418 0 0.90554 0.329845 
0.754915 0 0.916628 0 0.905666 0.334276 
0.755421 0 0.916845 0 0.905809 0.338596 
0.755925 0 0.917071 0 0.905969 0.342811 
0.756424 0 0.917303 0 0.906146 0.346921 
0.756919 0 0.917542 0 0.906338 0.350929 
0.757375 0 0.918504 0 0.906403 0.354837 
0.758146 1 0.91891 0 0.906314 0.358651 
0.759048 1 0.919222 0 0.906093 0.362365 
0.759914 1 0.919593 0 0.905854 0.365981 
0.760763 1 0.919948 0 0.905607 0.369501 
0.761594 0 0.920286 0 0.905349 0.372927 
0.762407 0 0.920606 0 0.905079 0.376269 
0.763202 0 0.920906 0 0.904797 0.37953 
0.763966 0 0.921196 0 0.904542 0.38271 
0.764722 0 0.920374 0 0.904486 0.385816 
0.765334 0 0.919491 0 0.904599 0.388841 
0.765848 0 0.918683 0 0.904732 0.391792 
0.766325 0 0.917914 0 0.904853 0.394672 
0.766816 0 0.917164 0 0.904926 0.39748 
0.767078 0 0.916947 1 0.904877 0.400218 
0.767198 0 0.91669 1 0.904999 0.402885 
0.767262 0 0.916398 1 0.905209 0.405481 
0.76732 0 0.916107 1 0.905431 0.408008 
0.767389 0 0.915822 1 0.905643 0.410465 
0.767467 0 0.915542 1 0.905847 0.412854 
0.767554 0 0.915267 1 0.906044 0.415173 
0.767647 0 0.914996 1 0.906236 0.417424 
0.767758 0 0.914714 1 0.906439 0.419607 
0.767885 0 0.914422 1 0.906646 0.421725 
0.768027 0 0.914125 1 0.906849 0.423774 
0.768171 0 0.913855 1 0.907039 0.425756 
0.768311 0 0.913593 1 0.907227 0.427669 
0.768448 0 0.913333 1 0.907412 0.429514 
0.768482 1 0.913174 1 0.90765 0.431296 
0.768453 1 0.913073 1 0.907839 0.43293 
0.768403 1 0.91302 1 0.907979 0.434385 
0.768354 1 0.912999 1 0.908084 0.4356 
0.76832 1 0.912997 1 0.908166 0.43649 
0.768312 1 0.913007 1 0.908234 0.436944 
0.76834 1 0.913027 1 0.908294 0.436836 
0.768417 1 0.913055 1 0.908351 0.436014 
0.768556 1 0.91309 1 0.908405 0.434308 
0.768773 1 0.913131 1 0.908457 0.431569 
0.76908 1 0.913176 1 0.90851 0.427655 
0.769491 1 0.913224 1 0.908559 0.422496 
0.770013 1 0.913272 1 0.908604 0.416076 
0.77065 1 0.91332 1 0.908645 0.408449 
0.771402 1 0.913367 1 0.908681 0.399707 
0.772265 1 0.913412 1 0.908714 0.389977 
0.773235 1 0.913453 1 0.908742 0.379398 
0.774305 1 0.91349 1 0.908766 0.368115 
0.775466 1 0.913524 1 0.908786 0.356273 
0.77671 1 0.913554 1 0.908802 0.343992 
0.778029 1 0.913581 1 0.908818 0.331389 
0.779415 1 0.913605 1 0.908832 0.318552 
0.780859 1 0.913626 1 0.908845 0.30557 
0.782353 1 0.913644 1 0.908857 0.29251 
0.783892 1 0.91366 1 0.908868 0.279434 
0.785466 1 0.913675 1 0.90888 0.266395 
0.787071 1 0.913687 1 0.90889 0.253422 
0.7887 1 0.913698 1 0.9089 0.240564 
0.790348 1 0.913708 1 0.908911 0.227844 
0.792011 1 0.913716 1 0.90892 0.215288 
0.793681 1 0.913723 1 0.90893 0.202913 
0.795357 1 0.91373 1 0.908941 0.190742 
0.797032 1 0.913735 1 0.908951 0.178782 
0.798705 1 0.913738 1 0.908961 0.167054 
0.80037 1 0.913741 1 0.90897 0.155562 
0.802023 1 0.913743 1 0.908978 0.14431 
0.803662 1 0.913744 1 0.908985 0.133309 
0.805286 1 0.913744 1 0.908992 0.122565 
0.806908 1 0.913746 1 0.90897 0.112081 
0.808507 1 0.913738 1 0.908959 0.101859 
0.810075 1 0.913727 1 0.90896 0.0919025 
0.81161 1 0.913716 1 0.908966 0.0822119 
0.813115 1 0.913706 1 0.908965 0.0727897 
0.814589 1 0.913694 1 0.908963 0.0636352 
0.816033 1 0.913681 1 0.908954 0.0547526 
0.817443 1 0.913662 1 0.908944 0.0461381 
0.818816 1 0.913639 1 0.908933 0.0377935 
0.820151 1 0.913612 1 0.908921 0.029719 
0.821448 1 0.913576 1 0.908907 0.0219123 
0.822718 0 0.913513 1 0.908895 0.0143726 
0.823828 0 0.913371 1 0.908848 0.00817014 
0.824786 0 0.913159 1 0.908712 0.0034078 
0.825772 0 0.912749 0 0.908368 0.000143812 
0.826781 0 0.912005 0 0.907692 -0.000364615 
0.826706 1 0.911789 0 0.90725 0.00175235 
0.826713 1 0.911398 0 0.906774 0.00452637 
0.826705 1 0.910937 0 0.906285 0.00787237 
0.826261 0 0.910649 1 0.906113 0.0117116 
0.825497 1 0.910496 1 0.906058 0.0162973 
0.824838 0 0.910297 0 0.906135 0.0200281 
0.824209 0 0.909863 0 0.905995 0.0255916 
0.823604 0 0.909249 0 0.905694 0.0325467 
0.822551 0 0.908863 1 0.905554 0.04051 
0.821533 0 0.908453 1 0.905385 0.0485399 
0.820165 1 0.908328 0 0.905409 0.0566029 
0.818755 1 0.908302 0 0.905503 0.064481 
0.817369 0 0.908307 0 0.905634 0.0721727 
0.816114 0 0.908289 0 0.905518 0.080427 
0.814768 1 0.90827 0 0.905478 0.0890481 
0.813444 1 0.908309 0 0.905452 0.097401 
0.812176 1 0.908351 0 0.905445 0.105485 
0.810973 1 0.908402 0 0.905431 0.113306 
0.809829 1 0.908454 0 0.905422 0.120863 
0.808741 1 0.908503 0 0.905422 0.128158 
0.807706 1 0.908534 0 0.905443 0.135195 
0.806715 1 0.90856 0 0.905482 0.141976 
0.805767 1 0.908584 0 0.905533 0.148505 
0.80486 1 0.90861 0 0.905591 0.154785 
0.803993 1 0.908637 0 0.905655 0.160817 
0.803165 1 0.908665 0 0.905724 0.166607 
0.802375 1 0.908694 0 0.905796 0.17216 
0.801633 1 0.908746 1 0.905831 0.177475 
0.801014 1 0.908806 1 0.905869 0.181895 
0.800536 1 0.908867 1 0.905905 0.185339 
0.800206 1 0.90893 1 0.905936 0.187754 
0.800025 1 0.908993 1 0.905962 0.189101 
0.799991 1 0.909057 1 0.905985 0.18939 
0.800095 1 0.909115 1 0.906016 0.188652 
0.80033 1 0.90917 1 0.906049 0.186929 
0.800689 1 0.909222 1 0.906083 0.184298 
0.801162 1 0.909269 1 0.906119 0.180847 
0.801747 1 0.909312 1 0.906144 0.176659 
0.802439 1 0.909352 1 0.906145 0.171831 
0.803213 1 0.909388 1 0.906146 0.166453 
0.804057 1 0.909422 1 0.906149 0.160605 
0.804961 1 0.909452 1 0.906152 0.154367 
0.805918 1 0.90948 1 0.906155 0.147808 
0.80692 1 0.909505 1 0.906158 0.140994 
0.80796 1 0.909527 1 0.90616 0.133976 
0.809031 1 0.909546 1 0.906161 0.126808 
0.810127 1 0.909562 1 0.906162 0.11953 
0.811243 1 0.909575 1 0.906162 0.112182 
0.812373 1 0.909584 1 0.90616 0.104797 
0.813513 1 0.909591 1 0.906158 0.0974055 
0.814657 1 0.909594 1 0.906155 0.0900346 
0.815802 1 0.909594 1 0.90615 0.0827039 
0.816945 1 0.909591 1 0.906145 0.0754351 
0.81808 1 0.909583 1 0.906139 0.0682467 
0.819214 1 0.909574 1 0.906119 0.0611526 
0.820338 1 0.909559 1 0.906099 0.0541673 
0.821448 1 0.909529 1 0.906083 0.0473027 
0.822545 0 0.909484 1 0.906069 0.0405693 
0.823493 0 0.909379 1 0.905976 0.0352657 
0.824461 0 0.909096 0 0.905686 0.0314237 
0.824819 1 0.908972 0 0.905417 0.0303034 
0.825088 1 0.90877 0 0.905183 0.0300566 
0.825234 1 0.908569 0 0.904955 0.030608 
0.825352 0 0.9083 0 0.904686 0.0318657 
0.824866 1 0.908225 1 0.904524 0.0353471 
0.824435 1 0.908143 1 0.904516 0.0379754 
0.824108 0 0.908072 1 0.904542 0.039807 
0.823712 0 0.907928 1 0.90451 0.0425285 
0.823333 0 0.907695 0 0.904358 0.0460132 
0.822973 0 0.907241 0 0.904011 0.051218 
0.822008 1 0.907107 1 0.903893 0.0577266 
0.821088 1 0.907108 0 0.903823 0.0632755 
0.820182 1 0.907119 0 0.903756 0.0688465 
0.819296 0 0.907139 0 0.903682 0.0744179 
0.818421 0 0.907046 0 0.903476 0.0810519 
0.817361 1 0.906993 0 0.903339 0.0884498 
0.816303 1 0.906954 0 0.903271 0.0956383 
0.815266 1 0.906935 0 0.903233 0.102619 
0.814248 1 0.906936 0 0.903222 0.109392 
0.813248 1 0.906958 0 0.903237 0.115958 
0.812291 1 0.906981 0 0.903257 0.122315 
0.811374 1 0.907013 1 0.903273 0.128467 
0.810588 1 0.907054 1 0.903305 0.133692 
0.80995 1 0.907097 1 0.903342 0.137933 
0.809452 1 0.907158 1 0.903382 0.14115 
0.80908 1 0.907271 1 0.903404 0.143335 
0.808821 1 0.907419 1 0.903432 0.144494 
0.808676 1 0.907601 1 0.903459 0.144668 
0.808642 1 0.907808 1 0.903485 0.143908 
0.808716 0 0.908036 1 0.903507 0.142289 
0.808723 0 0.908205 1 0.903491 0.141553 
0.808641 0 0.908341 1 0.903466 0.141597 
0.808474 0 0.908445 1 0.903443 0.142328 
0.808232 0 0.908523 1 0.903422 0.143655 
0.807929 0 0.908578 1 0.903393 0.145499 
0.807575 0 0.908607 1 0.903367 0.147789 
0.807175 0 0.908613 1 0.903348 0.150459 
0.806735 0 0.908599 1 0.903336 0.153452 
0.806263 0 0.908569 1 0.903328 0.156718 
0.805767 0 0.908524 1 0.903321 0.160214 
0.805251 0 0.908467 1 0.903315 0.163899 
0.804741 0 0.90839 1 0.903289 0.16774 
0.804236 0 0.908296 0 0.903249 0.171708 
0.803703 0 0.908144 0 0.903144 0.176507 
0.803048 0 0.908017 1 0.903102 0.181916 
0.802379 0 0.907896 1 0.903102 0.187251 
0.801729 0 0.907768 0 0.903108 0.192507 
0.801075 0 0.907611 0 0.903087 0.198172 
0.800418 0 0.907442 0 0.903052 0.204119 
0.799715 0 0.907304 1 0.90305 0.21025 
0.798961 1 0.907235 1 0.903089 0.216212 
0.79827 1 0.907184 1 0.903143 0.221544 
0.79766 1 0.907178 1 0.903183 0.22615 
0.797138 1 0.907213 1 0.903218 0.229921 
0.79671 1 0.907287 1 0.90325 0.232761 
0.796382 1 0.907397 1 0.903282 0.234583 
0.796161 1 0.90754 1 0.903316 0.235338 
0.796053 0 0.907715 1 0.903348 0.234991 
0.795939 0 0.907855 1 0.903346 0.235013 
0.795799 0 0.907977 1 0.903334 0.235362 
0.795631 0 0.908083 1 0.903321 0.236 
0.795438 0 0.908176 1 0.903306 0.236891 
0.795228 0 0.908254 1 0.903286 0.238005 
0.795002 0 0.908319 1 0.903266 0.239314 
0.794761 0 0.908371 1 0.903251 0.240792 
0.794506 0 0.908412 1 0.903239 0.242419 
0.79424 0 0.908443 1 0.90323 0.244172 
0.793967 0 0.908464 1 0.90322 0.246035 
0.793687 0 0.908477 1 0.903211 0.247991 
0.793404 0 0.908482 1 0.903201 0.250025 
0.79313 0 0.908472 0 0.903187 0.252125 
0.792836 0 0.908408 0 0.903113 0.254996 
0.792462 0 0.90836 1 0.903073 0.258452 
0.792075 0 0.908315 1 0.903068 0.261831 
0.791693 0 0.908269 1 0.903075 0.265132 
0.791322 0 0.908222 1 0.903086 0.268353 
0.790964 0 0.908176 1 0.903097 0.271496 
0.79062 0 0.908125 0 0.903123 0.274559 
0.79027 0 0.90804 0 0.903122 0.278056 
0.789916 0 0.907937 0 0.903103 0.281874 
0.789526 0 0.907864 1 0.903095 0.285926 
0.789137 0 0.907795 1 0.903111 0.28983 
0.788761 0 0.907727 1 0.903138 0.29359 
0.788402 0 0.907661 1 0.903167 0.297206 
0.788061 0 0.907597 1 0.903197 0.300684 
0.787737 0 0.907535 1 0.903226 0.304023 
0.787398 1 0.90751 1 0.903261 0.307229 
0.78711 1 0.907505 1 0.90331 0.309718 
0.786893 1 0.90754 1 0.903354 0.311369 
0.786754 1 0.907616 1 0.903392 0.312062 
0.786699 1 0.90773 1 0.903428 0.311691 
0.786734 1 0.90788 1 0.903466 0.310193 
0.786865 0 0.908064 1 0.903501 0.307535 
0.786996 0 0.908215 1 0.903504 0.305248 
0.78711 0 0.908347 1 0.903496 0.303297 
0.787201 0 0.908465 1 0.903484 0.301652 
0.787271 0 0.90857 1 0.903471 0.300287 
0.787326 0 0.908658 1 0.903453 0.299177 
0.787367 0 0.908734 1 0.903435 0.298299 
0.787392 0 0.908796 1 0.903422 0.297631 
0.787401 0 0.908846 1 0.903414 0.297154 
0.787399 0 0.908884 1 0.903408 0.296849 
0.787385 0 0.908912 1 0.903402 0.296702 
0.787362 0 0.908929 1 0.903397 0.296696 
0.787332 0 0.908937 1 0.903392 0.296818 
0.787295 0 0.908935 1 0.903388 0.297055 
0.787253 0 0.908925 1 0.903385 0.297395 
0.787207 0 0.908905 1 0.903382 0.297828 
0.787159 0 0.90888 1 0.903377 0.298344 
0.787118 0 0.90884 0 0.903369 0.298934 
0.787057 0 0.908743 0 0.9033 0.300352 
0.786921 0 0.908657 1 0.903269 0.302412 
0.78677 0 0.908576 1 0.903271 0.304411 
0.786621 0 0.908494 1 0.903285 0.306347 
0.786478 0 0.908411 1 0.903303 0.308222 
0.786345 0 0.908328 1 0.903322 0.310035 
0.786223 0 0.90824 0 0.903356 0.311788 
0.786093 0 0.908114 0 0.903358 0.31405 
0.785924 0 0.907997 1 0.903366 0.316702 
0.785757 0 0.907887 1 0.903389 0.319236 
0.785547 1 0.907832 1 0.903431 0.321652 
0.785385 1 0.907803 1 0.903487 0.323273 
0.785294 1 0.907824 1 0.903532 0.323967 
0.78528 1 0.90789 1 0.903571 0.323625 
0.785348 1 0.907997 1 0.903609 0.322164 
0.785505 1 0.90814 1 0.903648 0.319537 
0.785758 0 0.908317 1 0.903683 0.315758 
0.786007 0 0.908456 1 0.903684 0.312443 
0.786234 0 0.908575 1 0.903673 0.309555 
0.786434 0 0.908676 1 0.903658 0.307057 
0.786608 0 0.908762 1 0.903643 0.304916 
0.786757 0 0.908834 1 0.903629 0.303098 
0.786892 0 0.908885 1 0.903605 0.301575 
0.78701 0 0.908921 1 0.903586 0.300321 
0.787108 0 0.908942 1 0.903576 0.299311 
0.787188 0 0.90895 1 0.90357 0.298524 
0.787253 0 0.908946 1 0.903564 0.297938 
0.787306 0 0.908931 1 0.903559 0.297534 
0.787348 0 0.908905 1 0.903554 0.297296 
0.787381 0 0.908869 1 0.903548 0.297207 
0.78742 0 0.908814 0 0.903533 0.297253 
0.787435 0 0.908696 0 0.903445 0.298251 
0.787361 0 0.908592 1 0.903402 0.299991 
0.787265 0 0.908491 1 0.903402 0.301697 
0.787167 0 0.908386 1 0.903417 0.303367 
0.787072 0 0.90828 1 0.903437 0.304999 
0.786985 0 0.908173 1 0.903458 0.306593 
0.786908 0 0.90806 0 0.903491 0.308148 
0.786733 1 0.907997 0 0.903553 0.310271 
0.786567 1 0.907916 0 0.903673 0.312147 
0.786426 0 0.907848 0 0.90382 0.313774 
0.786282 0 0.907745 0 0.903922 0.315924 
0.786131 0 0.907621 0 0.903996 0.318478 
0.785875 0 0.907565 0 0.903926 0.321338 
0.78555 1 0.90755 0 0.903954 0.324428 
0.785214 1 0.907591 1 0.903979 0.327275 
0.784947 1 0.907647 1 0.904006 0.329442 
0.784778 1 0.907704 1 0.904033 0.330797 
0.784721 1 0.90776 1 0.904058 0.331213 
0.784786 1 0.907818 1 0.904079 0.330573 
0.784979 1 0.907876 1 0.904099 0.328801 
0.785302 1 0.907933 1 0.904119 0.32586 
0.785758 1 0.907988 1 0.904137 0.321759 
0.786342 1 0.908039 1 0.904153 0.316546 
0.787059 1 0.908085 1 0.904148 0.310306 
0.787882 1 0.908127 1 0.904145 0.303154 
0.788804 1 0.908167 1 0.904145 0.295207 
0.789818 1 0.908204 1 0.904145 0.286586 
0.790915 1 0.908237 1 0.904144 0.277404 
0.792087 1 0.908267 1 0.904141 0.267765 
0.793325 1 0.908294 1 0.904136 0.257772 
0.79462 1 0.908317 1 0.904129 0.247506 
0.795964 1 0.908336 1 0.904121 0.237046 
0.797348 1 0.908353 1 0.904112 0.226454 
0.798766 1 0.908366 1 0.904102 0.215781 
0.800211 1 0.908377 1 0.904091 0.20508 
0.801676 1 0.908384 1 0.90408 0.194391 
0.803156 1 0.908388 1 0.904069 0.183747 
0.804646 1 0.908389 1 0.904056 0.17318 
0.806141 1 0.908386 1 0.904044 0.162714 
0.807636 1 0.90838 1 0.90403 0.152371 
0.809127 1 0.908371 1 0.904017 0.142171 
0.810612 1 0.908353 1 0.904006 0.132128 
0.812092 0 0.908325 1 0.903992 0.122256 
0.813451 0 0.908249 1 0.903924 0.113687 
0.8148 0 0.908028 0 0.903702 0.106487 
0.815732 1 0.90791 0 0.903418 0.101875 
0.81645 1 0.907844 0 0.903192 0.0981999 
0.817144 0 0.90762 0 0.902981 0.0953991 
0.817396 0 0.907447 1 0.902803 0.0950788 
0.817451 0 0.907241 1 0.902722 0.0956789 
0.817371 0 0.90698 1 0.902692 0.0970879 
0.817062 1 0.906918 1 0.902607 0.099206 
0.816806 1 0.906946 0 0.902562 0.100394 
0.816543 1 0.906942 0 0.902501 0.101949 
0.816284 1 0.906906 0 0.902418 0.103825 
0.816053 0 0.90682 0 0.902306 0.105974 
0.815563 1 0.90677 0 0.902176 0.109756 
0.81507 1 0.906682 0 0.902102 0.113583 
0.814573 0 0.906604 0 0.902036 0.117438 
0.814044 0 0.906417 0 0.901865 0.122478 
0.813265 1 0.906359 0 0.901758 0.128396 
0.812445 1 0.906398 0 0.901673 0.134124 
0.811654 1 0.906402 0 0.901641 0.139664 
0.810857 1 0.906438 0 0.901648 0.145017 
0.810075 0 0.906484 0 0.901684 0.150183 
0.809259 0 0.906553 1 0.901615 0.156023 
0.80845 0 0.906569 1 0.901607 0.161805 
0.807642 1 0.90657 1 0.901629 0.167519 
0.806919 1 0.906645 1 0.901652 0.172354 
0.806298 1 0.906753 1 0.901692 0.176228 
0.805804 1 0.906882 1 0.901727 0.179078 
0.805429 1 0.907034 1 0.901768 0.180873 
0.805177 0 0.907213 1 0.901809 0.1816 
0.804911 0 0.907352 1 0.901814 0.18276 
0.804611 0 0.907471 1 0.901809 0.184296 
0.804277 0 0.907574 1 0.9018 0.18616 
0.803912 0 0.907663 1 0.901789 0.188304 
0.803522 0 0.907739 1 0.901779 0.19069 
0.803119 0 0.907799 1 0.901756 0.193279 
0.802699 0 0.907845 1 0.901739 0.196043 
0.802262 0 0.907881 1 0.90173 0.198954 
0.801813 0 0.907906 1 0.901725 0.201985 
0.801357 0 0.907924 1 0.901718 0.205115 
0.800896 0 0.907934 1 0.901711 0.208325 
0.800434 0 0.907936 1 0.901703 0.211596 
0.799982 0 0.907923 1 0.901692 0.214915 
0.799541 0 0.907897 0 0.901678 0.218267 
0.799081 0 0.90782 0 0.901611 0.222307 
0.798539 0 0.907766 1 0.901575 0.226856 
0.79799 0 0.907717 1 0.901569 0.231304 
0.797452 0 0.907668 1 0.901573 0.235652 
0.796933 0 0.907615 1 0.901591 0.239898 
0.796433 0 0.907557 0 0.901621 0.244041 
0.79593 0 0.90747 0 0.901631 0.248549 
0.795426 0 0.907368 0 0.901627 0.253316 
0.794923 0 0.907256 0 0.901616 0.258261 
0.794383 0 0.90718 1 0.901616 0.263323 
0.793854 0 0.907113 1 0.901631 0.268216 
0.793345 0 0.907048 1 0.901652 0.272943 
0.792858 0 0.906986 1 0.901674 0.277508 
0.792393 0 0.906926 1 0.901697 0.281912 
0.791949 0 0.906869 1 0.901719 0.286158 
0.791526 0 0.906813 1 0.901741 0.290248 
0.791123 0 0.90676 1 0.901763 0.294185 
0.790704 0 0.906745 1 0.90175 0.297971 
0.790275 0 0.906762 1 0.901743 0.301608 
0.789864 1 0.906772 1 0.901751 0.305099 
0.789465 1 0.906837 1 0.901823 0.307926 
0.789094 0 0.906949 0 0.901969 0.309961 
0.788713 0 0.907025 0 0.902085 0.312452 
0.788323 0 0.907083 0 0.902175 0.315291 
0.787926 0 0.90713 0 0.902245 0.318392 
0.787524 0 0.907169 0 0.902301 0.321688 
0.787119 0 0.907205 0 0.902347 0.325124 
0.786711 0 0.907239 0 0.902389 0.328657 
0.7863 0 0.907275 0 0.902429 0.332254 
0.785888 0 0.907312 0 0.90247 0.335886 
0.785475 0 0.907352 0 0.902515 0.339532 
0.785087 1 0.907367 0 0.902555 0.343174 
0.78472 1 0.907382 0 0.9026 0.346638 
0.784375 1 0.907415 1 0.902626 0.349918 
0.784075 1 0.907455 1 0.902649 0.3528 
0.78383 1 0.907499 1 0.902669 0.355182 
0.783647 1 0.90754 1 0.902698 0.356946 
0.783553 1 0.907583 1 0.902708 0.357948 
0.783498 1 0.907685 1 0.902724 0.358051 
0.783485 1 0.907825 1 0.902758 0.35713 
0.783532 1 0.908005 1 0.902801 0.355079 
0.783655 1 0.908219 1 0.90285 0.351835 
0.783863 0 0.908467 1 0.9029 0.347398 
0.784075 0 0.908682 1 0.902917 0.343371 
0.784275 0 0.90888 1 0.902919 0.339728 
0.784458 0 0.909063 1 0.902916 0.336441 
0.784621 0 0.909235 1 0.902911 0.333483 
0.784772 0 0.909391 1 0.9029 0.330828 
0.78491 0 0.909534 1 0.902888 0.328454 
0.785032 0 0.909663 1 0.902881 0.326341 
0.78514 0 0.90978 1 0.902879 0.324466 
0.785233 0 0.909885 1 0.902878 0.322814 
0.785315 0 0.909979 1 0.902878 0.321365 
0.785386 0 0.910062 1 0.902879 0.320105 
0.785448 0 0.910134 1 0.902881 0.31902 
0.785501 0 0.910196 1 0.902883 0.318093 
0.785546 0 0.910248 1 0.902886 0.317314 
0.785585 0 0.910291 1 0.902889 0.316669 
0.785619 0 0.910324 1 0.902893 0.316149 
0.785647 0 0.910348 1 0.902898 0.315743 
0.785671 0 0.910363 1 0.902902 0.315441 
0.785692 0 0.910371 1 0.902907 0.315236 
0.78571 0 0.910371 1 0.902912 0.315118 
0.785726 0 0.910363 1 0.902918 0.315079 
0.78574 0 0.910348 1 0.902923 0.315113 
0.785752 0 0.910326 1 0.902928 0.315213 
0.785764 0 0.910297 1 0.902933 0.315373 
0.785776 0 0.910261 1 0.902939 0.315587 
0.785788 0 0.91022 1 0.902944 0.31585 
0.785801 0 0.910172 1 0.902949 0.316158 
0.785814 0 0.910118 1 0.902954 0.316503 
0.785829 0 0.910059 1 0.902959 0.316885 
0.785853 0 0.909989 1 0.902966 0.317297 
0.785887 0 0.909907 0 0.902974 0.317736 
0.785905 0 0.909771 0 0.902926 0.318924 
0.785855 0 0.909647 1 0.902901 0.320701 
0.785797 0 0.90953 1 0.902903 0.322395 
0.785683 1 0.909476 1 0.902927 0.324009 
0.785612 1 0.909446 0 0.903052 0.324699 
0.785571 0 0.909411 0 0.903203 0.325162 
0.785523 0 0.909322 0 0.903298 0.326327 
0.785464 0 0.909201 0 0.903348 0.328043 
0.785395 0 0.909058 0 0.903365 0.330187 
0.785319 0 0.908898 0 0.903359 0.33266 
0.785242 0 0.908725 0 0.903338 0.335384 
0.785166 0 0.90854 0 0.90331 0.338295 
0.785094 0 0.908345 0 0.90328 0.341345 
0.784946 0 0.908213 1 0.903276 0.344492 
0.784795 0 0.908092 1 0.90329 0.347496 
0.784577 0 0.908052 1 0.903215 0.350357 
0.784322 0 0.908069 1 0.903139 0.353076 
0.784052 1 0.908086 1 0.903142 0.355656 
0.783823 1 0.908115 1 0.903159 0.357672 
0.783637 1 0.908182 1 0.903188 0.358995 
0.783509 1 0.908271 1 0.903214 0.35948 
0.783439 1 0.908391 1 0.903248 0.358995 
0.783437 0 0.908542 1 0.903291 0.357423 
0.783447 0 0.908674 1 0.903313 0.355941 
0.783461 0 0.908798 1 0.903326 0.354542 
0.783474 0 0.908916 1 0.903333 0.353226 
0.78349 0 0.909023 1 0.903332 0.351988 
0.783508 0 0.909126 1 0.903329 0.350825 
0.783523 0 0.909223 1 0.903329 0.349735 
0.783536 0 0.909315 1 0.90333 0.348714 
0.783547 0 0.9094 1 0.903331 0.347759 
0.783558 0 0.90948 1 0.903332 0.346866 
