0.423219 0 0.537531 0 0.53753 0.500001 
0.42362 0 0.538743 0 0.538537 0.498856 
0.42421 0 0.540269 0 0.539794 0.497134 
0.42512 0 0.542136 0 0.541538 0.494683 
0.426202 0 0.544259 0 0.543601 0.491405 
0.427314 0 0.546568 0 0.545872 0.487278 
0.428324 0 0.548914 0 0.548317 0.482342 
0.429321 0 0.551507 0 0.551015 0.476626 
0.43032 0 0.5544 0 0.55401 0.470102 
0.431368 0 0.557651 0 0.557345 0.462674 
0.43246 0 0.561233 0 0.561008 0.454194 
0.433596 0 0.565096 0 0.56496 0.444508 
0.43476 0 0.569166 0 0.569135 0.433501 
0.435932 0 0.573353 0 0.573455 0.421139 
0.437104 0 0.577579 0 0.577847 0.407486 
0.437945 0 0.581673 0 0.581752 0.392692 
0.43859 0 0.585549 0 0.585383 0.376968 
0.439116 0 0.589177 0 0.588802 0.360546 
0.439652 0 0.592644 0 0.592056 0.343649 
0.4402 0 0.595917 0 0.595103 0.326475 
0.440847 0 0.598958 0 0.598086 0.309188 
0.441516 0 0.601723 0 0.600877 0.291915 
0.442189 0 0.604203 0 0.603437 0.274756 
0.442785 0 0.606429 0 0.605558 0.257781 
0.443332 0 0.608347 0 0.607346 0.241043 
0.443798 0 0.609895 0 0.608819 0.22458 
0.444268 0 0.611187 0 0.610024 0.208418 
0.444651 0 0.612115 0 0.610946 0.192572 
0.445075 0 0.612855 0 0.611629 0.177055 
0.445482 0 0.613344 0 0.612086 0.161871 
0.445905 0 0.613637 0 0.612337 0.147024 
0.446322 0 0.613719 0 0.612394 0.132513 
0.446744 0 0.613622 0 0.61227 0.118338 
0.447159 0 0.613344 0 0.611977 0.104494 
0.447564 0 0.612896 0 0.611527 0.0909771 
0.447964 0 0.612301 0 0.610936 0.0777829 
0.448356 0 0.611571 0 0.610215 0.0649059 
0.448734 0 0.610711 0 0.609373 0.05234 
0.449098 0 0.609734 0 0.608423 0.0400795 
0.449455 0 0.608663 0 0.607379 0.0281182 
0.449804 0 0.607507 0 0.606252 0.0164497 
0.450138 0 0.606269 0 0.605047 0.00506782 
0.450459 0 0.60496 0 0.603776 -0.00603373 
0.450773 0 0.603597 0 0.60245 -0.0168613 
0.451079 0 0.602188 0 0.601078 -0.027421 
0.45137 0 0.600731 0 0.599661 -0.0377188 
0.451646 0 0.599234 0 0.598208 -0.0477609 
0.451916 0 0.597713 0 0.596729 -0.0575532 
0.452176 0 0.59617 0 0.595227 -0.0671013 
0.452421 0 0.594603 0 0.593702 -0.0764108 
0.45265 0 0.593016 0 0.59216 -0.0854874 
0.45287 0 0.591421 0 0.590608 -0.0943363 
0.453078 0 0.58982 0 0.589047 -0.102963 
0.453268 0 0.588206 0 0.587475 -0.111372 
0.45344 0 0.586582 0 0.585895 -0.119568 
0.453598 0 0.584957 0 0.584311 -0.127557 
0.453741 0 0.58333 0 0.582722 -0.135342 
0.453859 0 0.581692 0 0.581125 -0.142927 
0.453952 0 0.580044 0 0.579518 -0.150318 
0.454024 0 0.578392 0 0.577905 -0.157516 
0.45407 0 0.576732 0 0.576283 -0.164526 
0.454081 0 0.575055 0 0.574644 -0.17135 
0.454054 0 0.573358 0 0.572988 -0.17799 
0.453992 0 0.571647 0 0.571316 -0.184448 
0.453889 0 0.56992 0 0.569626 -0.190724 
0.453736 0 0.568167 0 0.567913 -0.19682 
0.45353 0 0.566393 0 0.566179 -0.202733 
0.453279 0 0.564608 0 0.564433 -0.208461 
0.452981 0 0.562818 0 0.562679 -0.214002 
0.452634 0 0.561024 0 0.560924 -0.219351 
0.452244 0 0.559238 0 0.559177 -0.224504 
0.451824 0 0.55748 0 0.557457 -0.229455 
0.451382 0 0.55576 0 0.555773 -0.234198 
0.450917 0 0.55408 0 0.554134 -0.238725 
0.450437 0 0.552449 0 0.552549 -0.24303 
0.449957 0 0.550884 0 0.551032 -0.247107 
0.449478 0 0.549389 0 0.549588 -0.250948 
0.448999 0 0.547958 0 0.548215 -0.254547 
0.448521 0 0.546596 0 0.546918 -0.257901 
0.448053 0 0.545311 0 0.545699 -0.261004 
0.447595 0 0.544102 0 0.544558 -0.263854 
0.44714 0 0.542963 0 0.543489 -0.266449 
0.44669 0 0.541894 0 0.542493 -0.268784 
0.446257 0 0.54091 0 0.541579 -0.270858 
0.445913 0 0.54006 0 0.54077 -0.272667 
0.44562 0 0.539327 0 0.540071 -0.274209 
0.445357 0 0.538694 0 0.539466 -0.275481 
0.445117 0 0.53815 0 0.538946 -0.276481 
0.444889 0 0.537685 0 0.538502 -0.277208 
0.444664 0 0.537287 0 0.538126 -0.277663 
0.44444 0 0.536953 0 0.537819 -0.277845 
0.444225 0 0.536693 0 0.537583 -0.277756 
0.444016 0 0.536502 0 0.537416 -0.277399 
0.443806 0 0.536373 0 0.537314 -0.276776 
0.443598 0 0.536306 0 0.537277 -0.275891 
0.443397 0 0.536307 0 0.537308 -0.274748 
0.443203 0 0.536376 0 0.537406 -0.27335 
0.443009 0 0.536504 0 0.537565 -0.271701 
0.442816 0 0.536691 0 0.537787 -0.269801 
0.442631 0 0.536947 0 0.538076 -0.267649 
0.442453 0 0.537271 0 0.538433 -0.265242 
0.442276 0 0.537658 0 0.538856 -0.262569 
0.4421 0 0.538113 0 0.53935 -0.259613 
0.441933 0 0.538651 0 0.539926 -0.256349 
0.441774 0 0.539279 0 0.540592 -0.252741 
0.441615 0 0.540001 0 0.541354 -0.248743 
0.441459 0 0.54083 0 0.542228 -0.244298 
0.441312 0 0.541792 0 0.543234 -0.239342 
0.441173 0 0.5429 0 0.544386 -0.233806 
0.441036 0 0.544166 0 0.545699 -0.227623 
0.440902 0 0.545603 0 0.547186 -0.220738 
0.440778 0 0.547232 0 0.548865 -0.21311 
0.440662 0 0.549056 0 0.550739 -0.204722 
0.440549 0 0.55107 0 0.552804 -0.195586 
0.44044 0 0.553267 0 0.555055 -0.185735 
0.440343 0 0.555644 0 0.557483 -0.175229 
0.440255 0 0.558184 0 0.560071 -0.164144 
0.440171 0 0.560858 0 0.562795 -0.152565 
0.440093 0 0.563648 0 0.565633 -0.140585 
0.440028 0 0.566538 0 0.568568 -0.128294 
0.439975 0 0.569507 0 0.571576 -0.115776 
0.439927 0 0.572526 0 0.574633 -0.103109 
0.439887 0 0.575579 0 0.577721 -0.0903628 
0.439862 0 0.578658 0 0.580827 -0.0775964 
0.43985 0 0.581745 0 0.583935 -0.0648607 
0.439846 0 0.584822 0 0.587028 -0.0521981 
0.43985 0 0.587878 0 0.590096 -0.0396437 
0.43987 0 0.590913 0 0.593135 -0.027226 
0.439904 0 0.593917 0 0.596134 -0.0149682 
0.439946 0 0.596877 0 0.599085 -0.00288851 
0.439995 0 0.599788 0 0.601983 0.00899874 
0.44006 0 0.602653 0 0.604827 0.0206827 
0.440137 0 0.605469 0 0.607614 0.0321548 
0.44022 0 0.608223 0 0.610337 0.0434091 
0.440309 0 0.610915 0 0.612995 0.0544417 
0.44041 0 0.613551 0 0.615592 0.0652497 
0.440523 0 0.616128 0 0.618125 0.0758321 
0.440638 0 0.618638 0 0.62059 0.0861886 
0.440757 0 0.621081 0 0.622989 0.0963196 
0.440885 0 0.623464 0 0.625325 0.106227 
0.441022 0 0.625787 0 0.627598 0.115911 
0.441159 0 0.628041 0 0.629806 0.125376 
0.441297 0 0.630228 0 0.631951 0.134624 
0.441444 0 0.632356 0 0.634037 0.143657 
0.441595 0 0.634425 0 0.636063 0.152479 
0.441746 0 0.636429 0 0.63803 0.161094 
0.441896 0 0.638367 0 0.639938 0.169504 
0.442052 0 0.64025 0 0.641793 0.177714 
0.442212 0 0.642078 0 0.643595 0.185727 
0.44237 0 0.643844 0 0.645343 0.193546 
0.442527 0 0.645549 0 0.647039 0.201176 
0.442689 0 0.647204 0 0.648688 0.208621 
0.442854 0 0.648809 0 0.650291 0.215883 
0.443016 0 0.650356 0 0.651846 0.222967 
0.443177 0 0.651848 0 0.653356 0.229877 
0.443342 0 0.653295 0 0.654826 0.236615 
0.443511 0 0.654697 0 0.656256 0.243186 
0.443678 0 0.656047 0 0.657645 0.249593 
0.443842 0 0.657347 0 0.658995 0.25584 
0.444012 0 0.658608 0 0.660312 0.26193 
0.444186 0 0.659829 0 0.661595 0.267866 
0.444357 0 0.661003 0 0.662844 0.273652 
0.444527 0 0.662132 0 0.66406 0.279292 
0.444704 0 0.663228 0 0.665248 0.284787 
0.444886 0 0.664289 0 0.66641 0.290142 
0.445066 0 0.665309 0 0.667543 0.29536 
0.445247 0 0.666289 0 0.66865 0.300444 
0.445436 0 0.667241 0 0.669735 0.305396 
0.445631 0 0.668164 0 0.6708 0.31022 
0.445828 0 0.669051 0 0.671843 0.314919 
0.446027 0 0.669904 0 0.672867 0.319496 
0.446236 0 0.670733 0 0.673876 0.323955 
0.446455 0 0.671539 0 0.674871 0.328297 
0.446678 0 0.672315 0 0.675851 0.332527 
0.446908 0 0.673064 0 0.67682 0.336648 
0.447152 0 0.673794 0 0.677782 0.340664 
0.447411 0 0.674508 0 0.678739 0.344577 
0.447679 0 0.675199 0 0.679691 0.348392 
0.44796 0 0.675868 0 0.68064 0.352112 
0.448262 0 0.676528 0 0.681594 0.355741 
0.448587 0 0.677179 0 0.682554 0.359284 
0.44893 0 0.677815 0 0.683521 0.362744 
0.449296 0 0.67844 0 0.6845 0.366126 
0.449694 0 0.679066 0 0.685498 0.369435 
0.450128 0 0.679694 0 0.686518 0.372674 
0.450592 0 0.680318 0 0.687562 0.375848 
0.451094 0 0.680944 0 0.688635 0.378959 
0.451643 0 0.681583 0 0.689745 0.382011 
0.452241 0 0.682238 0 0.690894 0.385007 
0.452885 0 0.682903 0 0.692082 0.387948 
0.453576 0 0.683582 0 0.693312 0.390835 
0.454324 0 0.684285 0 0.694588 0.393668 
0.455125 0 0.685012 0 0.695906 0.396448 
0.45597 0 0.685756 0 0.697261 0.399172 
0.456856 0 0.686515 0 0.698649 0.401842 
0.457787 0 0.687298 0 0.700068 0.404455 
0.458755 0 0.6881 0 0.701511 0.407011 
0.459747 0 0.688911 0 0.702968 0.40951 
0.46076 0 0.689727 0 0.704437 0.411952 
0.461796 0 0.690555 0 0.705914 0.414337 
0.462849 0 0.691391 0 0.707395 0.416665 
0.463907 0 0.692222 0 0.708873 0.418938 
0.464969 0 0.693046 0 0.710345 0.421155 
0.466039 0 0.693871 0 0.711815 0.423318 
0.467112 0 0.694693 0 0.713278 0.425429 
0.46818 0 0.695501 0 0.71473 0.427487 
0.469242 0 0.696295 0 0.716171 0.429494 
0.470304 0 0.697081 0 0.717604 0.431452 
0.471364 0 0.697858 0 0.719027 0.433361 
0.472412 0 0.698615 0 0.720438 0.435222 
0.473451 0 0.699351 0 0.721835 0.437037 
0.474485 0 0.700076 0 0.723225 0.438807 
0.475513 0 0.700787 0 0.724604 0.440533 
0.476528 0 0.701473 0 0.72597 0.442216 
0.47753 0 0.702136 0 0.727324 0.443856 
0.478527 0 0.702783 0 0.728671 0.445456 
0.479516 0 0.703414 0 0.730008 0.447016 
0.480491 0 0.704017 0 0.731334 0.448537 
0.481452 0 0.704593 0 0.732648 0.450019 
0.482406 0 0.705151 0 0.733956 0.451465 
0.483353 0 0.705689 0 0.735257 0.452875 
0.484285 0 0.706198 0 0.736546 0.454249 
0.485203 0 0.706677 0 0.737826 0.455589 
0.486115 0 0.707137 0 0.739101 0.456896 
0.487018 0 0.707574 0 0.74037 0.458169 
0.487907 0 0.70798 0 0.741629 0.459411 
0.488782 0 0.708354 0 0.74288 0.460622 
0.489651 0 0.708706 0 0.744127 0.461803 
0.490512 0 0.709034 0 0.745369 0.462954 
0.491358 0 0.709328 0 0.746602 0.464077 
0.492191 0 0.709588 0 0.747829 0.465171 
0.493018 0 0.709824 0 0.749052 0.466238 
0.493837 0 0.710034 0 0.750271 0.467278 
0.494642 0 0.710208 0 0.751483 0.468293 
0.495434 0 0.710346 0 0.752688 0.469282 
0.49622 0 0.710458 0 0.753891 0.470246 
0.496999 0 0.710541 0 0.75509 0.471186 
0.497764 0 0.710586 0 0.756282 0.472103 
0.498516 0 0.710593 0 0.757468 0.472996 
0.499262 0 0.710571 0 0.758652 0.473868 
0.500001 0 0.710518 0 0.759833 0.474717 
0.500726 0 0.710424 0 0.761006 0.475546 
0.501438 0 0.71029 0 0.762173 0.476353 
0.502145 0 0.710124 0 0.763339 0.477141 
0.502844 0 0.709925 0 0.7645 0.477909 
0.50353 0 0.709682 0 0.765655 0.478657 
0.504202 0 0.709397 0 0.766802 0.479387 
0.504868 0 0.709077 0 0.767947 0.480099 
0.505528 0 0.708721 0 0.769087 0.480792 
0.506173 0 0.708319 0 0.770219 0.481469 
0.506804 0 0.707871 0 0.771344 0.482128 
0.507089 0 0.707723 0 0.771906 0.482772 
0.507169 0 0.707677 0 0.772153 0.483399 
0.507165 0 0.707639 0 0.772258 0.48401 
0.507192 0 0.707609 0 0.772398 0.484606 
0.507246 0 0.707593 0 0.772563 0.485187 
0.507322 0 0.707581 0 0.772751 0.485754 
0.507411 0 0.707558 0 0.772959 0.486307 
0.507513 0 0.707521 0 0.773188 0.486845 
0.507636 0 0.70748 0 0.773442 0.48737 
0.507776 0 0.707434 0 0.773719 0.487882 
0.507927 0 0.707373 0 0.774014 0.488382 
0.508088 0 0.707298 0 0.774329 0.488868 
0.508269 0 0.707218 0 0.774668 0.489343 
0.508467 0 0.707133 0 0.77503 0.489806 
0.508675 0 0.707032 0 0.77541 0.490257 
0.508895 0 0.706918 0 0.77581 0.490697 
0.509134 0 0.706799 0 0.776235 0.491125 
0.50939 0 0.706675 0 0.776681 0.491544 
0.509658 0 0.706536 0 0.777146 0.491951 
0.509938 0 0.706384 0 0.77763 0.492349 
0.510237 0 0.706227 0 0.778137 0.492736 
0.510519 0 0.706311 0 0.778505 0.493114 
0.510786 0 0.706518 0 0.778789 0.493483 
0.511062 0 0.706786 0 0.779047 0.493842 
0.511366 0 0.70709 0 0.779317 0.494192 
0.511677 0 0.70739 0 0.779596 0.494533 
0.51202 0 0.707722 0 0.779902 0.494866 
0.512394 0 0.70808 0 0.780237 0.495191 
0.512801 0 0.708475 0 0.780599 0.495508 
0.51324 0 0.708912 0 0.780984 0.495816 
0.513702 0 0.70938 0 0.781386 0.496117 
0.514186 0 0.70988 0 0.781806 0.49641 
0.5147 0 0.710421 0 0.78225 0.496696 
0.515241 0 0.711003 0 0.782715 0.496975 
0.515803 0 0.711618 0 0.783199 0.497247 
0.516385 0 0.712269 0 0.783704 0.497512 
0.516994 0 0.712967 0 0.784236 0.497771 
0.517627 0 0.713715 0 0.784794 0.498023 
0.518276 0 0.714508 0 0.785377 0.498268 
0.518942 0 0.715353 0 0.785991 0.498508 
0.51963 0 0.716264 0 0.786643 0.498742 
0.52034 0 0.717249 0 0.787338 0.498969 
0.520857 0 0.718273 0 0.787826 0.499192 
0.521288 0 0.719293 0 0.788287 0.499408 
0.521698 0 0.720347 0 0.788785 0.499619 
0.522231 0 0.721456 0 0.789534 0.499825 
0.522651 0 0.722422 0 0.790308 0.500026 
0.523308 0 0.72385 0 0.791224 0.500221 
0.524025 0 0.725249 0 0.792331 0.500412 
0.524782 0 0.726727 0 0.793528 0.500598 
0.52561 0 0.728438 0 0.794722 0.500779 
0.526474 0 0.73029 0 0.795939 0.500956 
0.527356 0 0.732249 0 0.797161 0.501128 
0.528449 0 0.734404 0 0.79859 0.501296 
0.529339 0 0.736461 0 0.7998 0.50146 
0.530439 0 0.738676 0 0.801211 0.50162 
0.531543 0 0.740882 0 0.802624 0.501776 
0.53265 0 0.743072 0 0.804031 0.501927 
0.533754 0 0.745228 0 0.805425 0.502076 
0.534856 0 0.747347 0 0.806801 0.50222 
0.535867 0 0.74931 0 0.80811 0.502361 
0.537034 0 0.751452 0 0.809434 0.502498 
0.538229 0 0.753457 0 0.810826 0.502632 
0.53945 0 0.755368 0 0.812234 0.502762 
0.540779 0 0.757292 0 0.813692 0.50289 
0.542036 0 0.759104 0 0.815038 0.503014 
0.543291 0 0.760843 0 0.816333 0.503135 
0.544544 0 0.762507 0 0.817574 0.503252 
0.545805 0 0.764103 0 0.818765 0.503367 
0.547131 0 0.765647 0 0.819959 0.503479 
0.548456 0 0.767103 0 0.82109 0.503589 
0.549781 0 0.768466 0 0.822154 0.503695 
0.551113 0 0.769742 0 0.823151 0.503799 
0.552451 0 0.770924 0 0.824074 0.5039 
0.553788 0 0.771996 0 0.824914 0.503999 
0.555127 0 0.772952 0 0.825665 0.504095 
0.556483 0 0.773784 0 0.82636 0.504189 
0.557819 0 0.774387 0 0.826985 0.504281 
0.559131 0 0.774811 0 0.827494 0.50437 
0.560428 0 0.775079 0 0.827883 0.504457 
0.561723 0 0.775212 0 0.828166 0.504542 
0.56302 0 0.775216 0 0.828355 0.504624 
0.564314 0 0.775093 0 0.828457 0.504705 
0.565608 0 0.774852 0 0.82848 0.504784 
0.56691 0 0.774516 0 0.828438 0.50486 
0.568218 0 0.774097 0 0.828338 0.504935 
0.569525 0 0.773601 0 0.828192 0.505008 
0.570835 0 0.773046 0 0.828015 0.505079 
0.572156 0 0.772455 0 0.827827 0.505148 
0.573487 0 0.771844 0 0.827641 0.505216 
0.574821 0 0.771218 0 0.82747 0.505281 
0.576161 0 0.770593 0 0.827327 0.505346 
0.577514 0 0.76999 0 0.827229 0.505408 
0.578877 0 0.769422 0 0.827183 0.505469 
0.580243 0 0.76889 0 0.827199 0.505529 
0.581613 0 0.768406 0 0.827286 0.505587 
0.582992 0 0.767989 0 0.827454 0.505644 
0.584379 0 0.767647 0 0.827708 0.505699 
0.585764 0 0.767379 0 0.828052 0.505752 
0.587147 0 0.767191 0 0.828492 0.505805 
0.588535 0 0.7671 0 0.829033 0.505856 
0.589923 0 0.767109 0 0.829676 0.505906 
0.591304 0 0.767213 0 0.830418 0.505954 
0.592677 0 0.767413 0 0.831262 0.506002 
0.594047 0 0.767721 0 0.832207 0.506048 
0.595413 0 0.768137 0 0.833249 0.506093 
0.596764 0 0.768649 0 0.834384 0.506137 
0.598102 0 0.769257 0 0.835606 0.50618 
0.599432 0 0.769967 0 0.836913 0.506221 
0.600752 0 0.770774 0 0.838298 0.506262 
0.602054 0 0.771665 0 0.839752 0.506302 
0.603338 0 0.772635 0 0.84127 0.50634 
0.604612 0 0.77369 0 0.842846 0.506378 
0.605873 0 0.774822 0 0.844473 0.506415 
0.607114 0 0.776018 0 0.846141 0.506451 
0.608337 0 0.777271 0 0.847846 0.506486 
0.609548 0 0.778587 0 0.849582 0.50652 
0.610745 0 0.779959 0 0.851342 0.506553 
0.611923 0 0.781372 0 0.853119 0.506585 
0.613082 0 0.782824 0 0.854909 0.506617 
0.614231 0 0.784318 0 0.856708 0.506647 
0.615367 0 0.785849 0 0.858511 0.506677 
0.616484 0 0.787406 0 0.860313 0.506706 
0.617584 0 0.788984 0 0.86211 0.506734 
0.618674 0 0.790591 0 0.863902 0.506762 
0.619753 0 0.792222 0 0.865685 0.506788 
0.620816 0 0.793865 0 0.867454 0.506814 
0.621863 0 0.79552 0 0.869208 0.50684 
0.622902 0 0.797193 0 0.870948 0.506864 
0.623932 0 0.798882 0 0.87267 0.506887 
0.624947 0 0.800576 0 0.874373 0.50691 
0.625948 0 0.802275 0 0.876055 0.506932 
0.626943 0 0.803986 0 0.877717 0.506954 
0.627931 0 0.805707 0 0.879357 0.506974 
0.628905 0 0.80743 0 0.880974 0.506994 
0.629868 0 0.809153 0 0.882568 0.507013 
0.630826 0 0.810886 0 0.884139 0.507031 
0.631779 0 0.812627 0 0.885686 0.507048 
0.632719 0 0.814367 0 0.887208 0.507065 
0.63365 0 0.816106 0 0.888704 0.50708 
0.634577 0 0.817853 0 0.890177 0.507095 
0.635501 0 0.819608 0 0.891623 0.507108 
0.636414 0 0.821361 0 0.893043 0.50712 
0.637019 0 0.822869 0 0.894079 0.507132 
0.637389 0 0.82404 0 0.894871 0.507142 
0.637604 0 0.825025 0 0.895497 0.507151 
0.637729 0 0.825902 0 0.896082 0.507159 
0.637858 0 0.82677 0 0.89667 0.507166 
0.637997 0 0.827636 0 0.897261 0.507172 
0.638146 0 0.828502 0 0.897856 0.507175 
0.638298 0 0.829358 0 0.898455 0.507178 
0.638382 0 0.830857 1 0.898439 0.507179 
0.638464 0 0.832475 1 0.89837 0.507171 
0.638578 0 0.834124 1 0.89838 0.507151 
0.638752 0 0.835737 0 0.898995 0.50711 
0.638779 0 0.837383 1 0.898903 0.507058 
0.638772 0 0.839009 1 0.898706 0.506978 
0.638746 0 0.840558 1 0.898515 0.506852 
0.638681 0 0.842052 1 0.898306 0.506661 
0.638594 0 0.843516 1 0.898143 0.506373 
0.638473 0 0.844922 1 0.897983 0.505946 
0.638354 0 0.846295 1 0.897793 0.505323 
0.63828 0 0.84758 0 0.89759 0.504429 
0.63824 0 0.848818 0 0.897385 0.503551 
0.638224 0 0.850013 1 0.897168 0.502693 
0.638226 0 0.851151 0 0.896925 0.501473 
0.638243 0 0.85226 0 0.896676 0.500295 
0.638275 0 0.853342 0 0.896419 0.499163 
0.638321 0 0.854398 0 0.896154 0.498079 
0.638382 0 0.85543 0 0.895882 0.497044 
0.638456 0 0.856437 0 0.895606 0.496062 
0.638544 0 0.857418 0 0.895326 0.495133 
0.638646 0 0.858375 0 0.895043 0.494258 
0.638728 0 0.85926 0 0.894835 0.493438 
0.638801 0 0.860114 0 0.894637 0.492673 
0.63887 0 0.860934 0 0.894431 0.491962 
0.638935 0 0.861724 0 0.894213 0.491307 
0.638997 0 0.862487 0 0.89399 0.490704 
0.639054 0 0.863224 0 0.893766 0.490154 
0.639108 0 0.863937 0 0.893543 0.489656 
0.639157 0 0.864627 0 0.89332 0.489206 
0.639202 0 0.865295 0 0.893099 0.488805 
0.639242 0 0.865942 0 0.89288 0.488449 
0.639278 0 0.866568 0 0.892664 0.488138 
0.639309 0 0.867174 0 0.892452 0.487868 
0.639336 0 0.867762 0 0.892243 0.487639 
0.639358 0 0.868332 0 0.892039 0.487446 
0.639376 0 0.868885 0 0.89184 0.48729 
0.639389 0 0.869422 0 0.891646 0.487167 
0.639398 0 0.869942 0 0.891458 0.487075 
0.639402 0 0.870448 0 0.891276 0.487012 
0.639401 0 0.870939 0 0.8911 0.486977 
0.639397 0 0.871415 0 0.89093 0.486968 
0.639387 0 0.871878 0 0.890766 0.486982 
0.639373 0 0.872327 0 0.89061 0.487018 
0.639355 0 0.872763 0 0.890459 0.487075 
0.639333 0 0.873187 0 0.890316 0.48715 
0.639305 0 0.873598 0 0.890179 0.487242 
0.639274 0 0.873997 0 0.89005 0.48735 
0.639238 0 0.874384 0 0.889927 0.487472 
0.639198 0 0.87476 0 0.889811 0.487608 
0.639153 0 0.875124 0 0.889703 0.487755 
0.639104 0 0.875477 0 0.889601 0.487913 
0.639051 0 0.875819 0 0.889507 0.488082 
0.638993 0 0.876149 0 0.889419 0.488259 
0.638931 0 0.876469 0 0.889339 0.488443 
0.638865 0 0.876778 0 0.889266 0.488635 
0.638794 0 0.877077 0 0.8892 0.488833 
0.63868 1 0.877131 0 0.8892 0.489036 
0.638529 1 0.877132 0 0.88925 0.489265 
0.63837 1 0.87709 0 0.889375 0.489518 
0.638212 1 0.877031 0 0.88955 0.489785 
0.63806 1 0.876957 0 0.889765 0.490065 
0.637914 1 0.876871 0 0.890015 0.490353 
0.637717 1 0.876717 0 0.89025 0.490645 
0.637527 1 0.876689 0 0.890496 0.490941 
0.637342 1 0.876715 0 0.890726 0.491239 
0.637154 1 0.87675 0 0.890939 0.491538 
0.637056 1 0.876784 0 0.891336 0.491837 
0.636982 1 0.876783 0 0.891741 0.492134 
0.636922 1 0.876797 0 0.892146 0.492429 
0.636858 0 0.876792 0 0.892527 0.492721 
0.636794 0 0.876772 0 0.892909 0.493 
0.636738 0 0.876744 0 0.893306 0.493266 
0.636693 0 0.876713 0 0.893722 0.493519 
0.636661 0 0.87668 0 0.89416 0.493759 
0.636643 0 0.876645 0 0.894618 0.493987 
0.636638 0 0.876608 0 0.895096 0.494203 
0.636722 0 0.877086 1 0.895059 0.494404 
0.63681 0 0.877648 1 0.894922 0.494536 
0.63698 1 0.877468 1 0.895133 0.494575 
0.637154 1 0.877426 1 0.895079 0.494512 
0.637331 1 0.877428 1 0.894965 0.494335 
0.637515 1 0.877459 1 0.894841 0.494015 
0.637701 1 0.877493 1 0.894715 0.493528 
0.637895 1 0.877536 1 0.89459 0.492828 
0.638098 1 0.877592 1 0.894471 0.491871 
0.638313 1 0.877665 1 0.894359 0.490623 
0.638572 1 0.877752 1 0.894253 0.489044 
0.638872 1 0.87788 1 0.89417 0.48709 
0.639216 1 0.878043 1 0.894115 0.48472 
0.639609 1 0.878235 1 0.894093 0.481901 
0.640054 1 0.878456 1 0.894107 0.478605 
0.640554 1 0.878706 1 0.894159 0.474819 
0.641129 1 0.878974 1 0.894232 0.470544 
0.641757 1 0.879221 1 0.894302 0.465777 
0.642445 1 0.879437 1 0.894382 0.460542 
0.643177 1 0.879587 1 0.894397 0.454865 
0.643874 0 0.879583 1 0.89431 0.448779 
0.644554 0 0.879526 0 0.894207 0.441749 
0.645219 0 0.879636 0 0.894305 0.435634 
0.645874 0 0.879888 0 0.894566 0.43031 
0.646569 0 0.880491 1 0.894724 0.425672 
0.647221 0 0.880985 0 0.89444 0.419951 
0.647807 1 0.880903 0 0.895004 0.414961 
0.648469 1 0.881352 1 0.895038 0.411092 
0.649201 1 0.8818 1 0.895171 0.406618 
0.650007 1 0.882214 1 0.89536 0.40155 
0.650883 1 0.882644 1 0.895588 0.395903 
0.651831 1 0.883097 1 0.895838 0.389705 
0.652851 1 0.883576 1 0.89611 0.382974 
0.653942 1 0.884083 1 0.896411 0.375749 
0.655103 1 0.884591 1 0.896711 0.368047 
0.656342 1 0.885092 1 0.897028 0.3599 
0.657654 1 0.885585 1 0.897361 0.351317 
0.659032 1 0.886066 1 0.897716 0.342299 
0.660474 1 0.88653 1 0.898089 0.332855 
0.661981 1 0.886974 1 0.898482 0.32297 
0.663416 1 0.887295 1 0.898664 0.312611 
0.664778 0 0.887503 0 0.898646 0.301749 
0.666166 1 0.887969 0 0.898909 0.291634 
0.667429 1 0.888507 0 0.89917 0.282575 
0.668485 1 0.889003 0 0.899398 0.27424 
0.669341 0 0.889387 0 0.899572 0.266328 
0.670313 0 0.890037 1 0.899627 0.258072 
0.671679 1 0.890577 1 0.900072 0.247594 
0.67329 1 0.891013 1 0.900359 0.235783 
0.675179 1 0.891508 1 0.900674 0.222944 
0.677244 1 0.89206 1 0.901041 0.209386 
0.679431 1 0.892636 1 0.901428 0.195348 
0.681688 1 0.893202 1 0.901817 0.181071 
0.683967 1 0.893734 1 0.902188 0.166711 
0.68626 1 0.894231 1 0.902537 0.152392 
0.688559 1 0.894696 1 0.902863 0.138197 
0.69086 1 0.895138 1 0.903165 0.124191 
0.693154 1 0.895555 1 0.903443 0.110412 
0.695433 1 0.895948 1 0.903697 0.0968879 
0.697692 1 0.896314 1 0.903927 0.0836364 
0.699927 1 0.896657 1 0.904135 0.0706644 
0.702133 1 0.896975 1 0.90432 0.0579805 
0.70431 1 0.897272 1 0.904484 0.0455852 
0.706453 1 0.897547 1 0.904627 0.0334778 
0.708563 1 0.897801 1 0.90475 0.0216582 
0.710636 1 0.898035 1 0.904855 0.0101205 
0.712673 1 0.89825 1 0.904943 -0.00114015 
0.714672 1 0.898447 1 0.905013 -0.012125 
0.716632 1 0.898626 1 0.905068 -0.0228427 
0.718553 1 0.898789 1 0.905107 -0.0332979 
0.720434 1 0.898936 1 0.905131 -0.0434955 
0.722275 1 0.899067 1 0.905142 -0.0534405 
0.724076 1 0.899184 1 0.905139 -0.063139 
0.725837 1 0.899286 1 0.905123 -0.0725986 
0.727558 1 0.899374 1 0.905095 -0.081826 
0.729295 1 0.89949 1 0.905063 -0.0908222 
0.731021 1 0.899619 1 0.90504 -0.099595 
0.73272 1 0.899743 1 0.905017 -0.108149 
0.734383 1 0.899855 1 0.904991 -0.11649 
0.736007 1 0.899949 1 0.90496 -0.124623 
0.73759 1 0.900028 1 0.904923 -0.132554 
0.739136 1 0.900095 1 0.904879 -0.140286 
0.740645 1 0.900152 1 0.904829 -0.147828 
0.74212 1 0.900202 1 0.904772 -0.15518 
0.743562 1 0.900245 1 0.90471 -0.162349 
0.74497 1 0.900282 1 0.904643 -0.169338 
0.746347 1 0.900314 1 0.904571 -0.176154 
0.747691 1 0.90034 1 0.904494 -0.182799 
0.749004 1 0.900359 1 0.904414 -0.189279 
0.750285 1 0.900374 1 0.904329 -0.195598 
0.751536 1 0.900383 1 0.904241 -0.201756 
0.752757 1 0.900387 1 0.90415 -0.207763 
0.753949 1 0.900387 1 0.904056 -0.213618 
0.755112 1 0.900383 1 0.903959 -0.219327 
0.756248 1 0.900375 1 0.90386 -0.224896 
0.757356 1 0.900364 1 0.903759 -0.230326 
0.75837 1 0.900134 1 0.903767 -0.235617 
0.759424 1 0.900006 1 0.903775 -0.240781 
0.760481 1 0.899921 1 0.903766 -0.245817 
0.761489 1 0.899865 1 0.903704 -0.250725 
0.762465 1 0.899815 1 0.903616 -0.255507 
0.763412 1 0.899768 1 0.903514 -0.26017 
0.764331 1 0.899721 1 0.903402 -0.264719 
0.765223 1 0.899673 1 0.903285 -0.269155 
0.766087 1 0.899623 1 0.903162 -0.273478 
0.766999 1 0.899627 1 0.903062 -0.277693 
0.767917 1 0.89965 1 0.902979 -0.281804 
0.768792 1 0.899625 1 0.902924 -0.285808 
0.76965 1 0.899601 1 0.902863 -0.289716 
0.770494 1 0.899586 1 0.902798 -0.293523 
0.771323 1 0.899578 1 0.902732 -0.297239 
0.772138 1 0.899576 1 0.902666 -0.300859 
0.772939 1 0.899578 1 0.902601 -0.304392 
0.773725 1 0.899583 1 0.902538 -0.307836 
0.774499 1 0.899592 1 0.902477 -0.311192 
0.775261 1 0.899604 1 0.902419 -0.314465 
0.77601 1 0.899619 1 0.902364 -0.317655 
0.776748 1 0.899637 1 0.902313 -0.320766 
0.777474 1 0.899657 1 0.902265 -0.323799 
0.778189 1 0.899681 1 0.902221 -0.326755 
0.778894 1 0.899707 1 0.902181 -0.32964 
0.779588 1 0.899736 1 0.902144 -0.332452 
0.780273 1 0.899767 1 0.902112 -0.335195 
0.780948 1 0.899801 1 0.902084 -0.337869 
0.781614 1 0.899839 1 0.90206 -0.340475 
0.782271 1 0.899879 1 0.90204 -0.343014 
0.78292 1 0.899922 1 0.902025 -0.345493 
0.783559 1 0.899968 1 0.902014 -0.347908 
0.784191 1 0.900018 1 0.902007 -0.350263 
0.784897 1 0.900105 1 0.902063 -0.352561 
0.78563 1 0.900221 1 0.902162 -0.354801 
0.786375 1 0.900351 1 0.902278 -0.356979 
0.787111 1 0.900485 1 0.902395 -0.359105 
0.787823 1 0.900615 1 0.902499 -0.361179 
0.788521 1 0.900745 1 0.902599 -0.3632 
0.7892 1 0.900871 1 0.902693 -0.365174 
0.78988 1 0.901003 1 0.902795 -0.367098 
0.790558 1 0.901143 1 0.902904 -0.368972 
0.791237 1 0.901289 1 0.90302 -0.370801 
0.791917 1 0.901443 1 0.903144 -0.372584 
0.792596 1 0.901602 1 0.903274 -0.374321 
0.793274 1 0.901767 1 0.90341 -0.376014 
0.79395 1 0.901937 1 0.903551 -0.377665 
0.794623 1 0.90211 1 0.903697 -0.379278 
0.795295 1 0.902288 1 0.903849 -0.380848 
0.795967 1 0.902472 1 0.904005 -0.382378 
0.79664 1 0.90266 1 0.904168 -0.383873 
0.797312 1 0.902853 1 0.904336 -0.385328 
0.797985 1 0.903052 1 0.90451 -0.386746 
0.79866 1 0.903255 1 0.904689 -0.388129 
0.799335 1 0.903463 1 0.904875 -0.389478 
0.800012 1 0.903676 1 0.905065 -0.390793 
0.800692 1 0.903894 1 0.905261 -0.392076 
0.801373 1 0.904117 1 0.905463 -0.393325 
0.802057 1 0.904345 1 0.90567 -0.394543 
0.802744 1 0.904577 1 0.905883 -0.395732 
0.803434 1 0.904815 1 0.906101 -0.39689 
0.804127 1 0.905057 1 0.906324 -0.39802 
0.804825 1 0.905301 1 0.906553 -0.399124 
0.805561 1 0.905581 1 0.906792 -0.400199 
0.806318 1 0.905878 1 0.907044 -0.401247 
0.80709 1 0.906185 1 0.907305 -0.402267 
0.807875 1 0.906497 1 0.907577 -0.403263 
0.808664 1 0.906811 1 0.907853 -0.404235 
0.809456 1 0.907125 1 0.908131 -0.405181 
0.810248 1 0.907439 1 0.908411 -0.406103 
0.811058 1 0.907758 1 0.908701 -0.407002 
0.81188 1 0.908082 1 0.909002 -0.407879 
0.812713 1 0.90841 1 0.909311 -0.408735 
0.813555 1 0.908739 1 0.909624 -0.40957 
0.814404 1 0.909072 1 0.909941 -0.410383 
0.815263 1 0.909407 1 0.91026 -0.411176 
0.816133 1 0.909748 1 0.910583 -0.41195 
0.817014 1 0.910092 1 0.910908 -0.412703 
0.817908 1 0.91044 1 0.911237 -0.413437 
0.818814 1 0.910792 1 0.911568 -0.414153 
0.819732 1 0.911147 1 0.911902 -0.414852 
0.820663 1 0.911505 1 0.912239 -0.415533 
0.821606 1 0.911864 1 0.912578 -0.416197 
0.822562 1 0.912224 1 0.912919 -0.416843 
0.82353 1 0.912585 1 0.913261 -0.417473 
0.82451 1 0.912947 1 0.913604 -0.418089 
0.825504 1 0.913309 1 0.913948 -0.418687 
0.826511 1 0.91367 1 0.914293 -0.419273 
0.827531 1 0.914031 1 0.914637 -0.419845 
0.828564 1 0.914391 1 0.914979 -0.4204 
0.829611 1 0.91475 1 0.915321 -0.420939 
0.83067 1 0.915106 1 0.915661 -0.421467 
0.831743 1 0.915461 1 0.915998 -0.421982 
0.832828 1 0.915812 1 0.916333 -0.422483 
0.833927 1 0.91616 1 0.916664 -0.422974 
0.835039 1 0.916504 1 0.916991 -0.42345 
0.834407 1 0.916212 1 0.916642 -0.423919 
0.833922 1 0.916073 1 0.916479 -0.424374 
0.833479 1 0.915893 1 0.916278 -0.424816 
0.833043 1 0.91571 1 0.916075 -0.425247 
0.832608 1 0.915521 1 0.915871 -0.425667 
0.832176 1 0.915329 1 0.915667 -0.426075 
0.831749 1 0.915135 1 0.915464 -0.426474 
0.831337 1 0.914944 1 0.915265 -0.426862 
0.83094 1 0.914756 1 0.915071 -0.427241 
0.830557 1 0.914574 1 0.914881 -0.427612 
0.830187 1 0.914395 1 0.914695 -0.427969 
0.82983 1 0.91422 1 0.914512 -0.428321 
0.829484 1 0.914049 1 0.914333 -0.428664 
0.82915 1 0.913883 1 0.914158 -0.428997 
0.828829 1 0.91372 1 0.913986 -0.429323 
0.828519 1 0.913562 1 0.913819 -0.429641 
0.828223 1 0.913409 1 0.913657 -0.429948 
0.827939 1 0.91326 1 0.913499 -0.430248 
0.827667 1 0.913116 1 0.913347 -0.430539 
0.827408 1 0.912977 1 0.913199 -0.430827 
0.827161 1 0.912843 1 0.913057 -0.431107 
0.826926 1 0.912714 1 0.91292 -0.43138 
0.826705 1 0.91259 1 0.912789 -0.431644 
0.826495 1 0.912472 1 0.912663 -0.431901 
0.826298 1 0.912359 1 0.912543 -0.432153 
0.826114 1 0.912252 1 0.912429 -0.432399 
0.825942 1 0.912151 1 0.91232 -0.432637 
0.825782 1 0.912055 1 0.912218 -0.432869 
0.825635 1 0.911965 1 0.912121 -0.433095 
0.8255 1 0.911882 1 0.91203 -0.433316 
0.825378 1 0.911805 1 0.911945 -0.43353 
0.825269 1 0.911733 1 0.911867 -0.433739 
0.825171 1 0.911668 1 0.911795 -0.433941 
0.825087 1 0.911609 1 0.911729 -0.434138 
0.825014 1 0.911557 1 0.91167 -0.434331 
0.824954 1 0.911511 1 0.911616 -0.434519 
0.824907 1 0.911471 1 0.91157 -0.434702 
0.824872 1 0.911438 1 0.911529 -0.434881 
0.82485 1 0.911412 1 0.911495 -0.435056 
0.82484 1 0.911392 1 0.911466 -0.435224 
0.824843 1 0.911378 1 0.911443 -0.435389 
0.824858 1 0.911372 1 0.911425 -0.435547 
0.824886 1 0.911372 1 0.911416 -0.435701 
0.824927 1 0.91138 1 0.911413 -0.435851 
0.824981 1 0.911395 1 0.911415 -0.435997 
0.825048 1 0.911417 1 0.911423 -0.436141 
0.825127 1 0.911446 1 0.911437 -0.43628 
0.825221 1 0.911482 1 0.911458 -0.436416 
0.825327 1 0.911525 1 0.911486 -0.436547 
0.825448 1 0.911575 1 0.911519 -0.436675 
0.825582 1 0.91163 1 0.91156 -0.4368 
0.825729 1 0.911694 1 0.911607 -0.436921 
0.82589 1 0.911763 1 0.91166 -0.437038 
0.826065 1 0.911838 1 0.911719 -0.43715 
0.826253 1 0.91192 1 0.911786 -0.437259 
0.826456 1 0.912008 1 0.911858 -0.437364 
0.826672 1 0.912103 1 0.911936 -0.437467 
0.826903 1 0.912203 1 0.91202 -0.437565 
0.827148 1 0.91231 1 0.912109 -0.43766 
0.827407 1 0.912423 1 0.912206 -0.437752 
0.82768 1 0.912543 1 0.912306 -0.43784 
0.827968 1 0.912668 1 0.912413 -0.437923 
0.82827 1 0.912778 1 0.912508 -0.438005 
0.828587 1 0.912851 1 0.912569 -0.438084 
0.828919 1 0.912889 1 0.912593 -0.438155 
0.829265 1 0.912885 1 0.912576 -0.438223 
0.829635 1 0.91286 1 0.912497 -0.438286 
0.83003 0 0.912802 0 0.912363 -0.438345 
0.830452 0 0.912868 0 0.912345 -0.438387 
0.830905 0 0.913032 0 0.912427 -0.438408 
0.831389 0 0.91327 0 0.912598 -0.438404 
0.831904 0 0.913566 0 0.912843 -0.438369 
0.832452 0 0.913908 0 0.913151 -0.438297 
0.833031 0 0.914285 0 0.913507 -0.438181 
0.833642 0 0.91469 0 0.913899 -0.438011 
0.834283 0 0.915117 0 0.914316 -0.437778 
0.834806 1 0.91528 0 0.91495 -0.437469 
0.835201 1 0.915756 1 0.915052 -0.43702 
0.835592 1 0.916056 1 0.915213 -0.436603 
0.836007 1 0.916256 1 0.915396 -0.436214 
0.836441 1 0.916444 1 0.915589 -0.435848 
0.836892 1 0.916592 1 0.915743 -0.435498 
0.837361 1 0.916675 1 0.915839 -0.435161 
0.837836 1 0.916688 1 0.915858 -0.434832 
0.838306 1 0.916655 1 0.915756 -0.434504 
0.838807 0 0.91653 0 0.915589 -0.434171 
0.838315 0 0.916112 0 0.91527 -0.433684 
0.837908 0 0.915815 0 0.915005 -0.433015 
0.837629 0 0.915879 0 0.914582 -0.432132 
0.837486 0 0.916121 0 0.914144 -0.430996 
0.837429 0 0.91644 0 0.913716 -0.429561 
0.837427 0 0.916778 0 0.913289 -0.427769 
0.83746 0 0.917103 0 0.912848 -0.425546 
0.837384 0 0.917121 0 0.912621 -0.4228 
0.837266 0 0.917 0 0.912443 -0.419422 
0.837153 0 0.916804 0 0.912275 -0.415282 
0.837047 0 0.916551 0 0.912111 -0.410247 
0.836941 0 0.916245 0 0.911952 -0.404183 
0.83676 0 0.915974 0 0.911671 -0.396981 
0.836549 0 0.915665 0 0.911366 -0.388567 
0.836308 0 0.915301 0 0.911032 -0.378922 
0.836039 0 0.914866 0 0.910653 -0.36808 
0.835745 0 0.914347 0 0.910203 -0.356132 
0.83543 0 0.913729 0 0.909656 -0.343207 
0.835099 0 0.912995 0 0.908993 -0.329462 
0.834757 0 0.912133 0 0.908197 -0.315059 
0.83441 0 0.911137 0 0.907261 -0.300158 
0.834006 0 0.910037 0 0.906157 -0.284905 
0.833559 0 0.908802 0 0.904934 -0.269426 
0.833086 0 0.907465 0 0.903582 -0.253827 
0.832568 0 0.906068 0 0.902091 -0.238198 
0.832031 0 0.904576 0 0.90052 -0.222611 
0.831484 0 0.902997 0 0.898885 -0.207122 
0.830931 0 0.901354 0 0.897192 -0.191777 
0.830379 0 0.899665 0 0.895447 -0.176612 
0.829828 0 0.897943 0 0.893661 -0.161657 
0.829284 0 0.896201 0 0.891845 -0.146934 
0.828746 0 0.894449 0 0.890011 -0.13246 
0.828216 0 0.892694 0 0.888168 -0.118249 
0.827696 0 0.890945 0 0.886326 -0.104311 
0.827187 0 0.889209 0 0.884493 -0.0906535 
0.826736 0 0.88741 0 0.882726 -0.0772833 
0.826296 0 0.885644 0 0.880965 -0.0642031 
0.825843 0 0.883966 0 0.879184 -0.0514161 
0.82543 0 0.882281 0 0.877458 -0.0389239 
0.825031 0 0.880633 0 0.875762 -0.026727 
0.824625 0 0.879062 0 0.874075 -0.0148246 
0.824249 0 0.8775 0 0.872453 -0.00321631 
0.823883 0 0.875984 0 0.870867 0.00809924 
0.823527 0 0.874519 0 0.869317 0.0191239 
0.823182 0 0.873101 0 0.867808 0.0298602 
0.822848 0 0.871727 0 0.866344 0.0403106 
0.822523 0 0.870398 0 0.864929 0.0504776 
0.822208 0 0.869114 0 0.863561 0.0603641 
0.821901 0 0.867874 0 0.86224 0.0699737 
0.821602 0 0.866679 0 0.860967 0.0793104 
0.821311 0 0.865528 0 0.859741 0.0883775 
0.821026 0 0.86442 0 0.85856 0.0971788 
0.820748 0 0.863356 0 0.857424 0.105718 
0.82059 0 0.862711 0 0.855688 0.114001 
0.820496 0 0.861921 0 0.854083 0.122031 
0.820469 0 0.861045 0 0.852599 0.129811 
0.820464 0 0.860223 0 0.851195 0.137348 
0.820458 0 0.859444 0 0.849842 0.144645 
0.82045 0 0.858709 0 0.848538 0.151708 
0.820441 0 0.858015 0 0.847283 0.158542 
0.82043 0 0.857363 0 0.846076 0.165152 
0.820425 0 0.856765 0 0.844857 0.171544 
0.820428 0 0.856202 0 0.843664 0.177724 
