0.435203 0 0.548561 0 0.548559 0.500001 
0.435359 0 0.549905 0 0.549168 0.499203 
0.435458 0 0.551313 0 0.550032 0.498306 
0.435518 0 0.552843 0 0.551089 0.497273 
0.435835 0 0.554783 0 0.552575 0.496061 
0.436391 0 0.5571 0 0.554458 0.494608 
0.437115 0 0.559725 0 0.556637 0.492841 
0.437956 0 0.562592 0 0.559039 0.490665 
0.438873 0 0.565637 0 0.561607 0.487974 
0.439832 0 0.568793 0 0.564289 0.484646 
0.440812 0 0.572013 0 0.567044 0.480555 
0.441806 0 0.575265 0 0.569844 0.475582 
0.442806 0 0.578512 0 0.572658 0.469626 
0.443796 0 0.581713 0 0.575457 0.462623 
0.444772 0 0.58484 0 0.578219 0.454553 
0.445735 0 0.587877 0 0.580926 0.445445 
0.446682 0 0.590798 0 0.583559 0.43537 
0.447336 0 0.59341 0 0.585788 0.424435 
0.447734 0 0.595677 0 0.5877 0.412762 
0.448038 0 0.597705 0 0.589464 0.400479 
0.448191 0 0.599402 0 0.591059 0.38771 
0.448247 0 0.600874 0 0.592474 0.374563 
0.448241 0 0.602172 0 0.593733 0.36113 
0.448198 0 0.603329 0 0.59486 0.347485 
0.448126 0 0.604353 0 0.595868 0.333684 
0.448023 0 0.605244 0 0.596765 0.31977 
0.447898 0 0.606006 0 0.59756 0.305779 
0.447764 0 0.60665 0 0.598262 0.291737 
0.447625 0 0.607175 0 0.598869 0.27767 
0.447478 0 0.607572 0 0.599375 0.263602 
0.447325 0 0.607839 0 0.599775 0.249554 
0.447175 0 0.607985 0 0.600067 0.23555 
0.447026 0 0.608008 0 0.600244 0.221614 
0.446871 0 0.607899 0 0.6003 0.207768 
0.446713 0 0.607661 0 0.600236 0.194036 
0.446559 0 0.607307 0 0.600059 0.180442 
0.446408 0 0.606841 0 0.59977 0.167009 
0.446253 0 0.606261 0 0.599374 0.15376 
0.446097 0 0.605573 0 0.59888 0.140714 
0.445946 0 0.604795 0 0.598299 0.127889 
0.445808 0 0.603925 0 0.597651 0.115303 
0.44567 0 0.602969 0 0.596931 0.10297 
0.445533 0 0.601937 0 0.596146 0.090903 
0.445403 0 0.60085 0 0.595305 0.0791162 
0.445279 0 0.599713 0 0.594416 0.0676223 
0.445154 0 0.59853 0 0.593484 0.0564349 
0.445029 0 0.597309 0 0.592518 0.0455693 
0.444912 0 0.59607 0 0.591532 0.0350431 
0.444802 0 0.594822 0 0.590533 0.0248774 
0.444691 0 0.593566 0 0.58953 0.015098 
0.444581 0 0.592315 0 0.588534 0.0057365 
0.44448 0 0.591092 0 0.587561 -0.00316844 
0.444386 0 0.589908 0 0.586625 -0.0115694 
0.444293 0 0.588771 0 0.585737 -0.0194087 
0.444202 0 0.587701 0 0.584916 -0.0266188 
0.444119 0 0.586725 0 0.584185 -0.0331215 
0.444044 0 0.585863 0 0.583564 -0.0388297 
0.443969 0 0.58513 0 0.583072 -0.0436512 
0.443896 0 0.584549 0 0.582732 -0.047494 
0.443832 0 0.58415 0 0.58257 -0.0502746 
0.443776 0 0.58395 0 0.582602 -0.0519268 
0.44372 0 0.583955 0 0.582838 -0.05241 
0.443667 0 0.584172 0 0.583287 -0.051716 
0.443623 0 0.584611 0 0.583954 -0.0498723 
0.443587 0 0.585265 0 0.584831 -0.0469381 
0.443553 0 0.586114 0 0.585903 -0.0430003 
0.443523 0 0.587141 0 0.587155 -0.0381644 
0.443503 0 0.588338 0 0.588573 -0.0325462 
0.443493 0 0.589681 0 0.590133 -0.0262633 
0.443486 0 0.591143 0 0.591813 -0.0194298 
0.443484 0 0.592704 0 0.593594 -0.0121512 
0.443495 0 0.594355 0 0.595462 -0.00452302 
0.443517 0 0.596077 0 0.597399 0.00337128 
0.443544 0 0.597849 0 0.599388 0.0114591 
0.443578 0 0.599658 0 0.601416 0.0196792 
0.443627 0 0.601502 0 0.603478 0.0279798 
0.443689 0 0.603369 0 0.605561 0.0363182 
0.443758 0 0.605245 0 0.607657 0.0446594 
0.443837 0 0.607123 0 0.60976 0.0529751 
0.443932 0 0.609007 0 0.611868 0.0612429 
0.444043 0 0.610891 0 0.613977 0.0694459 
0.444165 0 0.612763 0 0.616081 0.0775716 
0.4443 0 0.614622 0 0.618179 0.0856116 
0.444455 0 0.616476 0 0.620275 0.0935614 
0.44463 0 0.618323 0 0.622368 0.10142 
0.444821 0 0.620153 0 0.624455 0.109188 
0.445029 0 0.621969 0 0.626539 0.11687 
0.445265 0 0.623781 0 0.628627 0.124474 
0.445528 0 0.625589 0 0.630721 0.132006 
0.445814 0 0.627388 0 0.632821 0.139478 
0.446127 0 0.629181 0 0.634932 0.1469 
0.446478 0 0.630979 0 0.637063 0.154281 
0.446868 0 0.632784 0 0.639216 0.161632 
0.447294 0 0.634591 0 0.641393 0.16896 
0.44776 0 0.636402 0 0.643598 0.176269 
0.448277 0 0.638229 0 0.645838 0.183558 
0.448846 0 0.64007 0 0.648112 0.190824 
0.449464 0 0.641918 0 0.650418 0.198059 
0.450131 0 0.643772 0 0.652755 0.205248 
0.450856 0 0.645639 0 0.655122 0.212377 
0.451636 0 0.647516 0 0.657514 0.219429 
0.452461 0 0.649391 0 0.65992 0.226387 
0.453329 0 0.651262 0 0.662335 0.233236 
0.454242 0 0.653133 0 0.664755 0.239965 
0.455193 0 0.654999 0 0.667172 0.246564 
0.45617 0 0.656849 0 0.669575 0.253026 
0.45717 0 0.658679 0 0.67196 0.259346 
0.458194 0 0.660495 0 0.674326 0.265523 
0.459236 0 0.662293 0 0.676667 0.271556 
0.460286 0 0.664063 0 0.678976 0.277446 
0.461341 0 0.665802 0 0.681253 0.283193 
0.462405 0 0.667518 0 0.6835 0.288801 
0.463474 0 0.669209 0 0.685713 0.294271 
0.46454 0 0.670864 0 0.687889 0.299606 
0.465602 0 0.672483 0 0.690029 0.304808 
0.466664 0 0.674074 0 0.692137 0.309882 
0.467725 0 0.675636 0 0.694211 0.314829 
0.468776 0 0.677158 0 0.696248 0.319654 
0.469818 0 0.678642 0 0.69825 0.324358 
0.470857 0 0.680096 0 0.700222 0.328944 
0.471891 0 0.681519 0 0.702162 0.333416 
0.472912 0 0.682901 0 0.704068 0.337777 
0.473921 0 0.684243 0 0.705943 0.342028 
0.474926 0 0.685554 0 0.707791 0.346174 
0.475923 0 0.686832 0 0.70961 0.350216 
0.476906 0 0.68807 0 0.7114 0.354156 
0.477876 0 0.689267 0 0.713162 0.357999 
0.47884 0 0.690432 0 0.7149 0.361745 
0.479797 0 0.691565 0 0.716614 0.365397 
0.480738 0 0.692657 0 0.718302 0.368959 
0.481667 0 0.693708 0 0.719966 0.372431 
0.482589 0 0.694727 0 0.72161 0.375816 
0.483503 0 0.695713 0 0.723233 0.379117 
0.484403 0 0.696658 0 0.724833 0.382336 
0.48529 0 0.697562 0 0.726413 0.385473 
0.48617 0 0.698434 0 0.727976 0.388533 
0.487043 0 0.699274 0 0.729522 0.391516 
0.487902 0 0.700071 0 0.731048 0.394424 
0.488747 0 0.700828 0 0.732556 0.39726 
0.489587 0 0.701552 0 0.734051 0.400025 
0.49042 0 0.702243 0 0.735532 0.40272 
0.491238 0 0.702892 0 0.736995 0.405348 
0.492044 0 0.7035 0 0.738443 0.407911 
0.492845 0 0.704074 0 0.739881 0.410409 
0.493639 0 0.704615 0 0.741306 0.412846 
0.494419 0 0.705113 0 0.742716 0.415221 
0.495188 0 0.705569 0 0.744113 0.417536 
0.495951 0 0.705991 0 0.745502 0.419794 
0.496708 0 0.706379 0 0.74688 0.421996 
0.497451 0 0.706722 0 0.748245 0.424142 
0.498183 0 0.707022 0 0.749598 0.426235 
0.49891 0 0.707287 0 0.750944 0.428275 
0.49963 0 0.707516 0 0.752281 0.430265 
0.500338 0 0.7077 0 0.753606 0.432204 
0.501034 0 0.707838 0 0.75492 0.434095 
0.501725 0 0.707941 0 0.756228 0.435939 
0.50241 0 0.708006 0 0.757528 0.437737 
0.503082 0 0.708023 0 0.758817 0.43949 
0.503418 0 0.708008 0 0.759597 0.4412 
0.503539 0 0.707981 0 0.76005 0.442866 
0.503563 0 0.707958 0 0.760341 0.444491 
0.503655 0 0.70799 0 0.760685 0.446075 
0.503795 0 0.708049 0 0.761075 0.44762 
0.503979 0 0.708129 0 0.761509 0.449125 
0.504196 0 0.708219 0 0.761977 0.450594 
0.504433 0 0.708303 0 0.762472 0.452025 
0.504687 0 0.708379 0 0.76299 0.453421 
0.504961 0 0.708451 0 0.763533 0.454781 
0.505253 0 0.708517 0 0.764099 0.456108 
0.505554 0 0.708566 0 0.764682 0.457402 
0.505864 0 0.708597 0 0.765282 0.458663 
0.506191 0 0.708618 0 0.765903 0.459893 
0.506532 0 0.708629 0 0.766542 0.461092 
0.50688 0 0.708617 0 0.767195 0.462261 
0.507236 0 0.708585 0 0.767862 0.4634 
0.507464 0 0.708624 0 0.76829 0.464511 
0.507614 0 0.708713 0 0.768564 0.465595 
0.507722 0 0.708821 0 0.768755 0.466651 
0.507817 0 0.708936 0 0.768913 0.467681 
0.507919 0 0.70906 0 0.769067 0.468685 
0.508033 0 0.709193 0 0.769222 0.469664 
0.508152 0 0.709332 0 0.769376 0.470619 
0.508279 0 0.709482 0 0.769527 0.47155 
0.508421 0 0.709656 0 0.769681 0.472457 
0.508578 0 0.709853 0 0.769834 0.473342 
0.508743 0 0.710065 0 0.769986 0.474205 
0.50892 0 0.710292 0 0.770138 0.475046 
0.509115 0 0.710546 0 0.770295 0.475866 
0.509275 0 0.710781 0 0.770443 0.476666 
0.509417 0 0.71098 0 0.770603 0.477446 
0.509557 0 0.711168 0 0.770764 0.478206 
0.50972 0 0.711363 0 0.770947 0.478947 
0.509902 0 0.711564 0 0.77115 0.47967 
0.510096 0 0.711758 0 0.771369 0.480374 
0.510318 0 0.711988 0 0.771614 0.481061 
0.510572 0 0.71226 0 0.77188 0.481731 
0.510806 0 0.712563 0 0.772093 0.482384 
0.511028 0 0.712872 0 0.772286 0.483021 
0.51125 0 0.713189 0 0.772474 0.483641 
0.511482 0 0.713524 0 0.772665 0.484247 
0.511725 0 0.713881 0 0.772857 0.484837 
0.511971 0 0.714251 0 0.773046 0.485412 
0.512221 0 0.714638 0 0.773233 0.485973 
0.512483 0 0.71505 0 0.773422 0.48652 
0.512756 0 0.715486 0 0.773612 0.487053 
0.513031 0 0.715937 0 0.7738 0.487573 
0.513311 0 0.716404 0 0.773989 0.48808 
0.513602 0 0.716895 0 0.774182 0.488575 
0.513902 0 0.717412 0 0.774378 0.489057 
0.514205 0 0.717946 0 0.774576 0.489526 
0.514509 0 0.718498 0 0.774777 0.489985 
0.514824 0 0.719079 0 0.774988 0.490431 
0.515147 0 0.71969 0 0.775208 0.490867 
0.51547 0 0.720326 0 0.775437 0.491291 
0.515794 0 0.720989 0 0.775679 0.491705 
0.516126 0 0.721693 0 0.775942 0.492109 
0.516465 0 0.722441 0 0.776227 0.492502 
0.516803 0 0.72323 0 0.776537 0.492886 
0.517142 0 0.724064 0 0.776876 0.49326 
0.5176 0 0.725046 0 0.777342 0.493625 
0.518126 0 0.726143 0 0.777909 0.493981 
0.518675 0 0.727334 0 0.778533 0.494328 
0.519234 0 0.728606 0 0.779204 0.494666 
0.519981 0 0.730082 0 0.780105 0.494995 
0.520538 0 0.731517 0 0.780827 0.495316 
0.521283 0 0.73315 0 0.781782 0.49563 
0.522118 0 0.734914 0 0.782864 0.495935 
0.522752 0 0.736601 0 0.783764 0.496233 
0.523372 0 0.738309 0 0.78471 0.496523 
0.523976 0 0.740052 0 0.785669 0.496807 
0.524578 0 0.741825 0 0.78665 0.497083 
0.525194 0 0.743629 0 0.787665 0.497352 
0.525825 0 0.745459 0 0.788707 0.497614 
0.526461 0 0.747302 0 0.789765 0.49787 
0.527101 0 0.749154 0 0.79083 0.49812 
0.527751 0 0.751019 0 0.791898 0.498363 
0.528408 0 0.75289 0 0.792961 0.4986 
0.529065 0 0.754752 0 0.794013 0.498831 
0.529723 0 0.756601 0 0.795055 0.499057 
0.530392 0 0.758441 0 0.79609 0.499277 
0.53107 0 0.760267 0 0.797116 0.499491 
0.531751 0 0.762065 0 0.798129 0.4997 
0.532439 0 0.763834 0 0.799131 0.499904 
0.53314 0 0.76558 0 0.800126 0.500102 
0.533855 0 0.767299 0 0.801112 0.500296 
0.534577 0 0.768979 0 0.802087 0.500484 
0.53531 0 0.770619 0 0.803054 0.500668 
0.536061 0 0.772225 0 0.804017 0.500848 
0.536831 0 0.773795 0 0.804975 0.501022 
0.537614 0 0.775318 0 0.805929 0.501192 
0.538412 0 0.776791 0 0.806878 0.501358 
0.539233 0 0.778223 0 0.807827 0.501519 
0.540076 0 0.779611 0 0.808775 0.501676 
0.540935 0 0.780944 0 0.809719 0.50183 
0.54181 0 0.782221 0 0.810659 0.501978 
0.542708 0 0.78345 0 0.811597 0.502123 
0.543627 0 0.784629 0 0.812529 0.502264 
0.544557 0 0.785747 0 0.813451 0.502401 
0.545498 0 0.786803 0 0.81436 0.502534 
0.546454 0 0.787808 0 0.815257 0.502663 
0.547422 0 0.788759 0 0.816136 0.502788 
0.548392 0 0.789647 0 0.816991 0.50291 
0.549361 0 0.790473 0 0.81782 0.503028 
0.550336 0 0.791247 0 0.818623 0.503143 
0.55131 0 0.791968 0 0.819395 0.503255 
0.552275 0 0.792627 0 0.82013 0.503364 
0.55323 0 0.793226 0 0.820826 0.503469 
0.55418 0 0.793775 0 0.821485 0.503572 
0.555122 0 0.794272 0 0.822103 0.503672 
0.556048 0 0.79471 0 0.822675 0.503769 
0.556957 0 0.795089 0 0.823201 0.503864 
0.557857 0 0.795419 0 0.823681 0.503956 
0.558745 0 0.795699 0 0.824114 0.504046 
0.559613 0 0.795919 0 0.824495 0.504134 
0.560462 0 0.796081 0 0.824824 0.504221 
0.5613 0 0.796193 0 0.825103 0.504305 
0.562125 0 0.796256 0 0.825331 0.504387 
0.562931 0 0.796259 0 0.825504 0.504468 
0.563717 0 0.796206 0 0.825623 0.504547 
0.564493 0 0.796105 0 0.825692 0.504625 
0.565256 0 0.795957 0 0.825711 0.504701 
0.566 0 0.795756 0 0.825677 0.504775 
0.566727 0 0.795503 0 0.825594 0.504848 
0.567444 0 0.795211 0 0.825466 0.50492 
0.568151 0 0.794881 0 0.825294 0.50499 
0.56884 0 0.794508 0 0.825079 0.505058 
0.56944 0 0.794137 0 0.824925 0.505126 
0.570058 0 0.793824 0 0.824662 0.505192 
0.570689 0 0.793532 0 0.824312 0.505256 
0.571277 0 0.793187 0 0.823922 0.50532 
0.571871 0 0.792844 0 0.823483 0.505381 
0.572367 0 0.79241 0 0.823029 0.505441 
0.572892 0 0.792021 0 0.8225 0.505501 
0.573331 0 0.79155 0 0.821947 0.505558 
0.573795 0 0.791125 0 0.821325 0.505615 
0.574214 0 0.790664 0 0.820734 0.50567 
0.574621 0 0.790213 0 0.820107 0.505724 
0.575029 0 0.789779 0 0.819454 0.505776 
0.575391 0 0.78932 0 0.818783 0.505828 
0.575731 0 0.788866 0 0.818086 0.505878 
0.576055 0 0.788426 0 0.81737 0.505926 
0.576365 0 0.788 0 0.816643 0.505974 
0.576815 0 0.787628 0 0.816059 0.506021 
0.577353 0 0.787301 0 0.815579 0.506066 
0.577934 0 0.787002 0 0.815156 0.506111 
0.578529 0 0.78672 0 0.814763 0.506154 
0.579126 0 0.786455 0 0.814392 0.506196 
0.579729 0 0.786219 0 0.814042 0.506237 
0.580334 0 0.786012 0 0.813711 0.506277 
0.580934 0 0.785824 0 0.813395 0.506316 
0.581528 0 0.785657 0 0.813094 0.506355 
0.582124 0 0.78552 0 0.812809 0.506392 
0.58272 0 0.785414 0 0.81254 0.506428 
0.58331 0 0.78533 0 0.812287 0.506464 
0.583895 0 0.785271 0 0.812053 0.506498 
0.584483 0 0.785245 0 0.811839 0.506532 
0.585074 0 0.785254 0 0.811646 0.506565 
0.58566 0 0.785287 0 0.811472 0.506597 
0.586242 0 0.785346 0 0.811319 0.506628 
0.586829 0 0.78544 0 0.811187 0.506659 
0.587418 0 0.785569 0 0.811077 0.506689 
0.588004 0 0.785725 0 0.810987 0.506717 
0.588588 0 0.785907 0 0.810919 0.506746 
0.589177 0 0.786126 0 0.810873 0.506773 
0.58977 0 0.786381 0 0.810849 0.5068 
0.590361 0 0.786662 0 0.810847 0.506826 
0.59095 0 0.786971 0 0.810866 0.506852 
0.591546 0 0.787318 0 0.810908 0.506877 
0.592147 0 0.7877 0 0.810973 0.506901 
0.592747 0 0.78811 0 0.811059 0.506925 
0.593347 0 0.788549 0 0.811166 0.506948 
0.593954 0 0.789024 0 0.811297 0.506971 
0.594567 0 0.789537 0 0.81145 0.506992 
0.59518 0 0.790077 0 0.811624 0.507014 
0.595794 0 0.790646 0 0.811821 0.507035 
0.596417 0 0.791253 0 0.81204 0.507055 
0.597047 0 0.791897 0 0.81228 0.507075 
0.597677 0 0.79257 0 0.812542 0.507094 
0.59831 0 0.793272 0 0.812826 0.507113 
0.598952 0 0.794012 0 0.813132 0.507132 
0.599602 0 0.79479 0 0.81346 0.507149 
0.600254 0 0.795597 0 0.813808 0.507167 
0.600909 0 0.796433 0 0.814179 0.507184 
0.601575 0 0.797309 0 0.814571 0.507201 
0.602249 0 0.798223 0 0.814985 0.507217 
0.602927 0 0.799167 0 0.815419 0.507232 
0.603609 0 0.800141 0 0.815875 0.507248 
0.60401 0 0.800702 0 0.816192 0.507263 
0.604234 0 0.801022 0 0.816435 0.507278 
0.604357 0 0.801221 0 0.816699 0.507292 
0.604484 0 0.801449 0 0.816998 0.507306 
0.604621 0 0.801716 0 0.817331 0.50732 
0.604767 0 0.802021 0 0.817699 0.507333 
0.604914 0 0.802355 0 0.818101 0.507346 
0.605065 0 0.802719 0 0.818539 0.507358 
0.605226 0 0.803122 0 0.819012 0.50737 
0.605396 0 0.803562 0 0.819519 0.507382 
0.605568 0 0.804032 0 0.820061 0.507394 
0.605744 0 0.804532 0 0.820639 0.507405 
0.605929 0 0.80507 0 0.821252 0.507416 
0.606084 0 0.805572 0 0.821842 0.507426 
0.606211 0 0.806096 0 0.822391 0.507437 
0.606249 0 0.806615 0 0.822841 0.507447 
0.606228 0 0.807094 0 0.823266 0.507457 
0.606157 0 0.807544 0 0.823681 0.507466 
0.606047 0 0.807967 0 0.824112 0.507476 
0.605912 0 0.808377 0 0.824567 0.507485 
0.605764 0 0.808791 0 0.825045 0.507493 
0.605606 0 0.809208 0 0.825547 0.507502 
0.60543 0 0.809616 0 0.826071 0.50751 
0.605251 0 0.81005 0 0.826571 0.507518 
0.60536 0 0.810602 0 0.827418 0.507526 
0.60564 0 0.811217 0 0.828475 0.507533 
0.606001 0 0.811854 0 0.82964 0.50754 
0.606401 0 0.812507 0 0.830863 0.507547 
0.606787 0 0.813207 0 0.832069 0.507554 
0.607096 0 0.813891 0 0.833248 0.50756 
0.607338 0 0.814558 0 0.834383 0.507566 
0.607529 0 0.81522 0 0.835468 0.507572 
0.607686 0 0.815895 0 0.836509 0.507577 
0.607818 0 0.816588 0 0.837517 0.507582 
0.607926 0 0.817291 0 0.838499 0.507587 
0.608014 0 0.818002 0 0.839461 0.507591 
0.608093 0 0.81873 0 0.840403 0.507595 
0.608367 0 0.819544 0 0.841514 0.507598 
0.608764 0 0.820417 0 0.842763 0.507601 
0.609232 0 0.821317 0 0.844094 0.507603 
0.609741 0 0.822236 0 0.845467 0.507605 
0.610272 0 0.823168 0 0.846853 0.507606 
0.610808 0 0.824104 0 0.848242 0.507606 
0.611346 0 0.825045 0 0.849626 0.507606 
0.611893 0 0.826 0 0.851004 0.507605 
0.612443 0 0.826968 0 0.85237 0.507603 
0.612864 0 0.827933 0 0.853524 0.5076 
0.613101 0 0.828832 0 0.854506 0.507596 
0.613238 0 0.829682 0 0.855376 0.507591 
0.613322 0 0.830511 0 0.856173 0.507584 
0.613371 0 0.831324 0 0.856921 0.507577 
0.613397 0 0.832121 0 0.857633 0.507568 
0.613411 0 0.832907 0 0.858311 0.507557 
0.613411 0 0.833672 0 0.858952 0.507545 
0.613388 0 0.834403 0 0.859555 0.507531 
0.613344 0 0.835099 0 0.86012 0.507516 
0.613287 0 0.835769 0 0.860649 0.507498 
0.613215 0 0.836412 0 0.86114 0.507479 
0.613122 0 0.83702 0 0.861592 0.507457 
0.61301 0 0.837592 0 0.862007 0.507434 
0.612885 0 0.838137 0 0.862385 0.507408 
0.612745 0 0.838653 0 0.862725 0.507379 
0.612584 0 0.83913 0 0.863026 0.507348 
0.612404 0 0.839569 0 0.863288 0.507315 
0.612446 0 0.840026 0 0.863858 0.507279 
0.612613 0 0.840496 0 0.86457 0.507239 
0.612831 0 0.840954 0 0.865324 0.507198 
0.61307 0 0.841401 0 0.86608 0.507153 
0.613324 0 0.841856 0 0.866832 0.507106 
0.613587 0 0.842318 0 0.867578 0.507055 
0.613851 0 0.842781 0 0.868314 0.507002 
0.614113 0 0.843242 0 0.869036 0.506945 
0.614381 0 0.843712 0 0.869744 0.506886 
0.614652 0 0.844188 0 0.870434 0.506823 
0.614919 0 0.844664 0 0.871106 0.506758 
0.615183 0 0.84514 0 0.871762 0.506689 
0.615452 0 0.845628 0 0.872405 0.506618 
0.615724 0 0.846125 0 0.873035 0.506544 
0.615993 0 0.846623 0 0.873652 0.506467 
0.616188 0 0.847102 0 0.874141 0.506387 
0.616337 0 0.847529 0 0.874551 0.506304 
0.616459 0 0.847916 0 0.87492 0.506219 
0.616564 0 0.848273 0 0.875275 0.506131 
0.616662 0 0.848613 0 0.875626 0.506041 
0.616763 0 0.848949 0 0.875973 0.505949 
0.616865 0 0.849282 0 0.876311 0.505854 
0.616961 0 0.849604 0 0.876635 0.505757 
0.617097 0 0.850308 1 0.8767 0.505658 
0.617256 0 0.85115 1 0.876678 0.505458 
0.617452 0 0.852028 1 0.876655 0.505101 
0.617667 0 0.852888 1 0.87666 0.504501 
0.617882 0 0.853678 1 0.876625 0.503534 
0.618072 0 0.854365 1 0.876491 0.502037 
0.618207 0 0.854911 0 0.876206 0.499799 
0.61826 0 0.855364 0 0.875878 0.497776 
0.618253 0 0.855758 0 0.875502 0.495949 
0.61828 0 0.856139 0 0.87521 0.494301 
0.618331 0 0.856539 0 0.874975 0.492818 
0.618551 0 0.857154 1 0.874968 0.491487 
0.618728 0 0.8576 0 0.874721 0.489388 
0.618873 0 0.85801 0 0.874437 0.487527 
0.619002 0 0.85841 0 0.874153 0.485881 
0.619124 0 0.85881 0 0.873879 0.48443 
0.619242 0 0.859211 0 0.873614 0.483156 
0.61934 0 0.859646 0 0.873428 0.482041 
0.619423 0 0.860084 0 0.873264 0.48107 
0.619495 0 0.860513 0 0.873095 0.48023 
0.619557 0 0.860933 0 0.872922 0.479508 
0.619608 0 0.861347 0 0.872752 0.478892 
0.619647 0 0.861757 0 0.872587 0.478373 
0.619675 0 0.86216 0 0.872428 0.477941 
0.61969 0 0.862555 0 0.872272 0.477588 
0.619694 0 0.862941 0 0.872117 0.477306 
0.619686 0 0.863318 0 0.871961 0.477088 
0.619687 0 0.863707 0 0.87183 0.476929 
0.619568 1 0.86354 0 0.872053 0.476822 
0.619426 1 0.863337 0 0.872237 0.476866 
0.619286 1 0.863145 0 0.872377 0.47703 
0.61915 0 0.862948 0 0.872483 0.477289 
0.619006 0 0.863099 1 0.872178 0.477558 
0.61914 1 0.862836 1 0.87233 0.477547 
0.619307 1 0.862781 1 0.872335 0.477284 
0.619488 1 0.862768 1 0.872297 0.476711 
0.619693 1 0.862785 1 0.872245 0.475774 
0.619941 1 0.862825 1 0.872199 0.474426 
0.620263 1 0.862903 1 0.872195 0.472616 
0.620667 1 0.863003 1 0.872197 0.470319 
0.621153 1 0.863102 1 0.872195 0.467511 
0.621721 1 0.863193 1 0.872207 0.464176 
0.622282 1 0.863138 1 0.872099 0.460318 
0.622815 0 0.862953 0 0.87191 0.455944 
0.623447 0 0.863055 0 0.871952 0.452478 
0.624072 0 0.863344 0 0.872179 0.449733 
0.624691 0 0.863776 0 0.872546 0.447569 
0.62532 0 0.864303 0 0.87296 0.445883 
0.625949 0 0.864908 0 0.873413 0.444596 
0.626571 0 0.865575 0 0.873902 0.443645 
0.626959 0 0.866155 1 0.874004 0.442975 
0.62735 1 0.86636 1 0.874263 0.441436 
0.627844 1 0.866599 1 0.874399 0.439281 
0.628455 1 0.866889 1 0.874536 0.436464 
0.629188 1 0.867239 1 0.874732 0.432961 
0.630045 1 0.867651 1 0.874993 0.428767 
0.631025 1 0.868126 1 0.87532 0.423874 
0.632124 1 0.868653 1 0.875701 0.418311 
0.63334 1 0.869215 1 0.876123 0.412112 
0.634665 1 0.86981 1 0.87659 0.405322 
0.636094 1 0.870433 1 0.877099 0.397997 
0.637617 1 0.871084 1 0.877653 0.390191 
0.639227 1 0.871756 1 0.878249 0.381958 
0.640915 1 0.872448 1 0.878886 0.373362 
0.642566 1 0.873011 1 0.879377 0.364459 
0.644188 0 0.873488 0 0.87977 0.355301 
0.64563 0 0.874222 0 0.880575 0.347943 
0.646957 0 0.875087 1 0.881183 0.342182 
0.648292 1 0.875764 1 0.881889 0.335034 
0.649775 1 0.876465 1 0.882515 0.327401 
0.651372 1 0.877152 1 0.883091 0.319355 
0.653093 1 0.877868 1 0.883704 0.310963 
0.654812 1 0.878574 1 0.884322 0.30229 
0.65665 1 0.879331 1 0.88496 0.293395 
0.658555 1 0.880118 1 0.885627 0.284348 
0.6605 1 0.880915 1 0.886307 0.275197 
0.66237 1 0.881658 1 0.886954 0.265994 
0.664257 1 0.88239 1 0.887578 0.256784 
0.666211 1 0.883143 1 0.888215 0.24761 
0.668093 1 0.883851 1 0.888834 0.238507 
0.669972 1 0.884542 1 0.889427 0.229508 
0.671909 1 0.885254 1 0.89003 0.220643 
0.673761 1 0.88592 1 0.890616 0.211938 
0.675574 1 0.886554 1 0.891161 0.203416 
0.677443 1 0.887213 1 0.891712 0.195098 
0.679225 1 0.887832 1 0.892251 0.187004 
0.680962 1 0.888418 1 0.892751 0.179149 
0.682702 1 0.889007 1 0.893244 0.171548 
0.684379 1 0.889566 1 0.89372 0.164213 
0.686012 1 0.890102 1 0.894174 0.157152 
0.687605 1 0.890622 1 0.894612 0.150375 
0.689159 1 0.891127 1 0.895037 0.143889 
0.690674 1 0.891619 1 0.895448 0.137701 
0.692147 1 0.892098 1 0.895848 0.131814 
0.69358 1 0.892564 1 0.896236 0.126235 
0.694931 1 0.89299 1 0.896607 0.120962 
0.696226 1 0.893392 1 0.896956 0.115992 
0.697517 1 0.893816 1 0.897295 0.111329 
0.698777 1 0.894242 1 0.897636 0.106967 
0.7 1 0.894659 1 0.897972 0.102903 
0.701148 1 0.895037 1 0.898298 0.0991275 
0.702244 1 0.895397 1 0.898606 0.0956394 
0.703296 1 0.895748 1 0.898902 0.09243 
0.70435 1 0.896124 1 0.899193 0.0894923 
0.70538 1 0.896503 1 0.89949 0.0868136 
0.70638 1 0.896877 1 0.899787 0.0843839 
0.707351 1 0.897244 1 0.90008 0.0821941 
0.708294 1 0.897603 1 0.90037 0.080231 
0.709209 1 0.897956 1 0.900657 0.0784801 
0.710099 1 0.898304 1 0.900941 0.0769311 
0.710966 1 0.898648 1 0.901223 0.0755682 
0.711812 1 0.898989 1 0.901503 0.0743784 
0.71264 1 0.899325 1 0.901781 0.0733441 
0.71345 1 0.899659 1 0.902058 0.0724525 
0.714246 1 0.89999 1 0.902333 0.0716873 
0.71503 1 0.900319 1 0.902606 0.0710335 
0.715805 1 0.900646 1 0.902878 0.0704724 
0.716571 1 0.900971 1 0.90315 0.0699894 
0.717333 1 0.901294 1 0.903421 0.0695687 
0.718092 1 0.901616 1 0.903691 0.0691928 
0.71885 1 0.901936 1 0.90396 0.0688458 
0.719609 1 0.902255 1 0.90423 0.0685114 
0.720372 1 0.902573 1 0.904499 0.0681733 
0.721141 1 0.90289 1 0.904769 0.0678131 
0.721918 1 0.903206 1 0.905038 0.0674145 
0.722704 1 0.903521 1 0.905307 0.066959 
0.723503 1 0.903835 1 0.905576 0.0664319 
0.724316 1 0.904148 1 0.905846 0.065812 
0.725144 1 0.904461 1 0.906115 0.0650852 
0.725991 1 0.904773 1 0.906385 0.0642341 
0.726904 1 0.905104 1 0.906659 0.0632409 
0.727809 1 0.905428 1 0.906945 0.0620868 
0.728732 1 0.90574 1 0.90722 0.0607537 
0.729727 1 0.906071 1 0.907498 0.0592222 
0.730715 1 0.906389 1 0.907784 0.0574803 
0.731777 1 0.906718 1 0.908065 0.0555068 
0.732887 1 0.907058 1 0.908354 0.0532879 
0.733981 1 0.907375 1 0.908646 0.0508037 
0.735153 1 0.9077 1 0.908926 0.0480441 
0.73638 1 0.908036 1 0.909211 0.0449911 
0.737654 1 0.908375 1 0.909501 0.0416349 
0.738975 1 0.908712 1 0.909792 0.0379601 
0.740342 1 0.909047 1 0.910082 0.0339637 
0.741757 1 0.909378 1 0.91037 0.0296349 
0.743219 1 0.909706 1 0.910656 0.0249711 
0.744729 1 0.910028 1 0.910939 0.0199758 
0.746286 1 0.910346 1 0.911221 0.0146488 
0.746933 1 0.910287 1 0.911156 0.00900212 
0.747545 1 0.910222 1 0.911091 0.00304309 
0.748216 1 0.910161 1 0.91102 -0.00321303 
0.748935 1 0.910104 1 0.910946 -0.00974326 
0.749696 1 0.910049 1 0.910871 -0.0165239 
0.750496 1 0.909993 1 0.910792 -0.0235286 
0.75133 1 0.909922 1 0.9107 -0.0307292 
0.752197 1 0.909831 1 0.910587 -0.0380922 
0.753092 1 0.909715 1 0.91045 -0.0455884 
0.75401 1 0.909572 1 0.91029 -0.0531818 
0.754947 1 0.909402 1 0.910104 -0.0608432 
0.755871 1 0.909163 1 0.909854 -0.068545 
0.75678 0 0.908865 0 0.909547 -0.0762582 
0.757675 0 0.908703 0 0.909382 -0.0834123 
0.758556 0 0.908658 0 0.909337 -0.0899831 
0.759425 0 0.908716 0 0.909397 -0.0959409 
0.76028 0 0.908865 0 0.90955 -0.101247 
0.761121 0 0.909101 0 0.909792 -0.105851 
0.761446 1 0.909213 1 0.90982 -0.109684 
0.761811 1 0.909206 1 0.909784 -0.114026 
0.762265 1 0.909095 1 0.909657 -0.118795 
0.762792 1 0.908978 1 0.909526 -0.123914 
0.76338 1 0.908864 1 0.909398 -0.129308 
0.764021 1 0.9087 1 0.90922 -0.134907 
0.764703 1 0.908479 1 0.908987 -0.140651 
0.765377 1 0.908155 1 0.908644 -0.146483 
0.76594 0 0.907662 0 0.908258 -0.152357 
0.766561 0 0.907302 0 0.907974 -0.157721 
0.767196 0 0.907061 0 0.907783 -0.162533 
0.767831 0 0.90693 0 0.907676 -0.16674 
0.76846 0 0.906897 0 0.907648 -0.17028 
0.769083 0 0.906954 0 0.9077 -0.173087 
0.769698 0 0.907097 0 0.907835 -0.17509 
0.770308 0 0.907327 0 0.908059 -0.176216 
0.770911 0 0.907646 0 0.908377 -0.176401 
0.771509 0 0.908055 0 0.90879 -0.175588 
0.772103 0 0.908552 0 0.909296 -0.173736 
0.772693 0 0.909131 0 0.909888 -0.170821 
0.773281 0 0.909782 0 0.910554 -0.166842 
0.773868 0 0.91049 0 0.911278 -0.161818 
0.774454 0 0.911235 0 0.912041 -0.155792 
0.775041 0 0.911996 0 0.91282 -0.148825 
0.775627 0 0.912748 0 0.913592 -0.140996 
0.776215 0 0.913468 0 0.914331 -0.132393 
0.776805 0 0.914132 0 0.915015 -0.123115 
0.777397 0 0.91472 0 0.915623 -0.113259 
0.777992 0 0.915215 0 0.916136 -0.102924 
0.77859 0 0.915603 0 0.916542 -0.0922021 
0.779191 0 0.915875 0 0.91683 -0.0811808 
0.779795 0 0.916026 0 0.916997 -0.0699387 
0.780403 0 0.916055 0 0.917041 -0.0585461 
0.781347 0 0.916318 0 0.916669 -0.0470645 
0.782506 0 0.91655 0 0.916038 -0.0355477 
0.783776 0 0.916647 0 0.915217 -0.0240417 
0.785042 0 0.916554 0 0.914281 -0.0125853 
0.786234 0 0.916345 0 0.913201 -0.00121139 
0.787389 0 0.915976 0 0.91205 0.0100529 
0.788523 0 0.915448 0 0.910864 0.0211853 
0.789643 0 0.91478 0 0.909656 0.0321677 
0.790753 0 0.913996 0 0.908431 0.0429853 
0.791854 0 0.913119 0 0.907195 0.0536268 
0.792948 0 0.912162 0 0.905957 0.0640831 
0.794036 0 0.911139 0 0.904727 0.0743473 
0.795372 0 0.910061 0 0.903305 0.0844145 
0.796865 0 0.908939 0 0.901722 0.0942809 
0.798453 0 0.907761 0 0.900043 0.103944 
0.800096 0 0.906526 0 0.898313 0.113402 
0.801205 0 0.904971 0 0.897242 0.122655 
0.802215 0 0.903289 0 0.896347 0.131703 
0.803284 0 0.901608 0 0.895406 0.140547 
0.804396 0 0.89992 0 0.894443 0.149188 
0.805541 0 0.898227 0 0.893468 0.157628 
0.806714 0 0.896531 0 0.892488 0.165869 
0.80791 0 0.894834 0 0.891505 0.173913 
0.80913 0 0.893137 0 0.890521 0.181764 
0.810043 0 0.891738 0 0.889399 0.189424 
0.810868 0 0.890449 0 0.888218 0.196895 
0.811715 0 0.88915 0 0.887041 0.204182 
0.812597 0 0.887827 0 0.885874 0.211286 
0.813498 0 0.886501 0 0.884711 0.218213 
0.814341 0 0.885246 0 0.883593 0.224964 
0.81511 0 0.884099 0 0.882492 0.231544 
0.815811 0 0.883064 0 0.88149 0.237956 
0.816476 0 0.88209 0 0.880561 0.244202 
0.817121 0 0.881149 0 0.879684 0.250288 
0.817757 0 0.880235 0 0.878846 0.256215 
0.818481 0 0.879248 0 0.877836 0.261989 
0.819232 0 0.878272 0 0.876792 0.267611 
0.819997 0 0.877317 0 0.875743 0.273086 
0.820769 0 0.876387 0 0.874693 0.278417 
0.821546 0 0.87548 0 0.873646 0.283608 
0.822328 0 0.874594 0 0.872602 0.288661 
0.823115 0 0.873732 0 0.871563 0.29358 
0.823906 0 0.872894 0 0.870528 0.298369 
0.8247 0 0.872083 0 0.869499 0.303029 
0.824588 0 0.872549 1 0.869128 0.307559 
0.82465 0 0.872549 1 0.868435 0.311619 
0.824743 0 0.872592 1 0.867893 0.315037 
0.824991 0 0.872531 1 0.867381 0.317598 
0.825286 0 0.872567 0 0.866943 0.319047 
0.825586 0 0.872604 0 0.866452 0.320674 
0.825887 0 0.872646 0 0.865926 0.322454 
0.825912 0 0.87243 0 0.865757 0.324368 
0.825931 0 0.872179 0 0.865614 0.326396 
0.825981 0 0.871956 0 0.86543 0.328522 
0.825871 0 0.871917 1 0.865552 0.330734 
0.825792 0 0.871855 1 0.865686 0.331852 
0.825763 0 0.87182 1 0.865868 0.331616 
0.825885 0 0.871816 1 0.866094 0.32979 
0.826186 0 0.871868 1 0.866298 0.326195 
0.826866 1 0.871748 1 0.866424 0.320775 
0.827824 1 0.871482 1 0.866381 0.314409 
0.828919 1 0.871212 1 0.866296 0.307177 
0.830124 1 0.870978 1 0.866193 0.299193 
0.831449 1 0.870774 1 0.866057 0.290567 
0.832878 1 0.87059 1 0.865891 0.281404 
0.834393 1 0.870415 1 0.865705 0.271817 
0.835987 1 0.87022 1 0.865492 0.261906 
0.837643 1 0.870004 1 0.865258 0.251762 
0.839326 1 0.869785 1 0.865027 0.24147 
0.84101 1 0.869586 1 0.864818 0.231094 
0.840997 0 0.870611 0 0.865701 0.220685 
0.841318 1 0.871024 0 0.866072 0.212 
0.841679 1 0.871155 0 0.866215 0.205832 
0.841859 1 0.871226 0 0.866249 0.202239 
0.842033 1 0.870948 0 0.86594 0.201053 
0.842202 0 0.870359 0 0.865327 0.201951 
0.842381 0 0.869623 0 0.864354 0.203898 
0.842663 0 0.868701 0 0.863225 0.206652 
0.843016 0 0.867655 0 0.862036 0.210022 
0.843394 0 0.866512 0 0.860834 0.21386 
0.843777 0 0.865306 0 0.859599 0.218053 
0.844159 0 0.864054 0 0.858336 0.222511 
0.84454 0 0.862764 0 0.85706 0.227164 
0.844549 0 0.861756 0 0.856057 0.231956 
0.844469 0 0.860805 0 0.855143 0.236843 
0.844405 0 0.859888 0 0.854168 0.24179 
0.844343 0 0.85898 0 0.853179 0.246769 
0.844278 0 0.858079 0 0.852198 0.251756 
0.844212 0 0.857183 0 0.85123 0.256733 
0.844147 0 0.856292 0 0.850278 0.261684 
0.844085 0 0.855405 0 0.84934 0.266597 
0.844025 0 0.854523 0 0.848418 0.271461 
0.84397 0 0.853648 0 0.847516 0.276268 
0.843919 0 0.852781 0 0.846637 0.281011 
0.843872 0 0.851923 0 0.845783 0.285685 
0.84383 0 0.851078 0 0.844955 0.290284 
0.843792 0 0.850245 0 0.844155 0.294805 
0.843764 0 0.849506 0 0.84341 0.299245 
0.843751 0 0.848841 0 0.8427 0.303602 
0.843736 0 0.848228 0 0.842019 0.307875 
0.843734 0 0.847645 0 0.841367 0.312062 
0.843746 0 0.84709 0 0.84075 0.316162 
0.843768 0 0.846563 0 0.840173 0.320174 
0.8438 0 0.846068 0 0.839638 0.324099 
0.843861 0 0.845596 0 0.839077 0.327937 
0.843922 0 0.845146 0 0.838529 0.331687 
0.843981 0 0.844722 0 0.838016 0.335349 
0.844048 0 0.844325 0 0.837526 0.338925 
0.844106 0 0.84396 0 0.837083 0.342415 
0.84417 0 0.84363 0 0.836682 0.345819 
0.84424 0 0.843334 0 0.836317 0.349139 
0.844317 0 0.843072 0 0.835983 0.352374 
0.844401 0 0.842844 0 0.835678 0.355527 
0.844491 0 0.842648 0 0.835402 0.358597 
0.844587 0 0.842484 0 0.835154 0.361586 
0.844689 0 0.842351 0 0.834936 0.364495 
0.844797 0 0.842249 0 0.834747 0.367325 
0.844911 0 0.842176 0 0.834587 0.370077 
