0.267385 0 0.390799 0 0.390798 0.500001 
0.267231 0 0.394214 0 0.393842 0.499083 
0.266997 0 0.397705 0 0.396809 0.49776 
0.266725 0 0.401245 0 0.39975 0.49593 
0.266454 0 0.404822 0 0.402698 0.493498 
0.266187 0 0.408393 0 0.405644 0.490386 
0.265918 0 0.411931 0 0.40856 0.486541 
0.265654 0 0.415419 0 0.411429 0.481938 
0.265394 0 0.418836 0 0.414229 0.476573 
0.265132 0 0.422152 0 0.416934 0.470462 
0.264868 0 0.425346 0 0.419526 0.463628 
0.26461 0 0.428407 0 0.421989 0.456098 
0.264357 0 0.43132 0 0.424309 0.4479 
0.264101 0 0.434061 0 0.426467 0.439064 
0.263845 0 0.436621 0 0.428454 0.429629 
0.263596 0 0.439004 0 0.430269 0.41965 
0.263352 0 0.441205 0 0.431908 0.409205 
0.263108 0 0.443218 0 0.433368 0.398386 
0.262865 0 0.445049 0 0.434655 0.387301 
0.262629 0 0.446715 0 0.435781 0.376053 
0.2624 0 0.448223 0 0.436753 0.364743 
0.26217 0 0.449574 0 0.437576 0.353458 
0.261941 0 0.450779 0 0.438261 0.342269 
0.26172 0 0.451858 0 0.438823 0.331239 
0.261445 0 0.452715 0 0.439248 0.320414 
0.261285 0 0.453481 0 0.439771 0.30983 
0.261186 0 0.454165 0 0.44029 0.299517 
0.26112 0 0.454766 0 0.440758 0.289493 
0.261017 0 0.455265 0 0.441088 0.279773 
0.260898 0 0.455673 0 0.441321 0.270364 
0.260744 0 0.455971 0 0.441462 0.261271 
0.26057 0 0.456181 0 0.441519 0.252493 
0.260375 0 0.456315 0 0.441494 0.244027 
0.260158 0 0.456373 0 0.441388 0.235867 
0.259922 0 0.456366 0 0.441212 0.228005 
0.259837 0 0.45645 0 0.441159 0.220433 
0.259848 0 0.456582 0 0.441175 0.213139 
0.259911 0 0.456719 0 0.441218 0.206113 
0.260006 0 0.456848 0 0.441266 0.199342 
0.260132 0 0.456976 0 0.441318 0.192815 
0.260282 0 0.457102 0 0.44137 0.186519 
0.260449 0 0.457221 0 0.441419 0.180441 
0.260634 0 0.457334 0 0.441466 0.174569 
0.260842 0 0.457451 0 0.441516 0.168891 
0.261071 0 0.457573 0 0.441568 0.163395 
0.261314 0 0.457693 0 0.441619 0.158069 
0.261572 0 0.457812 0 0.441671 0.152902 
0.261853 0 0.45794 0 0.441729 0.147884 
0.262153 0 0.458077 0 0.441791 0.143004 
0.262466 0 0.458216 0 0.441856 0.138254 
0.262793 0 0.458357 0 0.441922 0.133624 
0.263141 0 0.45851 0 0.441996 0.129105 
0.263507 0 0.458673 0 0.442074 0.124691 
0.263884 0 0.458839 0 0.442154 0.120374 
0.264274 0 0.45901 0 0.442235 0.116148 
0.264682 0 0.459193 0 0.442323 0.112005 
0.265106 0 0.459388 0 0.442415 0.107943 
0.26554 0 0.459587 0 0.442508 0.103954 
0.265984 0 0.459791 0 0.442601 0.100035 
0.266444 0 0.460008 0 0.442699 0.0961823 
0.266918 0 0.460238 0 0.442801 0.0923922 
0.267399 0 0.460472 0 0.442901 0.0886621 
0.267889 0 0.460712 0 0.443001 0.0849893 
0.268392 0 0.460967 0 0.443105 0.0813719 
0.268907 0 0.461235 0 0.443211 0.0778082 
0.269426 0 0.461508 0 0.443315 0.0742968 
0.269952 0 0.461789 0 0.443418 0.070837 
0.270489 0 0.462086 0 0.443524 0.0674279 
0.271035 0 0.462397 0 0.443631 0.0640693 
0.271584 0 0.462715 0 0.443736 0.0607609 
0.272136 0 0.463042 0 0.443839 0.0575032 
0.272697 0 0.463386 0 0.443945 0.0542963 
0.273266 0 0.463747 0 0.444051 0.0511409 
0.273835 0 0.464117 0 0.444155 0.0480376 
0.274405 0 0.464497 0 0.444258 0.0449876 
0.274982 0 0.464897 0 0.444363 0.0419917 
0.275565 0 0.465316 0 0.444469 0.0390514 
0.276145 0 0.465745 0 0.444573 0.0361678 
0.276726 0 0.466189 0 0.444676 0.0333423 
0.277311 0 0.466653 0 0.444781 0.0305766 
0.2779 0 0.467138 0 0.444888 0.0278722 
0.278485 0 0.467638 0 0.444993 0.0252308 
0.279068 0 0.468153 0 0.445098 0.022654 
0.279655 0 0.468692 0 0.445206 0.0201438 
0.280243 0 0.469254 0 0.445316 0.017702 
0.280826 0 0.469832 0 0.445425 0.0153306 
0.281405 0 0.470429 0 0.445534 0.0130315 
0.281987 0 0.471053 0 0.445647 0.0108069 
0.282568 0 0.471702 0 0.445763 0.00865886 
0.283143 0 0.47237 0 0.445878 0.00658977 
0.28353 0 0.472577 0 0.445789 0.0046015 
0.283851 0 0.472497 0 0.445563 0.00269701 
0.284133 0 0.472293 0 0.445312 0.00087786 
0.284404 0 0.47209 0 0.445093 -0.000854244 
0.284754 0 0.471973 0 0.444972 -0.00249688 
0.285165 0 0.471944 0 0.444927 -0.00404722 
0.285619 0 0.471995 0 0.444938 -0.00550216 
0.286099 0 0.47211 0 0.444994 -0.0068577 
0.286597 0 0.472284 0 0.445087 -0.00810955 
0.287114 0 0.472523 0 0.445219 -0.00925279 
0.287645 0 0.472824 0 0.445385 -0.0102814 
0.288181 0 0.473182 0 0.445582 -0.0111887 
0.288722 0 0.473598 0 0.445812 -0.0119671 
0.289272 0 0.474081 0 0.44608 -0.0126079 
0.289831 0 0.474633 0 0.446385 -0.0131008 
0.29028 0 0.475057 0 0.446633 -0.0134343 
0.290648 0 0.475366 0 0.446851 -0.0135957 
0.290971 0 0.475625 0 0.447079 -0.0135701 
0.291272 0 0.475891 0 0.447343 -0.0133413 
0.291558 0 0.476196 0 0.447658 -0.0128903 
0.291842 0 0.476558 0 0.448032 -0.012196 
0.29213 0 0.476989 0 0.448475 -0.0112347 
0.292424 0 0.477489 0 0.448987 -0.00997972 
0.292716 0 0.478054 0 0.449573 -0.00840155 
0.293011 0 0.478692 0 0.45024 -0.00646748 
0.293314 0 0.479416 0 0.451 -0.00414183 
0.293626 0 0.480234 0 0.451862 -0.00138593 
0.293943 0 0.481149 0 0.452832 0.00184052 
0.294268 0 0.48217 0 0.45392 0.0055789 
0.29461 0 0.483313 0 0.455139 0.00986922 
0.29497 0 0.484583 0 0.456495 0.0147465 
0.295343 0 0.485979 0 0.457991 0.0202366 
0.295733 0 0.487503 0 0.459631 0.0263506 
0.296147 0 0.489162 0 0.461418 0.0330795 
0.296585 0 0.490946 0 0.463343 0.0403903 
0.297038 0 0.492839 0 0.465392 0.0482266 
0.297507 0 0.494827 0 0.467549 0.0565125 
0.297997 0 0.4969 0 0.469799 0.0651603 
0.298502 0 0.499037 0 0.47212 0.074079 
0.299014 0 0.501213 0 0.474487 0.0831813 
0.299531 0 0.50341 0 0.476884 0.0923895 
0.300056 0 0.505619 0 0.479297 0.101637 
0.300586 0 0.507824 0 0.481711 0.110868 
0.301113 0 0.510008 0 0.484113 0.12004 
0.301637 0 0.512163 0 0.486494 0.129119 
0.302162 0 0.514288 0 0.488852 0.138078 
0.302687 0 0.516378 0 0.491182 0.146899 
0.303204 0 0.518422 0 0.493477 0.155567 
0.303714 0 0.520418 0 0.495735 0.164072 
0.304223 0 0.522372 0 0.49796 0.172407 
0.30473 0 0.524282 0 0.500148 0.180567 
0.305228 0 0.52614 0 0.502296 0.188551 
0.305719 0 0.527944 0 0.504405 0.196356 
0.306207 0 0.529703 0 0.506476 0.203984 
0.306693 0 0.531412 0 0.508506 0.211433 
0.307169 0 0.533063 0 0.510491 0.218707 
0.307637 0 0.534653 0 0.51243 0.225807 
0.308103 0 0.536188 0 0.514322 0.232734 
0.308565 0 0.537662 0 0.516162 0.239491 
0.309018 0 0.539063 0 0.517945 0.246079 
0.309462 0 0.540389 0 0.519665 0.252502 
0.309904 0 0.541644 0 0.521324 0.258761 
0.310341 0 0.542821 0 0.522917 0.264859 
0.310769 0 0.543909 0 0.524435 0.270796 
0.311188 0 0.544906 0 0.525878 0.276574 
0.311603 0 0.545818 0 0.527248 0.282194 
0.312014 0 0.546641 0 0.52854 0.287656 
0.312415 0 0.547366 0 0.529753 0.292959 
0.312805 0 0.547995 0 0.530885 0.298103 
0.313192 0 0.548536 0 0.531944 0.303084 
0.313737 0 0.549246 0 0.533253 0.307899 
0.314391 0 0.550021 0 0.534616 0.31254 
0.315081 0 0.550733 0 0.535918 0.317 
0.315821 0 0.551401 0 0.537144 0.321265 
0.316563 0 0.55199 0 0.538305 0.32532 
0.317302 0 0.552495 0 0.539398 0.329141 
0.318039 0 0.552918 0 0.540428 0.332701 
0.31878 0 0.553269 0 0.5414 0.335961 
0.319525 0 0.553548 0 0.542314 0.338877 
0.320266 0 0.553746 0 0.543165 0.341392 
0.321005 0 0.553865 0 0.543955 0.343441 
0.32168 0 0.553834 0 0.544677 0.34495 
0.322358 0 0.553754 0 0.545296 0.345839 
0.323034 0 0.553595 0 0.54583 0.346028 
0.323709 0 0.553355 0 0.546292 0.345444 
0.324391 0 0.553043 0 0.546688 0.344028 
0.325079 0 0.552661 0 0.547021 0.341741 
0.325766 0 0.552206 0 0.547291 0.338571 
0.326454 0 0.551688 0 0.547506 0.334536 
0.32715 0 0.551123 0 0.547679 0.329681 
0.327853 0 0.55052 0 0.547818 0.324074 
0.328555 0 0.549881 0 0.54793 0.317802 
0.329258 0 0.549219 0 0.548028 0.310964 
0.329967 0 0.548555 0 0.548128 0.303667 
0.330681 0 0.547899 0 0.548243 0.296018 
0.331204 0 0.547322 0 0.547319 0.288122 
0.331626 0 0.54676 0 0.545948 0.28008 
0.331846 0 0.545599 0 0.544859 0.271984 
0.331962 0 0.544261 0 0.543854 0.263923 
0.332073 0 0.542955 0 0.542883 0.25598 
0.33218 0 0.541692 0 0.541959 0.248228 
0.332236 0 0.540414 0 0.541114 0.240738 
0.332261 0 0.539168 0 0.540335 0.233571 
0.332281 0 0.537995 0 0.539629 0.226783 
0.332283 0 0.536885 0 0.539009 0.220423 
0.332281 0 0.535865 0 0.538489 0.214531 
0.332282 0 0.534945 0 0.538078 0.209141 
0.332283 0 0.534127 0 0.537778 0.204278 
0.332288 0 0.533418 0 0.537595 0.199957 
0.332308 0 0.53283 0 0.537538 0.196183 
0.332341 0 0.532364 0 0.537606 0.192952 
0.332383 0 0.532011 0 0.537794 0.190245 
0.332435 0 0.531769 0 0.538101 0.188036 
0.332505 0 0.53164 0 0.538524 0.186282 
0.33259 0 0.531614 0 0.539054 0.18493 
0.332684 0 0.531672 0 0.539676 0.183914 
0.332787 0 0.531801 0 0.540377 0.183155 
0.332904 0 0.531992 0 0.541145 0.182564 
0.333034 0 0.532224 0 0.54196 0.182045 
0.333167 0 0.532468 0 0.542796 0.181493 
0.333303 0 0.532703 0 0.543631 0.180808 
0.333449 0 0.532915 0 0.544449 0.179889 
0.333602 0 0.533082 0 0.545226 0.178648 
0.333754 0 0.533179 0 0.545939 0.177012 
0.333908 0 0.533191 0 0.546573 0.174927 
0.334071 0 0.533117 0 0.54712 0.172357 
0.334243 0 0.532946 0 0.547571 0.169287 
0.334417 0 0.532667 0 0.547918 0.165722 
0.334597 0 0.532282 0 0.548161 0.161682 
0.334789 0 0.531801 0 0.548308 0.157201 
0.334951 0 0.531327 0 0.547868 0.152322 
0.334999 0 0.530607 0 0.547038 0.147096 
0.334972 0 0.529709 0 0.545935 0.141575 
0.334912 0 0.528706 0 0.544668 0.135816 
0.33482 0 0.527579 0 0.543328 0.129871 
0.334727 0 0.526367 0 0.54192 0.123795 
0.334635 0 0.525082 0 0.540456 0.117635 
0.33455 0 0.523745 0 0.538953 0.111439 
0.334466 0 0.522389 0 0.537469 0.105248 
0.334376 0 0.521002 0 0.535976 0.0990997 
0.334283 0 0.519596 0 0.534478 0.0930274 
0.334199 0 0.518198 0 0.532996 0.0870609 
0.334116 0 0.516835 0 0.531431 0.0812266 
0.334262 0 0.515916 0 0.530284 0.075547 
0.334491 0 0.515059 0 0.529221 0.0700439 
0.334731 0 0.514178 0 0.528135 0.0647354 
0.334976 0 0.51334 0 0.527092 0.0596381 
0.335217 0 0.512546 0 0.526092 0.0547673 
0.335458 0 0.511803 0 0.525143 0.0501365 
0.335703 0 0.511125 0 0.524254 0.0457593 
0.335952 0 0.510517 0 0.52343 0.0416483 
0.336198 0 0.509976 0 0.522671 0.0378162 
0.336441 0 0.509508 0 0.521982 0.0342761 
0.33669 0 0.509127 0 0.521372 0.0310418 
0.336941 0 0.508837 0 0.520847 0.0281279 
0.337188 0 0.508634 0 0.520404 0.0255509 
0.337433 0 0.508527 0 0.520052 0.0233288 
0.337777 0 0.508715 0 0.519933 0.0214822 
0.338062 0 0.50891 0 0.51991 0.0200347 
0.338298 0 0.509156 0 0.519956 0.0190132 
0.338501 0 0.5095 0 0.520103 0.0184485 
0.338706 0 0.509985 0 0.520379 0.0183756 
0.338994 0 0.510688 0 0.520858 0.0188339 
0.33934 0 0.511617 0 0.521547 0.0198668 
0.339729 0 0.512767 0 0.522439 0.0215208 
0.340156 0 0.514142 0 0.523536 0.0238437 
0.34061 0 0.515742 0 0.524837 0.0268806 
0.341078 0 0.517564 0 0.52634 0.0306683 
0.341557 0 0.51961 0 0.528046 0.0352272 
0.342053 0 0.521885 0 0.529953 0.0405553 
0.342561 0 0.524377 0 0.53205 0.0466213 
0.343076 0 0.527059 0 0.534311 0.0533643 
0.343552 0 0.529009 0 0.536448 0.0606976 
0.343881 0 0.530682 0 0.538241 0.0685182 
0.344148 0 0.532268 0 0.540023 0.0767171 
0.344305 0 0.533944 0 0.541745 0.0851894 
0.344461 0 0.53567 0 0.543502 0.0938412 
0.344624 0 0.537432 0 0.54528 0.102592 
0.344792 0 0.539211 0 0.547059 0.111374 
0.344958 0 0.540985 0 0.548819 0.120136 
0.345126 0 0.542742 0 0.55055 0.128833 
0.345301 0 0.54448 0 0.552247 0.137434 
0.345427 0 0.546233 0 0.553866 0.145912 
0.345513 0 0.547939 0 0.555396 0.154248 
0.345602 0 0.549592 0 0.556862 0.162427 
0.345699 0 0.551192 0 0.558262 0.170436 
0.345803 0 0.552732 0 0.559589 0.178267 
0.345884 0 0.554208 0 0.560826 0.185912 
0.345952 0 0.555614 0 0.561971 0.193364 
0.346019 0 0.556952 0 0.56303 0.200618 
0.34609 0 0.558221 0 0.564002 0.207667 
0.346161 0 0.559414 0 0.564886 0.214506 
0.346277 0 0.56067 0 0.566022 0.221129 
0.346442 0 0.561902 0 0.567227 0.227528 
0.346624 0 0.563035 0 0.568354 0.233694 
0.346805 0 0.564059 0 0.569376 0.239616 
0.347059 0 0.564633 0 0.570292 0.245282 
0.34738 0 0.565167 0 0.571204 0.250674 
0.347726 0 0.565599 0 0.572031 0.255774 
0.348066 0 0.565909 0 0.572755 0.260555 
0.348406 0 0.56613 0 0.573393 0.264989 
0.348753 0 0.56627 0 0.573951 0.269041 
0.349106 0 0.566329 0 0.574426 0.272672 
0.349458 0 0.566299 0 0.574814 0.275839 
0.349811 0 0.566181 0 0.575117 0.278494 
0.350171 0 0.565982 0 0.575339 0.280588 
0.350538 0 0.565704 0 0.575479 0.282077 
0.350904 0 0.565338 0 0.575532 0.28292 
0.351257 0 0.564892 0 0.575532 0.283085 
0.351618 0 0.564377 0 0.575469 0.282554 
0.352005 0 0.563816 0 0.575254 0.281322 
0.35242 0 0.563219 0 0.574974 0.279402 
0.352869 0 0.562604 0 0.574658 0.276824 
0.353355 0 0.561992 0 0.57432 0.27363 
0.353859 0 0.561369 0 0.573959 0.269878 
0.354387 0 0.560751 0 0.573591 0.265634 
0.354945 0 0.56017 0 0.573222 0.260972 
0.355542 0 0.559645 0 0.572877 0.25597 
0.356175 0 0.559185 0 0.572569 0.250707 
0.356837 0 0.558792 0 0.572305 0.245265 
0.357528 0 0.558481 0 0.572101 0.239724 
0.358256 0 0.558277 0 0.571977 0.234162 
0.359022 0 0.558192 0 0.571944 0.228655 
0.35982 0 0.558232 0 0.572012 0.223276 
0.360651 0 0.55841 0 0.572193 0.218094 
0.361523 0 0.558745 0 0.572501 0.213171 
0.362433 0 0.559243 0 0.572943 0.208564 
0.363371 0 0.559899 0 0.573517 0.20432 
0.364334 0 0.560715 0 0.574228 0.200473 
0.365322 0 0.561694 0 0.575075 0.197045 
0.366326 0 0.562828 0 0.57605 0.19404 
0.367328 0 0.564096 0 0.577136 0.191444 
0.368119 0 0.565367 0 0.577772 0.189224 
0.368735 0 0.56673 0 0.578006 0.187326 
0.369376 0 0.56817 0 0.578236 0.185673 
0.370012 0 0.569646 0 0.578521 0.184172 
0.370645 0 0.571136 0 0.578841 0.182713 
0.371282 0 0.572624 0 0.579176 0.18118 
0.371923 0 0.574081 0 0.579498 0.179464 
0.372562 0 0.575476 0 0.57978 0.177474 
0.3732 0 0.576788 0 0.580003 0.175147 
0.373844 0 0.578011 0 0.580156 0.172448 
0.374494 0 0.579134 0 0.58023 0.169364 
0.375142 0 0.580144 0 0.580215 0.165901 
0.37579 0 0.581041 0 0.580109 0.162077 
0.376444 0 0.581834 0 0.57992 0.157919 
0.377103 0 0.582525 0 0.579648 0.153457 
0.377761 0 0.583109 0 0.579292 0.148722 
0.378417 0 0.583594 0 0.578857 0.143749 
0.37908 0 0.583993 0 0.578354 0.138569 
0.379695 0 0.58424 0 0.577599 0.133213 
0.380249 0 0.584315 0 0.576629 0.127711 
0.38075 0 0.584246 0 0.575502 0.122091 
0.381217 0 0.584069 0 0.574271 0.116378 
0.381714 0 0.583752 0 0.573512 0.110596 
0.38223 0 0.583343 0 0.572831 0.104768 
0.382734 0 0.582816 0 0.572072 0.098916 
0.383225 0 0.582207 0 0.571227 0.0930592 
0.38372 0 0.581577 0 0.570356 0.0872155 
0.384214 0 0.580925 0 0.569459 0.0814011 
0.384708 0 0.580257 0 0.56854 0.0756299 
0.385209 0 0.579585 0 0.567608 0.069914 
0.385714 0 0.578911 0 0.566667 0.0642633 
0.38614 0 0.578223 0 0.565686 0.0586853 
0.386565 0 0.577535 0 0.564698 0.053185 
0.387063 0 0.576835 0 0.563687 0.0477646 
0.387587 0 0.576226 0 0.562777 0.0424229 
0.388108 0 0.5756 0 0.561856 0.0371559 
0.388614 0 0.57494 0 0.560896 0.0319556 
0.389116 0 0.574271 0 0.559913 0.0268104 
0.389616 0 0.573603 0 0.558919 0.021704 
0.390112 0 0.572932 0 0.557914 0.0166159 
0.390605 0 0.572253 0 0.556893 0.0115208 
0.391104 0 0.571563 0 0.555853 0.00638881 
0.391605 0 0.570853 0 0.554782 0.00118556 
0.392102 0 0.570106 0 0.553668 -0.00412653 
0.392596 0 0.569314 0 0.552502 -0.00958685 
0.393093 0 0.568476 0 0.551281 -0.0152341 
0.393594 0 0.567582 0 0.549995 -0.021102 
0.39409 0 0.566619 0 0.548636 -0.0272167 
0.394583 0 0.565587 0 0.547202 -0.0335911 
0.395079 0 0.564494 0 0.5457 -0.0402239 
0.395577 0 0.563344 0 0.544134 -0.0470988 
0.396069 0 0.562139 0 0.542508 -0.0541871 
0.396557 0 0.56089 0 0.540835 -0.0614514 
0.397046 0 0.559618 0 0.539131 -0.0688497 
0.397533 0 0.558333 0 0.537406 -0.0763399 
0.398012 0 0.557038 0 0.535667 -0.0838818 
0.398482 0 0.555745 0 0.533926 -0.091439 
0.398947 0 0.554469 0 0.532194 -0.0989798 
0.399405 0 0.553215 0 0.530475 -0.106477 
0.399848 0 0.55198 0 0.52877 -0.113908 
0.400273 0 0.550767 0 0.527084 -0.121253 
0.400685 0 0.549587 0 0.525422 -0.128497 
0.40108 0 0.548437 0 0.523782 -0.135628 
0.401447 0 0.547311 0 0.522161 -0.142633 
0.401786 0 0.546207 0 0.520559 -0.149505 
0.402099 0 0.545133 0 0.518977 -0.156236 
0.402381 0 0.544083 0 0.517413 -0.162819 
0.402625 0 0.543051 0 0.51586 -0.169249 
0.402828 0 0.542034 0 0.514318 -0.175521 
0.402995 0 0.541041 0 0.512791 -0.181629 
0.403125 0 0.54007 0 0.511275 -0.187567 
0.403209 0 0.539115 0 0.509768 -0.193329 
0.403115 0 0.537591 0 0.507979 -0.198907 
0.403009 0 0.53585 0 0.506084 -0.204293 
0.40292 0 0.534132 0 0.504271 -0.209475 
0.402859 0 0.53255 0 0.502555 -0.214439 
0.402817 0 0.531076 0 0.500931 -0.21917 
0.402795 0 0.529716 0 0.499406 -0.223645 
0.402789 0 0.528478 0 0.497983 -0.227838 
0.402792 0 0.527363 0 0.496667 -0.231717 
0.402806 0 0.526383 0 0.495464 -0.235243 
0.402834 0 0.525553 0 0.494388 -0.23837 
0.402876 0 0.524886 0 0.493449 -0.241041 
0.402926 0 0.524389 0 0.492657 -0.243191 
0.403008 0 0.523932 0 0.492033 -0.244744 
0.40311 0 0.52359 0 0.491586 -0.245613 
0.40323 0 0.523423 0 0.491347 -0.2457 
0.403362 0 0.523477 0 0.491344 -0.244894 
0.403511 0 0.523792 0 0.491603 -0.243072 
0.403683 0 0.524408 0 0.492155 -0.2401 
0.403877 0 0.525351 0 0.493025 -0.235844 
0.404087 0 0.526639 0 0.494237 -0.230183 
0.404315 0 0.528292 0 0.495809 -0.223036 
0.404567 0 0.530322 0 0.497754 -0.214391 
0.404843 0 0.532715 0 0.500055 -0.204326 
0.405135 0 0.535433 0 0.502679 -0.193005 
0.405444 0 0.538427 0 0.505577 -0.180648 
0.405774 0 0.541651 0 0.5087 -0.167503 
0.406121 0 0.545046 0 0.511991 -0.153808 
0.406476 0 0.548555 0 0.515396 -0.139768 
0.406837 0 0.552135 0 0.518875 -0.125553 
0.407209 0 0.555757 0 0.522396 -0.111293 
0.407588 0 0.559391 0 0.525932 -0.0970863 
0.407966 0 0.563009 0 0.529459 -0.0830053 
0.408343 0 0.566595 0 0.532962 -0.0691021 
0.408725 0 0.570142 0 0.536432 -0.0554128 
0.409109 0 0.57364 0 0.539859 -0.0419633 
0.409489 0 0.577075 0 0.543234 -0.0287708 
0.409865 0 0.58044 0 0.546552 -0.0158465 
0.410244 0 0.583739 0 0.549812 -0.00319762 
0.410624 0 0.586968 0 0.55301 0.00917243 
0.410998 0 0.590114 0 0.556139 0.0212621 
0.411368 0 0.593177 0 0.559197 0.0330719 
0.41174 0 0.596162 0 0.562186 0.044603 
0.412112 0 0.599063 0 0.565101 0.0558579 
0.412478 0 0.60187 0 0.567934 0.0668396 
0.412839 0 0.604582 0 0.570685 0.0775513 
0.413203 0 0.607201 0 0.573354 0.0879966 
0.413566 0 0.609724 0 0.575934 0.0981791 
0.413924 0 0.61214 0 0.578421 0.108102 
0.414276 0 0.614447 0 0.580815 0.11777 
0.41463 0 0.616651 0 0.583119 0.127185 
0.414984 0 0.618751 0 0.585332 0.136352 
0.415332 0 0.62074 0 0.587454 0.145272 
0.415674 0 0.622619 0 0.589489 0.153947 
0.416018 0 0.624399 0 0.591445 0.162381 
0.416361 0 0.626082 0 0.593325 0.170576 
0.416698 0 0.627661 0 0.59513 0.178533 
0.417029 0 0.62914 0 0.596864 0.186254 
0.417362 0 0.63053 0 0.598535 0.193742 
0.417693 0 0.631831 0 0.600143 0.201001 
0.418212 0 0.633392 0 0.60205 0.208037 
0.418854 0 0.635026 0 0.603987 0.214857 
0.419571 0 0.636629 0 0.605859 0.221474 
0.420325 0 0.638165 0 0.607703 0.227901 
0.421079 0 0.639641 0 0.609506 0.234158 
0.421835 0 0.641065 0 0.611278 0.240263 
0.422597 0 0.642454 0 0.613031 0.246234 
0.423365 0 0.643814 0 0.61477 0.252085 
0.424132 0 0.645142 0 0.616497 0.257828 
0.425182 0 0.646766 0 0.618271 0.263466 
0.426463 0 0.648621 0 0.620181 0.269001 
0.427914 0 0.650639 0 0.622213 0.274434 
0.429478 0 0.652759 0 0.624328 0.279762 
0.431116 0 0.654943 0 0.626502 0.284983 
0.432807 0 0.657175 0 0.628724 0.290097 
0.434529 0 0.659438 0 0.630986 0.295101 
0.436263 0 0.66171 0 0.63328 0.299994 
0.437999 0 0.663985 0 0.635603 0.304777 
0.43952 0 0.666156 0 0.637728 0.309449 
0.440832 0 0.66817 0 0.639672 0.31401 
0.44199 0 0.670029 0 0.641498 0.31846 
0.443038 0 0.671769 0 0.643258 0.322801 
0.444017 0 0.673437 0 0.644986 0.327032 
0.444948 0 0.67506 0 0.646698 0.331156 
0.445837 0 0.676648 0 0.648402 0.335173 
0.446695 0 0.678206 0 0.650104 0.339084 
0.447533 0 0.679747 0 0.651812 0.342891 
0.448352 0 0.681269 0 0.653527 0.346594 
0.449148 0 0.682765 0 0.655248 0.350196 
0.449922 0 0.684235 0 0.656977 0.353697 
0.450682 0 0.685691 0 0.658718 0.357099 
0.451428 0 0.68713 0 0.660471 0.360402 
0.452152 0 0.688543 0 0.662232 0.363609 
0.452857 0 0.689933 0 0.664002 0.36672 
0.453549 0 0.691306 0 0.665784 0.369737 
0.454227 0 0.692662 0 0.667576 0.372661 
0.454884 0 0.693992 0 0.669374 0.375493 
0.455521 0 0.695294 0 0.671179 0.378234 
0.456145 0 0.696579 0 0.672994 0.380885 
0.456756 0 0.697845 0 0.674816 0.383447 
0.457346 0 0.699081 0 0.676642 0.385921 
0.457671 0 0.700299 0 0.67758 0.388308 
0.457848 0 0.701485 0 0.678077 0.390609 
0.457965 0 0.702676 0 0.678446 0.392824 
0.458077 0 0.703856 0 0.678827 0.394953 
0.458185 0 0.705026 0 0.679219 0.396997 
0.458433 0 0.705996 0 0.680278 0.398955 
0.458797 0 0.706996 0 0.681611 0.400828 
0.459223 0 0.708035 0 0.683037 0.402616 
0.459648 0 0.709077 0 0.684471 0.404319 
0.46008 0 0.710127 0 0.685915 0.405934 
0.460516 0 0.711184 0 0.687366 0.407462 
0.460951 0 0.712237 0 0.688819 0.408901 
0.461385 0 0.713287 0 0.690274 0.410247 
0.461862 0 0.71436 0 0.691803 0.411496 
0.462341 0 0.715467 0 0.693161 0.412643 
0.4628 0 0.71657 0 0.694406 0.41368 
0.463253 0 0.717674 0 0.695588 0.414594 
0.463715 0 0.718788 0 0.696745 0.41537 
0.46419 0 0.719905 0 0.697887 0.415985 
0.464667 0 0.721004 0 0.699001 0.41641 
0.465145 0 0.722071 0 0.700076 0.416605 
0.465628 0 0.723106 0 0.701101 0.416522 
0.46611 0 0.724095 0 0.702064 0.416109 
0.466586 0 0.725021 0 0.702951 0.415307 
0.467056 0 0.725875 0 0.703757 0.414061 
0.467527 0 0.726656 0 0.704479 0.412321 
0.467996 0 0.727354 0 0.705109 0.41005 
0.468457 0 0.72795 0 0.705636 0.407223 
0.468908 0 0.728439 0 0.706054 0.403828 
0.469357 0 0.72882 0 0.706363 0.399868 
0.469801 0 0.72909 0 0.706557 0.395359 
0.470232 0 0.729236 0 0.706629 0.390325 
0.470652 0 0.729258 0 0.706579 0.384802 
0.471067 0 0.729164 0 0.706412 0.378827 
0.471477 0 0.728954 0 0.706126 0.372444 
0.471872 0 0.728622 0 0.705721 0.365696 
0.472256 0 0.728173 0 0.705201 0.358628 
0.472635 0 0.727619 0 0.704573 0.351281 
0.473008 0 0.726964 0 0.703841 0.343697 
0.473368 0 0.726205 0 0.703006 0.335914 
0.473715 0 0.725349 0 0.702073 0.327965 
0.474058 0 0.724409 0 0.701053 0.319884 
0.474395 0 0.723391 0 0.699949 0.311698 
0.474719 0 0.722293 0 0.698764 0.303434 
0.475031 0 0.721122 0 0.697504 0.295116 
0.475338 0 0.719893 0 0.696179 0.286764 
0.475639 0 0.718609 0 0.694791 0.278397 
0.475928 0 0.717271 0 0.693344 0.270031 
0.476204 0 0.715883 0 0.691842 0.261682 
0.476661 0 0.715009 0 0.690738 0.253363 
0.477155 0 0.714107 0 0.689612 0.245088 
0.477688 0 0.713129 0 0.688371 0.236868 
0.47822 0 0.71214 0 0.687117 0.228715 
0.478759 0 0.711152 0 0.685856 0.220638 
0.479302 0 0.710167 0 0.68459 0.212647 
0.479843 0 0.709185 0 0.683319 0.204751 
0.480383 0 0.70821 0 0.682045 0.196958 
0.480929 0 0.707254 0 0.680775 0.189276 
0.481479 0 0.70632 0 0.679508 0.181715 
0.482026 0 0.705405 0 0.678245 0.174281 
0.482572 0 0.704513 0 0.676988 0.166981 
0.483105 0 0.70358 0 0.675659 0.159823 
0.483641 0 0.702688 0 0.67441 0.152814 
0.48417 0 0.701801 0 0.673163 0.145959 
0.484689 0 0.700918 0 0.671903 0.139263 
0.485209 0 0.700064 0 0.670644 0.132732 
0.485732 0 0.699254 0 0.669401 0.126369 
0.486254 0 0.69849 0 0.66818 0.120178 
0.486776 0 0.697771 0 0.666982 0.11416 
0.487306 0 0.697105 0 0.66581 0.108318 
0.48784 0 0.696487 0 0.66466 0.102653 
0.488372 0 0.695911 0 0.663529 0.0971629 
0.488901 0 0.695378 0 0.662418 0.0918474 
0.489434 0 0.694897 0 0.661332 0.086704 
0.48997 0 0.694467 0 0.660269 0.0817294 
0.490501 0 0.694082 0 0.659228 0.0769193 
0.491029 0 0.693741 0 0.658209 0.072268 
0.49156 0 0.69345 0 0.657214 0.0677689 
0.492092 0 0.693207 0 0.656241 0.0634139 
0.492619 0 0.693003 0 0.655285 0.0591936 
0.49314 0 0.692837 0 0.654345 0.055097 
0.493664 0 0.692712 0 0.65342 0.0511113 
0.494187 0 0.692623 0 0.652507 0.0472218 
0.494704 0 0.692559 0 0.651598 0.0434114 
0.495214 0 0.692517 0 0.65069 0.0396606 
0.495726 0 0.692498 0 0.64978 0.035947 
0.496236 0 0.692491 0 0.64886 0.032245 
0.496739 0 0.692485 0 0.64792 0.0285257 
0.497235 0 0.692469 0 0.646953 0.0247563 
0.497731 0 0.692441 0 0.645953 0.0209008 
0.498225 0 0.692388 0 0.644907 0.0169193 
0.498711 0 0.692292 0 0.643802 0.0127696 
0.49919 0 0.692141 0 0.64263 0.0084079 
0.499668 0 0.691929 0 0.641381 0.00379176 
0.499931 0 0.690942 0 0.639698 -0.00111735 
0.500043 0 0.689367 0 0.637682 -0.00635035 
0.500077 0 0.687487 0 0.635528 -0.0119289 
0.500162 0 0.685588 0 0.633346 -0.0178567 
0.500287 0 0.683661 0 0.63113 -0.0241227 
0.500437 0 0.681703 0 0.62888 -0.0307001 
0.500606 0 0.679722 0 0.626604 -0.0375503 
0.500797 0 0.677739 0 0.624315 -0.044627 
0.501007 0 0.675766 0 0.622022 -0.0518803 
0.501226 0 0.673811 0 0.619735 -0.0592611 
0.501454 0 0.671888 0 0.617467 -0.0667228 
0.501697 0 0.670017 0 0.61523 -0.0742234 
0.501953 0 0.668205 0 0.61303 -0.0817256 
0.502168 0 0.66618 0 0.61081 -0.089197 
0.502358 0 0.664029 0 0.608597 -0.09661 
0.502548 0 0.661851 0 0.606433 -0.103941 
0.502752 0 0.659704 0 0.604338 -0.111168 
0.502972 0 0.65761 0 0.602319 -0.118274 
0.503212 0 0.655576 0 0.600374 -0.125241 
0.503478 0 0.653606 0 0.598505 -0.132052 
0.50377 0 0.651697 0 0.596712 -0.138689 
0.504079 0 0.649847 0 0.594996 -0.145135 
0.504407 0 0.648062 0 0.593365 -0.151365 
0.504759 0 0.646362 0 0.591829 -0.157351 
0.505132 0 0.644756 0 0.590397 -0.163059 
0.50552 0 0.643253 0 0.589076 -0.168443 
0.505922 0 0.64187 0 0.587882 -0.173443 
0.506343 0 0.640635 0 0.586834 -0.177985 
0.50678 0 0.63957 0 0.58595 -0.181971 
0.507225 0 0.638701 0 0.585255 -0.185279 
0.507679 0 0.638066 0 0.584783 -0.187754 
0.508145 0 0.637719 0 0.584578 -0.189207 
0.508623 0 0.637712 0 0.584686 -0.189415 
0.509104 0 0.638097 0 0.585156 -0.188138 
0.50959 0 0.638929 0 0.586035 -0.185157 
0.509647 0 0.639878 0 0.587428 -0.18033 
0.509928 0 0.641319 0 0.58936 -0.173644 
0.510201 0 0.643209 0 0.59169 -0.165233 
0.510467 0 0.645491 0 0.594367 -0.155341 
0.510735 0 0.648097 0 0.59733 -0.144274 
0.511003 0 0.650952 0 0.600512 -0.132335 
0.511268 0 0.653981 0 0.603853 -0.119796 
0.511531 0 0.657128 0 0.607305 -0.106882 
0.511799 0 0.660355 0 0.610831 -0.0937658 
0.512071 0 0.663627 0 0.614401 -0.0805806 
0.512342 0 0.666909 0 0.61799 -0.0674236 
0.512613 0 0.670183 0 0.621583 -0.0543665 
0.512856 0 0.673702 0 0.625039 -0.0414612 
0.513087 0 0.677272 0 0.628446 -0.0287446 
0.513319 0 0.680808 0 0.631835 -0.0162433 
0.513683 0 0.68411 0 0.635288 -0.00397592 
0.514117 0 0.687534 0 0.638811 0.00804454 
0.514616 0 0.691195 0 0.642723 0.0198096 
0.515138 0 0.69482 0 0.646664 0.0313137 
0.515647 0 0.698293 0 0.650527 0.0425544 
0.516292 0 0.701747 0 0.654448 0.0535308 
0.516795 0 0.705116 0 0.658336 0.0642444 
0.517296 0 0.70844 0 0.662216 0.0746983 
0.517798 0 0.711721 0 0.666091 0.0848982 
0.518419 0 0.715008 0 0.669983 0.0948523 
0.519045 0 0.718267 0 0.673875 0.104572 
0.519671 0 0.721494 0 0.67777 0.114071 
0.520298 0 0.724693 0 0.68167 0.123366 
0.520933 0 0.727878 0 0.685582 0.132471 
0.521573 0 0.731046 0 0.689503 0.1414 
0.522212 0 0.734188 0 0.693428 0.15016 
0.52285 0 0.737302 0 0.697355 0.158751 
0.523763 0 0.740736 0 0.701176 0.167175 
0.524834 0 0.744325 0 0.704989 0.175429 
0.525977 0 0.747959 0 0.708787 0.183511 
0.527101 0 0.751533 0 0.712569 0.191421 
0.528128 0 0.755023 0 0.716258 0.199157 
0.529076 0 0.758396 0 0.719846 0.20672 
0.529953 0 0.761632 0 0.723335 0.214111 
0.530769 0 0.764737 0 0.72673 0.221332 
0.531539 0 0.767727 0 0.730042 0.228385 
0.532267 0 0.770608 0 0.73327 0.235271 
0.532949 0 0.773375 0 0.736413 0.241994 
0.533587 0 0.776027 0 0.73947 0.248556 
0.534191 0 0.778572 0 0.742444 0.25496 
0.53476 0 0.781007 0 0.745331 0.261209 
0.535286 0 0.783321 0 0.74813 0.267305 
0.535773 0 0.785516 0 0.750842 0.273253 
0.536227 0 0.7876 0 0.753469 0.279055 
0.536649 0 0.789572 0 0.756012 0.284714 
0.537033 0 0.791425 0 0.758468 0.290233 
0.537382 0 0.793159 0 0.760839 0.295615 
0.537704 0 0.794784 0 0.763131 0.300863 
0.538 0 0.796302 0 0.765342 0.30598 
0.538264 0 0.797703 0 0.767472 0.310968 
0.538499 0 0.798992 0 0.769525 0.31583 
0.538714 0 0.800179 0 0.771505 0.320569 
0.539161 0 0.801485 0 0.773765 0.325188 
0.539493 0 0.802447 0 0.775284 0.329686 
0.539793 0 0.803212 0 0.776384 0.33407 
0.540126 0 0.803934 0 0.777411 0.338341 
0.54053 0 0.804676 0 0.778482 0.342499 
0.540976 0 0.805419 0 0.779563 0.346548 
0.541448 0 0.806154 0 0.780643 0.350489 
0.541943 0 0.80688 0 0.781723 0.354323 
0.542454 0 0.807592 0 0.782798 0.358053 
0.542969 0 0.808278 0 0.783867 0.361678 
0.543487 0 0.808937 0 0.78493 0.365201 
0.544014 0 0.809578 0 0.785992 0.368621 
0.544546 0 0.810201 0 0.787053 0.371941 
0.545078 0 0.810795 0 0.788111 0.37516 
0.545609 0 0.811364 0 0.789169 0.378278 
0.546118 0 0.811915 0 0.790058 0.381296 
0.546592 0 0.812416 0 0.790788 0.384213 
0.547028 0 0.812874 0 0.791402 0.387028 
0.547444 0 0.813309 0 0.791947 0.389742 
0.547855 0 0.81374 0 0.79246 0.392353 
0.548266 0 0.814167 0 0.792952 0.394859 
0.54867 0 0.814581 0 0.793423 0.397259 
0.549067 0 0.81498 0 0.79387 0.399552 
0.549463 0 0.815371 0 0.794293 0.401736 
0.549856 0 0.815755 0 0.794689 0.403808 
0.550238 0 0.816124 0 0.795057 0.405766 
0.550612 0 0.816481 0 0.795399 0.407609 
0.550985 0 0.816836 0 0.795723 0.409333 
0.551355 0 0.817189 0 0.796027 0.410938 
0.551717 0 0.817533 0 0.796311 0.41242 
0.552072 0 0.817869 0 0.796577 0.413778 
0.552426 0 0.818206 0 0.796828 0.415011 
0.552779 0 0.818545 0 0.797065 0.416116 
0.553124 0 0.818876 0 0.797284 0.417094 
0.553462 0 0.819202 0 0.797488 0.417944 
0.5538 0 0.819532 0 0.79768 0.418666 
0.554138 0 0.819864 0 0.79786 0.419262 
0.554468 0 0.820191 0 0.798025 0.419733 
0.554792 0 0.820512 0 0.798177 0.420082 
0.555116 0 0.820838 0 0.798318 0.420311 
0.555441 0 0.821167 0 0.798448 0.420425 
0.555759 0 0.821491 0 0.798564 0.420429 
0.55607 0 0.821809 0 0.798667 0.420327 
0.556383 0 0.822132 0 0.798759 0.420126 
0.556696 0 0.822457 0 0.798841 0.419833 
0.557002 0 0.822776 0 0.798907 0.419454 
0.557303 0 0.82309 0 0.798961 0.418997 
0.557604 0 0.823408 0 0.799005 0.41847 
0.557906 0 0.823728 0 0.799036 0.417881 
0.5582 0 0.824042 0 0.799053 0.417238 
0.558489 0 0.824351 0 0.799057 0.416548 
0.558778 0 0.824664 0 0.799051 0.415818 
0.559067 0 0.824979 0 0.799032 0.415056 
0.559349 0 0.825289 0 0.798999 0.414267 
0.559624 0 0.825594 0 0.798952 0.413454 
0.5599 0 0.825904 0 0.798894 0.412622 
0.560175 0 0.826214 0 0.798821 0.411771 
0.560442 0 0.826518 0 0.798732 0.410898 
0.560703 0 0.826814 0 0.798624 0.409997 
0.560964 0 0.827109 0 0.798499 0.40906 
0.561223 0 0.827398 0 0.798351 0.408071 
0.561475 0 0.82767 0 0.798175 0.40701 
0.561719 0 0.827919 0 0.797965 0.405847 
0.561964 0 0.828147 0 0.797719 0.40455 
0.562208 0 0.828346 0 0.797429 0.403077 
0.562443 0 0.828497 0 0.797084 0.401386 
0.56267 0 0.828592 0 0.796678 0.399435 
0.562896 0 0.828631 0 0.796207 0.397189 
0.56312 0 0.828603 0 0.795664 0.394618 
0.563333 0 0.828496 0 0.795045 0.391706 
0.563537 0 0.828306 0 0.794346 0.388444 
0.563737 0 0.828037 0 0.793568 0.384835 
0.564029 0 0.828221 0 0.793017 0.380886 
0.564338 0 0.82836 0 0.792409 0.376613 
0.56461 0 0.828303 0 0.791617 0.372036 
0.565007 0 0.82823 0 0.790758 0.367176 
0.565399 0 0.828091 0 0.78987 0.362058 
0.565789 0 0.827887 0 0.788933 0.356705 
0.566177 0 0.827624 0 0.787951 0.351142 
0.566571 0 0.827313 0 0.786928 0.345391 
0.566967 0 0.826957 0 0.785867 0.339476 
0.56725 0 0.826568 0 0.784773 0.333419 
0.567531 0 0.826139 0 0.783646 0.327239 
0.567815 0 0.825685 0 0.782492 0.320957 
0.568171 0 0.825111 0 0.781241 0.31459 
0.568564 0 0.824487 0 0.779929 0.308153 
0.568971 0 0.823959 0 0.77877 0.301663 
0.569376 0 0.82338 0 0.777593 0.295134 
0.569768 0 0.822729 0 0.776355 0.288578 
0.570149 0 0.822037 0 0.775075 0.282008 
0.570531 0 0.821335 0 0.773777 0.275435 
0.570925 0 0.820643 0 0.772472 0.268871 
0.571332 0 0.819962 0 0.77116 0.262325 
0.571745 0 0.819286 0 0.769837 0.255808 
0.571972 0 0.818295 0 0.768309 0.249328 
0.571993 0 0.81702 0 0.766607 0.242895 
0.571876 0 0.815555 0 0.764804 0.236515 
0.571664 0 0.81399 0 0.762945 0.230198 
0.571394 0 0.812386 0 0.761053 0.223948 
0.571093 0 0.810772 0 0.75914 0.217774 
0.570774 0 0.809152 0 0.757208 0.211681 
0.570436 0 0.807519 0 0.755261 0.205675 
0.570085 0 0.805872 0 0.753303 0.19976 
0.569729 0 0.804221 0 0.751339 0.193941 
0.569369 0 0.802567 0 0.749372 0.188222 
0.569 0 0.800909 0 0.747403 0.182606 
0.568625 0 0.799248 0 0.745436 0.177094 
0.568249 0 0.797594 0 0.743476 0.171689 
0.567873 0 0.795945 0 0.741522 0.166393 
0.567489 0 0.794296 0 0.739577 0.161204 
0.567099 0 0.792648 0 0.737642 0.156124 
0.566709 0 0.791008 0 0.735722 0.151151 
0.566548 0 0.78968 0 0.734076 0.146284 
0.566525 0 0.788557 0 0.732592 0.141522 
0.566577 0 0.787528 0 0.731181 0.136863 
0.566621 0 0.786517 0 0.729775 0.132304 
0.566596 0 0.785494 0 0.728336 0.127843 
0.56652 0 0.784438 0 0.726884 0.123476 
0.566407 0 0.783353 0 0.725431 0.119198 
0.566273 0 0.782252 0 0.723988 0.115004 
0.566125 0 0.781141 0 0.722559 0.110887 
0.56596 0 0.780022 0 0.721146 0.106841 
0.565783 0 0.778893 0 0.71975 0.102857 
0.565779 0 0.777947 0 0.718521 0.0989246 
0.565863 0 0.776967 0 0.71722 0.0950339 
0.566044 0 0.775983 0 0.715929 0.0911717 
0.566277 0 0.775022 0 0.714653 0.0873231 
0.566543 0 0.774097 0 0.713396 0.0834713 
0.56683 0 0.773203 0 0.712157 0.0795976 
0.567123 0 0.772325 0 0.710927 0.0756806 
0.567421 0 0.771449 0 0.709698 0.0716973 
0.567726 0 0.770567 0 0.708458 0.067622 
0.568036 0 0.769665 0 0.707193 0.0634272 
0.568343 0 0.768727 0 0.705894 0.0590837 
0.568648 0 0.767745 0 0.704553 0.0545615 
0.568956 0 0.76672 0 0.703165 0.0498311 
0.56918 0 0.765436 0 0.701608 0.0448646 
0.569354 0 0.763943 0 0.699948 0.0396387 
0.569527 0 0.762331 0 0.698216 0.034136 
0.569719 0 0.760656 0 0.696449 0.0283475 
0.569933 0 0.758928 0 0.69465 0.0222748 
0.570164 0 0.757132 0 0.692815 0.0159307 
0.570413 0 0.755262 0 0.690944 0.00933861 
0.570686 0 0.753324 0 0.689042 0.00253099 
0.570924 0 0.751231 0 0.687105 -0.0044533 
0.571144 0 0.749024 0 0.685136 -0.0115712 
0.571361 0 0.746744 0 0.683162 -0.0187792 
0.571588 0 0.744418 0 0.6812 -0.0260346 
0.57189 0 0.742127 0 0.679231 -0.0332977 
0.572249 0 0.739891 0 0.677307 -0.0405315 
0.57256 0 0.737605 0 0.675473 -0.0477033 
0.572845 0 0.735277 0 0.673674 -0.0547834 
0.573116 0 0.732933 0 0.671911 -0.0617441 
0.57337 0 0.730596 0 0.670198 -0.0685592 
0.573609 0 0.728285 0 0.668541 -0.0752015 
0.573834 0 0.726017 0 0.666942 -0.081642 
0.574037 0 0.723793 0 0.665397 -0.087846 
0.574203 0 0.721614 0 0.663907 -0.0937721 
0.574324 0 0.719485 0 0.662477 -0.0993681 
0.574399 0 0.717425 0 0.661119 -0.104569 
0.57442 0 0.715452 0 0.659851 -0.109293 
0.574376 0 0.713584 0 0.658699 -0.113436 
0.574264 0 0.711855 0 0.6577 -0.116872 
0.574181 0 0.710389 0 0.656916 -0.11945 
0.574318 0 0.709394 0 0.656378 -0.120999 
0.574433 0 0.708834 0 0.656109 -0.121338 
0.574533 0 0.708673 0 0.656151 -0.120307 
0.574628 0 0.708929 0 0.656536 -0.117794 
0.574723 0 0.709605 0 0.657278 -0.113764 
0.574821 0 0.710725 0 0.658383 -0.108273 
0.574926 0 0.71224 0 0.659819 -0.101458 
0.575044 0 0.714106 0 0.661546 -0.0935103 
0.575333 0 0.71628 0 0.663652 -0.0846431 
0.575716 0 0.718745 0 0.666045 -0.0750649 
0.576154 0 0.721426 0 0.668646 -0.0649635 
0.576622 0 0.724257 0 0.671395 -0.0544985 
0.577105 0 0.727189 0 0.674251 -0.0437995 
0.577588 0 0.730184 0 0.677188 -0.032969 
0.57807 0 0.733221 0 0.680194 -0.0220851 
0.578553 0 0.736292 0 0.683259 -0.0112053 
0.579036 0 0.739385 0 0.686376 -0.000369525 
0.579511 0 0.742487 0 0.689541 0.0103972 
0.579979 0 0.745595 0 0.692754 0.0210824 
0.580445 0 0.748717 0 0.696019 0.031683 
0.581084 0 0.752192 0 0.699618 0.0422003 
0.581864 0 0.755838 0 0.70332 0.0526356 
0.58274 0 0.75953 0 0.707029 0.062984 
0.583617 0 0.763216 0 0.710768 0.0732334 
0.5845 0 0.766922 0 0.714541 0.083367 
0.585384 0 0.770636 0 0.718342 0.0933661 
0.586269 0 0.774351 0 0.722161 0.103214 
0.587162 0 0.778068 0 0.725993 0.112895 
0.588061 0 0.78178 0 0.729827 0.122401 
0.588896 0 0.78543 0 0.7336 0.131722 
0.589676 0 0.788988 0 0.737312 0.140854 
0.590409 0 0.79246 0 0.740966 0.149793 
0.5911 0 0.795847 0 0.744564 0.158538 
0.591745 0 0.79915 0 0.748105 0.167089 
0.592494 0 0.802505 0 0.751642 0.175446 
0.593303 0 0.805895 0 0.755175 0.183612 
0.594132 0 0.80927 0 0.758676 0.191586 
0.594954 0 0.812593 0 0.762131 0.199374 
0.595757 0 0.81585 0 0.765537 0.206976 
0.596545 0 0.819044 0 0.768894 0.214397 
0.597315 0 0.82217 0 0.772202 0.221639 
0.598059 0 0.825219 0 0.775461 0.228705 
0.598779 0 0.828189 0 0.77867 0.2356 
0.599482 0 0.831088 0 0.781833 0.242326 
0.600168 0 0.833913 0 0.784948 0.248887 
0.600832 0 0.836658 0 0.788018 0.255286 
0.601475 0 0.839324 0 0.791042 0.261527 
0.602106 0 0.841918 0 0.794024 0.267613 
0.602725 0 0.844439 0 0.796964 0.273547 
0.603326 0 0.846879 0 0.799863 0.279333 
0.603912 0 0.849239 0 0.802722 0.284973 
0.604491 0 0.851527 0 0.805544 0.290471 
0.605063 0 0.853742 0 0.808329 0.29583 
0.605622 0 0.855875 0 0.811078 0.301053 
0.606171 0 0.857926 0 0.813793 0.306142 
0.606718 0 0.859905 0 0.816475 0.3111 
0.607262 0 0.861808 0 0.819126 0.315929 
0.607798 0 0.863628 0 0.821745 0.320632 
0.608327 0 0.865363 0 0.824334 0.325212 
0.608858 0 0.867023 0 0.826896 0.32967 
0.60917 0 0.868152 0 0.828567 0.334009 
0.609353 0 0.869004 0 0.829555 0.33823 
0.60953 0 0.86964 0 0.830506 0.342335 
0.609752 0 0.870309 0 0.831497 0.346325 
0.610016 0 0.870991 0 0.832528 0.350202 
0.610301 0 0.871667 0 0.833569 0.353967 
0.610602 0 0.872335 0 0.834613 0.35762 
0.61092 0 0.873001 0 0.835665 0.361163 
0.611253 0 0.873665 0 0.836726 0.364595 
0.611319 1 0.873595 0 0.837662 0.367906 
0.611376 1 0.873421 0 0.838611 0.371018 
0.611495 1 0.873319 0 0.839628 0.373891 
0.611629 0 0.873176 0 0.840613 0.376462 
0.611765 0 0.873004 0 0.841575 0.378922 
0.611902 0 0.872805 0 0.842521 0.381268 
0.612065 0 0.872626 0 0.843494 0.383499 
0.612248 0 0.872456 0 0.844484 0.38561 
0.612449 0 0.872288 0 0.845485 0.387601 
0.612665 0 0.872119 0 0.846497 0.389469 
0.612899 0 0.871953 0 0.84752 0.391211 
0.613151 0 0.871789 0 0.848556 0.392825 
0.613422 0 0.871629 0 0.849606 0.394308 
0.613712 0 0.871474 0 0.85067 0.39566 
0.614021 0 0.871322 0 0.851749 0.396878 
0.614349 0 0.871176 0 0.852842 0.397961 
0.614698 0 0.871034 0 0.853951 0.398909 
0.615066 0 0.870898 0 0.855076 0.39972 
0.615029 0 0.870785 1 0.855117 0.400397 
0.61502 0 0.870659 1 0.855089 0.400358 
0.615072 0 0.870452 1 0.85507 0.399421 
0.614989 0 0.870269 0 0.854514 0.397383 
0.614978 0 0.870199 0 0.854056 0.395159 
0.615072 1 0.869939 0 0.854327 0.392759 
0.615701 1 0.870087 1 0.854518 0.388897 
0.616915 1 0.870362 1 0.854893 0.38211 
0.618722 1 0.870937 1 0.855598 0.372288 
0.621055 1 0.871775 1 0.856607 0.359875 
0.623802 1 0.872806 1 0.857841 0.345421 
0.626842 1 0.873961 1 0.859216 0.329588 
0.630071 1 0.875179 1 0.86067 0.312907 
0.633394 1 0.876408 1 0.862144 0.295792 
0.63672 1 0.877596 1 0.863592 0.27853 
0.640024 1 0.878721 1 0.864988 0.261309 
0.643324 1 0.8798 1 0.866343 0.244259 
0.646602 1 0.880828 1 0.867648 0.227466 
0.649845 1 0.881806 1 0.868902 0.210977 
0.653048 1 0.882734 1 0.870101 0.194821 
0.656205 1 0.883612 1 0.871246 0.179016 
0.659313 1 0.884444 1 0.872338 0.163566 
0.662368 1 0.885229 1 0.873378 0.148483 
0.665368 1 0.88597 1 0.874369 0.133762 
0.668312 1 0.886667 1 0.875313 0.119395 
0.6712 1 0.887323 1 0.876212 0.105379 
0.674031 1 0.887941 1 0.877068 0.0917112 
0.676804 1 0.888521 1 0.877884 0.078381 
0.679519 1 0.889067 1 0.878661 0.0653749 
0.682177 1 0.889579 1 0.879403 0.0526936 
0.684777 1 0.890059 1 0.880111 0.0403276 
0.68732 1 0.890508 1 0.880787 0.0282702 
0.689806 1 0.890929 1 0.881433 0.0165129 
0.692235 1 0.891322 1 0.882051 0.00504496 
0.694609 1 0.89169 1 0.882643 -0.00613788 
0.696927 1 0.892032 1 0.883209 -0.017035 
0.69919 1 0.892351 1 0.883753 -0.02766 
0.701398 1 0.892647 1 0.884276 -0.0380174 
0.703552 1 0.892921 1 0.884778 -0.0481176 
0.705653 1 0.893174 1 0.885262 -0.0579716 
0.707702 1 0.893408 1 0.885728 -0.0675736 
0.709698 1 0.893621 1 0.886179 -0.0769349 
0.711643 1 0.893817 1 0.886615 -0.0860636 
0.713538 1 0.893995 1 0.887036 -0.0949612 
0.715383 1 0.894156 1 0.887445 -0.103643 
0.717179 1 0.894301 1 0.887841 -0.112109 
0.718926 1 0.894429 1 0.888228 -0.120354 
0.720626 1 0.894542 1 0.888604 -0.128397 
0.722279 1 0.894639 1 0.88897 -0.136242 
0.723885 1 0.894719 1 0.889329 -0.143888 
0.725446 1 0.894786 1 0.889678 -0.151347 
0.726963 1 0.89484 1 0.89002 -0.158615 
0.728435 1 0.894881 1 0.890354 -0.1657 
0.729864 1 0.894908 1 0.890681 -0.172611 
0.73125 1 0.894922 1 0.891002 -0.179341 
0.732594 1 0.894922 1 0.891316 -0.185911 
0.733897 1 0.894911 1 0.891625 -0.192316 
0.73516 1 0.894887 1 0.891928 -0.198562 
0.736383 1 0.894851 1 0.892226 -0.204654 
0.737555 1 0.894789 1 0.89255 -0.210592 
0.738646 1 0.894539 1 0.892938 -0.216379 
0.73971 1 0.894286 0 0.893338 -0.222023 
0.740745 0 0.89403 0 0.893748 -0.227526 
0.741752 0 0.89377 0 0.894166 -0.232891 
0.74273 0 0.893503 0 0.894591 -0.238123 
0.743679 0 0.89323 0 0.895022 -0.243223 
0.744562 0 0.892672 0 0.895527 -0.248196 
0.745398 0 0.891933 0 0.896066 -0.253044 
0.746184 0 0.891108 0 0.896599 -0.257771 
0.746926 0 0.890246 0 0.897114 -0.26238 
0.747633 0 0.889363 0 0.897619 -0.266872 
0.748318 0 0.888455 0 0.898126 -0.271252 
0.748989 0 0.887514 0 0.898646 -0.275522 
0.749652 0 0.886537 0 0.899182 -0.279683 
0.750307 0 0.885522 0 0.899736 -0.283737 
0.751109 0 0.884295 0 0.901091 -0.287687 
0.751462 0 0.88353 1 0.901209 -0.291526 
0.751879 0 0.882813 1 0.901295 -0.295274 
0.752378 0 0.882063 1 0.901492 -0.298925 
0.752873 0 0.881318 0 0.901696 -0.302483 
0.753364 0 0.880568 0 0.901902 -0.305941 
0.753851 0 0.879811 0 0.90211 -0.309297 
0.754332 0 0.879045 0 0.90232 -0.312546 
0.754809 0 0.878267 0 0.902534 -0.31568 
0.755282 0 0.877478 0 0.902753 -0.318688 
0.755749 0 0.876678 0 0.902983 -0.321552 
0.756269 0 0.876007 0 0.903125 -0.324243 
0.756863 0 0.875386 0 0.903264 -0.326724 
0.757339 0 0.874501 1 0.903601 -0.328937 
0.757897 0 0.873756 1 0.904012 -0.331024 
0.758495 0 0.873053 1 0.90447 -0.332983 
0.759087 0 0.872346 1 0.904946 -0.33481 
0.759659 0 0.871624 1 0.90543 -0.336507 
0.760214 0 0.870895 1 0.905923 -0.338071 
0.760758 0 0.870164 1 0.906426 -0.339501 
0.761296 0 0.869435 1 0.90694 -0.340795 
0.761828 0 0.868709 1 0.907468 -0.341955 
0.762355 0 0.867986 1 0.90801 -0.342978 
0.762877 0 0.867269 1 0.908564 -0.343866 
0.763394 0 0.866558 1 0.909132 -0.344618 
0.763907 0 0.865855 1 0.909713 -0.345234 
0.764416 0 0.865162 1 0.910307 -0.345714 
0.764923 0 0.864479 1 0.910914 -0.346062 
0.765427 0 0.863806 1 0.911535 -0.346276 
0.76593 0 0.863144 1 0.912171 -0.346358 
0.766431 0 0.862492 1 0.912821 -0.34631 
0.76693 0 0.861851 1 0.913486 -0.346135 
0.76743 0 0.86122 1 0.914166 -0.345835 
0.767929 0 0.860599 1 0.914861 -0.345413 
0.768429 0 0.85999 1 0.915571 -0.344871 
0.768931 0 0.859393 1 0.916297 -0.344213 
0.769436 0 0.858807 1 0.917037 -0.343443 
0.769945 0 0.858235 1 0.917793 -0.342565 
0.770459 0 0.857675 1 0.918564 -0.341584 
0.770979 0 0.857128 1 0.91935 -0.340503 
0.771506 0 0.856596 1 0.920151 -0.339327 
0.772041 0 0.856076 1 0.920967 -0.338063 
0.772586 0 0.855571 1 0.921798 -0.336713 
0.773141 0 0.855079 1 0.922644 -0.335284 
0.773707 0 0.854601 1 0.923504 -0.333782 
0.774287 0 0.854136 1 0.924378 -0.332212 
0.774895 0 0.853679 0 0.925275 -0.33058 
0.775364 0 0.853277 1 0.926217 -0.327865 
0.775833 0 0.852901 1 0.92712 -0.325152 
0.776333 0 0.852532 1 0.928046 -0.322439 
0.776863 0 0.85215 0 0.928994 -0.319731 
0.777263 0 0.851842 1 0.930007 -0.315831 
0.777676 0 0.85156 1 0.930968 -0.312017 
0.778119 0 0.851261 0 0.931928 -0.308289 
0.778587 0 0.851046 0 0.933173 -0.303314 
0.777818 0 0.851185 1 0.933135 -0.2971 
0.776753 0 0.851381 1 0.932726 -0.291148 
0.775761 0 0.85153 0 0.932329 -0.285458 
0.774809 0 0.851786 0 0.932232 -0.278535 
0.773882 0 0.852164 0 0.932406 -0.270447 
0.772745 0 0.852674 0 0.932627 -0.261291 
0.771536 0 0.853276 0 0.932985 -0.25118 
0.769858 0 0.853874 1 0.932838 -0.24023 
0.768223 0 0.854518 1 0.932637 -0.229919 
0.766615 0 0.855161 0 0.932366 -0.220225 
0.765021 0 0.855882 0 0.932281 -0.209732 
0.763442 0 0.856673 0 0.932352 -0.198572 
0.761813 0 0.857598 1 0.932216 -0.186866 
0.76027 0 0.85861 1 0.931959 -0.17586 
0.758724 0 0.859597 0 0.931607 -0.165557 
0.757177 0 0.860626 0 0.931369 -0.154724 
0.755662 0 0.861821 1 0.931062 -0.143471 
0.754232 0 0.863048 1 0.930698 -0.132956 
0.752793 0 0.864211 0 0.930224 -0.12319 
0.751413 0 0.865486 1 0.929833 -0.113004 
0.750024 0 0.866688 0 0.929328 -0.103595 
0.748696 0 0.868013 1 0.928883 -0.0938078 
0.747444 0 0.869314 1 0.928416 -0.0848305 
0.74618 0 0.870511 0 0.927816 -0.0766787 
0.744972 0 0.871805 1 0.927323 -0.0681303 
0.743837 0 0.873049 1 0.926818 -0.0604443 
0.742694 0 0.874165 0 0.926164 -0.053646 
0.741599 0 0.875367 1 0.925645 -0.0464276 
0.74058 0 0.8765 1 0.925116 -0.040132 
0.739555 0 0.877482 0 0.924423 -0.0347807 
0.738573 0 0.878529 1 0.92391 -0.0289711 
0.737669 0 0.879496 1 0.923387 -0.0241504 
0.736762 0 0.880292 0 0.922684 -0.0203147 
0.735896 0 0.881156 1 0.922183 -0.015984 
0.735033 0 0.881852 0 0.921497 -0.0126784 
0.734212 0 0.882622 1 0.921007 -0.00889344 
0.733396 0 0.883216 0 0.920323 -0.0061604 
0.732586 0 0.883824 0 0.919711 -0.00295173 
0.731786 0 0.884451 0 0.919165 0.000668438 
0.730997 0 0.885096 0 0.918678 0.00464485 
0.730221 0 0.885754 0 0.918241 0.00892993 
0.729457 0 0.88642 0 0.917849 0.0134828 
0.728707 0 0.887092 0 0.917495 0.0182683 
0.727969 0 0.887766 0 0.917173 0.0232558 
0.727244 0 0.888439 0 0.916879 0.0284188 
0.726532 0 0.88911 0 0.916608 0.0337343 
0.72583 0 0.889777 0 0.916356 0.0391819 
0.72514 0 0.890437 0 0.91612 0.0447439 
0.724459 0 0.89109 0 0.915896 0.0504041 
0.723788 0 0.891733 0 0.915681 0.0561485 
0.723125 0 0.892365 0 0.915471 0.061964 
0.72247 0 0.892984 0 0.915265 0.0678389 
0.721822 0 0.893588 0 0.915059 0.0737623 
0.72098 0 0.894135 1 0.914692 0.0797238 
0.72014 0 0.894525 1 0.91414 0.0846522 
0.719289 0 0.894727 0 0.913377 0.0884912 
0.718429 0 0.894911 0 0.912622 0.0924898 
0.717565 0 0.89508 0 0.911875 0.0966226 
0.7167 0 0.895233 0 0.911132 0.100868 
0.715833 0 0.895369 0 0.910391 0.105207 
0.714966 0 0.895487 0 0.909648 0.109625 
0.714097 0 0.895584 0 0.908901 0.114107 
0.713225 0 0.895659 0 0.908145 0.118641 
0.712349 0 0.895711 0 0.90738 0.123217 
0.711469 0 0.895739 0 0.906601 0.127825 
0.710582 0 0.895741 0 0.905808 0.132456 
0.709604 0 0.895669 0 0.904439 0.137103 
0.708516 0 0.895534 0 0.902655 0.141759 
0.707322 0 0.895317 0 0.90071 0.146414 
0.706169 1 0.894614 0 0.900051 0.151064 
0.704953 1 0.893669 0 0.898899 0.154619 
0.704121 0 0.894087 1 0.897739 0.157064 
0.703522 1 0.893575 1 0.897137 0.158516 
0.703226 1 0.893364 1 0.896585 0.157378 
0.703314 1 0.89319 1 0.896089 0.153624 
0.703726 1 0.893058 1 0.895674 0.147557 
0.704401 1 0.892973 1 0.895364 0.13954 
0.705282 1 0.892937 1 0.895131 0.13002 
0.70632 1 0.892943 1 0.894953 0.119413 
0.707471 1 0.892978 1 0.894806 0.108059 
0.708698 1 0.893031 1 0.89467 0.0962477 
0.709973 1 0.89309 1 0.894536 0.084185 
0.711276 1 0.893148 1 0.894396 0.0720261 
0.712588 1 0.893199 1 0.89425 0.0598922 
0.713895 1 0.893237 1 0.894096 0.0478599 
0.715189 1 0.893258 1 0.893934 0.0359807 
0.716461 1 0.893259 1 0.893763 0.0242993 
0.717704 1 0.893241 1 0.893584 0.012838 
0.718917 1 0.893199 1 0.893398 0.00160875 
0.720096 1 0.893135 1 0.893203 -0.00937601 
0.721239 1 0.89305 1 0.893 -0.0201113 
0.722348 1 0.892945 1 0.892789 -0.0306013 
0.72342 1 0.892821 1 0.892571 -0.0408437 
0.724455 1 0.892678 1 0.892344 -0.0508439 
0.725454 1 0.892519 1 0.89211 -0.0606004 
0.726417 1 0.892344 1 0.891869 -0.0701187 
0.727346 1 0.892152 1 0.891623 -0.0793967 
0.72824 1 0.891946 1 0.891369 -0.0884486 
0.7291 1 0.891727 1 0.891111 -0.0972809 
0.729928 1 0.891494 1 0.890846 -0.105898 
0.730726 1 0.89125 1 0.890577 -0.114303 
0.731493 1 0.890995 1 0.890303 -0.122492 
0.732232 1 0.890731 1 0.890025 -0.130482 
0.732942 1 0.890458 1 0.889742 -0.138273 
0.733626 1 0.890176 1 0.889456 -0.145866 
0.734284 1 0.889886 1 0.889167 -0.153269 
0.734919 1 0.88959 1 0.888875 -0.16049 
0.73553 1 0.889289 1 0.888579 -0.167525 
0.736119 1 0.888983 1 0.888281 -0.174392 
0.736688 1 0.888673 1 0.887981 -0.181087 
0.737237 1 0.888359 1 0.887679 -0.187613 
0.737767 1 0.888042 1 0.887376 -0.193974 
0.738281 1 0.887723 1 0.887072 -0.200182 
0.738778 1 0.887402 1 0.886768 -0.206228 
0.739259 1 0.88708 1 0.886463 -0.212125 
0.739727 1 0.886758 1 0.886159 -0.217876 
0.74018 1 0.886435 1 0.885855 -0.223486 
0.740622 1 0.886113 1 0.885552 -0.228948 
0.741051 1 0.885792 1 0.885251 -0.234281 
0.74147 1 0.885472 1 0.884951 -0.239477 
0.74188 1 0.885154 1 0.884654 -0.244543 
0.742281 1 0.884839 1 0.884359 -0.249485 
0.742673 1 0.884527 1 0.884066 -0.254302 
0.743057 1 0.884219 1 0.883777 -0.258998 
0.743434 1 0.883913 1 0.883492 -0.263577 
0.743805 1 0.883612 1 0.88321 -0.268037 
0.744171 1 0.883315 1 0.882933 -0.272387 
0.744531 1 0.883023 1 0.88266 -0.276634 
0.744887 1 0.882736 1 0.882392 -0.280772 
0.745239 1 0.882455 1 0.882129 -0.284805 
0.745588 1 0.88218 1 0.881873 -0.28874 
0.745934 1 0.881911 1 0.881621 -0.292573 
0.746278 1 0.881649 1 0.881376 -0.296312 
0.746621 1 0.881395 1 0.881137 -0.299954 
0.746962 1 0.881147 1 0.880905 -0.303511 
0.747302 1 0.880908 1 0.880679 -0.306975 
0.747643 1 0.880676 1 0.880461 -0.31035 
0.747982 1 0.880453 1 0.88025 -0.31365 
0.748321 1 0.880237 1 0.880047 -0.316867 
0.748661 1 0.88003 1 0.879853 -0.319999 
0.749002 1 0.879832 1 0.879667 -0.32305 
0.749345 1 0.879643 1 0.87949 -0.326025 
0.749689 1 0.879462 1 0.879321 -0.32893 
0.750037 1 0.879292 1 0.879162 -0.331762 
0.750387 1 0.879132 1 0.879011 -0.334523 
0.750739 1 0.878984 1 0.878869 -0.33721 
0.751094 1 0.878845 1 0.878737 -0.339836 
0.751452 1 0.878716 1 0.878616 -0.342393 
0.751814 1 0.878597 1 0.878505 -0.344882 
0.752179 1 0.87849 1 0.878404 -0.347314 
0.75255 1 0.878393 1 0.878313 -0.349685 
0.752924 1 0.878309 1 0.878233 -0.351996 
0.753303 1 0.878235 1 0.878164 -0.354251 
0.753688 1 0.878173 1 0.878106 -0.356451 
0.754078 1 0.878122 1 0.878059 -0.358594 
0.754473 1 0.878084 1 0.878022 -0.360685 
0.754874 1 0.878058 1 0.877998 -0.362721 
0.755281 1 0.878042 1 0.877985 -0.364704 
0.755694 1 0.87804 1 0.877984 -0.366643 
0.756115 1 0.87805 1 0.877995 -0.368533 
0.756542 1 0.878071 1 0.878018 -0.370374 
0.756977 1 0.878106 1 0.878052 -0.372167 
0.757285 1 0.878143 1 0.877979 -0.373912 
0.757597 1 0.878152 1 0.877953 -0.375614 
0.757955 1 0.878173 1 0.877956 -0.377278 
0.758314 1 0.878188 1 0.877974 -0.378899 
0.758658 1 0.878201 1 0.877989 -0.380483 
0.75899 1 0.878212 1 0.878002 -0.382018 
0.75931 1 0.878222 1 0.878015 -0.383522 
0.759619 1 0.87823 1 0.878028 -0.38499 
0.759917 1 0.878238 1 0.878039 -0.386413 
0.760204 1 0.878246 1 0.878051 -0.387808 
0.76048 1 0.878253 1 0.878061 -0.389164 
0.760787 1 0.878274 1 0.878105 -0.390493 
0.761124 1 0.878314 1 0.87818 -0.391785 
0.761481 1 0.878364 1 0.87828 -0.393043 
0.761854 1 0.878433 1 0.878397 -0.394274 
0.76221 1 0.878544 1 0.878489 -0.395473 
0.762585 1 0.878656 1 0.878595 -0.396641 
0.762981 1 0.878783 1 0.878724 -0.39778 
0.763385 1 0.87892 1 0.878865 -0.398888 
0.763789 1 0.879062 1 0.87901 -0.399975 
0.764191 1 0.879206 1 0.879162 -0.401027 
0.764597 1 0.879355 1 0.879322 -0.40205 
0.765012 1 0.87951 1 0.879497 -0.403052 
0.765438 1 0.879677 1 0.879686 -0.40403 
0.765879 1 0.879854 1 0.879891 -0.404986 
0.766332 1 0.880044 1 0.880108 -0.405917 
0.766795 1 0.880245 1 0.880337 -0.406822 
0.76727 1 0.880455 1 0.880574 -0.407705 
0.767755 1 0.880672 1 0.880815 -0.408564 
0.768251 1 0.880895 1 0.881059 -0.409404 
0.768758 1 0.881124 1 0.88131 -0.410223 
0.769276 1 0.881359 1 0.881566 -0.411018 
0.769807 1 0.8816 1 0.881827 -0.411799 
0.77035 1 0.881846 1 0.882094 -0.412556 
0.770906 1 0.882099 1 0.882367 -0.413296 
0.771475 1 0.882358 1 0.882646 -0.414017 
0.772058 1 0.882624 1 0.882932 -0.41472 
0.772676 1 0.882896 1 0.883255 -0.415406 
0.773327 0 0.883174 0 0.883611 -0.416074 
0.774012 0 0.883422 0 0.883961 -0.416726 
0.774729 0 0.883634 0 0.884302 -0.417361 
0.77548 0 0.883806 0 0.884629 -0.417981 
0.776265 0 0.883934 0 0.884941 -0.418584 
0.777084 0 0.884015 0 0.885233 -0.419172 
0.777937 0 0.884046 0 0.885507 -0.419743 
0.778825 0 0.884028 0 0.885759 -0.420299 
0.779746 0 0.883958 0 0.885992 -0.420838 
0.780701 0 0.883839 0 0.886206 -0.421358 
0.78169 0 0.883671 0 0.886405 -0.421857 
0.782713 0 0.883459 0 0.88659 -0.422329 
0.783769 0 0.883206 0 0.886767 -0.422768 
0.784859 0 0.882916 0 0.886941 -0.423158 
0.785982 0 0.882597 0 0.887119 -0.423481 
0.787139 0 0.882257 0 0.887311 -0.423704 
0.788328 0 0.881908 0 0.887529 -0.423776 
0.78955 0 0.881566 0 0.88779 -0.423622 
0.790805 0 0.881252 0 0.888117 -0.42313 
0.792092 0 0.880993 0 0.888541 -0.422147 
0.793411 0 0.880823 0 0.889099 -0.420462 
0.794761 0 0.880781 0 0.889836 -0.417821 
0.796143 0 0.880903 0 0.890793 -0.41394 
0.797555 0 0.881215 0 0.892005 -0.408547 
0.798999 0 0.881722 0 0.893483 -0.401441 
0.800474 0 0.882402 0 0.895209 -0.392527 
0.801979 0 0.883207 0 0.897133 -0.381838 
0.803517 0 0.884068 0 0.899182 -0.369517 
0.805085 0 0.884909 0 0.901268 -0.355782 
0.806684 0 0.885654 0 0.903299 -0.340884 
0.808312 0 0.886235 0 0.905188 -0.325082 
0.80997 0 0.886601 0 0.906862 -0.308616 
0.811656 0 0.886715 0 0.90826 -0.291698 
0.813369 0 0.886557 0 0.909341 -0.274509 
0.815106 0 0.886121 0 0.910078 -0.257197 
0.816867 0 0.885412 0 0.910463 -0.23988 
0.81865 0 0.884445 0 0.910498 -0.222652 
0.820452 0 0.883241 0 0.910196 -0.205582 
0.822273 0 0.881824 0 0.90958 -0.188725 
0.824109 0 0.88022 0 0.908675 -0.172121 
0.824101 0 0.880177 0 0.907003 -0.155802 
0.823764 0 0.880479 0 0.905177 -0.139781 
0.823517 0 0.880633 0 0.903426 -0.124076 
0.823306 0 0.880755 0 0.901701 -0.108696 
0.823093 0 0.880887 0 0.9 -0.0936445 
0.822861 0 0.881043 0 0.898335 -0.0789246 
0.822617 0 0.881213 0 0.89671 -0.064536 
0.822369 0 0.881389 0 0.895132 -0.0504771 
0.822123 0 0.881563 0 0.893604 -0.0367449 
0.821878 0 0.881733 0 0.892129 -0.0233353 
0.821634 0 0.881901 0 0.890706 -0.0102439 
0.821388 0 0.882071 0 0.889336 0.00253438 
0.821137 0 0.882246 0 0.88802 0.015005 
0.820878 0 0.88243 0 0.886756 0.0271736 
0.820611 0 0.882623 0 0.885544 0.039046 
0.820335 0 0.882827 0 0.884385 0.0506282 
0.820049 0 0.883043 0 0.883278 0.061926 
0.819753 0 0.883273 0 0.882221 0.0729456 
0.819281 0 0.883107 0 0.881724 0.0836947 
0.818875 0 0.882766 0 0.881332 0.0941751 
0.818477 0 0.882461 0 0.880926 0.104395 
0.818085 0 0.882163 0 0.880537 0.11436 
0.817175 1 0.881135 0 0.881858 0.124067 
0.816259 1 0.880233 0 0.883108 0.133499 
0.815312 0 0.87973 0 0.884122 0.142641 
0.814309 0 0.879611 0 0.884948 0.151555 
0.813247 0 0.879757 0 0.885671 0.160246 
0.812125 0 0.880057 0 0.886362 0.168717 
0.810901 0 0.880123 0 0.887045 0.176973 
0.809925 0 0.880185 0 0.887417 0.185019 
0.808945 0 0.880456 0 0.88764 0.192858 
0.807946 0 0.880804 0 0.887831 0.200493 
0.806947 0 0.881153 0 0.888021 0.207929 
0.805948 0 0.881501 0 0.88821 0.215168 
0.80495 0 0.881849 0 0.888396 0.222215 
0.803952 0 0.882197 0 0.888582 0.229071 
0.803257 1 0.882179 0 0.88882 0.23574 
0.802667 1 0.882112 0 0.889024 0.24212 
0.802069 1 0.882161 0 0.889225 0.248175 
0.801461 0 0.882307 0 0.889447 0.253858 
0.800849 0 0.882521 0 0.889661 0.259373 
0.800241 0 0.882799 0 0.889865 0.264721 
0.799638 0 0.883147 0 0.890056 0.269899 
0.799043 0 0.883565 0 0.890235 0.274906 
0.798455 0 0.884056 0 0.890402 0.27974 
0.797874 0 0.884618 0 0.890559 0.2844 
0.797299 0 0.885252 0 0.890706 0.288884 
0.796729 0 0.885954 0 0.890847 0.293188 
0.796163 0 0.886726 0 0.89098 0.29731 
0.795598 0 0.887566 0 0.891106 0.301247 
0.795035 0 0.888473 0 0.891226 0.304995 
0.794471 0 0.889445 0 0.891337 0.308552 
0.793906 0 0.890483 0 0.89144 0.311912 
0.793337 0 0.891583 0 0.891533 0.315073 
0.792475 0 0.892539 0 0.891861 0.318029 
0.791504 0 0.893578 0 0.892209 0.320778 
0.790627 0 0.894463 0 0.892625 0.323315 
0.789868 0 0.895303 0 0.8931 0.325636 
0.78917 0 0.896103 0 0.893619 0.327738 
0.788456 0 0.896912 0 0.894189 0.329617 
0.787705 0 0.897738 0 0.894699 0.33127 
0.78696 0 0.898548 0 0.895231 0.332694 
0.786225 0 0.899416 0 0.895734 0.333887 
0.785469 0 0.900331 0 0.89624 0.334849 
0.784705 0 0.901242 0 0.896778 0.335578 
0.783957 0 0.902165 0 0.897311 0.336074 
0.783219 0 0.903101 0 0.897844 0.336339 
0.782484 0 0.904048 0 0.898379 0.336375 
0.781753 0 0.905007 0 0.898913 0.336186 
0.781026 0 0.905977 0 0.899442 0.335775 
0.780304 0 0.906956 0 0.899962 0.335146 
0.779586 0 0.907943 0 0.900473 0.334307 
0.778872 0 0.908934 0 0.900971 0.333265 
0.778163 0 0.909928 0 0.901454 0.332026 
0.77746 0 0.910919 0 0.901919 0.330601 
0.776762 0 0.911906 0 0.902362 0.328998 
0.776071 0 0.912884 0 0.902782 0.327227 
0.775387 0 0.913848 0 0.903174 0.325299 
0.774711 0 0.914796 0 0.903536 0.323225 
0.774039 0 0.91573 0 0.903862 0.321017 
0.77337 0 0.916631 0 0.904163 0.318686 
0.772713 0 0.917502 0 0.904421 0.316243 
0.772059 0 0.918345 0 0.904634 0.313702 
0.771421 0 0.91914 0 0.904803 0.311075 
0.770786 0 0.919897 0 0.904922 0.308372 
0.770661 1 0.920126 0 0.905212 0.30559 
0.770762 1 0.920236 0 0.905553 0.301229 
0.770979 1 0.920366 0 0.905887 0.295373 
0.771275 1 0.920525 0 0.906235 0.288176 
0.771633 1 0.920699 0 0.906617 0.279818 
0.772037 1 0.920887 0 0.907031 0.270484 
0.772477 1 0.921088 0 0.907466 0.260353 
0.772355 1 0.921212 0 0.908235 0.249579 
0.772552 1 0.921403 0 0.908835 0.238313 
0.772757 0 0.921571 0 0.909381 0.226669 
0.772967 0 0.921725 0 0.90982 0.215925 
0.772881 0 0.921909 0 0.910087 0.206042 
0.772966 1 0.922026 0 0.910389 0.196983 
0.773054 1 0.922116 0 0.910591 0.187318 
0.772988 0 0.922225 0 0.910608 0.177196 
0.773068 1 0.922269 0 0.910679 0.167949 
0.773111 1 0.922242 0 0.910643 0.158259 
0.773128 0 0.92211 0 0.910523 0.148247 
0.773123 0 0.92193 0 0.910356 0.139135 
0.773141 0 0.921686 0 0.910368 0.13091 
0.773197 0 0.921395 0 0.910358 0.123552 
0.773256 0 0.921077 0 0.910316 0.117034 
0.774148 0 0.92236 1 0.909317 0.111326 
0.774433 0 0.922612 1 0.909427 0.105001 
0.774912 1 0.922793 1 0.909661 0.0981292 
0.775733 1 0.922949 1 0.909806 0.0895834 
0.776795 1 0.923057 1 0.909914 0.0798549 
0.778005 1 0.923125 1 0.910022 0.069369 
0.779309 1 0.923171 1 0.910136 0.0584178 
0.780676 1 0.923206 1 0.910255 0.0472178 
0.782086 1 0.923238 1 0.910375 0.0359247 
0.783527 1 0.923268 1 0.910495 0.0246534 
0.785002 1 0.923234 1 0.910634 0.0134709 
0.786466 1 0.923228 1 0.910755 0.00243898 
0.787926 1 0.923244 1 0.910854 -0.00841939 
0.789356 1 0.923267 1 0.910958 -0.0190703 
0.790773 1 0.9233 1 0.911052 -0.0295069 
0.792165 1 0.923339 1 0.911147 -0.0397169 
0.793532 1 0.923385 1 0.911241 -0.0496987 
0.794871 1 0.923437 1 0.911336 -0.059451 
0.796186 1 0.923494 1 0.911427 -0.0689715 
0.797475 1 0.923555 1 0.911518 -0.0782654 
0.798737 1 0.923619 1 0.911608 -0.0873359 
0.799972 1 0.923689 1 0.911697 -0.0961862 
0.80118 1 0.923762 1 0.911786 -0.104819 
0.802362 1 0.923839 1 0.911874 -0.113239 
0.803517 1 0.923919 1 0.911961 -0.121451 
0.804647 1 0.924003 1 0.912048 -0.129461 
0.80575 1 0.92409 1 0.912134 -0.137272 
0.806829 1 0.92418 1 0.91222 -0.144888 
0.807882 1 0.924272 1 0.912305 -0.152316 
0.808912 1 0.924367 1 0.91239 -0.159559 
0.809917 1 0.924465 1 0.912474 -0.166622 
0.810899 1 0.924565 1 0.912557 -0.173507 
0.811858 1 0.924668 1 0.912641 -0.180219 
0.812794 1 0.924772 1 0.912723 -0.186767 
0.813709 1 0.924879 1 0.912805 -0.19315 
0.814594 1 0.924952 1 0.912998 -0.199375 
0.815474 1 0.9251 1 0.913087 -0.205444 
0.81632 1 0.925244 1 0.913166 -0.21136 
0.817152 1 0.925381 1 0.913243 -0.21713 
0.817947 1 0.925499 1 0.913347 -0.222756 
0.818735 1 0.925637 1 0.913433 -0.228238 
0.819502 1 0.92578 1 0.913519 -0.233586 
0.82025 1 0.925922 1 0.913607 -0.238799 
0.820969 1 0.926056 1 0.913691 -0.243882 
0.821676 1 0.926189 1 0.913771 -0.248838 
0.822369 1 0.926328 1 0.913852 -0.253671 
0.823047 1 0.926472 1 0.913934 -0.258381 
0.82371 1 0.926618 1 0.914017 -0.262975 
0.824357 1 0.926765 1 0.914101 -0.267454 
0.82499 1 0.926914 1 0.914185 -0.271821 
0.825609 1 0.927063 1 0.914267 -0.276078 
0.826215 1 0.927214 1 0.914349 -0.28023 
0.826807 1 0.927366 1 0.914431 -0.284277 
0.827387 1 0.927519 1 0.914512 -0.288224 
0.827954 1 0.927673 1 0.914592 -0.292072 
0.828508 1 0.927829 1 0.914672 -0.295824 
0.829051 1 0.927985 1 0.914752 -0.299482 
0.829583 1 0.928142 1 0.91483 -0.303048 
0.830103 1 0.9283 1 0.914909 -0.306525 
0.830613 1 0.928459 1 0.914986 -0.309916 
0.831112 1 0.928618 1 0.915063 -0.313221 
0.831602 1 0.928778 1 0.915139 -0.316444 
0.832082 1 0.928938 1 0.915214 -0.319586 
0.832552 1 0.929099 1 0.915289 -0.32265 
0.833013 1 0.92926 1 0.915363 -0.325637 
0.833466 1 0.929421 1 0.915436 -0.32855 
0.83391 1 0.929582 1 0.915508 -0.33139 
0.834345 1 0.929743 1 0.915579 -0.334159 
0.834773 1 0.929905 1 0.91565 -0.336859 
0.835193 1 0.930066 1 0.915719 -0.339491 
0.835315 1 0.93009 1 0.915732 -0.342056 
0.835521 1 0.930064 1 0.915559 -0.344558 
0.835805 1 0.930025 1 0.915317 -0.347027 
0.836123 1 0.929961 1 0.91507 -0.349424 
0.836451 1 0.929876 1 0.914831 -0.351751 
0.83678 1 0.929778 1 0.914595 -0.354025 
0.83711 1 0.929673 1 0.91436 -0.356211 
0.837436 1 0.929563 1 0.914123 -0.358376 
0.83776 1 0.929451 1 0.913888 -0.360466 
0.838081 1 0.929338 1 0.913654 -0.362506 
0.838397 1 0.929223 1 0.913424 -0.364488 
0.838709 1 0.929108 1 0.913197 -0.36644 
0.839018 1 0.928991 1 0.912973 -0.368339 
0.839324 1 0.928874 1 0.912753 -0.370179 
0.839623 1 0.928756 1 0.912537 -0.371966 
0.839919 1 0.928638 1 0.912325 -0.373722 
0.840208 1 0.928521 1 0.912118 -0.375427 
0.840493 1 0.928403 1 0.911915 -0.377091 
0.840773 1 0.928283 1 0.911702 -0.378715 
0.841049 1 0.928164 1 0.911492 -0.380289 
0.841317 1 0.928046 1 0.911292 -0.381836 
0.841581 1 0.927931 1 0.911101 -0.383335 
0.841837 1 0.927817 1 0.910921 -0.384803 
0.842087 1 0.927703 1 0.910747 -0.386238 
0.842331 1 0.92759 1 0.910578 -0.387621 
0.842568 1 0.927477 1 0.910413 -0.388982 
0.842799 1 0.927366 1 0.910251 -0.390324 
0.843024 1 0.927257 1 0.910093 -0.391628 
0.843243 1 0.927149 1 0.909936 -0.392905 
0.843456 1 0.927041 1 0.909782 -0.394138 
0.843662 1 0.926935 1 0.909632 -0.395336 
0.843863 1 0.92683 1 0.909484 -0.396514 
0.844058 1 0.926725 1 0.909338 -0.397661 
0.844247 1 0.926621 1 0.909196 -0.398772 
0.844431 1 0.926518 1 0.909056 -0.399853 
0.844607 1 0.926414 1 0.90892 -0.40091 
0.844779 1 0.926311 1 0.908785 -0.401938 
0.844946 1 0.92621 1 0.908651 -0.402939 
0.845109 1 0.92611 1 0.908521 -0.403924 
0.845266 1 0.926011 1 0.908394 -0.40488 
0.845419 1 0.925913 1 0.90827 -0.405817 
0.845567 1 0.925815 1 0.908147 -0.406727 
0.84571 1 0.925718 1 0.908028 -0.407615 
0.845849 1 0.925622 1 0.90791 -0.408477 
0.845982 1 0.925527 1 0.907795 -0.409316 
0.846112 1 0.925432 1 0.907682 -0.410144 
0.846237 1 0.925338 1 0.907571 -0.410944 
0.846358 1 0.925245 1 0.907463 -0.411725 
0.846473 1 0.925152 1 0.907357 -0.412488 
0.846581 0 0.925031 1 0.907249 -0.413225 
0.846684 0 0.924868 1 0.907132 -0.413947 
0.846782 0 0.924658 1 0.90701 -0.414651 
0.846846 0 0.9244 1 0.906836 -0.41534 
0.846881 0 0.924126 1 0.906556 -0.41601 
0.846923 0 0.923838 0 0.906195 -0.416663 
0.84697 0 0.923504 0 0.905758 -0.417299 
0.847022 0 0.92311 0 0.905253 -0.417919 
0.847078 0 0.922644 0 0.904683 -0.418523 
0.847138 0 0.9221 0 0.904048 -0.419109 
0.847202 0 0.921473 0 0.903344 -0.419679 
0.847268 0 0.920763 0 0.90257 -0.420231 
0.847338 0 0.919973 0 0.901724 -0.420762 
0.84741 0 0.919107 0 0.900806 -0.421269 
0.847487 0 0.91817 0 0.899819 -0.421748 
0.847567 0 0.917169 0 0.898766 -0.422188 
0.847651 0 0.916111 0 0.897654 -0.422576 
0.847739 0 0.915004 0 0.896491 -0.422889 
0.847832 0 0.913856 0 0.895286 -0.423096 
0.847928 0 0.912677 0 0.894048 -0.423145 
0.848008 0 0.911503 0 0.892991 -0.422963 
0.848079 0 0.910288 0 0.891946 -0.422448 
0.848128 0 0.909066 0 0.89088 -0.421455 
0.847817 0 0.908257 0 0.890176 -0.4198 
0.84749 0 0.907497 0 0.889502 -0.417259 
0.847197 0 0.906824 0 0.888804 -0.413586 
0.846963 0 0.906273 0 0.888178 -0.408548 
0.846773 0 0.905836 0 0.887643 -0.401962 
0.846618 0 0.905489 0 0.887196 -0.393736 
0.846495 0 0.905201 0 0.88682 -0.383877 
0.845449 0 0.904467 0 0.886425 -0.372483 
0.844139 0 0.903697 0 0.885993 -0.359728 
0.842896 0 0.903025 0 0.88563 -0.345817 
0.841702 0 0.902397 0 0.885322 -0.330967 
0.840543 0 0.901785 0 0.885053 -0.315389 
0.839415 0 0.901173 0 0.884814 -0.299276 
0.83901 0 0.900221 0 0.885083 -0.282799 
0.837599 0 0.899482 0 0.884758 -0.266107 
0.836943 0 0.89833 0 0.885115 -0.249309 
0.83529 0 0.897645 0 0.88507 -0.232507 
0.833704 0 0.896953 0 0.885064 -0.215783 
0.832166 0 0.896268 0 0.885097 -0.199196 
0.830659 0 0.8956 0 0.885171 -0.182796 
0.829176 0 0.894956 0 0.88529 -0.166619 
0.827712 0 0.894343 0 0.885457 -0.150693 
0.826266 0 0.893759 0 0.885672 -0.135041 
0.82484 0 0.893202 0 0.885935 -0.119676 
0.823433 0 0.892673 0 0.886246 -0.104611 
0.822046 0 0.89217 0 0.886603 -0.0898518 
0.820676 0 0.891693 0 0.887006 -0.0754025 
0.819322 0 0.891244 0 0.887454 -0.0612655 
0.817983 0 0.890821 0 0.887944 -0.0474407 
0.816658 0 0.890425 0 0.888476 -0.033927 
0.815347 0 0.890055 0 0.889046 -0.0207219 
0.814617 0 0.889593 0 0.889534 -0.00782262 
0.814034 0 0.889053 0 0.890006 0.00477491 
0.813483 0 0.888503 0 0.890465 0.0170748 
0.812929 0 0.887929 0 0.89093 0.0290815 
0.812399 0 0.887344 0 0.891397 0.0407999 
0.811882 0 0.886747 0 0.891863 0.0522351 
0.811377 0 0.886139 0 0.892326 0.0633922 
0.810882 0 0.88552 0 0.892782 0.0742766 
0.810393 0 0.884901 0 0.893241 0.0848933 
0.809918 0 0.884272 0 0.893695 0.0952478 
0.809454 0 0.883632 0 0.894141 0.105345 
0.808637 0 0.884172 1 0.893851 0.115189 
0.807778 0 0.884713 1 0.893681 0.124722 
0.806877 0 0.88526 1 0.893631 0.133929 
0.805966 0 0.885822 0 0.893633 0.142787 
0.805054 0 0.886387 0 0.893668 0.151411 
0.804143 0 0.886957 0 0.893729 0.159805 
0.803238 0 0.887532 0 0.893815 0.167971 
0.80234 0 0.888112 0 0.893922 0.175912 
0.801449 0 0.888698 0 0.89405 0.18363 
0.800566 0 0.889289 0 0.894198 0.191128 
0.799689 0 0.889885 0 0.894365 0.198409 
0.798797 0 0.890789 0 0.894258 0.205473 
0.797861 0 0.891926 0 0.893973 0.212323 
0.796877 0 0.893195 0 0.89361 0.21896 
0.795851 0 0.89452 0 0.893237 0.225385 
0.794788 0 0.895858 0 0.892889 0.2316 
0.794044 0 0.896937 0 0.89249 0.237604 
0.793294 0 0.898096 0 0.891989 0.243397 
0.792399 0 0.898516 0 0.89259 0.248977 
0.7916 0 0.898753 0 0.893268 0.254349 
0.790903 0 0.898996 0 0.893804 0.259511 
0.790234 0 0.899289 0 0.894275 0.264461 
0.789575 0 0.899586 0 0.894748 0.269198 
0.788924 0 0.899885 0 0.895223 0.273722 
0.788054 0 0.9003 0 0.89587 0.27803 
0.787161 0 0.900752 0 0.896506 0.282122 
0.786271 0 0.90123 0 0.897106 0.285995 
0.785381 0 0.901733 0 0.897662 0.28965 
0.784491 0 0.902261 0 0.898175 0.293084 
0.783599 0 0.902809 0 0.898645 0.296297 
0.782842 0 0.903247 0 0.899135 0.299285 
0.782153 0 0.903646 0 0.899579 0.30205 
0.781478 0 0.904027 0 0.900018 0.304593 
0.780819 0 0.904402 0 0.900432 0.306909 
0.780149 0 0.904805 0 0.900792 0.309 
0.779509 0 0.905166 0 0.901166 0.310865 
0.778889 0 0.905513 0 0.901518 0.312507 
0.778264 0 0.905874 0 0.901813 0.313925 
0.777669 0 0.906202 0 0.902106 0.315121 
0.77707 0 0.906539 0 0.902336 0.316099 
0.776499 0 0.906841 0 0.90257 0.316859 
0.775924 0 0.907147 0 0.902735 0.317406 
0.775347 0 0.907451 0 0.90284 0.317743 
0.774769 0 0.907747 0 0.902888 0.317876 
0.77419 0 0.908031 0 0.902878 0.317809 
0.773611 0 0.908297 0 0.902808 0.317547 
0.77303 0 0.908542 0 0.902675 0.317098 
0.772451 0 0.908651 0 0.902467 0.316467 
0.771873 0 0.908609 0 0.902201 0.315662 
0.771265 0 0.908463 0 0.901902 0.31469 
0.770637 0 0.908225 0 0.901563 0.313558 
0.769992 0 0.907909 0 0.901177 0.312275 
0.770109 0 0.908369 1 0.900656 0.310849 
0.770013 0 0.908105 1 0.900652 0.307989 
0.769811 0 0.907651 1 0.900762 0.303627 
0.769626 0 0.907065 1 0.900884 0.297755 
0.769502 0 0.906335 1 0.900998 0.290432 
0.769446 0 0.905456 1 0.901099 0.28178 
0.769451 0 0.904434 1 0.901183 0.271949 
0.76951 0 0.903279 1 0.90125 0.261116 
0.76962 0 0.902 1 0.901297 0.249461 
0.769778 0 0.900612 1 0.901324 0.237161 
0.769983 0 0.899129 1 0.901332 0.224375 
0.770236 0 0.897566 1 0.90132 0.211242 
0.770483 0 0.895943 1 0.901215 0.19788 
0.770701 0 0.894322 0 0.900958 0.184391 
0.770866 0 0.892746 0 0.90067 0.171415 
0.770978 0 0.891184 0 0.900382 0.15895 
0.771049 0 0.889618 0 0.900086 0.146993 
0.771087 0 0.888044 0 0.899779 0.135543 
0.772222 1 0.886512 0 0.901078 0.1246 
0.77329 1 0.886102 1 0.901386 0.113338 
0.774401 1 0.88611 1 0.901337 0.101396 
0.775216 1 0.886181 1 0.901383 0.0890956 
0.77596 1 0.886286 1 0.901474 0.0766816 
0.776747 1 0.886396 1 0.901573 0.0642931 
0.777536 1 0.886538 1 0.901578 0.0520324 
0.778298 1 0.886663 1 0.901602 0.0399553 
0.779031 1 0.886775 1 0.901647 0.0280942 
0.779735 1 0.886876 1 0.901705 0.0164727 
0.780413 1 0.886969 1 0.901778 0.00510575 
0.781065 1 0.887053 1 0.901864 -0.00600624 
0.781691 1 0.887128 1 0.901963 -0.0168582 
0.782292 1 0.887196 1 0.902073 -0.0274509 
0.782868 1 0.887258 1 0.902195 -0.0377909 
0.78342 1 0.887314 1 0.902327 -0.0478793 
0.783947 1 0.887363 1 0.90247 -0.0577218 
0.784451 1 0.887407 1 0.902622 -0.0673221 
0.784933 1 0.887446 1 0.902783 -0.0766857 
0.785394 1 0.887479 1 0.902953 -0.0858128 
0.785833 1 0.887507 1 0.903133 -0.0947155 
0.786253 1 0.887531 1 0.903321 -0.103397 
0.786655 1 0.88755 1 0.903517 -0.111863 
0.787038 1 0.887564 1 0.903721 -0.120118 
0.787404 1 0.887574 1 0.903933 -0.128165 
0.787648 1 0.887493 1 0.90438 -0.136013 
0.787844 1 0.887444 1 0.904736 -0.143663 
0.788012 1 0.887418 1 0.90505 -0.151123 
0.788165 1 0.887388 1 0.905374 -0.158398 
0.788306 1 0.887356 1 0.905709 -0.165492 
0.788438 1 0.887321 1 0.906052 -0.172405 
0.788563 1 0.887282 1 0.906402 -0.179148 
0.788684 1 0.887239 1 0.906759 -0.185723 
0.788803 1 0.887192 1 0.907123 -0.192134 
0.789006 1 0.887154 1 0.907369 -0.198385 
0.789281 1 0.887045 1 0.907467 -0.20448 
0.789576 1 0.886949 0 0.907475 -0.210421 
0.789863 0 0.886861 0 0.907497 -0.216214 
0.790143 0 0.886781 0 0.907529 -0.221862 
0.790419 0 0.886707 0 0.907842 -0.227368 
0.790702 0 0.886652 0 0.908245 -0.232737 
0.790592 0 0.886449 1 0.908211 -0.237969 
0.790502 0 0.886234 1 0.908216 -0.243072 
0.790431 0 0.886038 0 0.908242 -0.248047 
0.790428 0 0.885711 0 0.908105 -0.252897 
0.790473 0 0.885357 0 0.907927 -0.257624 
0.790543 0 0.88501 0 0.907756 -0.262232 
0.790623 0 0.884673 0 0.907591 -0.266721 
0.79071 0 0.884339 0 0.907417 -0.271094 
0.79081 0 0.884 0 0.90722 -0.275352 
0.790927 0 0.883648 0 0.906998 -0.279496 
0.791063 0 0.883274 0 0.906755 -0.283525 
0.79122 0 0.882874 0 0.906498 -0.287438 
0.791397 0 0.882442 0 0.906236 -0.291229 
0.791593 0 0.881978 0 0.905972 -0.294894 
0.791962 0 0.881825 0 0.905931 -0.298421 
0.792358 0 0.881696 0 0.905864 -0.301797 
0.792761 0 0.881533 0 0.905774 -0.304999 
0.793167 0 0.881348 0 0.905664 -0.307997 
0.793561 0 0.881148 0 0.905535 -0.310747 
0.793933 0 0.880939 0 0.905388 -0.313193 
0.794271 0 0.880729 0 0.905224 -0.315252 
0.794563 0 0.880526 0 0.90505 -0.316827 
0.794795 0 0.880344 0 0.904873 -0.31779 
0.794947 0 0.8802 0 0.904704 -0.317991 
0.795 0 0.880115 0 0.904557 -0.317262 
0.794931 0 0.88011 0 0.904445 -0.315433 
0.794719 0 0.880204 0 0.904382 -0.312343 
