0.233412 0 0.358238 0 0.358237 0.500001 
0.233298 0 0.3595 0 0.359099 0.477536 
0.233206 0 0.361088 0 0.360076 0.455204 
0.233172 0 0.362951 0 0.361204 0.43316 
0.233212 0 0.365034 0 0.362484 0.411508 
0.233336 0 0.367289 0 0.363917 0.390305 
0.233458 0 0.369594 0 0.365404 0.369578 
0.233585 0 0.371943 0 0.366932 0.349338 
0.233232 0 0.373468 0 0.368315 0.329585 
0.233364 0 0.375805 0 0.369926 0.310315 
0.233494 0 0.378127 0 0.371529 0.291519 
0.23363 0 0.380427 0 0.373114 0.273189 
0.233772 0 0.382688 0 0.374664 0.255314 
0.233475 0 0.384097 0 0.376074 0.237884 
0.233179 0 0.385448 0 0.377431 0.220888 
0.232892 0 0.386737 0 0.378727 0.204315 
0.232612 0 0.387953 0 0.379951 0.188157 
0.232753 0 0.389771 0 0.381187 0.172402 
0.232896 0 0.391473 0 0.382317 0.157041 
0.233046 0 0.393059 0 0.383338 0.142063 
0.233203 0 0.394519 0 0.384242 0.12746 
0.23336 0 0.395841 0 0.385019 0.113221 
0.233518 0 0.397019 0 0.385667 0.0993388 
0.233382 0 0.39751 0 0.38623 0.085803 
0.233586 0 0.398434 0 0.386666 0.0726055 
0.233524 0 0.398744 0 0.387002 0.0597377 
0.233742 0 0.399349 0 0.387204 0.0471917 
0.234317 0 0.400057 0 0.387735 0.0349593 
0.235179 0 0.400846 0 0.388441 0.0230325 
0.236184 0 0.401603 0 0.389181 0.011404 
0.237256 0 0.402269 0 0.389877 6.61393e-05 
0.238336 0 0.402818 0 0.390457 -0.0109883 
0.23942 0 0.403257 0 0.390927 -0.0217665 
0.240445 0 0.403512 0 0.391263 -0.0322751 
0.241415 0 0.403603 0 0.391457 -0.042521 
0.242343 0 0.403554 0 0.391518 -0.0525108 
0.243328 0 0.403485 0 0.391541 -0.0622508 
0.244338 0 0.403371 0 0.391521 -0.0717471 
0.245353 0 0.403198 0 0.391447 -0.0810059 
0.246365 0 0.402967 0 0.391314 -0.0900332 
0.247365 0 0.402677 0 0.39112 -0.0988345 
0.248341 0 0.402325 0 0.390864 -0.107415 
0.249294 0 0.401919 0 0.39055 -0.115782 
0.250228 0 0.401473 0 0.39019 -0.123938 
0.251141 0 0.400992 0 0.389786 -0.13189 
0.252026 0 0.400474 0 0.389341 -0.139643 
0.252883 0 0.399926 0 0.388861 -0.1472 
0.253718 0 0.39936 0 0.388357 -0.154568 
0.254529 0 0.39878 0 0.387832 -0.16175 
0.255308 0 0.398183 0 0.387288 -0.16875 
0.256057 0 0.397573 0 0.386731 -0.175572 
0.25678 0 0.396964 0 0.386171 -0.182221 
0.257477 0 0.396356 0 0.38561 -0.188699 
0.25814 0 0.395747 0 0.38505 -0.195009 
0.25877 0 0.395142 0 0.384497 -0.201153 
0.259375 0 0.394552 0 0.383958 -0.207132 
0.259953 0 0.39398 0 0.383439 -0.212947 
0.260499 0 0.393424 0 0.382937 -0.218595 
0.261016 0 0.392889 0 0.382461 -0.224071 
0.261511 0 0.392389 0 0.382019 -0.229366 
0.261984 0 0.391929 0 0.381615 -0.234467 
0.262431 0 0.39151 0 0.381253 -0.239349 
0.262853 0 0.391145 0 0.380944 -0.243976 
0.263259 0 0.390856 0 0.380705 -0.248294 
0.263648 0 0.390662 0 0.380555 -0.252223 
0.264013 0 0.390587 0 0.380518 -0.255651 
0.264356 0 0.390669 0 0.380631 -0.258424 
0.264685 0 0.390968 0 0.380949 -0.260345 
0.264996 0 0.391543 0 0.38153 -0.261179 
0.265283 0 0.392454 0 0.382434 -0.260678 
0.265547 0 0.393763 0 0.383723 -0.258613 
0.265794 0 0.395528 0 0.385451 -0.254825 
0.266023 0 0.397769 0 0.387637 -0.249252 
0.265963 0 0.399563 0 0.389673 -0.241949 
0.26592 0 0.401558 0 0.391912 -0.233061 
0.265941 0 0.404037 0 0.394613 -0.2228 
0.266059 0 0.406958 0 0.397732 -0.211404 
0.266237 0 0.410215 0 0.401176 -0.199107 
0.266456 0 0.413737 0 0.404875 -0.186126 
0.266709 0 0.417472 0 0.408772 -0.17265 
0.266986 0 0.421369 0 0.412815 -0.158841 
0.267275 0 0.425378 0 0.416957 -0.144828 
0.267572 0 0.429464 0 0.421164 -0.13072 
0.267883 0 0.433606 0 0.425411 -0.1166 
0.268203 0 0.437776 0 0.429674 -0.102535 
0.268524 0 0.441949 0 0.433928 -0.0885798 
0.268848 0 0.446108 0 0.438158 -0.0747734 
0.26918 0 0.450248 0 0.442358 -0.0611476 
0.269518 0 0.454356 0 0.446514 -0.0477264 
0.269856 0 0.458415 0 0.450613 -0.0345277 
0.270195 0 0.462419 0 0.45465 -0.0215645 
0.270542 0 0.46637 0 0.458625 -0.00884642 
0.270894 0 0.47026 0 0.46253 0.00362032 
0.271246 0 0.474078 0 0.466358 0.0158316 
0.271597 0 0.477821 0 0.470107 0.0277853 
0.271956 0 0.481495 0 0.473779 0.039481 
0.27232 0 0.485094 0 0.477373 0.0509191 
0.272683 0 0.488611 0 0.480881 0.0621012 
0.273045 0 0.492044 0 0.484304 0.0730296 
0.273414 0 0.4954 0 0.487647 0.0837072 
0.273787 0 0.498676 0 0.490908 0.0941373 
0.274157 0 0.501864 0 0.494081 0.104324 
0.274527 0 0.504964 0 0.497168 0.11427 
0.274689 0 0.507633 0 0.500001 0.123982 
0.274745 0 0.510052 0 0.502608 0.133461 
0.274743 0 0.512315 0 0.505041 0.142714 
0.274713 0 0.514467 0 0.507342 0.151745 
0.274735 0 0.516589 0 0.509602 0.160559 
0.274823 0 0.51869 0 0.511847 0.169159 
0.274952 0 0.520759 0 0.514059 0.17755 
0.275035 0 0.522554 0 0.516067 0.185738 
0.275089 0 0.524177 0 0.517963 0.193727 
0.275154 0 0.525788 0 0.519752 0.20152 
0.275231 0 0.527378 0 0.521482 0.209123 
0.27532 0 0.528931 0 0.523162 0.21654 
0.275307 0 0.530294 0 0.524719 0.223775 
0.275264 0 0.531531 0 0.526169 0.230833 
0.275203 0 0.532677 0 0.527539 0.237717 
0.275138 0 0.533757 0 0.528846 0.244432 
0.275079 0 0.534787 0 0.530105 0.250982 
0.275026 0 0.535767 0 0.531315 0.25737 
0.274972 0 0.53669 0 0.532472 0.263601 
0.274918 0 0.537558 0 0.533577 0.269679 
0.274871 0 0.538381 0 0.534639 0.275606 
0.27483 0 0.539162 0 0.535659 0.281388 
0.274788 0 0.539893 0 0.536635 0.287026 
0.274981 0 0.540889 0 0.5378 0.292525 
0.275308 0 0.541986 0 0.539047 0.297889 
0.2757 0 0.543096 0 0.540309 0.303119 
0.276118 0 0.544186 0 0.54156 0.30822 
0.276553 0 0.54525 0 0.542797 0.313195 
0.277006 0 0.546296 0 0.544022 0.318047 
0.277474 0 0.547323 0 0.545235 0.322779 
0.27795 0 0.548321 0 0.546431 0.327394 
0.278432 0 0.549291 0 0.547609 0.331894 
0.278928 0 0.550241 0 0.548778 0.336282 
0.279435 0 0.55117 0 0.549935 0.340562 
0.279946 0 0.552072 0 0.551077 0.344736 
0.280462 0 0.552949 0 0.552204 0.348806 
0.280989 0 0.55381 0 0.553324 0.352775 
0.281525 0 0.554654 0 0.554436 0.356645 
0.282064 0 0.555475 0 0.555534 0.36042 
0.282605 0 0.556274 0 0.556619 0.3641 
0.283156 0 0.55706 0 0.557699 0.367689 
0.283715 0 0.557831 0 0.558771 0.371189 
0.284273 0 0.558581 0 0.55983 0.374601 
0.284832 0 0.55931 0 0.560878 0.377929 
0.285398 0 0.560028 0 0.56192 0.381174 
0.285969 0 0.560732 0 0.562954 0.384338 
0.286539 0 0.561416 0 0.563975 0.387423 
0.287106 0 0.562081 0 0.564985 0.390431 
0.287679 0 0.562734 0 0.565988 0.393365 
0.288255 0 0.563374 0 0.566983 0.396225 
0.288826 0 0.563994 0 0.567965 0.399014 
0.289394 0 0.564595 0 0.568934 0.401734 
0.289965 0 0.565184 0 0.569896 0.404385 
0.290398 0 0.56564 0 0.570684 0.406971 
0.290672 0 0.565948 0 0.571283 0.409491 
0.290834 0 0.566152 0 0.571748 0.41195 
0.290928 0 0.56629 0 0.572128 0.414346 
0.290974 0 0.566378 0 0.572448 0.416683 
0.29098 0 0.566425 0 0.572719 0.418962 
0.290957 0 0.56644 0 0.572948 0.421183 
0.290917 0 0.566439 0 0.573145 0.423349 
0.290917 0 0.566511 0 0.573346 0.425462 
0.290931 0 0.566602 0 0.573547 0.427521 
0.290952 0 0.566698 0 0.573745 0.429529 
0.290981 0 0.5668 0 0.573941 0.431486 
0.291014 0 0.566905 0 0.574131 0.433395 
0.291043 0 0.567005 0 0.57431 0.435256 
0.29107 0 0.5671 0 0.574478 0.437071 
0.29119 0 0.567253 0 0.574756 0.43884 
0.291356 0 0.567436 0 0.575083 0.440565 
0.291586 0 0.567671 0 0.575472 0.442247 
0.291846 0 0.567928 0 0.57589 0.443887 
0.292126 0 0.568199 0 0.576325 0.445486 
0.292414 0 0.568474 0 0.576764 0.447045 
0.2927 0 0.56874 0 0.577199 0.448565 
0.292983 0 0.568997 0 0.577627 0.450047 
0.293268 0 0.569251 0 0.578054 0.451492 
0.293489 0 0.56945 0 0.578406 0.452901 
0.293664 0 0.569614 0 0.578701 0.454275 
0.29381 0 0.569757 0 0.578957 0.455614 
0.293905 0 0.569865 0 0.579146 0.45692 
0.294015 0 0.569983 0 0.579349 0.458193 
0.294126 0 0.570099 0 0.57955 0.459435 
0.294236 0 0.570211 0 0.579747 0.460645 
0.294347 0 0.570325 0 0.579942 0.461825 
0.294458 0 0.570438 0 0.580131 0.462976 
0.294558 0 0.570542 0 0.580307 0.464098 
0.29465 0 0.570638 0 0.58047 0.465191 
0.29474 0 0.570734 0 0.580626 0.466258 
0.294827 0 0.57083 0 0.580776 0.467298 
0.294905 0 0.570917 0 0.580912 0.468311 
0.294975 0 0.570997 0 0.581036 0.4693 
0.295043 0 0.571078 0 0.581155 0.470264 
0.295109 0 0.571159 0 0.581267 0.471203 
0.295166 0 0.571232 0 0.581367 0.472119 
0.295215 0 0.571299 0 0.581455 0.473013 
0.295262 0 0.571367 0 0.581539 0.473884 
0.295308 0 0.571437 0 0.581616 0.474733 
0.295344 0 0.571499 0 0.58168 0.475561 
0.295372 0 0.571556 0 0.581734 0.476368 
0.295399 0 0.571616 0 0.581781 0.477155 
0.295424 0 0.571677 0 0.581822 0.477922 
0.295439 0 0.571731 0 0.58185 0.478671 
0.295445 0 0.571781 0 0.581866 0.4794 
0.295449 0 0.571834 0 0.581875 0.480111 
0.29545 0 0.571889 0 0.581877 0.480805 
0.29544 0 0.571937 0 0.581863 0.481481 
0.29542 0 0.571981 0 0.581836 0.48214 
0.295397 0 0.572027 0 0.5818 0.482783 
0.295368 0 0.572074 0 0.581753 0.48341 
0.295326 0 0.572115 0 0.581688 0.484021 
0.295271 0 0.572149 0 0.581606 0.484616 
0.29521 0 0.572184 0 0.581512 0.485197 
0.295139 0 0.572217 0 0.581402 0.485764 
0.29505 0 0.57224 0 0.581269 0.486316 
0.294944 0 0.572253 0 0.581112 0.486854 
0.294825 0 0.572261 0 0.580936 0.487379 
0.294691 0 0.572262 0 0.580738 0.487891 
0.294531 0 0.572246 0 0.580508 0.48839 
0.294346 0 0.572211 0 0.580247 0.488876 
0.29414 0 0.572164 0 0.579958 0.48935 
0.29391 0 0.572101 0 0.579638 0.489813 
0.293648 0 0.572012 0 0.579279 0.490264 
0.293354 0 0.571897 0 0.578883 0.490703 
0.293035 0 0.571764 0 0.578453 0.491132 
0.292688 0 0.571611 0 0.577991 0.49155 
0.292309 0 0.57143 0 0.57749 0.491957 
0.291899 0 0.571224 0 0.576954 0.492354 
0.291468 0 0.571003 0 0.576392 0.492741 
0.291018 0 0.570766 0 0.575805 0.493118 
0.290544 0 0.570509 0 0.57519 0.493486 
0.29005 0 0.570235 0 0.574553 0.493844 
0.289556 0 0.569966 0 0.573912 0.494194 
0.289053 0 0.56969 0 0.573261 0.494534 
0.288554 0 0.56942 0 0.572609 0.494865 
0.288028 0 0.569119 0 0.571935 0.495188 
0.287538 0 0.568863 0 0.571291 0.495502 
0.286937 0 0.568474 0 0.570555 0.495807 
0.286565 0 0.568466 0 0.569926 0.496104 
0.285841 0 0.567947 0 0.569073 0.496392 
0.285012 0 0.567293 0 0.568144 0.496671 
0.284751 0 0.567248 0 0.56774 0.49694 
0.284816 0 0.567535 0 0.567654 0.497199 
0.285055 0 0.567997 0 0.567747 0.497448 
0.285386 0 0.568556 0 0.567937 0.497684 
0.28572 0 0.569124 0 0.568134 0.497908 
0.286049 0 0.569695 0 0.568333 0.498115 
0.286375 0 0.570271 0 0.568534 0.498305 
0.286706 0 0.570862 0 0.568745 0.498472 
0.287039 0 0.571467 0 0.568964 0.498612 
0.287431 0 0.572143 0 0.56925 0.498717 
0.287863 0 0.57287 0 0.569582 0.498776 
0.288328 0 0.573642 0 0.569949 0.498776 
0.288814 0 0.574447 0 0.570337 0.498697 
0.28931 0 0.575271 0 0.570731 0.498512 
0.289815 0 0.576109 0 0.571127 0.498183 
0.290335 0 0.576964 0 0.571523 0.497659 
0.290868 0 0.577828 0 0.57191 0.496872 
0.291409 0 0.578686 0 0.572278 0.495731 
0.291958 0 0.579533 0 0.572618 0.494123 
0.292522 0 0.580366 0 0.572927 0.491908 
0.293101 0 0.581175 0 0.573196 0.488929 
0.293689 0 0.58194 0 0.573407 0.485021 
0.294287 0 0.582648 0 0.573551 0.480027 
0.294905 0 0.58329 0 0.573615 0.473825 
0.295543 0 0.583845 0 0.573583 0.466342 
0.296195 0 0.584284 0 0.57343 0.457569 
0.296865 0 0.584587 0 0.573138 0.447552 
0.297562 0 0.58474 0 0.572696 0.436386 
0.298286 0 0.584726 0 0.572086 0.4242 
0.299033 0 0.584523 0 0.571296 0.411136 
0.299806 0 0.584124 0 0.570319 0.397341 
0.300612 0 0.583534 0 0.569162 0.382955 
0.301452 0 0.582753 0 0.567827 0.368107 
0.302319 0 0.58178 0 0.566315 0.352915 
0.303214 0 0.580626 0 0.56464 0.33748 
0.304143 0 0.579309 0 0.562819 0.321892 
0.305104 0 0.577843 0 0.560863 0.306228 
0.306088 0 0.576236 0 0.558785 0.290552 
0.307093 0 0.574505 0 0.556599 0.274922 
0.308124 0 0.572675 0 0.554325 0.259383 
0.309176 0 0.570761 0 0.551977 0.243975 
0.310239 0 0.56877 0 0.549564 0.228732 
0.311049 0 0.566386 0 0.54678 0.213679 
0.311577 0 0.563599 0 0.543646 0.198838 
0.31191 0 0.560519 0 0.54029 0.184228 
0.31211 0 0.557258 0 0.536796 0.169862 
0.312225 0 0.553903 0 0.533222 0.155751 
0.312292 0 0.550505 0 0.529608 0.141903 
0.312328 0 0.547079 0 0.525977 0.128325 
0.312336 0 0.543627 0 0.522342 0.115019 
0.312323 0 0.540157 0 0.518718 0.10199 
0.312299 0 0.536686 0 0.515119 0.0892378 
0.312266 0 0.533222 0 0.511553 0.0767634 
0.312219 0 0.529767 0 0.508025 0.0645658 
0.312161 0 0.526328 0 0.50454 0.052644 
0.3121 0 0.522919 0 0.501107 0.0409956 
0.312035 0 0.519542 0 0.497729 0.0296182 
0.31196 0 0.516192 0 0.494405 0.0185089 
0.311877 0 0.512875 0 0.491138 0.00766459 
0.311791 0 0.509599 0 0.487934 -0.00291843 
0.311701 0 0.506364 0 0.484792 -0.013244 
0.311602 0 0.503166 0 0.48171 -0.023316 
0.311493 0 0.500007 0 0.47869 -0.0331387 
0.311382 0 0.496894 0 0.475736 -0.0427163 
0.311267 0 0.493827 0 0.472845 -0.0520536 
0.311148 0 0.490766 0 0.469907 -0.0611551 
0.311004 0 0.487718 0 0.46694 -0.0700261 
0.310833 0 0.484701 0 0.463985 -0.0786719 
0.310927 0 0.482213 0 0.461547 -0.0870982 
0.311126 0 0.479925 0 0.459309 -0.0953109 
0.311364 0 0.477684 0 0.457175 -0.103316 
0.311484 0 0.475415 0 0.455035 -0.111121 
0.311505 0 0.473109 0 0.452866 -0.118731 
0.31144 0 0.47075 0 0.45069 -0.126153 
0.311305 0 0.468347 0 0.448527 -0.133393 
0.311117 0 0.465913 0 0.446396 -0.140458 
0.310833 0 0.463446 0 0.444255 -0.147354 
0.310461 0 0.460954 0 0.4421 -0.154086 
0.310087 0 0.458439 0 0.440021 -0.160659 
0.309702 0 0.45591 0 0.438019 -0.167077 
0.309237 0 0.453362 0 0.436021 -0.173346 
0.308703 0 0.450804 0 0.43402 -0.179468 
0.308113 0 0.448247 0 0.432019 -0.185449 
0.307482 0 0.445705 0 0.430029 -0.191291 
0.306907 0 0.443168 0 0.428167 -0.196997 
0.306348 0 0.440635 0 0.42641 -0.20257 
0.30573 0 0.438098 0 0.424672 -0.208013 
0.305072 0 0.435578 0 0.422954 -0.213328 
0.304381 0 0.433078 0 0.421256 -0.218517 
0.303921 0 0.431109 0 0.419487 -0.223582 
0.303747 0 0.429523 0 0.417886 -0.228524 
0.303742 0 0.428164 0 0.416443 -0.233344 
0.303826 0 0.42694 0 0.41511 -0.238043 
0.303951 0 0.425809 0 0.413855 -0.242621 
0.304134 0 0.424777 0 0.412706 -0.247078 
0.304318 0 0.423815 0 0.411602 -0.251414 
0.304501 0 0.422898 0 0.41054 -0.255628 
0.304675 0 0.422014 0 0.409517 -0.259717 
0.304842 0 0.421163 0 0.408536 -0.263681 
0.305009 0 0.420357 0 0.407605 -0.267517 
0.305177 0 0.419596 0 0.406725 -0.271221 
0.30534 0 0.418874 0 0.405892 -0.27479 
0.3055 0 0.418194 0 0.405109 -0.278219 
0.305663 0 0.417565 0 0.404381 -0.281502 
0.305829 0 0.416984 0 0.403707 -0.284633 
0.305992 0 0.416448 0 0.403086 -0.287605 
0.306153 0 0.415959 0 0.402519 -0.290407 
0.306319 0 0.415526 0 0.402014 -0.29303 
0.306489 0 0.41515 0 0.401571 -0.295462 
0.306656 0 0.414827 0 0.401189 -0.297688 
0.306824 0 0.414562 0 0.400872 -0.299694 
0.306997 0 0.414364 0 0.400628 -0.301461 
0.307175 0 0.414236 0 0.400459 -0.302969 
0.307351 0 0.414175 0 0.400365 -0.304199 
0.307527 0 0.414187 0 0.400352 -0.305125 
0.30771 0 0.414283 0 0.400427 -0.305723 
0.307898 0 0.414467 0 0.400594 -0.305967 
0.308084 0 0.414735 0 0.400855 -0.305829 
0.30827 0 0.415094 0 0.401213 -0.30528 
0.308462 0 0.415555 0 0.401678 -0.304293 
0.308659 0 0.416121 0 0.402253 -0.302838 
0.308853 0 0.416787 0 0.402937 -0.300887 
0.309047 0 0.417558 0 0.403734 -0.298412 
0.309245 0 0.418445 0 0.404653 -0.295385 
0.309446 0 0.419448 0 0.405694 -0.291775 
0.309644 0 0.420563 0 0.406858 -0.287551 
0.309838 0 0.421795 0 0.408149 -0.282678 
0.310034 0 0.423157 0 0.409579 -0.277117 
0.31023 0 0.424652 0 0.411151 -0.270827 
0.310419 0 0.426284 0 0.412872 -0.263765 
0.310601 0 0.428061 0 0.414753 -0.255896 
0.31078 0 0.430002 0 0.416804 -0.247202 
0.310953 0 0.432108 0 0.41903 -0.237693 
0.311114 0 0.434373 0 0.421422 -0.22741 
0.311263 0 0.436788 0 0.423971 -0.216426 
0.311405 0 0.439343 0 0.426663 -0.20484 
0.311538 0 0.442015 0 0.429472 -0.192762 
0.311657 0 0.44477 0 0.432369 -0.180302 
0.311762 0 0.447583 0 0.43533 -0.167564 
0.31186 0 0.450438 0 0.438333 -0.154639 
0.311951 0 0.453308 0 0.441355 -0.141607 
0.312029 0 0.456167 0 0.444374 -0.128532 
0.312095 0 0.458999 0 0.447374 -0.115467 
0.312158 0 0.461797 0 0.450347 -0.102456 
0.312217 0 0.464548 0 0.45328 -0.0895315 
0.312265 0 0.467235 0 0.456163 -0.0767218 
0.312305 0 0.469852 0 0.458989 -0.0640488 
0.312344 0 0.472401 0 0.461759 -0.0515299 
0.312382 0 0.474876 0 0.464468 -0.0391803 
0.312411 0 0.477268 0 0.46711 -0.0270114 
0.312435 0 0.479575 0 0.469685 -0.0150331 
0.312459 0 0.481804 0 0.472198 -0.003253 
0.312484 0 0.483954 0 0.474646 0.00832289 
0.312502 0 0.486017 0 0.477028 0.0196901 
0.312516 0 0.487996 0 0.479346 0.0308458 
0.312532 0 0.4899 0 0.481606 0.0417876 
0.312549 0 0.49173 0 0.483809 0.0525147 
0.312561 0 0.493481 0 0.485954 0.063027 
0.312569 0 0.495155 0 0.488046 0.0733247 
0.31258 0 0.496765 0 0.490092 0.0834091 
0.313028 0 0.498986 0 0.492384 0.0932819 
0.31373 0 0.50149 0 0.494815 0.102945 
0.314551 0 0.504062 0 0.497275 0.112401 
0.315329 0 0.506507 0 0.499683 0.121653 
0.315956 0 0.508789 0 0.501922 0.130704 
0.316473 0 0.510921 0 0.50403 0.139557 
0.316913 0 0.512922 0 0.506044 0.148216 
0.317302 0 0.514823 0 0.507997 0.156684 
0.317657 0 0.516642 0 0.509906 0.164964 
0.31798 0 0.518391 0 0.511783 0.173061 
0.318282 0 0.520081 0 0.513642 0.180979 
0.318573 0 0.521731 0 0.515495 0.18872 
0.318856 0 0.523345 0 0.517349 0.196289 
0.319127 0 0.524922 0 0.519206 0.20369 
0.319387 0 0.526467 0 0.521074 0.210926 
0.319646 0 0.527994 0 0.522963 0.218001 
0.319903 0 0.529504 0 0.524875 0.22492 
0.320152 0 0.530994 0 0.52681 0.231684 
0.320396 0 0.532467 0 0.528772 0.238298 
0.320907 0 0.534254 0 0.530982 0.244765 
0.321365 0 0.536015 0 0.532984 0.251088 
0.321731 0 0.537655 0 0.534892 0.257271 
0.321996 0 0.539247 0 0.536702 0.263316 
0.322265 0 0.540863 0 0.538536 0.269227 
0.322535 0 0.542502 0 0.540389 0.275006 
0.322801 0 0.544151 0 0.542255 0.280655 
0.323247 0 0.546009 0 0.544279 0.286177 
0.323825 0 0.548013 0 0.546433 0.291575 
0.324492 0 0.550111 0 0.548675 0.296851 
0.325209 0 0.552258 0 0.550968 0.302007 
0.325958 0 0.55443 0 0.553291 0.307046 
0.326634 0 0.556528 0 0.555504 0.311969 
0.327279 0 0.558569 0 0.557681 0.316779 
0.327908 0 0.560561 0 0.559842 0.321477 
0.32853 0 0.562513 0 0.561993 0.326066 
0.329158 0 0.564439 0 0.564137 0.330548 
0.329791 0 0.566338 0 0.566272 0.334925 
0.330426 0 0.568202 0 0.568391 0.339198 
0.331064 0 0.570031 0 0.570497 0.34337 
0.331713 0 0.571832 0 0.57259 0.347443 
0.33237 0 0.573603 0 0.57467 0.351418 
0.333029 0 0.575333 0 0.576729 0.355298 
0.33369 0 0.577024 0 0.578766 0.359084 
0.334359 0 0.578684 0 0.580786 0.362779 
0.335035 0 0.580312 0 0.582786 0.366385 
0.33571 0 0.581899 0 0.584759 0.369902 
0.336385 0 0.583446 0 0.586707 0.373334 
0.337066 0 0.584963 0 0.588634 0.376682 
0.337752 0 0.586447 0 0.590537 0.379949 
0.338435 0 0.58789 0 0.592412 0.383134 
0.339116 0 0.589295 0 0.594259 0.386242 
0.339802 0 0.590669 0 0.596083 0.389273 
0.340489 0 0.592012 0 0.597882 0.39223 
0.341172 0 0.593316 0 0.599652 0.395113 
0.341851 0 0.594581 0 0.601393 0.397925 
0.342533 0 0.595818 0 0.603111 0.400668 
0.343215 0 0.597024 0 0.604804 0.403342 
0.34376 0 0.598097 0 0.606301 0.40595 
0.344217 0 0.599092 0 0.607652 0.408494 
0.344555 0 0.599995 0 0.60882 0.410974 
0.344804 0 0.6008 0 0.609868 0.413393 
0.344986 0 0.601522 0 0.610821 0.415752 
0.345119 0 0.602182 0 0.611699 0.418052 
0.345222 0 0.602801 0 0.612516 0.420295 
0.345357 0 0.603468 0 0.613312 0.422481 
0.345502 0 0.604137 0 0.614088 0.424614 
0.34565 0 0.604795 0 0.614843 0.426693 
0.345803 0 0.605444 0 0.615579 0.428721 
0.345958 0 0.606082 0 0.616292 0.430698 
0.346106 0 0.6067 0 0.616977 0.432626 
0.34634 0 0.607343 0 0.617763 0.434505 
0.34662 0 0.607999 0 0.618589 0.436338 
0.346974 0 0.608702 0 0.619478 0.438125 
0.34736 0 0.609414 0 0.620388 0.439868 
0.34776 0 0.610119 0 0.621301 0.441567 
0.348171 0 0.610818 0 0.622212 0.443223 
0.348587 0 0.611506 0 0.623115 0.444839 
0.348998 0 0.612172 0 0.624003 0.446414 
0.349406 0 0.612817 0 0.624877 0.447949 
0.349817 0 0.613448 0 0.625742 0.449446 
0.35015 0 0.614015 0 0.626501 0.450906 
0.350431 0 0.61454 0 0.627182 0.45233 
0.350627 0 0.615003 0 0.627745 0.453717 
0.350779 0 0.615432 0 0.628238 0.45507 
0.350907 0 0.615838 0 0.628688 0.45639 
0.35108 0 0.616257 0 0.629188 0.457676 
0.351275 0 0.616679 0 0.629706 0.45893 
0.351485 0 0.617103 0 0.630232 0.460153 
0.3517 0 0.617523 0 0.630753 0.461346 
0.351907 0 0.617927 0 0.631257 0.462508 
0.352106 0 0.618317 0 0.631743 0.463642 
0.352304 0 0.6187 0 0.632215 0.464747 
0.352498 0 0.619077 0 0.632674 0.465824 
0.352683 0 0.619439 0 0.633113 0.466875 
0.35286 0 0.619787 0 0.633536 0.467899 
0.353036 0 0.62013 0 0.633948 0.468898 
0.35321 0 0.620467 0 0.634348 0.469872 
0.353375 0 0.620789 0 0.634732 0.470821 
0.353532 0 0.621099 0 0.6351 0.471747 
0.353689 0 0.621405 0 0.63546 0.47265 
0.353845 0 0.621706 0 0.635809 0.47353 
0.353992 0 0.621993 0 0.636142 0.474388 
0.354132 0 0.622268 0 0.636461 0.475224 
0.354271 0 0.62254 0 0.636772 0.47604 
0.354409 0 0.622808 0 0.637073 0.476835 
0.354539 0 0.623062 0 0.637359 0.47761 
0.354662 0 0.623305 0 0.637631 0.478366 
0.354784 0 0.623545 0 0.637894 0.479104 
0.354904 0 0.62378 0 0.638148 0.479822 
0.355016 0 0.624003 0 0.638386 0.480523 
0.35512 0 0.624213 0 0.638609 0.481206 
0.355222 0 0.624421 0 0.638823 0.481872 
0.355322 0 0.624623 0 0.639026 0.482522 
0.355411 0 0.624811 0 0.639211 0.483155 
0.355491 0 0.624987 0 0.639379 0.483772 
0.355568 0 0.625159 0 0.639537 0.484374 
0.35564 0 0.625324 0 0.63968 0.484961 
0.355699 0 0.625475 0 0.639803 0.485533 
0.355746 0 0.625611 0 0.639907 0.486091 
0.355788 0 0.625742 0 0.639995 0.486635 
0.355822 0 0.625866 0 0.640067 0.487166 
0.355841 0 0.625974 0 0.640115 0.487683 
0.355845 0 0.626067 0 0.640139 0.488187 
0.35584 0 0.626153 0 0.640145 0.488678 
0.355825 0 0.626232 0 0.640131 0.489158 
0.355792 0 0.626295 0 0.640089 0.489625 
0.355742 0 0.626345 0 0.640021 0.490081 
0.35568 0 0.626389 0 0.639932 0.490525 
0.355607 0 0.626429 0 0.63982 0.490958 
0.355513 0 0.626457 0 0.639678 0.49138 
0.355401 0 0.626476 0 0.639507 0.491792 
0.355277 0 0.626497 0 0.639314 0.492193 
0.355214 0 0.626562 0 0.639199 0.492585 
0.355191 0 0.626657 0 0.639129 0.492966 
0.355084 0 0.626721 0 0.638934 0.493338 
0.355134 0 0.627005 0 0.638867 0.493701 
0.355046 0 0.627146 0 0.63866 0.494055 
0.355127 0 0.627526 0 0.638594 0.494399 
0.35521 0 0.627813 0 0.638608 0.494735 
0.355318 0 0.628114 0 0.638668 0.495063 
0.355503 0 0.628507 0 0.638808 0.495382 
0.355669 0 0.628884 0 0.638937 0.495693 
0.355974 0 0.629429 0 0.639197 0.495996 
0.356203 0 0.629878 0 0.639388 0.496291 
0.356625 0 0.630574 0 0.639746 0.496578 
0.356879 0 0.63105 0 0.639956 0.496857 
0.357342 0 0.63183 0 0.640316 0.497128 
0.357377 0 0.632028 0 0.640306 0.497391 
0.357696 0 0.632676 0 0.640509 0.497645 
0.358104 0 0.633452 0 0.640779 0.497889 
0.358507 0 0.634214 0 0.641044 0.498124 
0.35838 0 0.634182 0 0.640883 0.498347 
0.358587 0 0.634713 0 0.640953 0.498557 
0.358989 0 0.635536 0 0.641172 0.498751 
0.359387 0 0.636344 0 0.641386 0.498926 
0.359228 0 0.636302 0 0.641176 0.499078 
0.359395 0 0.636802 0 0.641191 0.4992 
0.359749 0 0.63758 0 0.641346 0.499286 
0.359564 0 0.637535 0 0.641101 0.499326 
0.359689 0 0.638009 0 0.641068 0.499307 
0.36 0 0.638753 0 0.641172 0.499215 
0.359802 0 0.638725 0 0.64091 0.499031 
0.359899 0 0.639171 0 0.64085 0.498731 
0.360174 0 0.639875 0 0.640924 0.498285 
0.359983 0 0.639877 0 0.64067 0.497658 
0.36008 0 0.640335 0 0.640599 0.496808 
0.360086 0 0.640645 0 0.640494 0.495682 
0.359805 0 0.640692 0 0.640106 0.494219 
0.359575 0 0.640945 0 0.639666 0.492348 
0.358942 0 0.640621 0 0.638959 0.489985 
0.358109 0 0.640039 0 0.638101 0.487036 
0.357274 0 0.639432 0 0.637247 0.483401 
0.356442 0 0.638798 0 0.636381 0.478975 
0.355916 0 0.638608 0 0.63561 0.473655 
0.355389 0 0.638349 0 0.634762 0.467353 
0.354686 0 0.637696 0 0.633774 0.460003 
0.353866 0 0.636781 0 0.632598 0.451569 
0.352973 0 0.635632 0 0.631231 0.442051 
0.352048 0 0.634264 0 0.62967 0.43149 
0.351119 0 0.632684 0 0.627912 0.419956 
0.350492 0 0.631213 0 0.626228 0.407544 
0.350101 0 0.629776 0 0.624546 0.394365 
0.350087 0 0.628496 0 0.622892 0.380537 
0.350287 0 0.627175 0 0.621157 0.366175 
0.350609 0 0.625718 0 0.619278 0.351392 
0.350904 0 0.62399 0 0.617137 0.336289 
0.3512 0 0.622032 0 0.614765 0.320957 
0.351504 0 0.619865 0 0.612182 0.305478 
0.351907 0 0.617578 0 0.609452 0.289921 
0.352339 0 0.615135 0 0.60661 0.274348 
0.352814 0 0.612579 0 0.603667 0.258811 
0.353375 0 0.609924 0 0.600684 0.243356 
0.354007 0 0.607205 0 0.59767 0.228021 
0.354692 0 0.60443 0 0.59463 0.212837 
0.355424 0 0.601614 0 0.591577 0.197833 
0.356202 0 0.598775 0 0.588525 0.183031 
0.357022 0 0.595927 0 0.585488 0.168449 
0.357875 0 0.593078 0 0.582471 0.154105 
0.358757 0 0.590241 0 0.579487 0.140008 
0.359673 0 0.587434 0 0.576548 0.12617 
0.360616 0 0.584666 0 0.573659 0.112597 
0.361576 0 0.581939 0 0.570823 0.0992947 
0.362551 0 0.57926 0 0.568044 0.0862662 
0.363542 0 0.576643 0 0.565331 0.0735136 
0.364546 0 0.574093 0 0.562686 0.0610372 
0.365552 0 0.571606 0 0.560105 0.0488366 
0.366559 0 0.569187 0 0.557591 0.0369105 
0.367569 0 0.566846 0 0.555149 0.0252567 
0.368579 0 0.564583 0 0.552778 0.0138724 
0.369581 0 0.562394 0 0.550473 0.00275441 
0.370574 0 0.560281 0 0.548236 -0.00810097 
0.371563 0 0.558251 0 0.54607 -0.0186976 
0.372545 0 0.556305 0 0.543974 -0.0290397 
0.373512 0 0.554436 0 0.541942 -0.0391317 
0.374466 0 0.552643 0 0.539974 -0.0489778 
0.375412 0 0.550936 0 0.538074 -0.0585827 
0.376348 0 0.549311 0 0.53624 -0.0679508 
0.377013 0 0.547328 0 0.534087 -0.0770869 
0.377407 0 0.545075 0 0.531737 -0.0859954 
0.377645 0 0.542739 0 0.529313 -0.0946809 
0.377787 0 0.540421 0 0.526891 -0.103148 
0.377925 0 0.538181 0 0.524544 -0.111401 
0.37806 0 0.536019 0 0.522271 -0.119444 
0.378199 0 0.533943 0 0.520076 -0.127282 
0.378339 0 0.531948 0 0.517955 -0.134918 
0.37842 0 0.529909 0 0.515761 -0.142358 
0.378449 0 0.527851 0 0.513538 -0.149605 
0.378442 0 0.525805 0 0.511328 -0.156664 
0.378402 0 0.523774 0 0.509145 -0.163538 
0.37832 0 0.521745 0 0.506985 -0.170233 
0.378193 0 0.519707 0 0.504842 -0.176751 
0.378022 0 0.517655 0 0.502715 -0.183099 
0.377802 0 0.515581 0 0.500601 -0.18928 
0.377526 0 0.513472 0 0.498499 -0.1953 
0.377453 0 0.511708 0 0.496758 -0.201162 
0.377469 0 0.510076 0 0.495183 -0.206873 
0.377498 0 0.508477 0 0.493664 -0.212435 
0.377357 0 0.506808 0 0.492088 -0.217853 
0.377119 0 0.505048 0 0.490494 -0.223132 
0.376817 0 0.503222 0 0.488911 -0.228276 
0.376408 0 0.501341 0 0.487289 -0.233288 
0.375912 0 0.499426 0 0.485634 -0.238173 
0.375437 0 0.497491 0 0.484076 -0.242933 
0.374968 0 0.495543 0 0.482608 -0.247571 
0.374431 0 0.49358 0 0.481135 -0.252092 
0.373835 0 0.491606 0 0.479653 -0.256497 
0.373194 0 0.489632 0 0.478167 -0.26079 
0.372614 0 0.487659 0 0.476802 -0.264973 
0.372059 0 0.48569 0 0.475538 -0.269049 
0.37145 0 0.483714 0 0.47428 -0.273019 
0.370867 0 0.481741 0 0.473107 -0.276885 
0.370242 0 0.479771 0 0.471947 -0.28065 
0.369641 0 0.47779 0 0.470864 -0.284314 
0.369043 0 0.475802 0 0.469851 -0.287878 
0.368623 0 0.474404 0 0.468649 -0.291342 
0.368474 0 0.473355 0 0.467554 -0.294708 
0.368473 0 0.472471 0 0.466566 -0.297973 
0.368545 0 0.471676 0 0.465655 -0.301136 
0.368635 0 0.470941 0 0.464786 -0.304195 
0.368761 0 0.470275 0 0.463986 -0.307146 
0.368909 0 0.469669 0 0.463241 -0.309985 
0.369065 0 0.469103 0 0.462541 -0.312705 
0.369222 0 0.468567 0 0.461881 -0.315299 
0.369386 0 0.468067 0 0.461266 -0.317756 
0.369554 0 0.4676 0 0.460694 -0.320063 
0.369719 0 0.467165 0 0.460168 -0.322203 
0.369884 0 0.466767 0 0.459692 -0.324157 
0.370055 0 0.46642 0 0.459276 -0.325899 
0.370231 0 0.466128 0 0.458925 -0.327397 
0.370408 0 0.465892 0 0.458644 -0.328611 
0.370587 0 0.465724 0 0.458444 -0.329496 
0.370774 0 0.465643 0 0.458341 -0.329993 
0.370969 0 0.465662 0 0.458348 -0.330035 
0.371167 0 0.465792 0 0.458479 -0.329545 
0.371368 0 0.466053 0 0.458755 -0.328435 
0.371579 0 0.466473 0 0.4592 -0.326611 
0.371801 0 0.467073 0 0.459834 -0.323981 
0.372025 0 0.467868 0 0.460673 -0.320456 
0.372255 0 0.468875 0 0.461738 -0.315961 
0.372495 0 0.470116 0 0.463044 -0.310446 
0.372745 0 0.471598 0 0.464598 -0.303887 
0.372998 0 0.473314 0 0.466397 -0.296297 
0.373256 0 0.47526 0 0.468435 -0.287717 
0.373524 0 0.47743 0 0.470705 -0.278216 
0.3738 0 0.479807 0 0.473188 -0.267883 
0.374078 0 0.482364 0 0.475859 -0.25682 
0.374358 0 0.485079 0 0.478699 -0.245132 
0.374646 0 0.487938 0 0.481689 -0.232924 
0.374941 0 0.490917 0 0.484805 -0.220296 
0.375235 0 0.493988 0 0.488024 -0.207339 
0.375529 0 0.497134 0 0.491328 -0.194132 
0.375828 0 0.500346 0 0.494705 -0.180747 
0.376132 0 0.503608 0 0.498139 -0.167243 
0.376432 0 0.506903 0 0.501616 -0.15367 
0.37673 0 0.510223 0 0.50513 -0.14007 
0.377032 0 0.51357 0 0.508679 -0.126474 
0.377335 0 0.516941 0 0.51226 -0.112907 
0.377634 0 0.52033 0 0.515871 -0.0993891 
0.377928 0 0.523743 0 0.519517 -0.0859343 
0.378223 0 0.527192 0 0.523207 -0.0725572 
0.378518 0 0.530676 0 0.52694 -0.0592749 
0.378804 0 0.534188 0 0.530713 -0.0461088 
0.379083 0 0.537721 0 0.534518 -0.0330837 
0.37936 0 0.541271 0 0.538347 -0.0202253 
0.379634 0 0.544825 0 0.542186 -0.00755732 
0.379899 0 0.548365 0 0.54602 0.00490005 
0.380157 0 0.551878 0 0.549838 0.0171311 
0.380413 0 0.555364 0 0.553633 0.029124 
0.380668 0 0.558811 0 0.557395 0.0408711 
0.380914 0 0.562205 0 0.561114 0.0523671 
0.381154 0 0.565541 0 0.564785 0.0636099 
0.381394 0 0.568822 0 0.568405 0.0745987 
0.381633 0 0.57204 0 0.57197 0.0853344 
0.381865 0 0.575186 0 0.575471 0.095819 
0.382092 0 0.578257 0 0.578909 0.106056 
0.38232 0 0.581258 0 0.582282 0.116047 
0.382548 0 0.584186 0 0.58559 0.125799 
0.38277 0 0.587032 0 0.588826 0.135313 
0.382988 0 0.589795 0 0.59199 0.144597 
0.383207 0 0.592484 0 0.595086 0.153652 
0.383427 0 0.595094 0 0.598111 0.162486 
0.383641 0 0.59762 0 0.601062 0.171102 
0.384258 0 0.600664 0 0.604377 0.179506 
0.385114 0 0.603939 0 0.607837 0.187701 
0.386073 0 0.607223 0 0.611276 0.195694 
0.386972 0 0.610372 0 0.614591 0.203488 
0.387832 0 0.613413 0 0.617809 0.211089 
0.388671 0 0.616364 0 0.620943 0.218501 
0.389493 0 0.619223 0 0.623993 0.225729 
0.390294 0 0.621979 0 0.626954 0.232777 
0.391077 0 0.624632 0 0.62983 0.239649 
0.391849 0 0.627191 0 0.632628 0.246351 
0.39261 0 0.629659 0 0.635349 0.252885 
0.393353 0 0.632031 0 0.637991 0.259256 
0.394081 0 0.63431 0 0.640557 0.265468 
0.3948 0 0.636506 0 0.643053 0.271526 
0.395509 0 0.638621 0 0.645481 0.277432 
0.396201 0 0.640647 0 0.647836 0.28319 
0.396994 0 0.642756 0 0.650296 0.288805 
0.397845 0 0.644872 0 0.652765 0.29428 
0.398716 0 0.646942 0 0.655192 0.299618 
0.399582 0 0.648944 0 0.657563 0.304823 
0.400441 0 0.650881 0 0.659883 0.309897 
0.401299 0 0.652764 0 0.66216 0.314845 
0.402154 0 0.654593 0 0.664394 0.31967 
0.402998 0 0.656358 0 0.666579 0.324373 
0.403832 0 0.658061 0 0.668715 0.32896 
0.404663 0 0.659708 0 0.67081 0.333431 
0.405488 0 0.661301 0 0.672863 0.337791 
0.406302 0 0.662832 0 0.67487 0.342042 
0.407105 0 0.664303 0 0.676833 0.346187 
0.407905 0 0.665724 0 0.67876 0.350228 
0.4087 0 0.667094 0 0.680648 0.354168 
0.409483 0 0.668406 0 0.682495 0.35801 
0.410256 0 0.669662 0 0.684301 0.361756 
0.411025 0 0.67087 0 0.686074 0.365408 
0.411789 0 0.672029 0 0.687812 0.368969 
0.412542 0 0.673133 0 0.689511 0.372441 
0.413284 0 0.674182 0 0.691172 0.375826 
0.414023 0 0.675185 0 0.692801 0.379126 
0.414757 0 0.676141 0 0.694399 0.382344 
0.415478 0 0.677043 0 0.695958 0.385481 
0.416189 0 0.67789 0 0.697482 0.388541 
0.416896 0 0.678693 0 0.698976 0.391523 
0.417598 0 0.679449 0 0.700439 0.394431 
0.418287 0 0.68015 0 0.701865 0.397267 
0.418966 0 0.680798 0 0.703256 0.400031 
0.419639 0 0.6814 0 0.704618 0.402726 
0.420307 0 0.681955 0 0.705949 0.405354 
0.420962 0 0.682455 0 0.707243 0.407917 
0.421605 0 0.6829 0 0.708502 0.410415 
0.422041 0 0.683249 0 0.709348 0.412852 
0.422312 0 0.683518 0 0.70989 0.415227 
0.42248 0 0.683756 0 0.710257 0.417543 
0.422607 0 0.683986 0 0.710564 0.419801 
0.422751 0 0.684222 0 0.710888 0.422002 
0.422908 0 0.684457 0 0.711225 0.424148 
0.423067 0 0.68468 0 0.711567 0.426241 
0.42323 0 0.68489 0 0.711915 0.428281 
0.423401 0 0.685095 0 0.712275 0.43027 
0.42358 0 0.685292 0 0.712645 0.432209 
0.423759 0 0.685471 0 0.713017 0.4341 
0.423937 0 0.685633 0 0.713394 0.435944 
0.424123 0 0.685785 0 0.713779 0.437742 
0.424313 0 0.685925 0 0.714171 0.439495 
0.424501 0 0.686043 0 0.714563 0.441203 
0.424688 0 0.686139 0 0.714956 0.44287 
0.424879 0 0.68622 0 0.715353 0.444494 
0.425043 0 0.686384 0 0.715653 0.446078 
0.425173 0 0.686576 0 0.715881 0.447622 
0.425282 0 0.686778 0 0.716067 0.449128 
0.425387 0 0.686991 0 0.716238 0.450596 
0.425493 0 0.687207 0 0.716402 0.452027 
0.425594 0 0.687417 0 0.716557 0.453423 
0.425691 0 0.68762 0 0.7167 0.454783 
0.425791 0 0.687827 0 0.716838 0.45611 
0.425891 0 0.688036 0 0.716967 0.457404 
0.425984 0 0.688238 0 0.71708 0.458665 
0.426072 0 0.688435 0 0.717177 0.459894 
0.426162 0 0.688633 0 0.717266 0.461093 
0.426252 0 0.688833 0 0.717343 0.462262 
0.426334 0 0.689024 0 0.717403 0.463402 
0.426414 0 0.689191 0 0.717466 0.464513 
0.426493 0 0.689334 0 0.717533 0.465597 
0.426537 0 0.689417 0 0.717571 0.466653 
0.426551 0 0.689446 0 0.717581 0.467683 
0.426523 0 0.689422 0 0.717546 0.468687 
0.426535 0 0.689417 0 0.717551 0.469666 
0.426483 0 0.689325 0 0.717486 0.470621 
0.426422 0 0.689221 0 0.717405 0.471551 
0.426349 0 0.689095 0 0.717305 0.472459 
0.426316 0 0.689062 0 0.717224 0.473344 
0.426292 0 0.68906 0 0.717138 0.474206 
0.42626 0 0.689046 0 0.717036 0.475047 
0.426224 0 0.689022 0 0.716924 0.475867 
0.426193 0 0.688996 0 0.716807 0.476667 
0.426138 0 0.688967 0 0.716651 0.477447 
0.426055 0 0.688921 0 0.716457 0.478207 
0.425947 0 0.688859 0 0.716227 0.478948 
0.425822 0 0.688791 0 0.715971 0.47967 
0.425681 0 0.688716 0 0.715687 0.480374 
0.425517 0 0.688627 0 0.715372 0.481061 
0.425333 0 0.688526 0 0.715028 0.481731 
0.425136 0 0.688426 0 0.714662 0.482384 
0.424926 0 0.688327 0 0.714274 0.48302 
0.424793 0 0.688268 0 0.713987 0.483641 
0.424717 0 0.688245 0 0.713764 0.484246 
0.424554 0 0.688206 0 0.713412 0.484835 
0.424394 0 0.68837 0 0.712971 0.48541 
0.424228 0 0.68868 0 0.712455 0.485971 
0.424057 0 0.689116 0 0.711876 0.486517 
0.42376 0 0.689473 0 0.711118 0.487049 
0.423532 0 0.690052 0 0.710375 0.487568 
0.423336 0 0.69079 0 0.709597 0.488074 
0.423155 0 0.691656 0 0.708763 0.488566 
0.422865 0 0.692447 0 0.707741 0.489045 
0.422651 0 0.693402 0 0.706736 0.489511 
0.422464 0 0.694469 0 0.705685 0.489964 
0.42217 0 0.695442 0 0.704447 0.490403 
0.421814 0 0.696331 0 0.703091 0.490828 
0.42155 0 0.697377 0 0.701772 0.491238 
0.42121 0 0.698343 0 0.700313 0.491632 
0.420926 0 0.699392 0 0.698855 0.492007 
0.420574 0 0.700345 0 0.697262 0.492361 
0.420178 0 0.701206 0 0.695581 0.492689 
0.419745 0 0.701975 0 0.693835 0.492987 
0.41892 0 0.701426 0 0.6926 0.493245 
0.418398 0 0.701215 0 0.691965 0.493456 
0.417884 0 0.700995 0 0.69146 0.493606 
0.417645 0 0.701087 0 0.691198 0.493679 
0.417005 0 0.700581 0 0.690639 0.493654 
0.416372 0 0.700076 0 0.690086 0.493507 
0.415743 0 0.699571 0 0.689537 0.493206 
0.415113 0 0.699059 0 0.688987 0.492717 
0.414482 0 0.698541 0 0.688437 0.491998 
0.413858 0 0.698027 0 0.687893 0.491002 
0.41324 0 0.697514 0 0.687352 0.489677 
0.41262 0 0.696995 0 0.686808 0.487968 
0.412 0 0.696471 0 0.68626 0.48582 
0.411387 0 0.695947 0 0.685712 0.483177 
0.410781 0 0.695421 0 0.685159 0.479986 
0.410173 0 0.694882 0 0.68459 0.476199 
0.409566 0 0.694325 0 0.684001 0.471773 
0.408966 0 0.693753 0 0.683389 0.466675 
0.408718 0 0.693673 0 0.682907 0.460874 
0.40867 0 0.693815 0 0.682468 0.454351 
0.40862 0 0.693873 0 0.681937 0.447088 
0.408576 0 0.693841 0 0.681299 0.439078 
0.408537 0 0.693696 0 0.68053 0.430317 
0.408497 0 0.69341 0 0.679603 0.420811 
0.408456 0 0.692959 0 0.678496 0.410577 
0.408422 0 0.692327 0 0.677191 0.399641 
0.408394 0 0.69149 0 0.675666 0.388044 
0.408365 0 0.690422 0 0.673902 0.375839 
0.408406 0 0.689177 0 0.671864 0.363088 
0.40849 0 0.68771 0 0.669551 0.349859 
0.408341 0 0.685726 0 0.667238 0.336225 
0.408263 0 0.683647 0 0.664657 0.322258 
0.408358 0 0.681551 0 0.661827 0.308029 
0.408518 0 0.679279 0 0.658866 0.293603 
0.408444 0 0.676595 0 0.655626 0.279043 
0.408525 0 0.673868 0 0.652186 0.264403 
0.408631 0 0.670994 0 0.648586 0.249735 
0.408742 0 0.667975 0 0.644853 0.235081 
0.408578 0 0.664608 0 0.641038 0.220482 
0.408572 0 0.661257 0 0.637028 0.205973 
0.408455 0 0.657716 0 0.632928 0.191583 
0.408458 0 0.654219 0 0.628791 0.17734 
0.408233 0 0.650502 0 0.624639 0.163265 
0.408175 0 0.646899 0 0.620387 0.14938 
0.40862 0 0.644219 0 0.616887 0.135698 
0.409376 0 0.641674 0 0.613684 0.122236 
0.41029 0 0.639191 0 0.61062 0.109004 
0.410884 0 0.636371 0 0.607227 0.0960116 
0.41125 0 0.63326 0 0.603646 0.0832648 
0.411465 0 0.629988 0 0.599984 0.0707692 
0.411582 0 0.626665 0 0.596303 0.058528 
0.41163 0 0.623346 0 0.592637 0.0465432 
0.411635 0 0.620055 0 0.589006 0.0348158 
0.411615 0 0.616804 0 0.585423 0.0233455 
0.411576 0 0.61359 0 0.581895 0.0121313 
0.411515 0 0.610407 0 0.578424 0.00117161 
0.411438 0 0.60726 0 0.575015 -0.00953582 
0.411352 0 0.604162 0 0.571678 -0.0199938 
0.411259 0 0.601114 0 0.568412 -0.0302053 
0.411152 0 0.598112 0 0.565216 -0.0401738 
0.411035 0 0.595158 0 0.562092 -0.0499028 
0.410914 0 0.59226 0 0.559045 -0.0593962 
0.410787 0 0.589416 0 0.556072 -0.0686578 
0.41065 0 0.586619 0 0.55317 -0.0776915 
0.410502 0 0.583869 0 0.55034 -0.0865013 
0.410352 0 0.581174 0 0.547585 -0.0950912 
0.410198 0 0.57853 0 0.544901 -0.103465 
0.410033 0 0.57593 0 0.542286 -0.111628 
0.409859 0 0.573374 0 0.539739 -0.119582 
0.409682 0 0.570868 0 0.537262 -0.127332 
0.409501 0 0.56841 0 0.534852 -0.134882 
0.409311 0 0.565991 0 0.532506 -0.142237 
0.409111 0 0.563611 0 0.530223 -0.149398 
0.408909 0 0.561276 0 0.528004 -0.156372 
0.408704 0 0.558983 0 0.525847 -0.16316 
0.408488 0 0.556724 0 0.523747 -0.169769 
0.408263 0 0.554498 0 0.521703 -0.176201 
0.408035 0 0.552311 0 0.519717 -0.182462 
0.407803 0 0.550159 0 0.517786 -0.188557 
0.407561 0 0.548035 0 0.515904 -0.194489 
0.40731 0 0.545938 0 0.514071 -0.200264 
0.407055 0 0.543873 0 0.512289 -0.205887 
0.406796 0 0.541838 0 0.510554 -0.211363 
0.406526 0 0.539824 0 0.508861 -0.216696 
0.406246 0 0.537831 0 0.507209 -0.221891 
0.405963 0 0.535865 0 0.505602 -0.226952 
0.405674 0 0.533924 0 0.504035 -0.231882 
0.405694 0 0.532672 0 0.502893 -0.236686 
0.405632 0 0.531269 0 0.501669 -0.241366 
0.405483 0 0.5297 0 0.500286 -0.245927 
0.405255 0 0.528044 0 0.498851 -0.25037 
0.405023 0 0.526437 0 0.49746 -0.254697 
0.40479 0 0.524879 0 0.496115 -0.258913 
0.404561 0 0.523376 0 0.494817 -0.263017 
0.404335 0 0.521927 0 0.493566 -0.267012 
0.404286 0 0.520692 0 0.492502 -0.270898 
0.404369 0 0.519652 0 0.491609 -0.274676 
0.40455 0 0.518767 0 0.490851 -0.278344 
0.404744 0 0.517966 0 0.490049 -0.281902 
0.4049 0 0.517177 0 0.489214 -0.285347 
0.405026 0 0.516386 0 0.488385 -0.288675 
0.405136 0 0.515602 0 0.487582 -0.291879 
0.405235 0 0.514829 0 0.486812 -0.294953 
0.405382 0 0.514154 0 0.486126 -0.297884 
0.405561 0 0.51356 0 0.485518 -0.30066 
0.405764 0 0.513031 0 0.48498 -0.303263 
0.405983 0 0.512559 0 0.484505 -0.305669 
0.406207 0 0.512138 0 0.484094 -0.307848 
0.406437 0 0.511777 0 0.483754 -0.309764 
0.406679 0 0.511494 0 0.4835 -0.311368 
0.406933 0 0.511299 0 0.483343 -0.312602 
0.407193 0 0.511201 0 0.483294 -0.313392 
0.40746 0 0.51122 0 0.483374 -0.31365 
0.407742 0 0.511388 0 0.483608 -0.313277 
0.408038 0 0.511727 0 0.484019 -0.312158 
0.408341 0 0.512259 0 0.484631 -0.310178 
0.408653 0 0.51301 0 0.485468 -0.307223 
0.408979 0 0.514013 0 0.486557 -0.303199 
0.409319 0 0.515283 0 0.487913 -0.29804 
0.409666 0 0.516822 0 0.48954 -0.291723 
0.410019 0 0.518631 0 0.491438 -0.284266 
0.410386 0 0.520707 0 0.493602 -0.275729 
0.410763 0 0.523032 0 0.496014 -0.266205 
0.411144 0 0.525576 0 0.498648 -0.255808 
0.411529 0 0.528315 0 0.501481 -0.244665 
0.411924 0 0.531228 0 0.504491 -0.232901 
0.412326 0 0.534289 0 0.507652 -0.220638 
0.412728 0 0.537464 0 0.510935 -0.207986 
0.413132 0 0.540732 0 0.514321 -0.195044 
0.413542 0 0.544079 0 0.517793 -0.181898 
0.413956 0 0.547485 0 0.521335 -0.16862 
0.414368 0 0.55093 0 0.524929 -0.155273 
0.414778 0 0.5544 0 0.528564 -0.141906 
0.415193 0 0.557893 0 0.532236 -0.12856 
0.415611 0 0.561401 0 0.535938 -0.115264 
0.416024 0 0.564913 0 0.539665 -0.102041 
0.416434 0 0.568428 0 0.54342 -0.0889043 
0.416847 0 0.571956 0 0.54721 -0.0758629 
0.417261 0 0.5755 0 0.551044 -0.0629215 
0.417669 0 0.579058 0 0.554925 -0.0500847 
0.418071 0 0.582637 0 0.558861 -0.0373599 
0.41903 0 0.587164 0 0.563494 -0.024759 
0.420275 0 0.592025 0 0.568324 -0.0122971 
0.421471 0 0.596791 0 0.573102 6.75616e-06 
0.422639 0 0.601534 0 0.577884 0.0121337 
0.423812 0 0.60628 0 0.582675 0.0240661 
0.42499 0 0.611014 0 0.587459 0.0357891 
0.426167 0 0.615719 0 0.592221 0.0472911 
0.427342 0 0.620385 0 0.596952 0.0585634 
0.428524 0 0.625013 0 0.601645 0.0696004 
0.429712 0 0.629594 0 0.606293 0.0803986 
0.430898 0 0.634116 0 0.610887 0.0909568 
0.432084 0 0.638574 0 0.615424 0.101275 
0.433277 0 0.642974 0 0.619903 0.111354 
0.434475 0 0.647311 0 0.62432 0.121197 
0.435673 0 0.651575 0 0.62867 0.130806 
0.436791 0 0.655666 0 0.632864 0.140185 
0.437852 0 0.659588 0 0.636924 0.149337 
0.438869 0 0.663364 0 0.640868 0.158268 
0.439848 0 0.667012 0 0.644709 0.16698 
0.440799 0 0.670547 0 0.648458 0.175479 
0.441735 0 0.673984 0 0.65212 0.18377 
0.442657 0 0.677321 0 0.655696 0.191856 
0.443559 0 0.680551 0 0.659182 0.199743 
0.444443 0 0.683674 0 0.662582 0.207434 
0.445318 0 0.686698 0 0.665899 0.214935 
0.446181 0 0.689623 0 0.669135 0.22225 
0.447027 0 0.692443 0 0.672288 0.229383 
0.447857 0 0.695162 0 0.67536 0.236338 
0.448678 0 0.697788 0 0.678357 0.243121 
0.449488 0 0.700322 0 0.681279 0.249735 
0.450281 0 0.702758 0 0.684123 0.256184 
0.451058 0 0.705097 0 0.686893 0.262472 
0.451825 0 0.707351 0 0.689594 0.268603 
0.452582 0 0.709518 0 0.692226 0.274582 
0.453321 0 0.711594 0 0.694787 0.280412 
0.454044 0 0.71358 0 0.697279 0.286096 
0.454757 0 0.715486 0 0.699709 0.291638 
0.455459 0 0.717313 0 0.702076 0.297042 
0.456143 0 0.719054 0 0.704377 0.30231 
0.45681 0 0.720712 0 0.706616 0.307448 
0.457466 0 0.722297 0 0.708799 0.312457 
0.458111 0 0.723809 0 0.710924 0.317341 
0.458738 0 0.72524 0 0.712989 0.322102 
0.459347 0 0.726595 0 0.714998 0.326745 
0.459945 0 0.727882 0 0.716954 0.331272 
0.460531 0 0.729102 0 0.71886 0.335686 
0.461099 0 0.730248 0 0.72071 0.33999 
0.461837 0 0.731598 0 0.72281 0.344185 
0.462674 0 0.733007 0 0.724973 0.348277 
0.463541 0 0.734377 0 0.727099 0.352265 
0.464378 0 0.735654 0 0.729164 0.356155 
0.465193 0 0.736854 0 0.731173 0.359947 
0.465996 0 0.737989 0 0.733135 0.363644 
0.466787 0 0.739055 0 0.735046 0.367249 
0.467556 0 0.740041 0 0.736902 0.370764 
0.468306 0 0.740946 0 0.738706 0.374191 
0.469042 0 0.74178 0 0.740463 0.377532 
0.469763 0 0.742543 0 0.742172 0.38079 
0.470515 0 0.743284 0 0.743895 0.383966 
0.471035 0 0.743856 0 0.745077 0.387062 
0.471388 0 0.744304 0 0.745899 0.390082 
0.471645 0 0.744704 0 0.746531 0.393026 
0.471921 0 0.745097 0 0.747187 0.395897 
0.472207 0 0.745482 0 0.747853 0.398696 
0.472507 0 0.745865 0 0.748529 0.401424 
0.472817 0 0.746242 0 0.749214 0.404085 
0.473127 0 0.746602 0 0.749902 0.406679 
0.473437 0 0.746943 0 0.750591 0.409208 
0.473754 0 0.747275 0 0.751288 0.411674 
0.474076 0 0.747593 0 0.75199 0.414078 
0.474394 0 0.747889 0 0.752691 0.416423 
0.47471 0 0.748161 0 0.753391 0.418708 
0.47503 0 0.748419 0 0.754096 0.420937 
0.475352 0 0.748659 0 0.754802 0.42311 
0.475669 0 0.748871 0 0.755504 0.425228 
0.475982 0 0.749055 0 0.756202 0.427294 
0.476297 0 0.749218 0 0.756899 0.429308 
0.476565 0 0.749453 0 0.757423 0.431271 
0.476774 0 0.749699 0 0.757809 0.433186 
0.476939 0 0.749944 0 0.758099 0.435052 
0.477082 0 0.750188 0 0.758336 0.436872 
0.477215 0 0.750429 0 0.758543 0.438647 
0.477337 0 0.750655 0 0.758727 0.440377 
0.477451 0 0.750869 0 0.75889 0.442064 
0.477565 0 0.751079 0 0.759036 0.443708 
0.477692 0 0.751273 0 0.75921 0.445312 
0.477826 0 0.751443 0 0.759402 0.446875 
0.47795 0 0.751575 0 0.759598 0.448399 
0.478072 0 0.751682 0 0.759796 0.449886 
0.478191 0 0.751766 0 0.75999 0.451335 
0.478299 0 0.751822 0 0.760173 0.452748 
0.4784 0 0.751851 0 0.760345 0.454125 
0.478501 0 0.751864 0 0.760514 0.455468 
0.478619 0 0.751925 0 0.760664 0.456778 
0.478731 0 0.751992 0 0.760788 0.458055 
0.478833 0 0.752054 0 0.760887 0.4593 
0.478932 0 0.752112 0 0.760969 0.460513 
0.479025 0 0.752161 0 0.761033 0.461697 
0.479104 0 0.752192 0 0.761074 0.46285 
0.479169 0 0.752204 0 0.761092 0.463975 
0.479226 0 0.752206 0 0.761091 0.465072 
0.479273 0 0.752197 0 0.761069 0.466142 
0.479301 0 0.752169 0 0.761018 0.467184 
0.47931 0 0.752121 0 0.760938 0.468201 
0.479307 0 0.752063 0 0.760833 0.469192 
0.479289 0 0.751994 0 0.760701 0.470159 
0.479249 0 0.751905 0 0.760536 0.471101 
0.479186 0 0.751796 0 0.760337 0.472019 
0.479109 0 0.751677 0 0.76011 0.472915 
0.479015 0 0.751547 0 0.759853 0.473788 
0.478896 0 0.751396 0 0.75956 0.47464 
0.478753 0 0.751228 0 0.759232 0.47547 
0.478595 0 0.75105 0 0.758875 0.476279 
0.478419 0 0.750864 0 0.758487 0.477068 
0.478218 0 0.75066 0 0.758065 0.477837 
0.477996 0 0.750444 0 0.757609 0.478587 
0.477758 0 0.750224 0 0.757127 0.479318 
0.477506 0 0.750004 0 0.756618 0.480031 
0.477232 0 0.749777 0 0.756078 0.480726 
0.477045 0 0.749614 0 0.755666 0.481404 
0.476926 0 0.749505 0 0.755335 0.482064 
0.476857 0 0.749447 0 0.755062 0.482708 
0.476658 0 0.749334 0 0.754578 0.483335 
0.476615 0 0.749495 0 0.754228 0.483947 
0.47641 0 0.749485 0 0.753711 0.484543 
0.476404 0 0.749793 0 0.75335 0.485124 
0.476432 0 0.750018 0 0.753166 0.485689 
0.476501 0 0.750279 0 0.753072 0.486239 
0.476631 0 0.75063 0 0.753059 0.486775 
0.476854 0 0.751111 0 0.753143 0.487295 
0.477051 0 0.751565 0 0.75322 0.487799 
0.477447 0 0.752327 0 0.753416 0.488288 
0.477581 0 0.752701 0 0.753418 0.48876 
0.477942 0 0.753468 0 0.753584 0.489212 
0.478441 0 0.754451 0 0.753852 0.489644 
0.47849 0 0.754652 0 0.753799 0.490051 
0.478816 0 0.755368 0 0.7539 0.490429 
0.479123 0 0.756017 0 0.754034 0.49077 
0.479467 0 0.756713 0 0.754205 0.491067 
0.47983 0 0.757425 0 0.754388 0.491307 
0.480239 0 0.758192 0 0.754599 0.491474 
0.480611 0 0.758909 0 0.75477 0.491548 
0.481136 0 0.75987 0 0.755051 0.491504 
0.481087 0 0.759921 0 0.754895 0.49131 
0.481335 0 0.760539 0 0.754902 0.490929 
0.48176 0 0.761446 0 0.755018 0.490315 
0.48218 0 0.76234 0 0.75513 0.48942 
0.482597 0 0.763221 0 0.755238 0.488188 
0.483017 0 0.764097 0 0.755346 0.48656 
0.48344 0 0.764968 0 0.75545 0.48448 
0.483859 0 0.76582 0 0.755542 0.481894 
0.484275 0 0.766654 0 0.755619 0.478752 
0.484696 0 0.767472 0 0.75568 0.475018 
0.485119 0 0.768266 0 0.755714 0.470664 
0.485538 0 0.769023 0 0.755709 0.465675 
0.485954 0 0.769734 0 0.755655 0.460047 
0.486427 0 0.7705 0 0.755551 0.453784 
0.486925 0 0.77125 0 0.755366 0.446896 
0.487428 0 0.771933 0 0.755077 0.439399 
0.487577 0 0.772248 0 0.754221 0.431304 
0.487204 0 0.771749 0 0.753052 0.422625 
0.48675 0 0.771024 0 0.751705 0.413372 
0.486262 0 0.770111 0 0.75017 0.403554 
0.485607 0 0.768823 0 0.748409 0.393181 
0.485147 0 0.767673 0 0.746343 0.382267 
0.484593 0 0.766232 0 0.743961 0.370831 
0.483969 0 0.764481 0 0.741287 0.358902 
0.483296 0 0.762415 0 0.73834 0.346517 
0.482593 0 0.760041 0 0.735131 0.333721 
0.481806 0 0.757274 0 0.731859 0.320564 
0.480977 0 0.754203 0 0.728406 0.307102 
0.480126 0 0.75086 0 0.72475 0.29339 
0.47927 0 0.747283 0 0.720904 0.279485 
0.478418 0 0.743496 0 0.716885 0.265439 
0.477567 0 0.73952 0 0.71271 0.251302 
0.476722 0 0.735377 0 0.708401 0.23712 
0.47589 0 0.731097 0 0.70398 0.222936 
0.475072 0 0.726701 0 0.699464 0.208786 
0.474262 0 0.722203 0 0.694869 0.194706 
0.473461 0 0.717624 0 0.690213 0.180725 
0.472677 0 0.712992 0 0.685519 0.16687 
0.471909 0 0.708325 0 0.680799 0.153164 
0.471152 0 0.703633 0 0.676067 0.139629 
0.470408 0 0.698933 0 0.671335 0.126281 
0.470198 0 0.694887 0 0.66728 0.113134 
0.470433 0 0.691316 0 0.663706 0.100203 
0.47097 0 0.688008 0 0.660437 0.0874966 
0.471709 0 0.684866 0 0.657381 0.0750231 
0.472605 0 0.681878 0 0.65451 0.0627888 
0.473618 0 0.679043 0 0.651802 0.0507983 
0.474713 0 0.676349 0 0.649239 0.0390545 
0.47587 0 0.67379 0 0.646807 0.0275591 
0.477078 0 0.671367 0 0.644501 0.0163128 
0.478323 0 0.669073 0 0.642309 0.00531534 
0.479589 0 0.666898 0 0.640223 -0.00543426 
0.480868 0 0.664841 0 0.638241 -0.0159377 
0.482162 0 0.662908 0 0.636361 -0.026197 
0.483463 0 0.661097 0 0.63458 -0.0362147 
0.484762 0 0.659398 0 0.632891 -0.0459938 
0.486056 0 0.657811 0 0.631293 -0.0555373 
0.48735 0 0.656341 0 0.629786 -0.0648484 
0.48864 0 0.654987 0 0.628368 -0.0739307 
0.489917 0 0.653738 0 0.627032 -0.0827875 
0.491183 0 0.652594 0 0.625778 -0.0914223 
0.49224 0 0.651236 0 0.624383 -0.0998387 
0.49294 0 0.649501 0 0.622537 -0.10804 
0.493347 0 0.647531 0 0.620401 -0.11603 
0.493604 0 0.645498 0 0.618192 -0.123812 
0.493774 0 0.643469 0 0.615987 -0.131389 
0.49389 0 0.641469 0 0.613814 -0.138765 
0.493966 0 0.639499 0 0.611685 -0.145944 
0.494013 0 0.63756 0 0.609606 -0.152928 
0.494047 0 0.635655 0 0.607583 -0.159721 
0.49407 0 0.633782 0 0.605616 -0.166327 
0.494078 0 0.631934 0 0.603704 -0.172749 
0.494075 0 0.630114 0 0.601848 -0.178992 
0.493989 0 0.628206 0 0.599956 -0.185061 
0.493825 0 0.626224 0 0.598029 -0.190959 
0.493585 0 0.62418 0 0.596096 -0.196693 
0.493228 0 0.622081 0 0.59413 -0.202266 
0.492843 0 0.619944 0 0.592218 -0.207686 
0.492604 0 0.618088 0 0.590495 -0.212955 
0.492454 0 0.616382 0 0.588899 -0.218079 
0.492322 0 0.614726 0 0.587363 -0.223062 
0.492182 0 0.61309 0 0.585859 -0.227908 
0.492021 0 0.611468 0 0.584383 -0.232619 
0.491834 0 0.609857 0 0.582934 -0.237198 
0.491623 0 0.608259 0 0.581517 -0.241647 
0.491395 0 0.606683 0 0.58014 -0.245967 
0.491149 0 0.605126 0 0.578802 -0.250157 
0.490934 0 0.603635 0 0.57752 -0.254215 
0.490915 0 0.602373 0 0.576361 -0.258136 
0.49103 0 0.601325 0 0.575348 -0.261913 
0.491236 0 0.600439 0 0.574472 -0.265535 
0.491478 0 0.599639 0 0.573665 -0.268988 
0.491738 0 0.598898 0 0.57292 -0.272249 
0.492015 0 0.59822 0 0.572245 -0.275289 
0.492304 0 0.597607 0 0.571645 -0.278071 
0.4926 0 0.597063 0 0.57113 -0.280543 
0.492902 0 0.596601 0 0.570713 -0.282641 
0.493218 0 0.596245 0 0.570415 -0.284283 
0.493548 0 0.596015 0 0.570255 -0.285369 
0.493885 0 0.595932 0 0.570256 -0.285778 
0.494231 0 0.596026 0 0.570446 -0.285378 
0.494592 0 0.596337 0 0.570859 -0.284029 
0.494967 0 0.596893 0 0.571521 -0.281602 
0.495348 0 0.597714 0 0.572452 -0.277996 
0.495736 0 0.598814 0 0.573667 -0.273152 
0.496138 0 0.600206 0 0.575171 -0.267067 
0.49655 0 0.601881 0 0.576956 -0.259789 
0.496964 0 0.603815 0 0.579001 -0.251414 
0.497382 0 0.605983 0 0.581283 -0.242067 
0.497809 0 0.608364 0 0.583778 -0.231887 
0.498242 0 0.610927 0 0.586456 -0.22102 
0.498673 0 0.613636 0 0.589286 -0.2096 
0.499105 0 0.616463 0 0.592244 -0.197754 
0.499541 0 0.619393 0 0.595309 -0.185591 
0.49998 0 0.622401 0 0.59846 -0.173206 
0.500415 0 0.625462 0 0.601676 -0.160678 
0.500846 0 0.628561 0 0.604945 -0.148076 
0.501281 0 0.631692 0 0.608259 -0.135453 
0.501716 0 0.634845 0 0.611607 -0.122851 
0.502146 0 0.638004 0 0.61498 -0.110303 
0.502571 0 0.641167 0 0.618378 -0.0978324 
0.502997 0 0.64434 0 0.621804 -0.0854515 
0.503648 0 0.648033 0 0.625734 -0.0731649 
0.504457 0 0.65191 0 0.629781 -0.0609688 
0.505374 0 0.655837 0 0.633837 -0.0488554 
0.506331 0 0.65981 0 0.637964 -0.0368167 
0.507293 0 0.663839 0 0.642159 -0.0248485 
0.508256 0 0.66792 0 0.64642 -0.012954 
0.509218 0 0.67205 0 0.650744 -0.00114427 
0.510188 0 0.676227 0 0.655122 0.0105636 
0.511162 0 0.68044 0 0.659539 0.0221491 
0.512136 0 0.684667 0 0.663976 0.0335912 
0.513109 0 0.688897 0 0.668419 0.0448706 
0.514089 0 0.693126 0 0.67286 0.055971 
0.515075 0 0.697342 0 0.677286 0.0668789 
0.516061 0 0.70153 0 0.681686 0.0775838 
0.517047 0 0.705683 0 0.686053 0.0880784 
0.51804 0 0.709803 0 0.690385 0.0983574 
0.51904 0 0.713883 0 0.694676 0.108418 
0.52004 0 0.717913 0 0.698919 0.118258 
0.521041 0 0.72189 0 0.703112 0.127877 
0.521978 0 0.725719 0 0.707176 0.137277 
0.522859 0 0.729376 0 0.711111 0.146459 
0.523687 0 0.732873 0 0.714936 0.155425 
0.524476 0 0.736243 0 0.71867 0.164179 
0.525243 0 0.739517 0 0.722326 0.172723 
0.525991 0 0.742703 0 0.725908 0.181062 
0.526718 0 0.745794 0 0.729411 0.189198 
0.527426 0 0.748787 0 0.732837 0.197137 
0.528121 0 0.751688 0 0.736187 0.204881 
0.528981 0 0.754728 0 0.739496 0.212435 
0.529925 0 0.757803 0 0.742775 0.219804 
0.530905 0 0.760848 0 0.746006 0.226991 
0.531903 0 0.763841 0 0.749182 0.234 
0.532905 0 0.76677 0 0.752303 0.240836 
0.533899 0 0.769627 0 0.755368 0.247502 
0.534883 0 0.772408 0 0.758377 0.254003 
0.535862 0 0.77512 0 0.761333 0.260343 
0.536836 0 0.777761 0 0.764237 0.266525 
0.537796 0 0.780323 0 0.767086 0.272553 
0.538744 0 0.782807 0 0.769882 0.278431 
0.539687 0 0.785224 0 0.772633 0.284163 
0.540623 0 0.787573 0 0.775336 0.289752 
0.541547 0 0.789849 0 0.777993 0.295201 
0.542459 0 0.792052 0 0.780603 0.300515 
0.543366 0 0.794192 0 0.783173 0.305696 
0.544268 0 0.796268 0 0.785702 0.310748 
0.545158 0 0.798274 0 0.788188 0.315674 
0.546036 0 0.800209 0 0.790634 0.320477 
0.546911 0 0.802083 0 0.793044 0.32516 
0.547781 0 0.803896 0 0.795417 0.329726 
0.548638 0 0.80564 0 0.797753 0.334178 
0.549485 0 0.807316 0 0.800052 0.338519 
0.550328 0 0.808933 0 0.802319 0.342752 
0.551167 0 0.810489 0 0.804553 0.346878 
0.551994 0 0.811977 0 0.806753 0.350902 
0.55281 0 0.813397 0 0.808919 0.354825 
0.553623 0 0.814758 0 0.811057 0.35865 
0.554432 0 0.816058 0 0.813164 0.36238 
0.555228 0 0.817289 0 0.815239 0.366016 
0.556014 0 0.818451 0 0.817282 0.369562 
0.556797 0 0.819553 0 0.819298 0.373018 
0.557574 0 0.820593 0 0.821284 0.376389 
0.55834 0 0.821561 0 0.823239 0.379675 
0.559094 0 0.822458 0 0.825162 0.382879 
0.559845 0 0.823291 0 0.827058 0.386003 
0.560591 0 0.82406 0 0.828924 0.389049 
0.561323 0 0.824753 0 0.830756 0.392019 
0.562044 0 0.825371 0 0.832555 0.394915 
0.562761 0 0.825922 0 0.834324 0.397738 
0.563471 0 0.826404 0 0.836061 0.400491 
0.564168 0 0.826805 0 0.837761 0.403175 
0.564851 0 0.827126 0 0.839422 0.405791 
0.565529 0 0.827374 0 0.841049 0.408343 
0.565994 0 0.827595 0 0.842156 0.41083 
0.566277 0 0.827783 0 0.842879 0.413255 
0.56645 0 0.827972 0 0.843379 0.41562 
0.566584 0 0.828171 0 0.843801 0.417926 
0.566715 0 0.828344 0 0.844229 0.420174 
0.566834 0 0.828482 0 0.844656 0.422366 
0.566942 0 0.828586 0 0.845081 0.424503 
0.567047 0 0.828663 0 0.845511 0.426587 
0.567149 0 0.82871 0 0.845944 0.428618 
0.567238 0 0.828718 0 0.846373 0.430599 
0.567318 0 0.828686 0 0.846799 0.43253 
0.567394 0 0.828621 0 0.847225 0.434413 
0.567466 0 0.828522 0 0.847646 0.436249 
0.567527 0 0.828376 0 0.848056 0.438039 
0.567576 0 0.828185 0 0.848454 0.439784 
0.567638 0 0.828182 0 0.84871 0.441486 
0.567693 0 0.828264 0 0.848875 0.443145 
0.567734 0 0.828374 0 0.848979 0.444762 
0.567765 0 0.828488 0 0.849044 0.44634 
0.567797 0 0.828601 0 0.849087 0.447877 
0.567828 0 0.828707 0 0.84911 0.449377 
0.567851 0 0.828798 0 0.849107 0.450838 
0.567866 0 0.828876 0 0.849077 0.452264 
0.567879 0 0.828952 0 0.849023 0.453653 
0.567888 0 0.829024 0 0.848943 0.455008 
0.567887 0 0.829083 0 0.848833 0.456329 
0.567878 0 0.82913 0 0.848694 0.457617 
0.567894 0 0.829178 0 0.848612 0.458873 
0.567918 0 0.829207 0 0.848554 0.460097 
0.567888 0 0.829139 0 0.848466 0.461291 
0.567819 0 0.829002 0 0.848352 0.462455 
0.567731 0 0.828821 0 0.848215 0.463589 
0.567686 0 0.828655 0 0.848128 0.464696 
0.56756 0 0.82837 0 0.84794 0.465774 
0.567477 0 0.828215 0 0.847749 0.466826 
0.567407 0 0.828107 0 0.847543 0.467852 
0.567338 0 0.828011 0 0.847315 0.468851 
0.567256 0 0.827906 0 0.847057 0.469826 
0.56717 0 0.827785 0 0.846792 0.470777 
0.567066 0 0.827662 0 0.846486 0.471703 
0.566945 0 0.827534 0 0.846147 0.472606 
0.566801 0 0.827392 0 0.845771 0.473487 
0.566635 0 0.827239 0 0.845362 0.474346 
0.566456 0 0.827084 0 0.844924 0.475183 
0.566263 0 0.826928 0 0.844457 0.475999 
0.566048 0 0.826762 0 0.843957 0.476795 
0.565814 0 0.826589 0 0.843426 0.477571 
0.565569 0 0.826419 0 0.842871 0.478327 
0.565313 0 0.826256 0 0.842291 0.479064 
0.565038 0 0.826093 0 0.841683 0.479783 
0.564747 0 0.825935 0 0.84105 0.480483 
0.564449 0 0.825797 0 0.840398 0.481166 
0.564261 0 0.825732 0 0.839917 0.481831 
0.564146 0 0.825715 0 0.83953 0.48248 
0.564085 0 0.825746 0 0.83921 0.483112 
0.56407 0 0.825839 0 0.838947 0.483727 
0.56409 0 0.826 0 0.838732 0.484326 
0.564139 0 0.826232 0 0.838563 0.48491 
0.564202 0 0.826515 0 0.838424 0.485478 
0.564315 0 0.826897 0 0.838343 0.486029 
0.564426 0 0.827304 0 0.838273 0.486565 
0.564629 0 0.827862 0 0.838286 0.487083 
0.564768 0 0.828343 0 0.838257 0.487584 
0.565109 0 0.829116 0 0.83839 0.488066 
0.565292 0 0.829657 0 0.838396 0.488525 
0.565697 0 0.830587 0 0.838517 0.488961 
0.565624 0 0.830692 0 0.838319 0.489366 
0.565871 0 0.831458 0 0.8383 0.489735 
0.56625 0 0.83247 0 0.838356 0.490058 
0.566624 0 0.833462 0 0.838405 0.490322 
0.566994 0 0.834437 0 0.838451 0.490511 
0.567368 0 0.835405 0 0.838497 0.490601 
0.567196 0 0.835368 0 0.838159 0.490565 
0.567349 0 0.836113 0 0.837994 0.490365 
0.567694 0 0.837237 0 0.83794 0.489956 
0.568042 0 0.838355 0 0.837888 0.489286 
0.568392 0 0.83947 0 0.837838 0.488294 
0.568738 0 0.840572 0 0.837787 0.486913 
0.56908 0 0.841664 0 0.837735 0.485074 
0.568941 0 0.841849 0 0.837445 0.48271 
0.568807 0 0.842046 0 0.837164 0.479758 
0.568928 0 0.842875 0 0.836963 0.47617 
0.569199 0 0.843981 0 0.836796 0.471912 
0.569472 0 0.845045 0 0.836593 0.466971 
0.569748 0 0.846054 0 0.836338 0.461351 
0.570018 0 0.846984 0 0.836013 0.455071 
0.570285 0 0.847821 0 0.835604 0.448165 
0.570173 0 0.84826 0 0.834687 0.440675 
0.569805 0 0.848328 0 0.833453 0.432646 
0.569265 0 0.848069 0 0.831973 0.42412 
0.568615 0 0.847531 0 0.830279 0.415137 
0.567904 0 0.846759 0 0.828389 0.40573 
0.567156 0 0.845765 0 0.826312 0.395922 
0.566378 0 0.844541 0 0.824046 0.38573 
0.565581 0 0.843082 0 0.821588 0.375164 
0.564776 0 0.841386 0 0.818931 0.364229 
0.563965 0 0.83944 0 0.816066 0.35293 
0.563145 0 0.837225 0 0.812979 0.341274 
0.562318 0 0.834733 0 0.809668 0.329273 
0.561492 0 0.831966 0 0.806133 0.316945 
0.56067 0 0.828927 0 0.802641 0.304318 
0.559858 0 0.825654 0 0.799025 0.291425 
0.559049 0 0.82214 0 0.795233 0.278303 
0.558245 0 0.818408 0 0.79127 0.264995 
0.557449 0 0.814485 0 0.78715 0.251542 
0.556657 0 0.810392 0 0.782893 0.237987 
0.555871 0 0.806153 0 0.77852 0.22437 
0.555101 0 0.801796 0 0.774051 0.210729 
0.554343 0 0.79734 0 0.769501 0.1971 
0.553593 0 0.792797 0 0.764887 0.183517 
0.552853 0 0.78819 0 0.760228 0.170009 
0.552129 0 0.783546 0 0.755541 0.156604 
0.551421 0 0.778883 0 0.750842 0.143326 
0.550724 0 0.774211 0 0.746143 0.130196 
0.550039 0 0.769546 0 0.741457 0.117233 
0.549373 0 0.764909 0 0.736799 0.104453 
0.548727 0 0.760311 0 0.732175 0.0918701 
0.548093 0 0.755755 0 0.727595 0.0794953 
0.547473 0 0.751251 0 0.723066 0.0673377 
0.546874 0 0.746814 0 0.718598 0.0554049 
0.546296 0 0.742449 0 0.714195 0.0437026 
0.545731 0 0.738155 0 0.70986 0.0322346 
0.545181 0 0.733937 0 0.705598 0.0210036 
0.545123 0 0.73039 0 0.702065 0.0100117 
0.545503 0 0.727382 0 0.699066 -0.000740896 
0.54617 0 0.724686 0 0.696399 -0.0112543 
0.54702 0 0.722183 0 0.693956 -0.0215291 
0.547994 0 0.719848 0 0.691695 -0.0315664 
0.54905 0 0.717675 0 0.689591 -0.0413681 
0.550155 0 0.715653 0 0.687625 -0.0509363 
0.551291 0 0.713773 0 0.685784 -0.0602734 
0.55245 0 0.712035 0 0.684058 -0.069382 
0.553622 0 0.710429 0 0.682437 -0.0782649 
0.554793 0 0.708945 0 0.680914 -0.0869247 
0.55596 0 0.707578 0 0.679483 -0.0953646 
0.557126 0 0.706335 0 0.678145 -0.103587 
0.558287 0 0.705211 0 0.676893 -0.111595 
0.559436 0 0.704196 0 0.675725 -0.11939 
0.560318 0 0.702986 0 0.674358 -0.126977 
0.560961 0 0.701584 0 0.672845 -0.134357 
0.561346 0 0.699843 0 0.671065 -0.141532 
0.561568 0 0.697957 0 0.669109 -0.148506 
0.561699 0 0.696071 0 0.66711 -0.155281 
0.561783 0 0.694236 0 0.665146 -0.16186 
0.561823 0 0.692448 0 0.663226 -0.168246 
0.56182 0 0.690629 0 0.661348 -0.174443 
0.561764 0 0.688763 0 0.659507 -0.180455 
0.561656 0 0.686851 0 0.657699 -0.186285 
0.561492 0 0.68489 0 0.65592 -0.19194 
0.56126 0 0.682868 0 0.654169 -0.197425 
0.560901 0 0.680787 0 0.652396 -0.202744 
0.560519 0 0.678653 0 0.650679 -0.207902 
0.5601 0 0.676458 0 0.649029 -0.212904 
0.559771 0 0.674594 0 0.647401 -0.217751 
0.559537 0 0.672862 0 0.64587 -0.222447 
0.559538 0 0.671352 0 0.64445 -0.226989 
0.559683 0 0.670047 0 0.643169 -0.231375 
0.55991 0 0.668896 0 0.642005 -0.235598 
0.560201 0 0.667872 0 0.640962 -0.239646 
0.560515 0 0.666927 0 0.639982 -0.243501 
0.560842 0 0.666042 0 0.639067 -0.247136 
0.561172 0 0.665214 0 0.638224 -0.250513 
0.561508 0 0.664452 0 0.637467 -0.253583 
0.561855 0 0.663778 0 0.636814 -0.256279 
0.562214 0 0.663208 0 0.636279 -0.258517 
0.562578 0 0.662756 0 0.635882 -0.260192 
0.562951 0 0.662449 0 0.635647 -0.26118 
0.563338 0 0.662327 0 0.635605 -0.261344 
0.563738 0 0.662418 0 0.635783 -0.260542 
0.564144 0 0.662746 0 0.636204 -0.258645 
0.564556 0 0.663333 0 0.63689 -0.255557 
0.564981 0 0.664201 0 0.637854 -0.25123 
0.565416 0 0.665349 0 0.639093 -0.245671 
0.565852 0 0.666759 0 0.640595 -0.238942 
0.566291 0 0.668411 0 0.64234 -0.231148 
0.566738 0 0.670289 0 0.644306 -0.222419 
0.56719 0 0.672361 0 0.646465 -0.212898 
0.56764 0 0.674592 0 0.648787 -0.202727 
0.568089 0 0.676954 0 0.651247 -0.192039 
0.568541 0 0.679431 0 0.653825 -0.180954 
0.568995 0 0.681997 0 0.656499 -0.169575 
0.569445 0 0.684629 0 0.659249 -0.157991 
0.56989 0 0.687308 0 0.662062 -0.146277 
0.570337 0 0.690032 0 0.66493 -0.134492 
0.570785 0 0.692787 0 0.667841 -0.122684 
0.571226 0 0.695561 0 0.67079 -0.11089 
0.571737 0 0.698686 0 0.674182 -0.0991339 
0.572292 0 0.701843 0 0.677619 -0.0874297 
0.572878 0 0.704948 0 0.681018 -0.0757807 
0.573563 0 0.70811 0 0.684505 -0.0641808 
0.574271 0 0.711354 0 0.688005 -0.052617 
0.575072 0 0.714733 0 0.691571 -0.0410749 
0.576002 0 0.718282 0 0.695245 -0.0295444 
0.577065 0 0.722004 0 0.699038 -0.0180242 
0.578247 0 0.725882 0 0.702941 -0.00652438 
0.579533 0 0.729892 0 0.706933 0.00493601 
0.580897 0 0.734001 0 0.710985 0.0163318 
0.582313 0 0.738173 0 0.715073 0.0276361 
0.583765 0 0.742385 0 0.719178 0.0388233 
0.585249 0 0.746626 0 0.723287 0.0498706 
0.586754 0 0.750879 0 0.727388 0.0607585 
0.588268 0 0.755125 0 0.731469 0.0714713 
0.589787 0 0.759357 0 0.735525 0.0819966 
0.591316 0 0.763572 0 0.739553 0.0923253 
0.592851 0 0.767769 0 0.743548 0.102451 
0.594387 0 0.771934 0 0.747504 0.112368 
0.595921 0 0.776067 0 0.751426 0.122074 
0.597465 0 0.780173 0 0.755306 0.131569 
0.599008 0 0.78425 0 0.759153 0.140851 
0.600553 0 0.788288 0 0.762954 0.149923 
0.60209 0 0.79229 0 0.766724 0.158784 
0.603638 0 0.796261 0 0.77045 0.167439 
0.60518 0 0.800201 0 0.774148 0.175888 
0.606724 0 0.804103 0 0.777799 0.184137 
0.608056 0 0.807845 0 0.781229 0.192187 
0.609196 0 0.811314 0 0.784449 0.200042 
0.610195 0 0.81453 0 0.787507 0.207707 
0.611092 0 0.817564 0 0.79046 0.215185 
0.611922 0 0.820491 0 0.793345 0.22248 
0.612717 0 0.823357 0 0.796178 0.229596 
0.613488 0 0.826171 0 0.798961 0.236536 
0.614234 0 0.828921 0 0.801691 0.243305 
0.61496 0 0.831598 0 0.804367 0.249907 
0.615673 0 0.834204 0 0.806989 0.256346 
0.616373 0 0.836738 0 0.809558 0.262625 
0.617055 0 0.839194 0 0.812076 0.268748 
0.61772 0 0.841574 0 0.814546 0.274719 
0.618375 0 0.843888 0 0.816971 0.280542 
0.619019 0 0.846136 0 0.819351 0.28622 
0.619647 0 0.848313 0 0.821687 0.291757 
0.620259 0 0.850418 0 0.823981 0.297155 
0.620861 0 0.85246 0 0.826235 0.302419 
0.621454 0 0.854439 0 0.828448 0.307552 
0.622167 0 0.856514 0 0.830798 0.312557 
0.622952 0 0.85863 0 0.833184 0.317437 
0.623774 0 0.860731 0 0.835554 0.322196 
0.623794 1 0.861053 0 0.836756 0.326817 
0.623778 1 0.860907 0 0.838027 0.331333 
0.623749 1 0.860592 0 0.839293 0.335741 
0.623744 1 0.860302 0 0.840564 0.340042 
0.623737 0 0.859975 0 0.8418 0.344234 
0.623725 0 0.85961 0 0.842999 0.348321 
0.62371 0 0.859209 0 0.844161 0.352307 
0.623697 0 0.85879 0 0.845342 0.356193 
0.623682 0 0.858349 0 0.846522 0.359982 
0.6237 0 0.857975 0 0.847748 0.363677 
0.62374 0 0.857639 0 0.849008 0.36728 
0.623791 0 0.85732 0 0.850286 0.370793 
0.623852 0 0.85701 0 0.851583 0.374218 
0.623923 0 0.856713 0 0.8529 0.377557 
0.624005 0 0.856433 0 0.854244 0.380813 
0.624099 0 0.856172 0 0.855616 0.383988 
0.624205 0 0.855931 0 0.857019 0.387084 
0.624323 0 0.85571 0 0.858454 0.390102 
0.624452 0 0.85551 0 0.859923 0.393045 
0.624593 0 0.85533 0 0.861428 0.395915 
0.624746 0 0.855172 0 0.86297 0.398713 
0.62491 0 0.855034 0 0.864551 0.40144 
0.624536 0 0.854568 1 0.864763 0.404101 
0.624137 0 0.854098 1 0.86481 0.406685 
0.623973 0 0.853747 1 0.865083 0.409206 
0.62382 0 0.853334 1 0.865342 0.41167 
0.623769 1 0.852828 1 0.865798 0.414071 
0.623693 1 0.85242 1 0.865761 0.416412 
0.623567 1 0.852092 1 0.865576 0.418692 
0.623388 1 0.851813 1 0.865321 0.420918 
0.62316 1 0.851562 1 0.865014 0.423088 
0.622887 1 0.851317 1 0.864668 0.425201 
0.622641 1 0.850778 1 0.864742 0.427243 
0.622383 1 0.850222 1 0.864781 0.429215 
0.622097 1 0.849668 1 0.864762 0.431146 
0.621781 1 0.849144 1 0.864689 0.433016 
0.621438 1 0.848653 1 0.864566 0.4348 
0.621074 1 0.848195 1 0.864398 0.436491 
0.620691 1 0.847763 1 0.864193 0.438063 
0.620293 1 0.84736 1 0.863955 0.439464 
0.619883 1 0.84698 1 0.863689 0.440641 
0.619468 1 0.846627 1 0.863398 0.441507 
0.619057 1 0.8463 1 0.863092 0.44194 
0.618766 1 0.846081 1 0.86285 0.44176 
0.618495 1 0.845863 1 0.862637 0.440754 
0.618269 1 0.845665 1 0.862431 0.438679 
0.618187 1 0.845569 1 0.862255 0.435279 
0.6183 1 0.845627 1 0.862139 0.430351 
0.618629 1 0.845826 1 0.862119 0.423774 
0.619178 1 0.846152 1 0.862202 0.415533 
0.619942 1 0.846587 1 0.862389 0.405732 
0.620903 1 0.847109 1 0.862668 0.394526 
0.62204 1 0.847704 1 0.863022 0.382125 
0.623849 1 0.848363 1 0.863587 0.368774 
0.626157 1 0.849212 1 0.864515 0.354624 
0.628797 1 0.85021 1 0.865668 0.339877 
0.631642 1 0.8513 1 0.866929 0.324694 
0.634559 1 0.852488 1 0.868155 0.309189 
0.637524 1 0.853689 1 0.869325 0.293478 
0.640519 1 0.854886 1 0.870455 0.277651 
0.64353 1 0.85607 1 0.871548 0.261785 
0.646547 1 0.857231 1 0.872601 0.245952 
0.649558 1 0.858365 1 0.873614 0.230207 
0.652555 1 0.859465 1 0.874584 0.214602 
0.655529 1 0.860527 1 0.87551 0.199172 
0.658475 1 0.861551 1 0.876391 0.183956 
0.661385 1 0.862536 1 0.877226 0.168979 
0.664256 1 0.863482 1 0.878016 0.154262 
0.667084 1 0.864387 1 0.878762 0.139822 
0.669865 1 0.865251 1 0.879466 0.125669 
0.672596 1 0.866079 1 0.880127 0.111807 
0.675277 1 0.866867 1 0.880747 0.0982466 
0.677905 1 0.867619 1 0.881328 0.084986 
0.68048 1 0.868336 1 0.881871 0.0720258 
0.683001 1 0.869017 1 0.882377 0.0593626 
0.685467 1 0.869666 1 0.882849 0.0469923 
0.687878 1 0.870282 1 0.883288 0.0349157 
0.690234 1 0.870867 1 0.883696 0.0231244 
0.692536 1 0.871423 1 0.884074 0.0116183 
0.694784 1 0.87195 1 0.884425 0.000389586 
0.696977 1 0.872451 1 0.884748 -0.0105684 
0.699116 1 0.872926 1 0.885045 -0.021257 
0.700999 1 0.873264 1 0.885307 -0.0316866 
0.702744 1 0.87354 1 0.885444 -0.0418581 
0.704437 1 0.873809 1 0.885545 -0.0517796 
0.706086 1 0.874068 1 0.885612 -0.0614565 
0.707688 1 0.874314 1 0.885653 -0.0708927 
0.709246 1 0.874544 1 0.885672 -0.0800988 
0.710762 1 0.87477 1 0.885661 -0.0890767 
0.712416 1 0.875083 1 0.885657 -0.0978297 
0.714149 1 0.875435 1 0.885718 -0.106367 
0.715899 1 0.875788 1 0.885829 -0.114693 
0.717594 1 0.876113 1 0.88594 -0.122811 
0.719247 1 0.876415 1 0.886045 -0.130726 
0.72086 1 0.876698 1 0.886143 -0.138446 
0.722424 1 0.876959 1 0.886234 -0.145971 
0.723942 1 0.877201 1 0.886314 -0.153311 
0.725418 1 0.877428 1 0.886384 -0.160469 
0.726854 1 0.877642 1 0.886445 -0.167449 
0.728252 1 0.877844 1 0.886496 -0.174254 
0.729613 1 0.878034 1 0.886539 -0.18089 
0.730936 1 0.878214 1 0.886572 -0.18736 
0.732222 1 0.878383 1 0.886597 -0.193668 
0.733472 1 0.878542 1 0.886613 -0.199818 
0.734685 1 0.87869 1 0.886621 -0.205816 
0.735932 1 0.878874 1 0.886629 -0.211664 
0.737187 1 0.879071 1 0.886658 -0.217368 
0.738432 1 0.879268 1 0.886699 -0.222926 
0.739654 1 0.879458 1 0.886742 -0.228346 
0.740847 1 0.879639 1 0.886784 -0.23363 
0.74201 1 0.879812 1 0.886822 -0.238785 
0.743148 1 0.879979 1 0.886858 -0.243809 
0.744264 1 0.880141 1 0.886894 -0.248708 
0.745362 1 0.880301 1 0.886931 -0.253484 
0.746445 1 0.880459 1 0.886971 -0.258143 
0.747511 1 0.880617 1 0.887013 -0.262684 
0.748563 1 0.880773 1 0.887058 -0.267111 
0.749599 1 0.880929 1 0.887106 -0.271428 
0.750619 1 0.881084 1 0.887156 -0.275637 
0.751624 1 0.881239 1 0.887208 -0.279742 
0.752616 1 0.881394 1 0.887261 -0.283742 
0.753593 1 0.88155 1 0.887317 -0.287643 
0.754558 1 0.881706 1 0.887376 -0.291448 
0.755511 1 0.881864 1 0.887437 -0.295158 
0.756453 1 0.882023 1 0.887502 -0.298775 
0.757384 1 0.882183 1 0.887569 -0.3023 
0.758305 1 0.882345 1 0.88764 -0.305739 
0.759216 1 0.882509 1 0.887714 -0.309092 
0.760118 1 0.882675 1 0.887792 -0.31236 
0.761012 1 0.882844 1 0.887873 -0.315546 
0.761897 1 0.883014 1 0.887957 -0.318653 
0.762774 1 0.883187 1 0.888045 -0.321684 
0.763644 1 0.883363 1 0.888137 -0.324638 
0.764507 1 0.883541 1 0.888233 -0.327517 
0.765364 1 0.883722 1 0.888333 -0.330327 
0.766215 1 0.883906 1 0.888436 -0.333065 
0.76706 1 0.884093 1 0.888544 -0.335736 
0.7679 1 0.884283 1 0.888655 -0.338339 
0.768736 1 0.884476 1 0.88877 -0.340878 
0.769567 1 0.884672 1 0.88889 -0.343353 
0.770393 1 0.884872 1 0.889013 -0.345769 
0.771216 1 0.885074 1 0.88914 -0.348122 
0.772036 1 0.88528 1 0.889271 -0.350417 
0.772852 1 0.885489 1 0.889407 -0.352655 
0.773665 1 0.885701 1 0.889546 -0.354838 
0.774475 1 0.885916 1 0.889688 -0.356965 
0.775283 1 0.886134 1 0.889835 -0.359039 
0.776088 1 0.886356 1 0.889986 -0.36106 
0.776892 1 0.886579 1 0.89014 -0.363033 
0.777695 1 0.886804 1 0.8903 -0.364956 
0.778498 1 0.887033 1 0.890464 -0.36683 
0.7793 1 0.887265 1 0.890633 -0.368657 
0.780102 1 0.887501 1 0.890805 -0.370441 
0.780904 1 0.887739 1 0.890982 -0.37218 
0.781707 1 0.887979 1 0.891162 -0.373876 
0.78251 1 0.888224 1 0.891346 -0.375528 
0.783313 1 0.888471 1 0.891533 -0.377139 
0.784117 1 0.888722 1 0.891723 -0.378711 
0.785129 1 0.88911 1 0.891868 -0.380238 
0.786357 1 0.889656 1 0.892032 -0.381725 
0.787731 1 0.890338 1 0.892222 -0.383181 
0.789137 1 0.891022 1 0.892509 -0.384597 
0.790554 1 0.89165 1 0.892877 -0.385981 
0.791966 1 0.892227 1 0.893268 -0.387332 
0.793372 1 0.892772 1 0.893676 -0.388648 
0.794773 1 0.893294 1 0.894094 -0.389931 
0.796169 1 0.893799 1 0.894517 -0.391182 
0.79756 1 0.89429 1 0.894942 -0.392405 
0.798947 1 0.894769 1 0.895365 -0.393594 
0.800304 1 0.895231 1 0.895784 -0.394757 
0.801652 1 0.895678 1 0.896201 -0.39589 
0.803004 1 0.896121 1 0.89661 -0.396992 
0.804359 1 0.896562 1 0.897013 -0.398068 
0.805715 1 0.896998 1 0.89741 -0.399117 
0.807113 1 0.897515 1 0.897699 -0.400139 
0.808556 1 0.898072 1 0.897983 -0.401136 
0.81003 1 0.898635 1 0.898285 -0.402109 
0.811517 1 0.899183 1 0.898607 -0.403056 
0.813009 1 0.899705 1 0.898944 -0.403981 
0.814503 1 0.900203 1 0.899289 -0.404883 
0.816004 1 0.90068 1 0.899638 -0.405761 
0.817516 1 0.901142 1 0.899989 -0.40662 
0.819044 1 0.901594 1 0.900339 -0.407458 
0.82059 1 0.902037 1 0.900688 -0.408273 
0.822154 1 0.902473 1 0.901035 -0.409067 
0.821813 1 0.902281 1 0.900888 -0.409844 
0.821578 1 0.902211 1 0.900721 -0.410599 
0.821393 1 0.902168 1 0.900574 -0.411335 
0.821225 1 0.902124 1 0.900448 -0.412054 
0.82106 1 0.902066 1 0.900337 -0.412754 
0.820898 1 0.901997 1 0.900235 -0.413438 
0.820779 1 0.901904 1 0.900187 -0.414105 
0.820699 1 0.901826 1 0.900143 -0.414755 
0.82065 1 0.901767 1 0.900097 -0.415391 
0.820625 1 0.90172 1 0.900051 -0.416009 
0.820616 1 0.901683 1 0.90001 -0.416613 
0.820621 1 0.901653 1 0.899973 -0.417201 
0.820636 1 0.90163 1 0.899936 -0.417774 
0.820664 1 0.901614 1 0.899903 -0.418333 
0.820705 1 0.901604 1 0.899871 -0.418878 
0.820759 1 0.901601 1 0.899841 -0.419407 
0.820826 1 0.901604 1 0.899816 -0.419926 
0.820987 1 0.901605 1 0.899833 -0.420431 
0.821223 1 0.901615 1 0.899883 -0.420921 
0.821523 1 0.90165 1 0.899955 -0.4214 
0.821859 1 0.901696 1 0.900045 -0.421867 
0.822211 1 0.901745 1 0.900147 -0.422323 
0.82257 1 0.901797 1 0.900251 -0.422767 
0.822934 1 0.901852 1 0.900356 -0.4232 
0.823304 1 0.901912 1 0.90046 -0.423622 
0.823685 1 0.901977 1 0.900565 -0.424032 
0.824077 1 0.902046 1 0.900671 -0.424435 
0.824483 1 0.90212 1 0.900779 -0.424826 
0.824417 1 0.902069 1 0.900738 -0.425206 
0.824381 1 0.902021 1 0.900713 -0.425579 
0.824392 1 0.902004 1 0.900664 -0.425941 
0.824436 1 0.902013 1 0.900619 -0.426293 
0.824496 1 0.902033 1 0.900587 -0.426636 
0.824563 1 0.902052 1 0.900565 -0.426971 
0.824638 1 0.902068 1 0.900555 -0.427298 
0.824725 1 0.90208 1 0.900553 -0.427616 
0.824829 1 0.902094 1 0.900559 -0.427928 
0.824874 1 0.902086 1 0.900553 -0.428233 
0.824917 1 0.902078 1 0.900547 -0.428528 
0.824966 1 0.902072 1 0.900545 -0.428816 
0.825017 1 0.902067 1 0.900544 -0.429096 
0.825067 1 0.902062 1 0.900543 -0.429369 
0.825114 1 0.902057 1 0.900543 -0.429635 
0.82516 1 0.902051 1 0.900542 -0.429894 
0.825204 1 0.902046 1 0.900542 -0.430145 
0.825246 1 0.90204 1 0.900541 -0.43039 
0.825287 1 0.902035 1 0.900541 -0.430629 
0.825327 1 0.902029 1 0.900539 -0.430865 
0.825366 1 0.902025 1 0.900536 -0.431093 
0.825403 1 0.902021 1 0.900534 -0.431314 
0.82544 1 0.902018 1 0.900532 -0.431531 
0.825475 1 0.902015 1 0.900529 -0.43174 
0.82551 1 0.902012 1 0.900526 -0.431945 
0.825543 1 0.902009 1 0.900524 -0.432144 
0.825576 1 0.902006 1 0.90052 -0.432336 
0.825607 1 0.902003 1 0.900518 -0.432527 
0.825638 1 0.902 1 0.900515 -0.432711 
0.825667 1 0.901997 1 0.900512 -0.432891 
0.825696 1 0.901994 1 0.90051 -0.433067 
0.825724 1 0.901991 1 0.900507 -0.433237 
0.825751 1 0.901988 1 0.900504 -0.433402 
0.825778 1 0.901985 1 0.900502 -0.433563 
0.825804 1 0.901982 1 0.900499 -0.433722 
0.825829 1 0.901979 1 0.900496 -0.433875 
0.825853 1 0.901977 1 0.900493 -0.434026 
0.825877 1 0.901974 1 0.900491 -0.434171 
0.8259 1 0.901971 1 0.900488 -0.434311 
0.825922 1 0.901968 1 0.900485 -0.434447 
0.825944 1 0.901965 1 0.900482 -0.434582 
0.825965 1 0.901962 1 0.900479 -0.434712 
0.825985 1 0.901959 1 0.900476 -0.434839 
0.826005 1 0.901957 1 0.900473 -0.434962 
0.826024 1 0.901954 1 0.900471 -0.435082 
0.826042 1 0.901951 1 0.900468 -0.435196 
0.82606 1 0.901948 1 0.900465 -0.43531 
0.826078 1 0.901946 1 0.900461 -0.435421 
0.826095 1 0.901943 1 0.900459 -0.435528 
0.826111 1 0.90194 1 0.900455 -0.435632 
0.826127 1 0.901938 1 0.900452 -0.435734 
0.826143 1 0.901935 1 0.900449 -0.435832 
0.826158 1 0.901933 1 0.900446 -0.435929 
0.826173 1 0.90193 1 0.900444 -0.43602 
0.826187 1 0.901927 1 0.90044 -0.436109 
0.826201 1 0.901925 1 0.900437 -0.436198 
0.826214 1 0.901922 1 0.900435 -0.436285 
0.826227 1 0.90192 1 0.900431 -0.436369 
0.826239 1 0.901918 1 0.900428 -0.436452 
0.826251 1 0.901915 1 0.900426 -0.436531 
0.826263 1 0.901912 1 0.900422 -0.436608 
0.826274 1 0.90191 1 0.900419 -0.436681 
0.826285 1 0.901907 1 0.900417 -0.436753 
0.826296 1 0.901904 1 0.900413 -0.436823 
0.826306 1 0.901902 1 0.90041 -0.436891 
0.826316 1 0.901899 1 0.900407 -0.436955 
0.826325 1 0.901897 1 0.900404 -0.437019 
0.826334 1 0.901895 1 0.900401 -0.437081 
0.826343 1 0.901892 1 0.900398 -0.437139 
0.826351 1 0.901889 1 0.900395 -0.437199 
0.82636 1 0.901887 1 0.900392 -0.437255 
0.826368 1 0.901885 1 0.900388 -0.43731 
0.826375 1 0.901882 1 0.900385 -0.437364 
0.826383 1 0.90188 1 0.900382 -0.437416 
0.82639 1 0.901878 1 0.900379 -0.437465 
0.826397 1 0.901875 1 0.900375 -0.437512 
0.826404 1 0.901873 1 0.900372 -0.437558 
0.82641 1 0.901871 1 0.900369 -0.437602 
0.826416 1 0.901868 1 0.900366 -0.437645 
0.826422 1 0.901866 1 0.900363 -0.437687 
0.826428 1 0.901863 1 0.900359 -0.437725 
0.826433 1 0.901861 1 0.900356 -0.437765 
0.826439 1 0.901859 1 0.900353 -0.437804 
0.826444 1 0.901856 1 0.90035 -0.437839 
0.826448 1 0.901854 1 0.900346 -0.437878 
0.826453 1 0.901852 1 0.900343 -0.437913 
0.826457 1 0.90185 1 0.90034 -0.437947 
0.826462 1 0.901847 1 0.900337 -0.437981 
0.826466 1 0.901845 1 0.900334 -0.438013 
0.82647 1 0.901842 1 0.900331 -0.438044 
0.826474 1 0.90184 1 0.900328 -0.438072 
0.826477 1 0.901837 1 0.900324 -0.438101 
0.826481 1 0.901835 1 0.900321 -0.438128 
0.826484 1 0.901833 1 0.900317 -0.438155 
0.826487 1 0.901831 1 0.900314 -0.438183 
0.82649 1 0.901829 1 0.900311 -0.438207 
0.826493 1 0.901827 1 0.900307 -0.438231 
0.826495 1 0.901825 1 0.900304 -0.438254 
0.826498 1 0.901822 1 0.900301 -0.438276 
0.8265 1 0.90182 1 0.900298 -0.438298 
0.826502 1 0.901817 1 0.900295 -0.438317 
0.826504 1 0.901815 1 0.900292 -0.438337 
0.826507 1 0.901813 1 0.900289 -0.438356 
0.826509 1 0.90181 1 0.900286 -0.438373 
0.82651 1 0.901808 1 0.900282 -0.438389 
0.826512 1 0.901805 1 0.900279 -0.438406 
0.826513 1 0.901803 1 0.900275 -0.438423 
0.826515 1 0.901801 1 0.900272 -0.438436 
0.826516 1 0.901799 1 0.900269 -0.438451 
0.826517 1 0.901797 1 0.900266 -0.438466 
0.826518 1 0.901795 1 0.900262 -0.438478 
0.82652 1 0.901792 1 0.900258 -0.438491 
0.826521 1 0.901791 1 0.900254 -0.438504 
0.826522 1 0.901789 1 0.900251 -0.438518 
0.826523 1 0.901786 1 0.900248 -0.438527 
0.826523 1 0.901784 1 0.900245 -0.438536 
0.826523 1 0.901782 1 0.900242 -0.438545 
0.826524 1 0.901779 1 0.900239 -0.438556 
0.826524 1 0.901777 1 0.900236 -0.438567 
0.826524 1 0.901775 1 0.900232 -0.438575 
0.826525 1 0.901773 1 0.900229 -0.438585 
0.826525 1 0.90177 1 0.900226 -0.438592 
0.826525 1 0.901767 1 0.900223 -0.4386 
0.826526 1 0.901765 1 0.900219 -0.438607 
0.826525 1 0.901763 1 0.900216 -0.438613 
0.826525 1 0.901761 1 0.900213 -0.438619 
0.826525 1 0.901758 1 0.90021 -0.438626 
0.826525 1 0.901757 1 0.900206 -0.438632 
0.826524 1 0.901755 1 0.900203 -0.438636 
0.826524 1 0.901752 1 0.9002 -0.438641 
0.826524 1 0.90175 1 0.900197 -0.438648 
0.826523 1 0.901748 1 0.900194 -0.438649 
0.826523 1 0.901745 1 0.90019 -0.438652 
0.826522 1 0.901743 1 0.900187 -0.438657 
0.826522 1 0.901741 1 0.900183 -0.43866 
0.826521 1 0.901739 1 0.90018 -0.438663 
0.82652 1 0.901737 1 0.900176 -0.438667 
0.82652 1 0.901734 1 0.900173 -0.438669 
0.826519 1 0.901732 1 0.90017 -0.438672 
0.826518 1 0.90173 1 0.900166 -0.438674 
0.826518 1 0.901728 1 0.900163 -0.438677 
0.826517 1 0.901726 1 0.900159 -0.43868 
0.826516 1 0.901723 1 0.900157 -0.43868 
0.826515 1 0.901721 1 0.900153 -0.438683 
0.826515 1 0.901719 1 0.90015 -0.438683 
0.826514 1 0.901717 1 0.900147 -0.438684 
0.826513 1 0.901715 1 0.900143 -0.438683 
0.826512 1 0.901712 1 0.900139 -0.438682 
0.826511 1 0.90171 1 0.900137 -0.43868 
0.826509 1 0.901708 1 0.900133 -0.43868 
0.826508 1 0.901706 1 0.90013 -0.438681 
0.826507 1 0.901703 1 0.900127 -0.438679 
0.826505 1 0.901701 1 0.900124 -0.438678 
0.826504 1 0.901699 1 0.90012 -0.438677 
0.826503 1 0.901697 1 0.900117 -0.438676 
0.826502 1 0.901695 1 0.900113 -0.438675 
0.826501 1 0.901693 1 0.90011 -0.438674 
0.8265 1 0.901691 1 0.900107 -0.438673 
0.826498 1 0.901688 1 0.900103 -0.438672 
0.826497 1 0.901686 1 0.9001 -0.438672 
0.826496 1 0.901684 1 0.900096 -0.438671 
0.826495 1 0.901682 1 0.900093 -0.438668 
0.826494 1 0.90168 1 0.900089 -0.438665 
0.826492 1 0.901678 1 0.900086 -0.438662 
0.826491 1 0.901676 1 0.900082 -0.438657 
0.82649 1 0.901674 1 0.900078 -0.438654 
0.826488 1 0.901672 1 0.900076 -0.438651 
0.826486 1 0.901669 1 0.900072 -0.438648 
0.826485 1 0.901667 1 0.900069 -0.438643 
0.826483 1 0.901665 1 0.900066 -0.438641 
0.826481 1 0.901662 1 0.900063 -0.438637 
0.82648 1 0.90166 1 0.90006 -0.438633 
0.826479 1 0.901658 1 0.900056 -0.438631 
0.826477 1 0.901656 1 0.900053 -0.438628 
0.826475 1 0.901653 1 0.900049 -0.438625 
0.826474 1 0.901651 1 0.900046 -0.43862 
0.826472 1 0.901649 1 0.900043 -0.438616 
0.82647 1 0.901647 1 0.90004 -0.438614 
0.826469 1 0.901644 1 0.900036 -0.438611 
0.826467 1 0.901642 1 0.900033 -0.438607 
0.826465 1 0.90164 1 0.90003 -0.438606 
0.826464 1 0.901638 1 0.900026 -0.438598 
0.826462 1 0.901636 1 0.900023 -0.438593 
0.82646 1 0.901633 1 0.900019 -0.438589 
0.826459 1 0.901631 1 0.900016 -0.438582 
0.826457 1 0.901629 1 0.900012 -0.438577 
0.826455 1 0.901627 1 0.900009 -0.438574 
0.826453 1 0.901625 1 0.900006 -0.438567 
0.826452 1 0.901623 1 0.900002 -0.438565 
0.82645 1 0.90162 1 0.899999 -0.438558 
0.826448 1 0.901618 1 0.899996 -0.438556 
0.826447 1 0.901616 1 0.899992 -0.438553 
0.826445 1 0.901614 1 0.899989 -0.438548 
0.826444 1 0.901612 1 0.899986 -0.438544 
0.826442 1 0.90161 1 0.899982 -0.438539 
0.82644 1 0.901607 1 0.899979 -0.438536 
0.826439 1 0.901605 1 0.899975 -0.438533 
0.826437 1 0.901603 1 0.899972 -0.438528 
0.826436 1 0.901601 1 0.899969 -0.438525 
0.826434 1 0.901599 1 0.899965 -0.438521 
0.826433 1 0.901597 1 0.899962 -0.438518 
0.826431 1 0.901594 1 0.899958 -0.438514 
0.826429 1 0.901592 1 0.899955 -0.438508 
0.826427 1 0.90159 1 0.899952 -0.438503 
0.826426 1 0.901588 1 0.899949 -0.438499 
0.826424 1 0.901585 1 0.899945 -0.438495 
0.826422 1 0.901583 1 0.899941 -0.438489 
0.826421 1 0.901581 1 0.899939 -0.438484 
0.826419 1 0.901579 1 0.899935 -0.438478 
0.826417 1 0.901577 1 0.899931 -0.438476 
0.826415 1 0.901574 1 0.899929 -0.438471 
0.826414 1 0.901572 1 0.899925 -0.438467 
0.826412 1 0.90157 1 0.899922 -0.438462 
0.826411 1 0.901568 1 0.899918 -0.438456 
0.826409 1 0.901566 1 0.899915 -0.438452 
0.826407 1 0.901564 1 0.899912 -0.438448 
0.826406 1 0.901561 1 0.899908 -0.438444 
0.826404 1 0.901559 1 0.899905 -0.43844 
0.826402 1 0.901557 1 0.899901 -0.438436 
0.826401 1 0.901555 1 0.899898 -0.438431 
0.826399 1 0.901553 1 0.899895 -0.438426 
0.826398 1 0.90155 1 0.899892 -0.438421 
0.826396 1 0.901548 1 0.899888 -0.438417 
0.826395 1 0.901546 1 0.899885 -0.438414 
0.826393 1 0.901544 1 0.899881 -0.438409 
0.826392 1 0.901541 1 0.899878 -0.438405 
0.82639 1 0.901539 1 0.899874 -0.438401 
0.826388 1 0.901537 1 0.899871 -0.438397 
0.826386 1 0.901535 1 0.899868 -0.438392 
0.826385 1 0.901532 1 0.899865 -0.438388 
0.826384 1 0.90153 1 0.899861 -0.438385 
0.826382 1 0.901528 1 0.899858 -0.43838 
0.826381 1 0.901526 1 0.899854 -0.438375 
0.826379 1 0.901523 1 0.899851 -0.438373 
0.826378 1 0.901521 1 0.899847 -0.438369 
0.826377 1 0.901519 1 0.899844 -0.438365 
0.826375 1 0.901517 1 0.899841 -0.438361 
0.826373 1 0.901514 1 0.899838 -0.438358 
0.826372 1 0.901512 1 0.899834 -0.438354 
0.826371 1 0.90151 1 0.899831 -0.43835 
0.826369 1 0.901508 1 0.899828 -0.438346 
0.826368 1 0.901506 1 0.899824 -0.438344 
0.826367 1 0.901503 1 0.899821 -0.438339 
0.826365 1 0.901501 1 0.899818 -0.438336 
0.826364 1 0.901499 1 0.899814 -0.438331 
0.826362 1 0.901497 1 0.899811 -0.438328 
0.826361 1 0.901494 1 0.899808 -0.438324 
0.826359 1 0.901492 1 0.899804 -0.438322 
0.826358 1 0.90149 1 0.899801 -0.438317 
0.826356 1 0.901488 1 0.899797 -0.438314 
0.826355 1 0.901486 1 0.899794 -0.438311 
0.826354 1 0.901483 1 0.899791 -0.438308 
0.826352 1 0.901482 1 0.899787 -0.438305 
0.826351 1 0.901479 1 0.899784 -0.438301 
0.82635 1 0.901477 1 0.89978 -0.438298 
0.826348 1 0.901475 1 0.899777 -0.438294 
0.826347 1 0.901472 1 0.899774 -0.438291 
0.826345 1 0.90147 1 0.899771 -0.438287 
0.826344 1 0.901468 1 0.899767 -0.438285 
0.826343 1 0.901465 1 0.899765 -0.438284 
0.826341 1 0.901463 1 0.899761 -0.438282 
0.82634 1 0.901461 1 0.899757 -0.438279 
0.826339 1 0.901458 1 0.899755 -0.438275 
0.826337 1 0.901455 1 0.899751 -0.438274 
0.826336 1 0.901453 1 0.899748 -0.438271 
0.826335 1 0.901451 1 0.899744 -0.43827 
0.826333 1 0.901449 1 0.899742 -0.438269 
0.826332 1 0.901447 1 0.899738 -0.438265 
0.82633 1 0.901444 1 0.899735 -0.438262 
0.826329 1 0.901442 1 0.899731 -0.43826 
0.826328 1 0.90144 1 0.899728 -0.438258 
0.826327 1 0.901438 1 0.899724 -0.438255 
0.826326 1 0.901436 1 0.899721 -0.438252 
0.826324 1 0.901433 1 0.899717 -0.438251 
0.826323 1 0.901431 1 0.899714 -0.43825 
0.826322 1 0.901429 1 0.899711 -0.438246 
0.826321 1 0.901426 1 0.899708 -0.438245 
0.82632 1 0.901424 1 0.899704 -0.438243 
0.826318 1 0.901422 1 0.899702 -0.43824 
0.826317 1 0.901419 1 0.899698 -0.438238 
0.826316 1 0.901417 1 0.899694 -0.438238 
0.826315 1 0.901415 1 0.899692 -0.438235 
0.826314 1 0.901412 1 0.899688 -0.438231 
