0.726353 0 0.782552 0 0.782548 0.500001 
0.726715 0 0.78374 0 0.784171 0.49914 
0.727175 0 0.785183 0 0.786342 0.498361 
0.727575 0 0.786753 0 0.788907 0.49765 
0.727843 0 0.788345 0 0.791745 0.497 
0.728435 0 0.790202 0 0.794964 0.496403 
0.728486 0 0.79161 0 0.798202 0.495857 
0.728895 0 0.793314 0 0.801684 0.495359 
0.729308 0 0.795056 0 0.805219 0.494907 
0.72972 0 0.796813 0 0.808798 0.494502 
0.730131 0 0.798578 0 0.812406 0.494143 
0.730548 0 0.800351 0 0.816031 0.49383 
0.730971 0 0.802123 0 0.819662 0.493561 
0.731394 0 0.803877 0 0.823293 0.493335 
0.731818 0 0.805606 0 0.826913 0.493148 
0.732251 0 0.807314 0 0.830512 0.493 
0.732693 0 0.808993 0 0.834081 0.492885 
0.733135 0 0.810632 0 0.837617 0.492803 
0.733581 0 0.812226 0 0.841115 0.492748 
0.734036 0 0.813782 0 0.844569 0.492718 
0.7345 0 0.815297 0 0.847973 0.492711 
0.734967 0 0.816761 0 0.85133 0.492724 
0.735437 0 0.818175 0 0.854638 0.492754 
0.735918 0 0.819545 0 0.857892 0.4928 
0.736216 0 0.820955 0 0.860915 0.492858 
0.736364 0 0.8223 0 0.863848 0.492929 
0.7364 0 0.82358 0 0.866723 0.493009 
0.736355 0 0.824816 0 0.869539 0.493097 
0.736243 0 0.826018 0 0.872299 0.493193 
0.736065 0 0.827178 0 0.875014 0.493294 
0.735826 0 0.828296 0 0.877689 0.4934 
0.735537 0 0.82938 0 0.880323 0.49351 
0.7352 0 0.830431 0 0.882917 0.493623 
0.734812 0 0.831446 0 0.88548 0.493738 
0.734377 0 0.832426 0 0.888012 0.493854 
0.733903 0 0.833383 0 0.890508 0.49397 
0.733393 0 0.834319 0 0.892967 0.494086 
0.732839 0 0.83523 0 0.895395 0.4942 
0.732244 0 0.836117 0 0.897791 0.494312 
0.731616 0 0.836991 0 0.900148 0.494421 
0.730953 0 0.837852 0 0.902464 0.494526 
0.730249 0 0.838697 0 0.904743 0.494626 
0.729505 0 0.839525 0 0.906982 0.494721 
0.728727 0 0.840345 0 0.909172 0.494809 
0.727913 0 0.841158 0 0.911307 0.494888 
0.727068 0 0.841948 0 0.913395 0.494958 
0.726224 0 0.842688 0 0.915459 0.495018 
0.725387 0 0.843384 0 0.917489 0.495065 
0.724557 0 0.844035 0 0.91948 0.495099 
0.723725 0 0.844629 0 0.921437 0.495117 
0.722893 0 0.845167 0 0.923354 0.495118 
0.722067 0 0.845652 0 0.925221 0.495099 
0.721244 0 0.846083 0 0.927031 0.495058 
0.720418 0 0.84645 0 0.928787 0.494993 
0.719589 0 0.846752 0 0.930482 0.494901 
0.718764 0 0.846995 0 0.932103 0.494779 
0.71794 0 0.847175 0 0.933644 0.494625 
0.717111 0 0.847285 0 0.935104 0.494434 
0.716275 0 0.847324 0 0.936475 0.494205 
0.715441 0 0.847295 0 0.937744 0.493932 
0.714606 0 0.8472 0 0.938903 0.493612 
0.714787 0 0.848898 1 0.938913 0.493226 
0.714966 0 0.851165 1 0.938501 0.492828 
0.714988 0 0.85324 1 0.937943 0.492393 
0.714972 0 0.855205 1 0.937374 0.491921 
0.715175 0 0.856725 0 0.93651 0.491409 
0.715513 0 0.858093 0 0.935572 0.490822 
0.715841 0 0.859386 0 0.93456 0.490152 
0.716297 0 0.86108 0 0.933555 0.489393 
0.716809 0 0.863077 0 0.932488 0.488535 
0.717353 0 0.865161 0 0.931378 0.487569 
0.717891 0 0.867221 0 0.93026 0.486486 
0.718407 0 0.869187 0 0.929113 0.485272 
0.718904 0 0.871078 0 0.927945 0.483916 
0.719387 0 0.872919 0 0.926766 0.482403 
0.719859 0 0.874721 0 0.925581 0.480716 
0.720321 0 0.876486 0 0.924393 0.478837 
0.72077 0 0.878213 0 0.923204 0.476747 
0.72121 0 0.880036 0 0.922026 0.474422 
0.72163 0 0.881935 0 0.920853 0.471837 
0.722027 0 0.883877 0 0.91969 0.468964 
0.7224 0 0.885844 0 0.918542 0.465771 
0.722749 0 0.887836 0 0.917417 0.462225 
0.723074 0 0.889866 0 0.916322 0.458287 
0.723373 0 0.891947 0 0.91526 0.453915 
0.723645 0 0.894091 0 0.914235 0.449065 
0.72389 0 0.89631 0 0.913251 0.44369 
0.724107 0 0.898612 0 0.91231 0.43774 
0.724296 0 0.901007 0 0.911413 0.431164 
0.724456 0 0.903504 0 0.910561 0.423913 
0.724587 0 0.906111 0 0.909751 0.41594 
0.724688 0 0.908834 0 0.908978 0.407206 
0.724651 0 0.911649 0 0.90873 0.39768 
0.72449 0 0.914493 0 0.908809 0.387346 
0.724242 0 0.917317 0 0.908997 0.376205 
0.723939 0 0.920106 0 0.90917 0.364279 
0.723603 0 0.922845 0 0.909284 0.351611 
0.724283 1 0.922685 0 0.910484 0.338241 
0.725468 1 0.92229 0 0.911851 0.324969 
0.726873 1 0.922015 0 0.913046 0.311723 
0.728376 1 0.921778 0 0.914112 0.298533 
0.729898 1 0.921465 0 0.915178 0.2854 
0.731364 1 0.921148 0 0.916201 0.272324 
0.732773 0 0.920828 0 0.917182 0.259309 
0.734125 0 0.920546 0 0.918163 0.245843 
0.735389 0 0.920308 0 0.91916 0.232035 
0.736574 0 0.920071 0 0.92021 0.217987 
0.738041 1 0.919586 0 0.921388 0.203793 
0.739534 1 0.918981 0 0.922648 0.189808 
0.740946 1 0.918335 0 0.923908 0.176035 
0.742282 0 0.917647 0 0.925167 0.162477 
0.743546 0 0.916927 0 0.926446 0.148914 
0.744741 0 0.91617 0 0.927741 0.135407 
0.747202 0 0.916543 1 0.927587 0.12201 
0.749693 1 0.916169 1 0.927662 0.108791 
0.752186 1 0.916011 1 0.927585 0.095893 
0.754673 1 0.915928 1 0.927479 0.0833087 
0.757144 1 0.915863 1 0.92738 0.0710382 
0.759599 1 0.915804 1 0.927286 0.0590833 
0.762118 1 0.915714 1 0.927171 0.0474443 
0.764605 1 0.915694 1 0.927057 0.0360932 
0.767056 1 0.915667 1 0.926955 0.0250612 
0.769467 1 0.915631 1 0.926861 0.0143278 
0.77176 1 0.91552 1 0.926798 0.00387609 
0.774057 1 0.915428 1 0.926701 -0.00628504 
0.776365 1 0.915347 1 0.926605 -0.0161699 
0.778635 1 0.915294 1 0.926525 -0.0257849 
0.780868 1 0.915257 1 0.92645 -0.0351256 
0.783064 1 0.915224 1 0.926376 -0.0442105 
0.785226 1 0.915192 1 0.926304 -0.0530394 
0.787352 1 0.91516 1 0.926235 -0.0616258 
0.789442 1 0.915129 1 0.926169 -0.069965 
0.791489 1 0.915108 1 0.926127 -0.0780739 
0.793492 1 0.915106 1 0.926068 -0.0859461 
0.79546 1 0.915048 1 0.926022 -0.0935892 
0.797404 1 0.915015 1 0.925964 -0.10102 
0.799312 1 0.915014 1 0.925907 -0.108233 
0.801173 1 0.915014 1 0.925868 -0.115233 
0.803008 1 0.915 1 0.925834 -0.122034 
0.804799 1 0.914988 1 0.925813 -0.128637 
0.806556 1 0.914977 1 0.925795 -0.135047 
0.80828 1 0.914969 1 0.925784 -0.141268 
0.809971 1 0.914964 1 0.925776 -0.147296 
0.811622 1 0.914963 1 0.925776 -0.153154 
0.813237 1 0.914962 1 0.925782 -0.158829 
0.814814 1 0.914964 1 0.925793 -0.164339 
0.816356 1 0.914967 1 0.92581 -0.169684 
0.817861 1 0.914972 1 0.925833 -0.174861 
0.819331 1 0.914979 1 0.925861 -0.179884 
0.820766 1 0.914988 1 0.925894 -0.184753 
0.822165 1 0.914999 1 0.925933 -0.189465 
0.823529 1 0.915011 1 0.925977 -0.194031 
0.824859 1 0.915026 1 0.926026 -0.198452 
0.826183 1 0.914999 1 0.926112 -0.202734 
0.827446 1 0.91501 1 0.926242 -0.206885 
0.828657 1 0.915065 1 0.926378 -0.210895 
0.829827 1 0.915146 1 0.926507 -0.214777 
0.830972 1 0.915199 1 0.92664 -0.218532 
0.83209 1 0.915233 1 0.926781 -0.222163 
0.833177 1 0.915269 1 0.926925 -0.22567 
