0.247401 0 0.371664 0 0.371663 0.500001 
0.247376 0 0.372994 0 0.37263 0.498622 
0.247375 0 0.374699 0 0.37377 0.49576 
0.247497 0 0.376997 0 0.37513 0.490361 
0.247705 0 0.37976 0 0.376793 0.481431 
0.247982 0 0.382917 0 0.378786 0.468711 
0.247902 0 0.385986 0 0.380683 0.452831 
0.248283 0 0.389908 0 0.383171 0.434813 
0.248307 0 0.393591 0 0.38546 0.415577 
0.248327 0 0.397375 0 0.387849 0.395782 
0.248343 0 0.401198 0 0.390277 0.375848 
0.248366 0 0.405014 0 0.392696 0.356026 
0.248763 0 0.409193 0 0.395395 0.336466 
0.248883 0 0.412937 0 0.397725 0.317251 
0.248849 0 0.416409 0 0.399736 0.298426 
0.249184 0 0.420079 0 0.401953 0.280017 
0.249671 0 0.423527 0 0.40429 0.262032 
0.250257 0 0.426779 0 0.406608 0.244473 
0.250899 0 0.429817 0 0.408826 0.22734 
0.25162 0 0.43265 0 0.410962 0.210624 
0.252195 0 0.435117 0 0.412758 0.194321 
0.252991 0 0.437588 0 0.41449 0.17842 
0.253657 0 0.439679 0 0.415935 0.162914 
0.2545 0 0.441693 0 0.417308 0.147794 
0.255294 0 0.443479 0 0.418468 0.133051 
0.256165 0 0.445011 0 0.419597 0.118675 
0.257083 0 0.446333 0 0.420628 0.104658 
0.258043 0 0.447483 0 0.421546 0.0909902 
0.258933 0 0.448404 0 0.422243 0.077664 
0.259921 0 0.449229 0 0.422844 0.0646706 
0.260847 0 0.449864 0 0.42328 0.0520017 
0.26174 0 0.450349 0 0.423561 0.0396494 
0.262714 0 0.450737 0 0.423771 0.0276057 
0.26371 0 0.451015 0 0.423969 0.015863 
0.264712 0 0.45118 0 0.424104 0.00441364 
0.265711 0 0.45124 0 0.42416 -0.00674949 
0.266699 0 0.451203 0 0.424134 -0.0176337 
0.267669 0 0.451075 0 0.42403 -0.0282459 
0.26862 0 0.450867 0 0.423859 -0.0385928 
0.269559 0 0.450598 0 0.423632 -0.0486811 
0.270481 0 0.45027 0 0.423356 -0.0585172 
0.271377 0 0.449884 0 0.423032 -0.0681076 
0.272247 0 0.449444 0 0.422668 -0.0774582 
0.273093 0 0.448963 0 0.422274 -0.086575 
0.27391 0 0.448444 0 0.421855 -0.095464 
0.274699 0 0.447889 0 0.421423 -0.104131 
0.275446 0 0.447293 0 0.420983 -0.112581 
0.276147 0 0.446659 0 0.420537 -0.12082 
0.276789 0 0.445981 0 0.42008 -0.128853 
0.277361 0 0.445251 0 0.419606 -0.136685 
0.27786 0 0.444469 0 0.419112 -0.144321 
0.278293 0 0.443648 0 0.418603 -0.151766 
0.27866 0 0.442789 0 0.418075 -0.159026 
0.278956 0 0.441891 0 0.417525 -0.166104 
0.279188 0 0.440958 0 0.416954 -0.173004 
0.279365 0 0.440004 0 0.416364 -0.179732 
0.279491 0 0.439032 0 0.415755 -0.186293 
0.279564 0 0.43804 0 0.415123 -0.192688 
0.279589 0 0.437032 0 0.414469 -0.198924 
0.279578 0 0.436021 0 0.413799 -0.205004 
0.279532 0 0.435008 0 0.413111 -0.210932 
0.279449 0 0.43399 0 0.412401 -0.216712 
0.279333 0 0.432969 0 0.411672 -0.222347 
0.279192 0 0.431956 0 0.410929 -0.227841 
0.27903 0 0.430951 0 0.410172 -0.233197 
0.27884 0 0.429949 0 0.409395 -0.238419 
0.278626 0 0.428952 0 0.408601 -0.243511 
0.278384 0 0.427394 0 0.407811 -0.248474 
0.278111 0 0.425567 0 0.406982 -0.253313 
0.277812 0 0.4237 0 0.406152 -0.25803 
0.277509 0 0.421865 0 0.405329 -0.262629 
0.277209 0 0.420069 0 0.404519 -0.267112 
0.276911 0 0.418311 0 0.403721 -0.271481 
0.276609 0 0.416584 0 0.402932 -0.27574 
0.276304 0 0.414888 0 0.402153 -0.279891 
0.276001 0 0.413231 0 0.401389 -0.283935 
0.275702 0 0.411611 0 0.40064 -0.287876 
0.275397 0 0.41002 0 0.399901 -0.291715 
0.27509 0 0.40846 0 0.399175 -0.295454 
0.274787 0 0.406938 0 0.398467 -0.299094 
0.274486 0 0.405452 0 0.397775 -0.302636 
0.27418 0 0.403994 0 0.397096 -0.306082 
0.273871 0 0.402567 0 0.396432 -0.309432 
0.273566 0 0.401177 0 0.395788 -0.312685 
0.273262 0 0.399822 0 0.395162 -0.315842 
0.272953 0 0.398495 0 0.394553 -0.318901 
0.272612 0 0.397114 0 0.39386 -0.321861 
0.272246 0 0.395718 0 0.393107 -0.324719 
0.271818 0 0.394215 0 0.392249 -0.327472 
0.271625 0 0.393348 0 0.391611 -0.330115 
0.271634 0 0.39275 0 0.391115 -0.332644 
0.271647 0 0.392137 0 0.390649 -0.335053 
0.271663 0 0.391568 0 0.390222 -0.337334 
0.271675 0 0.391038 0 0.389832 -0.339479 
0.271684 0 0.39055 0 0.389483 -0.341478 
0.271696 0 0.390115 0 0.389183 -0.343321 
0.27171 0 0.389735 0 0.388934 -0.344995 
0.271711 0 0.389355 0 0.388715 -0.346487 
0.271695 0 0.388982 0 0.388529 -0.347782 
0.271666 0 0.388638 0 0.388385 -0.348867 
0.271625 0 0.388334 0 0.38829 -0.349724 
0.271567 0 0.38807 0 0.388244 -0.350337 
0.271411 0 0.387748 0 0.388177 -0.350692 
0.2712 0 0.387416 0 0.388105 -0.35077 
0.270952 0 0.387108 0 0.388058 -0.350559 
0.270654 0 0.386833 0 0.388043 -0.350044 
0.270465 0 0.386909 0 0.388251 -0.349214 
0.270359 0 0.387145 0 0.3886 -0.348057 
0.270277 0 0.387474 0 0.38904 -0.346567 
0.270209 0 0.387897 0 0.389581 -0.344739 
0.27008 0 0.388338 0 0.390189 -0.34257 
0.26989 0 0.388814 0 0.390836 -0.340059 
0.269657 0 0.38934 0 0.391525 -0.33721 
0.269423 0 0.389919 0 0.392289 -0.334028 
0.269267 0 0.390704 0 0.39319 -0.330521 
0.269162 0 0.391647 0 0.394235 -0.326699 
0.269082 0 0.392702 0 0.395391 -0.322571 
0.269006 0 0.393838 0 0.396629 -0.318152 
0.26893 0 0.395047 0 0.397941 -0.313453 
0.268859 0 0.396333 0 0.39933 -0.30849 
0.268792 0 0.397695 0 0.400792 -0.303277 
0.268724 0 0.399122 0 0.40232 -0.297827 
0.268655 0 0.400612 0 0.403911 -0.292156 
0.268594 0 0.402167 0 0.405565 -0.286278 
0.268537 0 0.403783 0 0.407278 -0.280205 
0.268479 0 0.405447 0 0.409041 -0.273952 
0.268421 0 0.407158 0 0.41085 -0.267529 
0.268369 0 0.408918 0 0.412709 -0.260949 
0.268322 0 0.410724 0 0.414612 -0.254222 
0.268274 0 0.412565 0 0.416551 -0.247358 
0.268225 0 0.41444 0 0.418525 -0.240367 
0.268183 0 0.416353 0 0.420536 -0.233255 
0.268146 0 0.4183 0 0.422581 -0.226032 
0.268108 0 0.420273 0 0.424651 -0.218703 
0.268071 0 0.422268 0 0.426747 -0.211275 
0.268039 0 0.424293 0 0.42887 -0.203754 
0.268013 0 0.426343 0 0.431018 -0.196145 
0.267986 0 0.428409 0 0.433183 -0.188451 
0.267958 0 0.430491 0 0.435365 -0.180679 
0.267937 0 0.432593 0 0.437567 -0.172831 
0.26792 0 0.434713 0 0.439787 -0.164912 
0.267903 0 0.436842 0 0.442016 -0.156924 
0.267884 0 0.438979 0 0.444255 -0.148872 
0.267872 0 0.441129 0 0.446508 -0.140759 
0.267864 0 0.443291 0 0.44877 -0.132588 
0.267855 0 0.445453 0 0.451035 -0.124363 
0.267844 0 0.447617 0 0.453303 -0.116088 
0.267839 0 0.449787 0 0.455577 -0.107766 
0.267838 0 0.45196 0 0.457853 -0.0994011 
0.267835 0 0.454126 0 0.460125 -0.0909976 
0.26783 0 0.456286 0 0.462391 -0.08256 
0.267831 0 0.458443 0 0.464655 -0.0740926 
0.267835 0 0.460596 0 0.466914 -0.0656003 
0.267836 0 0.462733 0 0.469159 -0.057088 
0.267835 0 0.464855 0 0.47139 -0.0485612 
0.267839 0 0.466966 0 0.473611 -0.0400248 
0.267845 0 0.469063 0 0.475817 -0.0314846 
0.267849 0 0.471136 0 0.478002 -0.0229459 
0.26785 0 0.473184 0 0.480163 -0.0144143 
0.267855 0 0.475214 0 0.482306 -0.00589549 
0.267863 0 0.47722 0 0.484426 0.002605 
0.267867 0 0.479194 0 0.486515 0.0110818 
0.267868 0 0.481135 0 0.488575 0.0195295 
0.267874 0 0.483049 0 0.490607 0.0279429 
0.267881 0 0.484932 0 0.49261 0.0363171 
0.267885 0 0.486776 0 0.494577 0.0446471 
0.267886 0 0.488581 0 0.496507 0.0529286 
0.267891 0 0.490351 0 0.498404 0.0611573 
0.267898 0 0.492086 0 0.500267 0.0693291 
0.267902 0 0.493775 0 0.502089 0.0774405 
0.267902 0 0.49542 0 0.503871 0.0854879 
0.267907 0 0.497027 0 0.505617 0.0934683 
0.267914 0 0.498594 0 0.507326 0.101379 
0.267917 0 0.500113 0 0.508992 0.109217 
0.267918 0 0.501585 0 0.510615 0.11698 
0.267923 0 0.503016 0 0.512202 0.124666 
0.267931 0 0.504406 0 0.513752 0.132274 
0.267935 0 0.505746 0 0.515258 0.1398 
0.267937 0 0.507038 0 0.516722 0.147244 
0.267944 0 0.508289 0 0.51815 0.154603 
0.267954 0 0.509499 0 0.519542 0.161877 
0.267961 0 0.51066 0 0.520892 0.169063 
0.267966 0 0.511775 0 0.522201 0.176161 
0.267976 0 0.51285 0 0.523477 0.183168 
0.26799 0 0.513886 0 0.524718 0.190084 
0.268001 0 0.514876 0 0.52592 0.196906 
0.26801 0 0.515822 0 0.527083 0.203634 
0.268026 0 0.516732 0 0.528216 0.210265 
0.268045 0 0.517607 0 0.529316 0.216799 
0.268062 0 0.51844 0 0.53038 0.223234 
0.268077 0 0.519233 0 0.531409 0.229569 
0.268099 0 0.519995 0 0.53241 0.235802 
0.268125 0 0.520727 0 0.533382 0.241933 
0.268148 0 0.521421 0 0.53432 0.24796 
0.268171 0 0.522081 0 0.535226 0.253883 
0.268199 0 0.522715 0 0.536107 0.259701 
0.268232 0 0.523324 0 0.536963 0.265413 
0.268263 0 0.5239 0 0.537788 0.27102 
0.268293 0 0.524448 0 0.538584 0.27652 
0.268328 0 0.524975 0 0.539358 0.281914 
0.268368 0 0.525482 0 0.540109 0.287203 
0.268405 0 0.525961 0 0.540833 0.292385 
0.268442 0 0.526416 0 0.541532 0.297463 
0.268707 0 0.527162 0 0.542566 0.302436 
0.269102 0 0.528014 0 0.543719 0.307305 
0.269537 0 0.528855 0 0.544866 0.312071 
0.270086 0 0.529738 0 0.546101 0.316736 
0.270637 0 0.530602 0 0.547317 0.321299 
0.271191 0 0.531446 0 0.548514 0.325764 
0.271739 0 0.532264 0 0.549686 0.33013 
0.272158 0 0.532973 0 0.550725 0.334399 
0.27258 0 0.533665 0 0.551747 0.338572 
0.273004 0 0.534338 0 0.552753 0.342652 
0.273531 0 0.535045 0 0.553828 0.346639 
0.27412 0 0.535769 0 0.554943 0.350535 
0.274601 0 0.536422 0 0.555979 0.354341 
0.275074 0 0.537042 0 0.556952 0.35806 
0.275438 0 0.537547 0 0.557778 0.361693 
0.275639 0 0.537929 0 0.558408 0.365241 
0.275768 0 0.538246 0 0.558935 0.368706 
0.275845 0 0.538512 0 0.559388 0.37209 
0.275877 0 0.53873 0 0.559779 0.375394 
0.275879 0 0.538911 0 0.560124 0.37862 
0.275863 0 0.539069 0 0.560434 0.381769 
0.275832 0 0.539209 0 0.560715 0.384844 
0.275782 0 0.539326 0 0.560961 0.387845 
0.275717 0 0.539423 0 0.561176 0.390775 
0.275643 0 0.539511 0 0.561369 0.393634 
0.275604 0 0.539643 0 0.561593 0.396425 
0.275578 0 0.539784 0 0.56182 0.399149 
0.275553 0 0.539924 0 0.562038 0.401807 
0.275534 0 0.540064 0 0.562249 0.404401 
0.27552 0 0.540206 0 0.562455 0.406932 
0.275504 0 0.540342 0 0.56265 0.409402 
0.275489 0 0.540474 0 0.562837 0.411812 
0.27548 0 0.54061 0 0.563023 0.414164 
0.275477 0 0.540749 0 0.563205 0.416458 
0.275473 0 0.540883 0 0.563378 0.418697 
0.275563 0 0.54105 0 0.563644 0.420882 
0.27574 0 0.54127 0 0.563994 0.423013 
0.275963 0 0.541519 0 0.564389 0.425092 
0.276205 0 0.541772 0 0.5648 0.42712 
0.276453 0 0.542022 0 0.565215 0.4291 
0.27671 0 0.542274 0 0.565635 0.43103 
0.276973 0 0.542526 0 0.566058 0.432914 
0.277233 0 0.542767 0 0.566475 0.434752 
0.277491 0 0.542999 0 0.566887 0.436545 
0.277754 0 0.543228 0 0.567301 0.438294 
0.278019 0 0.543453 0 0.567715 0.440001 
0.27828 0 0.543665 0 0.568122 0.441666 
0.278538 0 0.543866 0 0.568524 0.44329 
0.278742 0 0.544034 0 0.568855 0.444875 
0.278912 0 0.544187 0 0.56914 0.446421 
0.278997 0 0.544286 0 0.569328 0.44793 
0.279032 0 0.544352 0 0.569456 0.449402 
0.279047 0 0.544407 0 0.569559 0.450838 
0.279055 0 0.54446 0 0.569649 0.452239 
0.279121 0 0.54454 0 0.569802 0.453607 
0.279218 0 0.544636 0 0.569986 0.454941 
0.279334 0 0.544744 0 0.570188 0.456242 
0.279457 0 0.544857 0 0.570396 0.457513 
0.279577 0 0.544962 0 0.570596 0.458752 
0.27969 0 0.545062 0 0.570788 0.459962 
0.279805 0 0.545163 0 0.570978 0.461142 
0.27992 0 0.545265 0 0.571164 0.462294 
0.280027 0 0.54536 0 0.571341 0.463418 
0.280129 0 0.545449 0 0.57151 0.464514 
0.280233 0 0.545539 0 0.571678 0.465585 
0.280336 0 0.545631 0 0.571844 0.466629 
0.280433 0 0.545714 0 0.572001 0.467648 
0.280524 0 0.545791 0 0.57215 0.468643 
0.280617 0 0.545871 0 0.572299 0.469613 
0.280711 0 0.545951 0 0.572445 0.47056 
0.280797 0 0.546025 0 0.572584 0.471484 
0.280878 0 0.546092 0 0.572715 0.472385 
0.28096 0 0.546162 0 0.572845 0.473265 
0.281043 0 0.546233 0 0.572974 0.474123 
0.281119 0 0.546297 0 0.573095 0.47496 
0.28119 0 0.546355 0 0.573209 0.475777 
0.281262 0 0.546416 0 0.573322 0.476574 
0.281335 0 0.546478 0 0.573434 0.477352 
0.2814 0 0.546533 0 0.573538 0.47811 
0.28146 0 0.546583 0 0.573635 0.47885 
0.281522 0 0.546636 0 0.573732 0.479571 
0.281584 0 0.546689 0 0.573828 0.480275 
0.281638 0 0.546736 0 0.573915 0.480962 
0.281687 0 0.546778 0 0.573996 0.481632 
0.281738 0 0.546822 0 0.574076 0.482285 
0.281788 0 0.546868 0 0.574155 0.482922 
0.281831 0 0.546907 0 0.574225 0.483543 
0.281868 0 0.546941 0 0.574289 0.484149 
0.281906 0 0.546977 0 0.574352 0.48474 
0.281944 0 0.547015 0 0.574413 0.485316 
0.281974 0 0.547046 0 0.574465 0.485878 
0.281998 0 0.547071 0 0.574511 0.486426 
0.282023 0 0.5471 0 0.574556 0.486961 
0.282047 0 0.547129 0 0.574598 0.487482 
0.282063 0 0.547152 0 0.574632 0.48799 
0.282072 0 0.54717 0 0.574658 0.488486 
0.282083 0 0.54719 0 0.574684 0.488969 
0.282092 0 0.547212 0 0.574707 0.489441 
0.282092 0 0.547227 0 0.574721 0.4899 
0.282086 0 0.547236 0 0.574727 0.490348 
0.282081 0 0.547249 0 0.574731 0.490785 
0.282074 0 0.547263 0 0.574734 0.491212 
0.282058 0 0.54727 0 0.574726 0.491627 
0.282036 0 0.547272 0 0.574711 0.492032 
0.282013 0 0.547277 0 0.574694 0.492427 
0.281989 0 0.547285 0 0.574675 0.492812 
0.281957 0 0.547285 0 0.574645 0.493188 
0.281918 0 0.547282 0 0.574608 0.493554 
0.281878 0 0.547281 0 0.574569 0.493911 
0.281837 0 0.547284 0 0.574526 0.49426 
0.281787 0 0.547281 0 0.574474 0.494599 
0.28173 0 0.547273 0 0.574413 0.49493 
0.281672 0 0.547271 0 0.57435 0.495253 
0.281613 0 0.547272 0 0.574284 0.495567 
0.281545 0 0.547269 0 0.574207 0.495874 
0.281469 0 0.547263 0 0.574121 0.496173 
0.281393 0 0.547263 0 0.574032 0.496465 
0.281315 0 0.547268 0 0.573938 0.496749 
0.281227 0 0.547271 0 0.573833 0.497027 
0.281131 0 0.547274 0 0.573717 0.497297 
0.281032 0 0.547284 0 0.573596 0.497561 
0.280931 0 0.547302 0 0.573469 0.497818 
0.280818 0 0.54732 0 0.573327 0.498068 
0.280696 0 0.54734 0 0.573171 0.498313 
0.280569 0 0.54737 0 0.573007 0.498551 
0.280436 0 0.54741 0 0.572831 0.498783 
0.280412 0 0.547514 0 0.57278 0.499009 
0.280317 0 0.5476 0 0.572637 0.49923 
0.280181 0 0.547679 0 0.572444 0.499445 
0.280178 0 0.54784 0 0.572403 0.499655 
0.280266 0 0.548065 0 0.572459 0.49986 
0.28042 0 0.548344 0 0.572585 0.500059 
0.280627 0 0.548674 0 0.572763 0.500253 
0.280872 0 0.549046 0 0.572978 0.500442 
0.281141 0 0.549449 0 0.573216 0.500626 
0.281432 0 0.549879 0 0.573472 0.500806 
0.281749 0 0.550345 0 0.573752 0.50098 
0.282089 0 0.550841 0 0.574051 0.50115 
0.282444 0 0.551358 0 0.574361 0.501315 
0.282812 0 0.551895 0 0.574681 0.501475 
0.2832 0 0.552457 0 0.575016 0.501629 
0.283602 0 0.55304 0 0.575363 0.501779 
0.284009 0 0.553631 0 0.57571 0.501922 
0.284419 0 0.55423 0 0.576058 0.50206 
0.284835 0 0.554839 0 0.576407 0.50219 
0.285249 0 0.55545 0 0.57675 0.502313 
0.285646 0 0.556049 0 0.577073 0.502426 
0.286017 0 0.556626 0 0.577368 0.502528 
0.286509 0 0.557387 0 0.57775 0.502616 
0.287098 0 0.558255 0 0.57822 0.502688 
0.287722 0 0.559165 0 0.578719 0.502739 
0.288353 0 0.560087 0 0.57922 0.502764 
0.288986 0 0.56101 0 0.579721 0.502755 
0.28962 0 0.561933 0 0.580221 0.502703 
0.290248 0 0.562848 0 0.580715 0.502595 
0.290872 0 0.563759 0 0.581206 0.502417 
0.2915 0 0.564673 0 0.5817 0.502151 
0.292129 0 0.56559 0 0.582197 0.501775 
0.292753 0 0.566503 0 0.582693 0.501263 
0.293374 0 0.567414 0 0.583191 0.500584 
0.293999 0 0.56833 0 0.583699 0.499708 
0.294494 0 0.569131 0 0.584074 0.498596 
0.294984 0 0.569929 0 0.584454 0.497213 
0.295471 0 0.570726 0 0.584839 0.495523 
0.295961 0 0.571529 0 0.585234 0.493493 
0.296611 0 0.572516 0 0.585787 0.491096 
0.297283 0 0.573492 0 0.586376 0.488313 
0.297962 0 0.574456 0 0.586973 0.485137 
0.298638 0 0.575404 0 0.587559 0.48157 
0.299438 0 0.576471 0 0.588237 0.477624 
0.300088 0 0.577365 0 0.58873 0.47332 
0.30085 0 0.578343 0 0.589287 0.468685 
0.301615 0 0.579287 0 0.589791 0.463748 
0.302382 0 0.580191 0 0.59023 0.458542 
0.303025 0 0.580919 0 0.590479 0.453097 
0.303673 0 0.581582 0 0.590674 0.447443 
0.304334 0 0.5822 0 0.590805 0.441604 
0.305008 0 0.58278 0 0.590868 0.435605 
0.305506 0 0.583127 0 0.590662 0.429463 
0.305762 0 0.583125 0 0.590167 0.423195 
0.305857 0 0.582865 0 0.589454 0.416811 
0.305848 0 0.582426 0 0.588569 0.410321 
0.305768 0 0.581855 0 0.587541 0.403729 
0.30564 0 0.581179 0 0.586392 0.397037 
0.305482 0 0.580411 0 0.585142 0.390244 
0.305298 0 0.579551 0 0.583798 0.383348 
0.305083 0 0.57859 0 0.58236 0.376344 
0.304842 0 0.57753 0 0.580834 0.369228 
0.304582 0 0.576379 0 0.579226 0.361992 
0.304303 0 0.575137 0 0.577536 0.354631 
0.304001 0 0.573796 0 0.575763 0.347139 
0.303679 0 0.572359 0 0.573909 0.339511 
0.303346 0 0.570833 0 0.571982 0.331744 
0.303001 0 0.569217 0 0.569983 0.323838 
0.302642 0 0.567504 0 0.567911 0.315793 
0.302273 0 0.565696 0 0.56577 0.307612 
0.301902 0 0.563805 0 0.563569 0.299302 
0.301783 0 0.562016 0 0.561661 0.29087 
0.301915 0 0.560374 0 0.559979 0.282325 
0.302235 0 0.558837 0 0.558439 0.273681 
0.302703 0 0.557377 0 0.556997 0.26495 
0.303287 0 0.555967 0 0.55562 0.256148 
0.303959 0 0.554591 0 0.554289 0.24729 
0.304705 0 0.553244 0 0.552994 0.238392 
0.305522 0 0.55193 0 0.551732 0.229471 
0.306399 0 0.550648 0 0.550498 0.220543 
0.307324 0 0.54939 0 0.549287 0.211625 
0.308292 0 0.548159 0 0.5481 0.202733 
0.309091 0 0.546794 0 0.546663 0.193882 
0.309693 0 0.545239 0 0.544993 0.185088 
0.310157 0 0.543512 0 0.543179 0.176364 
0.310531 0 0.541663 0 0.541281 0.167723 
0.310855 0 0.539742 0 0.539342 0.159178 
0.31115 0 0.537776 0 0.537385 0.150738 
0.311423 0 0.535775 0 0.535422 0.142414 
0.311683 0 0.533745 0 0.533464 0.134214 
0.31194 0 0.531699 0 0.531521 0.126144 
0.312196 0 0.529638 0 0.529596 0.118211 
0.312446 0 0.527559 0 0.527689 0.110417 
0.312691 0 0.525467 0 0.525804 0.102766 
0.312937 0 0.523373 0 0.523945 0.0952588 
0.313183 0 0.521277 0 0.522111 0.0878939 
0.313422 0 0.519174 0 0.5203 0.0806696 
0.313654 0 0.517066 0 0.51851 0.0735826 
0.313885 0 0.514961 0 0.516745 0.0666284 
0.313898 0 0.512532 0 0.51468 0.0598015 
0.313722 0 0.509904 0 0.512436 0.0530946 
0.313421 0 0.507203 0 0.510115 0.0465001 
0.313358 0 0.504957 0 0.508157 0.0400094 
0.313408 0 0.502875 0 0.506367 0.0336146 
0.313319 0 0.50071 0 0.504535 0.0273076 
0.31323 0 0.498452 0 0.502756 0.0210804 
0.313033 0 0.49611 0 0.500925 0.014925 
0.312754 0 0.493711 0 0.499043 0.00883391 
0.312403 0 0.491267 0 0.497112 0.00280008 
0.312118 0 0.488764 0 0.495286 -0.00318323 
0.311759 0 0.48621 0 0.493437 -0.00912177 
0.311343 0 0.483622 0 0.491558 -0.0150209 
0.310873 0 0.481003 0 0.489645 -0.0208852 
0.310359 0 0.478358 0 0.487701 -0.0267183 
0.309812 0 0.4757 0 0.485731 -0.032523 
0.309235 0 0.473032 0 0.483739 -0.0383017 
0.308625 0 0.47035 0 0.481724 -0.0440557 
0.307986 0 0.467656 0 0.479689 -0.0497853 
0.307456 0 0.464925 0 0.477799 -0.0554904 
0.306876 0 0.462168 0 0.475901 -0.0611699 
0.306251 0 0.459389 0 0.473985 -0.0668218 
0.305693 0 0.456567 0 0.472167 -0.0724435 
0.305087 0 0.453723 0 0.470344 -0.0780314 
0.304446 0 0.45087 0 0.468512 -0.0835812 
0.30377 0 0.448009 0 0.46667 -0.089088 
0.303309 0 0.445859 0 0.464808 -0.094546 
0.303188 0 0.44408 0 0.463108 -0.0999485 
0.303263 0 0.442521 0 0.46156 -0.105287 
0.303442 0 0.441101 0 0.460127 -0.110554 
0.303686 0 0.439768 0 0.458789 -0.11574 
0.303979 0 0.438523 0 0.457538 -0.120835 
0.304309 0 0.437364 0 0.456366 -0.125826 
0.30466 0 0.436285 0 0.455266 -0.130701 
0.305028 0 0.435286 0 0.454236 -0.135448 
0.305366 0 0.434282 0 0.453198 -0.14005 
0.305681 0 0.433277 0 0.452177 -0.144491 
0.305978 0 0.432289 0 0.451195 -0.148753 
0.306266 0 0.431338 0 0.450271 -0.152815 
0.306557 0 0.430446 0 0.449421 -0.156655 
0.306852 0 0.429616 0 0.448648 -0.160247 
0.307145 0 0.428846 0 0.447954 -0.163564 
0.307439 0 0.428142 0 0.447346 -0.166572 
0.307739 0 0.427517 0 0.446834 -0.169238 
0.308045 0 0.426978 0 0.446427 -0.171523 
0.308352 0 0.426526 0 0.446128 -0.173387 
0.30866 0 0.42617 0 0.445949 -0.174787 
0.308977 0 0.425928 0 0.445903 -0.17568 
0.309301 0 0.425805 0 0.445996 -0.176024 
0.309625 0 0.425802 0 0.44623 -0.175784 
0.30995 0 0.425923 0 0.446611 -0.174927 
0.310282 0 0.426178 0 0.447146 -0.173434 
0.310619 0 0.426566 0 0.447831 -0.171292 
0.310954 0 0.427076 0 0.448659 -0.168505 
0.311287 0 0.427702 0 0.449625 -0.165087 
0.311623 0 0.428444 0 0.450721 -0.161064 
0.311962 0 0.42929 0 0.451936 -0.156475 
0.312294 0 0.430219 0 0.453251 -0.151366 
0.312622 0 0.43122 0 0.454653 -0.14579 
0.31295 0 0.43229 0 0.456131 -0.139803 
0.313277 0 0.433416 0 0.457671 -0.133464 
0.313608 0 0.434697 0 0.459527 -0.126834 
0.313944 0 0.436032 0 0.461469 -0.119968 
0.314265 0 0.437353 0 0.463409 -0.112922 
0.31461 0 0.438712 0 0.465362 -0.105743 
0.314954 0 0.440119 0 0.467344 -0.0984718 
0.3153 0 0.441575 0 0.469358 -0.0911351 
0.315655 0 0.443089 0 0.471407 -0.0837427 
0.316106 0 0.444803 0 0.473557 -0.0762791 
0.316795 0 0.44684 0 0.475897 -0.0687018 
0.317791 0 0.449273 0 0.478502 -0.0609609 
0.319067 0 0.452069 0 0.481377 -0.053027 
0.320551 0 0.455147 0 0.48447 -0.0448923 
0.322171 0 0.45843 0 0.48772 -0.0365615 
0.323878 0 0.461869 0 0.491091 -0.0280455 
0.325613 0 0.465407 0 0.494548 -0.0193596 
0.327351 0 0.469026 0 0.498073 -0.0105216 
0.329088 0 0.472714 0 0.501661 -0.00155126 
0.330825 0 0.47647 0 0.505308 0.00753075 
0.332567 0 0.480299 0 0.509018 0.0167029 
0.334314 0 0.484194 0 0.512785 0.0259438 
0.336059 0 0.488146 0 0.516602 0.0352319 
0.337804 0 0.492149 0 0.520465 0.0445465 
0.339556 0 0.496208 0 0.524376 0.0538677 
0.341313 0 0.500316 0 0.528327 0.0631764 
0.343068 0 0.50446 0 0.53231 0.0724546 
0.344513 0 0.508491 0 0.536018 0.0816858 
0.345724 0 0.512332 0 0.5395 0.0908544 
0.346763 0 0.515993 0 0.542815 0.0999467 
0.347674 0 0.519521 0 0.546023 0.10895 
0.348501 0 0.522974 0 0.549167 0.117853 
0.34928 0 0.526394 0 0.552274 0.126645 
0.350026 0 0.529789 0 0.55535 0.135318 
0.35074 0 0.533149 0 0.558389 0.143865 
0.351428 0 0.536464 0 0.561387 0.152279 
0.352097 0 0.539734 0 0.564345 0.160554 
0.352747 0 0.542953 0 0.567258 0.168688 
0.353373 0 0.546108 0 0.570121 0.176676 
0.353976 0 0.5492 0 0.572931 0.184516 
0.354566 0 0.552234 0 0.575693 0.192206 
0.35514 0 0.555206 0 0.578401 0.199745 
0.355693 0 0.558107 0 0.581051 0.207132 
0.356226 0 0.560936 0 0.583641 0.214368 
0.356746 0 0.563698 0 0.586175 0.221451 
0.357252 0 0.566392 0 0.588649 0.228384 
0.357737 0 0.569008 0 0.59106 0.235167 
0.358204 0 0.571546 0 0.593406 0.241801 
0.358658 0 0.574015 0 0.595694 0.248288 
0.359098 0 0.576412 0 0.59792 0.25463 
0.359519 0 0.57873 0 0.60008 0.260828 
0.359921 0 0.58097 0 0.602176 0.266885 
0.360312 0 0.58314 0 0.604213 0.272803 
0.360689 0 0.585239 0 0.606189 0.278584 
0.361047 0 0.58726 0 0.608101 0.28423 
0.361387 0 0.589205 0 0.609951 0.289743 
0.361716 0 0.591083 0 0.611744 0.295127 
0.362033 0 0.592894 0 0.613479 0.300383 
0.36233 0 0.59463 0 0.615153 0.305515 
0.362609 0 0.596293 0 0.616768 0.310524 
0.362878 0 0.597894 0 0.618329 0.315412 
0.363134 0 0.599432 0 0.619837 0.320184 
0.363371 0 0.600899 0 0.621287 0.32484 
0.363591 0 0.6023 0 0.622681 0.329383 
0.3638 0 0.603642 0 0.624027 0.333817 
0.363997 0 0.604926 0 0.625323 0.338142 
0.364176 0 0.606146 0 0.626566 0.342362 
0.364555 0 0.607517 0 0.628148 0.346479 
0.365077 0 0.609006 0 0.629888 0.350495 
0.36566 0 0.610511 0 0.631645 0.354413 
0.366253 0 0.611974 0 0.633366 0.358235 
0.366789 0 0.613354 0 0.635005 0.361962 
0.367286 0 0.614662 0 0.636573 0.365598 
0.367752 0 0.615898 0 0.638075 0.369144 
0.368185 0 0.617054 0 0.639511 0.372603 
0.36859 0 0.618136 0 0.640887 0.375976 
0.368976 0 0.619157 0 0.642213 0.379266 
0.369344 0 0.62012 0 0.64349 0.382474 
0.369789 0 0.621104 0 0.644839 0.385603 
0.370282 0 0.622097 0 0.646219 0.388654 
0.370802 0 0.623083 0 0.647599 0.391629 
0.371332 0 0.624043 0 0.648959 0.39453 
0.371856 0 0.624959 0 0.650288 0.39736 
0.372373 0 0.62583 0 0.651585 0.400119 
0.372888 0 0.626663 0 0.652857 0.402809 
0.3734 0 0.627456 0 0.654101 0.405432 
0.373901 0 0.628199 0 0.65531 0.40799 
0.37439 0 0.628893 0 0.656487 0.410485 
0.374876 0 0.629547 0 0.657636 0.412917 
0.375357 0 0.630158 0 0.658756 0.415288 
0.375824 0 0.630718 0 0.659841 0.417601 
0.37628 0 0.631228 0 0.660892 0.419855 
0.37673 0 0.631696 0 0.661915 0.422054 
0.377174 0 0.63212 0 0.662907 0.424198 
0.377604 0 0.632491 0 0.663863 0.426288 
0.37786 0 0.632805 0 0.664503 0.428326 
0.378012 0 0.633093 0 0.664939 0.430313 
0.378098 0 0.633385 0 0.665249 0.432251 
0.378157 0 0.63368 0 0.66551 0.43414 
0.378233 0 0.633971 0 0.665788 0.435982 
0.378328 0 0.634264 0 0.666082 0.437778 
0.378436 0 0.634556 0 0.666387 0.439529 
0.37855 0 0.634835 0 0.666699 0.441236 
0.378671 0 0.635103 0 0.667017 0.442901 
0.378805 0 0.635365 0 0.667346 0.444524 
0.378949 0 0.635623 0 0.667687 0.446107 
0.379098 0 0.635865 0 0.66803 0.44765 
0.379252 0 0.636094 0 0.668378 0.449155 
0.379417 0 0.636317 0 0.668737 0.450622 
0.379593 0 0.636534 0 0.669104 0.452052 
0.379773 0 0.636736 0 0.669473 0.453446 
0.379958 0 0.636924 0 0.669846 0.454806 
0.380155 0 0.637106 0 0.670228 0.456132 
0.380321 0 0.637351 0 0.67053 0.457424 
0.380452 0 0.637616 0 0.670768 0.458685 
0.380564 0 0.637891 0 0.670969 0.459913 
0.380674 0 0.638177 0 0.671159 0.461112 
0.380789 0 0.63847 0 0.671347 0.46228 
0.380905 0 0.638761 0 0.671531 0.463419 
0.381024 0 0.639052 0 0.671713 0.464529 
0.381154 0 0.639355 0 0.671901 0.465612 
0.381294 0 0.63967 0 0.672092 0.466667 
0.381438 0 0.639992 0 0.67228 0.467696 
0.381589 0 0.640322 0 0.67247 0.4687 
0.381754 0 0.640671 0 0.672668 0.469678 
0.381934 0 0.641041 0 0.672874 0.470632 
0.382123 0 0.641424 0 0.673085 0.471562 
0.382324 0 0.641823 0 0.673302 0.472469 
0.382545 0 0.64225 0 0.673533 0.473352 
0.382786 0 0.642704 0 0.673779 0.474214 
0.383041 0 0.64318 0 0.674034 0.475054 
0.383313 0 0.643679 0 0.6743 0.475873 
0.383609 0 0.644212 0 0.674586 0.476671 
0.383929 0 0.644777 0 0.674889 0.47745 
0.384265 0 0.645367 0 0.675204 0.478208 
0.384619 0 0.645981 0 0.675532 0.478947 
0.384998 0 0.646628 0 0.675879 0.479667 
0.385398 0 0.647305 0 0.676242 0.480368 
0.385812 0 0.648 0 0.676613 0.48105 
0.386239 0 0.648714 0 0.676994 0.481714 
0.386684 0 0.649453 0 0.677387 0.48236 
0.387145 0 0.650211 0 0.67779 0.482987 
0.387611 0 0.650979 0 0.678194 0.483596 
0.388082 0 0.651755 0 0.678598 0.484184 
0.388562 0 0.652543 0 0.679005 0.484753 
0.389046 0 0.653339 0 0.679411 0.4853 
0.389522 0 0.65413 0 0.679805 0.485824 
0.389987 0 0.654912 0 0.680183 0.486322 
0.390439 0 0.655685 0 0.680542 0.486792 
0.390866 0 0.656438 0 0.680872 0.487229 
0.391248 0 0.657149 0 0.681152 0.487628 
0.39157 0 0.657803 0 0.681367 0.487983 
0.391822 0 0.658394 0 0.681505 0.488283 
0.391988 0 0.658907 0 0.681551 0.488518 
0.392056 0 0.659331 0 0.681491 0.488672 
0.39215 0 0.659793 0 0.681443 0.488726 
0.391931 0 0.659899 0 0.681102 0.488657 
0.392145 0 0.660548 0 0.681118 0.488437 
0.392621 0 0.661469 0 0.681371 0.488033 
0.393228 0 0.662511 0 0.681745 0.487407 
0.393895 0 0.663606 0 0.682172 0.486519 
0.394563 0 0.664695 0 0.682591 0.485324 
0.395225 0 0.665771 0 0.682996 0.483777 
0.395883 0 0.666834 0 0.68339 0.481834 
0.396544 0 0.667891 0 0.683776 0.479457 
0.397205 0 0.66894 0 0.684152 0.476615 
0.397861 0 0.66997 0 0.68451 0.473287 
0.398224 0 0.670668 0 0.684589 0.469467 
0.398375 0 0.671092 0 0.684476 0.465161 
0.398382 0 0.67131 0 0.684219 0.46039 
0.398293 0 0.671376 0 0.683847 0.455185 
0.398144 0 0.671329 0 0.683381 0.449585 
0.397963 0 0.671192 0 0.682836 0.443637 
0.397761 0 0.670968 0 0.682213 0.437386 
0.397537 0 0.670643 0 0.681505 0.430876 
0.397297 0 0.670215 0 0.680711 0.424149 
0.397048 0 0.66969 0 0.679832 0.41724 
0.396792 0 0.669065 0 0.678864 0.41018 
0.396524 0 0.668334 0 0.677802 0.402992 
0.396246 0 0.667497 0 0.676646 0.395694 
0.395966 0 0.666563 0 0.675402 0.388302 
0.395681 0 0.665533 0 0.674071 0.380824 
0.395385 0 0.664398 0 0.672649 0.373266 
0.395081 0 0.663162 0 0.671139 0.365633 
0.394773 0 0.661833 0 0.66955 0.357925 
0.394461 0 0.660411 0 0.66788 0.350143 
0.394139 0 0.658889 0 0.666129 0.342285 
0.393806 0 0.657269 0 0.664299 0.334349 
0.393643 0 0.655729 0 0.662626 0.326334 
0.393596 0 0.654243 0 0.661026 0.318236 
0.393616 0 0.652757 0 0.659433 0.310054 
0.393633 0 0.651211 0 0.657763 0.301787 
0.39359 0 0.649562 0 0.655968 0.293433 
0.393502 0 0.647802 0 0.65407 0.284994 
0.393376 0 0.645928 0 0.652083 0.276469 
0.393221 0 0.643952 0 0.650019 0.267862 
0.393051 0 0.641891 0 0.647892 0.259174 
0.392868 0 0.639751 0 0.645705 0.25041 
0.39267 0 0.637528 0 0.643459 0.241576 
0.392695 0 0.635445 0 0.641406 0.23268 
0.392875 0 0.633477 0 0.639465 0.223729 
0.393266 0 0.631623 0 0.637705 0.214733 
0.393814 0 0.629861 0 0.636072 0.205705 
0.394484 0 0.628173 0 0.634533 0.196657 
0.395258 0 0.626554 0 0.633073 0.187602 
0.396116 0 0.624994 0 0.631675 0.178556 
0.397037 0 0.62348 0 0.630329 0.169533 
0.39779 0 0.621881 0 0.628755 0.160549 
0.398334 0 0.62015 0 0.626943 0.151621 
0.398695 0 0.618216 0 0.624828 0.142765 
0.398932 0 0.616157 0 0.62248 0.133996 
0.399099 0 0.61405 0 0.620016 0.12533 
0.399237 0 0.611937 0 0.617524 0.116781 
0.399361 0 0.609811 0 0.615041 0.108366 
0.399469 0 0.60766 0 0.61257 0.100099 
0.399565 0 0.605484 0 0.610119 0.0919926 
0.399659 0 0.603296 0 0.6077 0.0840616 
0.399753 0 0.601105 0 0.605319 0.0763181 
0.399841 0 0.59891 0 0.602979 0.0687737 
0.400097 0 0.596813 0 0.601011 0.0614391 
0.400442 0 0.594836 0 0.599219 0.054324 
0.400877 0 0.592956 0 0.597611 0.0474369 
0.401349 0 0.591164 0 0.596121 0.0407852 
0.401835 0 0.589453 0 0.594721 0.0343748 
0.40226 0 0.587741 0 0.593257 0.0282096 
0.40255 0 0.585944 0 0.591755 0.0222923 
0.402755 0 0.584088 0 0.590249 0.0166229 
0.402908 0 0.582211 0 0.588768 0.0111999 
0.403032 0 0.580343 0 0.587338 0.00601959 
0.403134 0 0.57849 0 0.585966 0.00107661 
0.40321 0 0.57664 0 0.584649 -0.0036365 
0.403261 0 0.574789 0 0.583384 -0.00812908 
0.40343 0 0.573262 0 0.582181 -0.0124119 
0.403649 0 0.571866 0 0.581063 -0.0164975 
0.403989 0 0.570636 0 0.580025 -0.0203989 
0.404398 0 0.569538 0 0.579079 -0.0241309 
0.404852 0 0.568549 0 0.578221 -0.0277084 
0.405152 0 0.56743 0 0.57735 -0.0311469 
0.405295 0 0.566134 0 0.576465 -0.0344621 
0.405341 0 0.564712 0 0.575578 -0.0376697 
0.405325 0 0.563195 0 0.574702 -0.040785 
0.405203 0 0.56161 0 0.573803 -0.0438231 
0.404998 0 0.559979 0 0.572873 -0.0467976 
0.404727 0 0.558316 0 0.571912 -0.0497213 
0.404406 0 0.556632 0 0.570923 -0.0526057 
0.40404 0 0.554928 0 0.569901 -0.0554604 
0.40373 0 0.553161 0 0.568947 -0.0582932 
0.40335 0 0.551345 0 0.567972 -0.0611098 
0.402922 0 0.549501 0 0.566972 -0.063913 
0.402542 0 0.547602 0 0.566033 -0.0667031 
0.402095 0 0.545656 0 0.565078 -0.0694768 
0.401594 0 0.543681 0 0.564103 -0.0722275 
0.401053 0 0.541696 0 0.563118 -0.0749446 
0.400741 0 0.540276 0 0.56206 -0.0776128 
0.400704 0 0.539218 0 0.56112 -0.0802127 
0.400826 0 0.538365 0 0.560309 -0.0827192 
0.401042 0 0.537651 0 0.559606 -0.0851024 
0.401308 0 0.537038 0 0.558989 -0.0873268 
0.401597 0 0.536505 0 0.558449 -0.0893516 
0.401896 0 0.536043 0 0.557985 -0.0911308 
0.402204 0 0.535659 0 0.557607 -0.0926138 
0.402516 0 0.535355 0 0.557325 -0.0937459 
0.402825 0 0.535136 0 0.557149 -0.0944689 
0.403132 0 0.535014 0 0.557094 -0.0947231 
0.403443 0 0.535014 0 0.557182 -0.0944488 
0.403758 0 0.535146 0 0.557424 -0.0935888 
0.404072 0 0.535416 0 0.557831 -0.0920919 
0.404386 0 0.535835 0 0.558413 -0.0899146 
0.404705 0 0.536417 0 0.559181 -0.0870257 
0.40503 0 0.537163 0 0.560139 -0.0834084 
0.405353 0 0.538068 0 0.561281 -0.0790618 
0.405676 0 0.539126 0 0.562605 -0.074002 
0.406004 0 0.540338 0 0.564105 -0.0682605 
0.406335 0 0.541689 0 0.565767 -0.0618828 
0.406663 0 0.543159 0 0.567572 -0.054925 
0.406989 0 0.544731 0 0.569504 -0.047451 
0.407317 0 0.546396 0 0.571549 -0.0395287 
0.407646 0 0.548135 0 0.573685 -0.031227 
0.407947 0 0.549985 0 0.576101 -0.0226137 
0.408241 0 0.551878 0 0.578615 -0.013753 
0.408524 0 0.553754 0 0.581142 -0.00470461 
0.408792 0 0.555603 0 0.583666 0.00447726 
0.409096 0 0.557491 0 0.586213 0.0137436 
0.40927 0 0.559308 0 0.588738 0.0230509 
0.409576 0 0.561151 0 0.59131 0.0323613 
0.409783 0 0.562993 0 0.593887 0.0416426 
0.4101 0 0.564872 0 0.596493 0.0508674 
0.41049 0 0.566977 0 0.59921 0.0600145 
0.410979 0 0.569265 0 0.601989 0.069069 
0.411609 0 0.571789 0 0.60486 0.0780233 
0.412425 0 0.574629 0 0.60788 0.0868763 
0.413426 0 0.577797 0 0.611066 0.0956291 
0.414672 0 0.581284 0 0.614456 0.104282 
0.416108 0 0.585022 0 0.618015 0.112834 
0.417673 0 0.588928 0 0.621689 0.121286 
0.419323 0 0.592943 0 0.625432 0.129635 
0.421032 0 0.597031 0 0.629215 0.13788 
0.422748 0 0.60114 0 0.633007 0.14602 
0.424463 0 0.605253 0 0.636796 0.154051 
0.426179 0 0.609363 0 0.640576 0.161972 
0.427903 0 0.613473 0 0.644346 0.169778 
0.429633 0 0.617574 0 0.648102 0.177467 
0.431363 0 0.621656 0 0.651836 0.185035 
0.433094 0 0.625714 0 0.655545 0.19248 
0.434833 0 0.629753 0 0.659231 0.1998 
0.436579 0 0.633769 0 0.66289 0.206991 
0.438325 0 0.637752 0 0.666517 0.214053 
0.440073 0 0.641699 0 0.670111 0.220983 
0.441829 0 0.645619 0 0.673674 0.227782 
0.443571 0 0.649501 0 0.677247 0.234448 
0.445293 0 0.653326 0 0.680791 0.24098 
0.446666 0 0.656816 0 0.683934 0.247379 
0.447782 0 0.65996 0 0.686756 0.253646 
0.448717 0 0.66284 0 0.689356 0.259781 
0.449531 0 0.665547 0 0.691814 0.265784 
0.450269 0 0.668151 0 0.694178 0.271657 
0.450966 0 0.670692 0 0.696475 0.277401 
0.451635 0 0.673172 0 0.698705 0.283018 
0.452275 0 0.675576 0 0.700864 0.288508 
0.452889 0 0.677898 0 0.702952 0.293874 
0.453486 0 0.680144 0 0.704975 0.299118 
0.454065 0 0.682313 0 0.706933 0.304241 
0.454622 0 0.6844 0 0.708825 0.309246 
0.455159 0 0.686408 0 0.710655 0.314134 
0.455684 0 0.688349 0 0.71243 0.318908 
0.456195 0 0.690223 0 0.714148 0.323569 
0.456686 0 0.692022 0 0.715808 0.32812 
0.457159 0 0.693749 0 0.717411 0.332563 
0.45762 0 0.695414 0 0.718964 0.3369 
0.458068 0 0.697015 0 0.720465 0.341134 
0.458496 0 0.698548 0 0.721913 0.345265 
0.458906 0 0.700012 0 0.723308 0.349297 
0.459305 0 0.701419 0 0.724658 0.353232 
0.459692 0 0.702769 0 0.725962 0.357072 
0.460059 0 0.704054 0 0.727217 0.360818 
0.460408 0 0.705277 0 0.728425 0.364473 
0.460746 0 0.706448 0 0.729592 0.368039 
0.461071 0 0.707566 0 0.730717 0.371518 
0.461378 0 0.708625 0 0.731797 0.374911 
0.461666 0 0.709626 0 0.732835 0.378222 
0.461944 0 0.71058 0 0.733836 0.381451 
0.462209 0 0.711486 0 0.734799 0.3846 
0.462455 0 0.712338 0 0.735722 0.387672 
0.462684 0 0.713136 0 0.736606 0.390669 
0.463148 0 0.714161 0 0.737904 0.393591 
0.463724 0 0.715264 0 0.739305 0.396441 
0.464324 0 0.716336 0 0.74068 0.39922 
0.464873 0 0.717337 0 0.741995 0.401931 
0.465393 0 0.718286 0 0.743262 0.404575 
0.465888 0 0.719182 0 0.744484 0.407153 
0.466355 0 0.720016 0 0.745657 0.409666 
0.466798 0 0.720789 0 0.746786 0.412118 
0.467225 0 0.721511 0 0.747879 0.414508 
0.467636 0 0.722185 0 0.748935 0.41684 
0.468024 0 0.722802 0 0.749951 0.419113 
0.468393 0 0.723366 0 0.75093 0.421329 
0.468842 0 0.723973 0 0.751998 0.42349 
0.469345 0 0.724609 0 0.753113 0.425598 
0.469866 0 0.725236 0 0.75423 0.427653 
0.470391 0 0.725834 0 0.755334 0.429657 
0.470918 0 0.726408 0 0.756424 0.43161 
0.471445 0 0.726953 0 0.757499 0.433515 
0.471964 0 0.727459 0 0.758553 0.435373 
0.472474 0 0.727927 0 0.759586 0.437184 
0.472984 0 0.728363 0 0.760604 0.43895 
0.47349 0 0.728767 0 0.761603 0.440672 
0.473985 0 0.729127 0 0.762579 0.442351 
0.474471 0 0.729446 0 0.763532 0.443987 
0.474954 0 0.72973 0 0.764466 0.445584 
0.475434 0 0.729979 0 0.765381 0.44714 
0.475901 0 0.730184 0 0.76627 0.448657 
0.476359 0 0.730344 0 0.767133 0.450137 
0.476813 0 0.730468 0 0.767976 0.451579 
0.477262 0 0.730553 0 0.768796 0.452985 
0.477699 0 0.730592 0 0.769587 0.454357 
0.478124 0 0.730582 0 0.770348 0.455694 
0.478544 0 0.730534 0 0.771086 0.456998 
0.478958 0 0.730444 0 0.771797 0.458269 
0.479187 0 0.730402 0 0.7722 0.459507 
0.479281 0 0.730388 0 0.772395 0.460715 
0.479305 0 0.730418 0 0.772474 0.461893 
0.479306 0 0.730469 0 0.772515 0.463042 
0.47931 0 0.730504 0 0.772564 0.464162 
0.479316 0 0.730526 0 0.772618 0.465254 
0.479332 0 0.730543 0 0.772683 0.466319 
0.479357 0 0.730551 0 0.772761 0.467357 
0.479383 0 0.730544 0 0.772844 0.468369 
0.479413 0 0.730521 0 0.772935 0.469356 
0.479454 0 0.730491 0 0.773038 0.470318 
0.479505 0 0.730455 0 0.773153 0.471256 
0.479559 0 0.730402 0 0.773273 0.472171 
0.479616 0 0.730334 0 0.773399 0.473063 
0.479686 0 0.730259 0 0.773536 0.473932 
0.479765 0 0.730176 0 0.773683 0.47478 
0.479849 0 0.730076 0 0.773833 0.475607 
0.479933 0 0.730084 0 0.773951 0.476413 
0.48001 0 0.730158 0 0.77404 0.477199 
0.48008 0 0.730271 0 0.774108 0.477965 
0.480141 0 0.730401 0 0.77416 0.478712 
0.480202 0 0.730539 0 0.774206 0.47944 
0.480273 0 0.73069 0 0.774258 0.48015 
0.480355 0 0.730853 0 0.774318 0.480843 
0.48044 0 0.731022 0 0.774379 0.481518 
0.480531 0 0.731201 0 0.774442 0.482176 
0.480635 0 0.7314 0 0.774514 0.482817 
0.480751 0 0.731621 0 0.774596 0.483443 
0.480875 0 0.731855 0 0.774682 0.484053 
0.481008 0 0.732107 0 0.774774 0.484648 
0.481159 0 0.732386 0 0.774882 0.485227 
0.481329 0 0.732694 0 0.775004 0.485793 
0.48151 0 0.733024 0 0.775137 0.486344 
0.481706 0 0.733378 0 0.775282 0.486881 
0.481926 0 0.73377 0 0.775449 0.487405 
0.482169 0 0.734198 0 0.775637 0.487915 
0.48243 0 0.734655 0 0.77584 0.488413 
0.482709 0 0.735144 0 0.776061 0.488898 
0.483016 0 0.735674 0 0.776306 0.489371 
0.483349 0 0.736244 0 0.776576 0.489831 
0.4837 0 0.736843 0 0.776861 0.49028 
0.48407 0 0.737472 0 0.777164 0.490717 
0.484469 0 0.738141 0 0.777492 0.491142 
0.484892 0 0.738844 0 0.77784 0.491556 
0.48534 0 0.739579 0 0.77821 0.491958 
0.485794 0 0.740325 0 0.778584 0.492348 
0.4863 0 0.741131 0 0.779003 0.492726 
0.486803 0 0.741936 0 0.779417 0.493091 
0.487361 0 0.742803 0 0.77988 0.493443 
0.487892 0 0.74364 0 0.780314 0.49378 
0.488496 0 0.744561 0 0.780814 0.494101 
0.489059 0 0.745435 0 0.78127 0.494405 
0.489682 0 0.74638 0 0.781778 0.494687 
0.490234 0 0.74725 0 0.782216 0.494946 
0.490821 0 0.748167 0 0.782678 0.495176 
0.491324 0 0.749002 0 0.783053 0.495372 
0.491769 0 0.749791 0 0.783363 0.495527 
0.492116 0 0.750494 0 0.783569 0.495631 
0.492646 0 0.751472 0 0.783918 0.495673 
0.492757 0 0.751825 0 0.78392 0.495636 
0.49316 0 0.752689 0 0.78412 0.495502 
0.493098 0 0.752904 0 0.783925 0.495247 
0.493366 0 0.753686 0 0.78396 0.494842 
0.493634 0 0.754463 0 0.783991 0.494255 
0.493897 0 0.755223 0 0.784012 0.493447 
0.494155 0 0.755969 0 0.784024 0.492377 
0.494415 0 0.756707 0 0.784033 0.491003 
0.494676 0 0.757434 0 0.784036 0.48928 
0.494485 0 0.75749 0 0.783681 0.487167 
0.494613 0 0.758116 0 0.783516 0.484626 
0.49459 0 0.758668 0 0.78317 0.481628 
0.494334 0 0.758624 0 0.782732 0.478156 
0.49438 0 0.758853 0 0.782566 0.474204 
0.49468 0 0.759381 0 0.782568 0.469781 
0.494985 0 0.759863 0 0.782536 0.464907 
0.495295 0 0.760291 0 0.782456 0.459614 
0.495601 0 0.76065 0 0.782314 0.453941 
0.495906 0 0.760935 0 0.782099 0.447932 
0.496216 0 0.76115 0 0.781806 0.441631 
0.496531 0 0.761293 0 0.781424 0.435082 
0.496842 0 0.761352 0 0.78094 0.428325 
0.497153 0 0.761331 0 0.780352 0.421392 
0.497469 0 0.76124 0 0.779661 0.414314 
0.497789 0 0.76108 0 0.778865 0.407113 
0.498106 0 0.760847 0 0.777962 0.399809 
0.498422 0 0.760546 0 0.776954 0.392416 
0.498743 0 0.76019 0 0.77585 0.384946 
0.499061 0 0.759712 0 0.774728 0.377407 
0.499457 0 0.759172 0 0.773588 0.369803 
0.499903 0 0.758598 0 0.772404 0.362141 
0.500388 0 0.758007 0 0.771171 0.354423 
0.500868 0 0.757353 0 0.769877 0.34665 
0.501147 0 0.756413 0 0.768336 0.338824 
0.501279 0 0.755216 0 0.766607 0.330946 
0.501314 0 0.753832 0 0.764743 0.323015 
0.501285 0 0.752319 0 0.762774 0.315031 
0.501209 0 0.750706 0 0.760719 0.306993 
0.501103 0 0.749009 0 0.758592 0.298902 
0.50098 0 0.74724 0 0.756406 0.290757 
0.500843 0 0.745399 0 0.754166 0.282558 
0.500688 0 0.743476 0 0.751874 0.274305 
0.500519 0 0.741475 0 0.749534 0.265999 
0.500343 0 0.739407 0 0.747155 0.257642 
0.500161 0 0.737274 0 0.744737 0.249234 
0.499965 0 0.735069 0 0.74228 0.240779 
0.499759 0 0.732796 0 0.739789 0.23228 
0.499549 0 0.730464 0 0.737268 0.22374 
0.49955 0 0.728252 0 0.734969 0.215165 
0.499735 0 0.726184 0 0.73285 0.206559 
0.500105 0 0.724231 0 0.7309 0.197931 
0.500622 0 0.722375 0 0.729078 0.189289 
0.501256 0 0.720596 0 0.727355 0.180643 
0.501979 0 0.718878 0 0.725713 0.172002 
0.50278 0 0.717221 0 0.724144 0.163379 
0.503653 0 0.715633 0 0.722647 0.154786 
0.50438 0 0.713999 0 0.720965 0.146236 
0.504904 0 0.712252 0 0.719079 0.137744 
0.50524 0 0.710288 0 0.716876 0.129324 
0.505472 0 0.708231 0 0.714492 0.12099 
0.505653 0 0.706155 0 0.712057 0.112757 
0.505801 0 0.704063 0 0.709624 0.104639 
0.50593 0 0.701951 0 0.707207 0.0966529 
0.506051 0 0.699825 0 0.704819 0.0888119 
0.506167 0 0.697684 0 0.702465 0.0811312 
0.506275 0 0.695527 0 0.70015 0.0736252 
0.506379 0 0.693361 0 0.697883 0.0663075 
0.506487 0 0.691202 0 0.695671 0.059191 
0.50683 0 0.68924 0 0.693849 0.0522882 
0.507235 0 0.687366 0 0.692218 0.0456099 
0.507661 0 0.685546 0 0.690666 0.0391669 
0.508093 0 0.683771 0 0.689166 0.032968 
0.508522 0 0.682038 0 0.687717 0.0270203 
0.508938 0 0.680338 0 0.686325 0.0213299 
0.50934 0 0.678674 0 0.684995 0.0159006 
0.509737 0 0.677053 0 0.68373 0.0107344 
0.510125 0 0.675479 0 0.68253 0.00583161 
0.510499 0 0.673948 0 0.681392 0.00119013 
0.510861 0 0.672464 0 0.680314 -0.00319361 
0.511218 0 0.671039 0 0.6793 -0.00732515 
0.511567 0 0.669671 0 0.678346 -0.0112117 
0.511902 0 0.668351 0 0.677446 -0.0148621 
0.512224 0 0.667078 0 0.676598 -0.0182869 
0.512539 0 0.665858 0 0.675803 -0.0214975 
0.512846 0 0.664688 0 0.675055 -0.0245068 
0.513136 0 0.663557 0 0.674347 -0.0273284 
0.513411 0 0.662463 0 0.673678 -0.0299763 
0.513679 0 0.661412 0 0.673045 -0.0324656 
0.513936 0 0.660399 0 0.672444 -0.0348108 
0.514176 0 0.659414 0 0.671867 -0.0370271 
0.5144 0 0.658453 0 0.671313 -0.039129 
0.514615 0 0.657522 0 0.670779 -0.0411307 
0.514818 0 0.656615 0 0.670261 -0.0430453 
0.515004 0 0.655724 0 0.669754 -0.0448852 
0.515173 0 0.654845 0 0.669256 -0.0466615 
0.515331 0 0.653984 0 0.668766 -0.0483837 
0.515477 0 0.653137 0 0.668283 -0.0500589 
0.515583 0 0.652379 0 0.667875 -0.0516927 
0.515675 0 0.651657 0 0.66749 -0.0532871 
0.515759 0 0.650936 0 0.667104 -0.0548412 
0.515835 0 0.650214 0 0.66672 -0.056351 
0.515901 0 0.649505 0 0.666352 -0.0578081 
0.515963 0 0.648825 0 0.666014 -0.0592004 
0.516031 0 0.648189 0 0.665717 -0.0605107 
0.516105 0 0.647598 0 0.66546 -0.0617173 
0.516178 0 0.647045 0 0.665245 -0.0627928 
0.516252 0 0.646534 0 0.665078 -0.0637054 
0.516333 0 0.646079 0 0.664972 -0.0644185 
0.516421 0 0.645688 0 0.664934 -0.0648912 
0.51651 0 0.645364 0 0.664975 -0.065079 
0.516603 0 0.645119 0 0.665107 -0.064935 
0.516707 0 0.644971 0 0.665347 -0.0644111 
0.516821 0 0.644929 0 0.665704 -0.0634597 
0.516939 0 0.644994 0 0.666186 -0.0620351 
0.517063 0 0.645176 0 0.666805 -0.0600964 
0.517199 0 0.645491 0 0.667573 -0.0576084 
0.517346 0 0.645943 0 0.668494 -0.0545448 
0.517498 0 0.646527 0 0.669571 -0.0508888 
0.517654 0 0.647246 0 0.670805 -0.046635 
0.517823 0 0.648106 0 0.6722 -0.0417895 
0.518001 0 0.649102 0 0.673749 -0.03637 
0.518182 0 0.650219 0 0.675442 -0.0304043 
0.518367 0 0.651451 0 0.677271 -0.0239297 
0.518563 0 0.652794 0 0.679229 -0.0169902 
0.518766 0 0.654237 0 0.681302 -0.00963477 
0.518971 0 0.655761 0 0.683474 -0.0019149 
0.519179 0 0.657355 0 0.685733 0.00611645 
0.519398 0 0.659017 0 0.68807 0.0144076 
0.519627 0 0.660737 0 0.690473 0.0229089 
0.519863 0 0.662502 0 0.692928 0.031574 
0.520111 0 0.66431 0 0.695429 0.0403601 
0.520385 0 0.666172 0 0.697973 0.049229 
0.520696 0 0.668096 0 0.700558 0.0581469 
0.521053 0 0.670094 0 0.703185 0.0670846 
0.521481 0 0.672196 0 0.705861 0.0760175 
0.522017 0 0.674454 0 0.708607 0.0849252 
0.522691 0 0.676916 0 0.711439 0.0937905 
0.523516 0 0.679613 0 0.714375 0.102598 
0.524488 0 0.68256 0 0.717425 0.111335 
0.525588 0 0.685749 0 0.720591 0.119984 
0.526778 0 0.689136 0 0.723853 0.128534 
0.528013 0 0.692662 0 0.727184 0.136973 
0.529173 0 0.696197 0 0.730566 0.145292 
0.530218 0 0.699721 0 0.733904 0.153485 
0.53117 0 0.70318 0 0.737168 0.161548 
0.532042 0 0.706553 0 0.740358 0.169479 
0.532856 0 0.70985 0 0.743485 0.177275 
0.533633 0 0.713093 0 0.746562 0.184937 
0.534381 0 0.716288 0 0.749591 0.192463 
0.5351 0 0.719425 0 0.752567 0.199851 
0.535794 0 0.722498 0 0.755486 0.207103 
0.536471 0 0.725512 0 0.758348 0.214216 
0.537131 0 0.728459 0 0.761149 0.221192 
0.537767 0 0.731328 0 0.763885 0.22803 
0.538381 0 0.734118 0 0.766555 0.23473 
0.538981 0 0.736838 0 0.769163 0.241293 
0.539565 0 0.739485 0 0.771707 0.247718 
0.540128 0 0.74205 0 0.774185 0.254008 
0.54067 0 0.744534 0 0.776596 0.260163 
0.541199 0 0.746946 0 0.778944 0.266184 
0.541713 0 0.749283 0 0.781228 0.272072 
0.542207 0 0.751539 0 0.783446 0.27783 
0.54268 0 0.753714 0 0.785598 0.283458 
0.543141 0 0.755817 0 0.78769 0.288958 
0.543588 0 0.757847 0 0.78972 0.294333 
0.544014 0 0.759798 0 0.791686 0.299583 
0.544421 0 0.76167 0 0.793589 0.304712 
0.544816 0 0.763473 0 0.795435 0.309721 
0.545197 0 0.765207 0 0.797223 0.314612 
0.545558 0 0.766865 0 0.798951 0.319388 
0.5459 0 0.768448 0 0.80062 0.32405 
0.546229 0 0.769966 0 0.802236 0.328602 
0.546546 0 0.771419 0 0.803798 0.333044 
0.546842 0 0.7728 0 0.805303 0.33738 
0.547119 0 0.77411 0 0.806755 0.341611 
0.547385 0 0.77536 0 0.808157 0.345739 
0.547638 0 0.77655 0 0.80951 0.349768 
0.547871 0 0.777672 0 0.81081 0.353699 
0.548085 0 0.778729 0 0.812061 0.357534 
0.548288 0 0.77973 0 0.813266 0.361275 
0.548478 0 0.780675 0 0.814426 0.364925 
0.548648 0 0.781557 0 0.815539 0.368485 
0.5488 0 0.782379 0 0.816604 0.371958 
0.54894 0 0.783149 0 0.817629 0.375345 
0.549068 0 0.783868 0 0.818612 0.378649 
0.549489 0 0.784931 0 0.820065 0.381871 
0.550051 0 0.786097 0 0.821618 0.385013 
0.550657 0 0.787242 0 0.823136 0.388078 
0.551208 0 0.78833 0 0.824597 0.391067 
0.551714 0 0.789355 0 0.826002 0.393982 
0.552184 0 0.790314 0 0.827354 0.396824 
0.552631 0 0.791213 0 0.82866 0.399596 
0.553057 0 0.792054 0 0.829921 0.402299 
0.553458 0 0.792829 0 0.831137 0.404935 
0.553836 0 0.793541 0 0.83231 0.407506 
0.554201 0 0.794202 0 0.833449 0.410012 
0.554552 0 0.794813 0 0.834552 0.412456 
0.554882 0 0.795365 0 0.835616 0.414839 
0.555193 0 0.79586 0 0.836642 0.417163 
0.555491 0 0.796308 0 0.837636 0.419429 
0.555926 0 0.796847 0 0.838823 0.421638 
0.55642 0 0.797404 0 0.840054 0.423792 
0.55693 0 0.797936 0 0.841269 0.425893 
0.557445 0 0.798439 0 0.842467 0.427941 
0.557961 0 0.79891 0 0.84365 0.429938 
0.558469 0 0.799342 0 0.844816 0.431885 
0.558971 0 0.799732 0 0.845964 0.433784 
0.559473 0 0.800088 0 0.847097 0.435635 
0.559971 0 0.800406 0 0.848212 0.43744 
0.560458 0 0.800675 0 0.849301 0.4392 
0.560936 0 0.800896 0 0.850367 0.440916 
0.561411 0 0.801078 0 0.851414 0.442589 
0.561882 0 0.801219 0 0.85244 0.44422 
0.562343 0 0.801311 0 0.853439 0.44581 
0.562792 0 0.801352 0 0.854411 0.447361 
0.563239 0 0.801353 0 0.855361 0.448873 
0.563682 0 0.801311 0 0.856285 0.450347 
0.564112 0 0.801216 0 0.857178 0.451785 
0.564531 0 0.801069 0 0.858038 0.453186 
0.564947 0 0.800878 0 0.858871 0.454553 
0.565357 0 0.800641 0 0.859673 0.455885 
0.565754 0 0.800348 0 0.860437 0.457184 
0.566139 0 0.8 0 0.861163 0.45845 
0.566307 0 0.799848 0 0.861474 0.459685 
0.56634 0 0.799791 0 0.861549 0.46089 
0.566304 0 0.799792 0 0.861517 0.462064 
0.566273 0 0.799757 0 0.861501 0.463208 
0.566251 0 0.79971 0 0.861499 0.464324 
0.566236 0 0.799651 0 0.861509 0.465412 
0.566221 0 0.799571 0 0.861526 0.466473 
0.566207 0 0.799469 0 0.861551 0.467508 
0.566203 0 0.799357 0 0.861593 0.468516 
0.566208 0 0.799232 0 0.861648 0.469499 
0.566215 0 0.799087 0 0.861711 0.470458 
0.566224 0 0.798921 0 0.861782 0.471393 
0.566244 0 0.798744 0 0.861867 0.472304 
0.566273 0 0.798555 0 0.861964 0.473193 
0.566305 0 0.798344 0 0.862065 0.474059 
0.56634 0 0.798113 0 0.862171 0.474904 
0.566386 0 0.79787 0 0.862288 0.475727 
0.566443 0 0.797613 0 0.862412 0.47653 
0.566503 0 0.797334 0 0.862537 0.477313 
0.566566 0 0.797033 0 0.86266 0.478077 
0.566641 0 0.796717 0 0.862787 0.478821 
0.566727 0 0.796387 0 0.862917 0.479547 
0.566816 0 0.796032 0 0.863038 0.480254 
0.566914 0 0.795936 0 0.863127 0.480944 
0.567005 0 0.795994 0 0.863185 0.481616 
0.567086 0 0.796142 0 0.863221 0.482272 
0.567094 0 0.796329 0 0.863173 0.482912 
0.567068 0 0.796496 0 0.86309 0.483535 
0.567004 0 0.796633 0 0.862966 0.484143 
0.566957 0 0.796778 0 0.862856 0.484735 
0.566909 0 0.796926 0 0.862744 0.485313 
0.566856 0 0.797084 0 0.862623 0.485876 
0.566804 0 0.797264 0 0.862499 0.486426 
0.566748 0 0.797469 0 0.862367 0.486961 
0.566682 0 0.797688 0 0.86222 0.487483 
0.566605 0 0.797924 0 0.86206 0.487992 
0.566525 0 0.798188 0 0.861891 0.488489 
0.566441 0 0.798481 0 0.861713 0.488972 
0.56645 0 0.798776 0 0.861644 0.489444 
0.566529 0 0.79909 0 0.86165 0.489904 
0.566516 0 0.799471 0 0.861534 0.490352 
0.566641 0 0.800036 0 0.86155 0.49079 
0.566621 0 0.800522 0 0.861411 0.491216 
0.566727 0 0.80124 0 0.861379 0.491631 
0.566685 0 0.801817 0 0.8612 0.492036 
0.566832 0 0.802624 0 0.861199 0.49243 
0.567036 0 0.803244 0 0.861307 0.492814 
0.567303 0 0.80385 0 0.861494 0.493189 
0.567626 0 0.804494 0 0.86174 0.493554 
0.568017 0 0.805207 0 0.862056 0.493908 
0.568421 0 0.805934 0 0.862385 0.494254 
0.568912 0 0.806754 0 0.8628 0.494589 
0.569395 0 0.807561 0 0.863203 0.494915 
0.569998 0 0.808499 0 0.863721 0.495231 
0.570552 0 0.809376 0 0.864188 0.495536 
0.571237 0 0.810455 0 0.864762 0.495831 
0.571778 0 0.811321 0 0.865203 0.496113 
0.572454 0 0.812412 0 0.865757 0.496382 
0.57302 0 0.813334 0 0.86621 0.496637 
0.573655 0 0.814337 0 0.866724 0.496875 
0.574236 0 0.815289 0 0.867179 0.497094 
0.574886 0 0.816326 0 0.867689 0.497291 
0.575449 0 0.817277 0 0.868109 0.49746 
0.576044 0 0.818279 0 0.868547 0.497597 
0.576539 0 0.81919 0 0.868878 0.497695 
0.577176 0 0.820322 0 0.869318 0.497744 
0.577444 0 0.820907 0 0.869438 0.497734 
0.577947 0 0.821948 0 0.869709 0.497651 
0.578117 0 0.822594 0 0.869668 0.497475 
0.578531 0 0.823661 0 0.869802 0.497186 
0.578939 0 0.824711 0 0.869922 0.496758 
0.578842 0 0.824998 0 0.869625 0.49616 
0.579072 0 0.825902 0 0.869539 0.495358 
0.57949 0 0.827101 0 0.86958 0.494316 
0.579384 0 0.827445 0 0.869225 0.492993 
0.579581 0 0.828341 0 0.869054 0.491351 
0.579654 0 0.829351 0 0.86868 0.489349 
0.579161 0 0.829451 0 0.867917 0.486954 
0.578356 0 0.829095 0 0.866923 0.484136 
0.577534 0 0.828611 0 0.865938 0.480876 
0.576717 0 0.828079 0 0.864936 0.477166 
0.575751 0 0.827347 0 0.863767 0.473008 
0.574841 0 0.826543 0 0.862647 0.468416 
0.574301 0 0.826294 0 0.861648 0.463416 
0.573544 0 0.825546 0 0.860517 0.458041 
0.573064 0 0.824861 0 0.859649 0.45233 
0.572988 0 0.824524 0 0.859024 0.446327 
0.573167 0 0.824326 0 0.858513 0.440073 
0.573472 0 0.824134 0 0.857999 0.43361 
0.573892 0 0.823902 0 0.857485 0.426973 
0.574224 0 0.823544 0 0.856764 0.420195 
0.574668 0 0.823189 0 0.855998 0.4133 
0.575118 0 0.82276 0 0.855115 0.406311 
0.575496 0 0.822231 0 0.854071 0.399243 
0.575901 0 0.821614 0 0.852949 0.392109 
0.576324 0 0.820935 0 0.851741 0.384918 
0.576766 0 0.820217 0 0.850455 0.377677 
0.577223 0 0.819462 0 0.849095 0.37039 
0.577685 0 0.818667 0 0.847662 0.363061 
0.578153 0 0.817835 0 0.846164 0.35569 
0.578634 0 0.81698 0 0.844609 0.34828 
0.579125 0 0.816105 0 0.843001 0.34083 
0.579623 0 0.815206 0 0.841343 0.33334 
0.580127 0 0.814286 0 0.839642 0.325812 
0.580645 0 0.813358 0 0.837906 0.318243 
0.581178 0 0.812425 0 0.836139 0.310634 
0.581719 0 0.811479 0 0.834345 0.302985 
0.58227 0 0.810524 0 0.832529 0.295296 
0.582839 0 0.809573 0 0.830699 0.287566 
0.583427 0 0.808624 0 0.828858 0.279796 
0.583868 0 0.807415 0 0.826848 0.271987 
0.584131 0 0.805905 0 0.824666 0.264139 
0.584271 0 0.804172 0 0.822376 0.256252 
0.58433 0 0.802308 0 0.820021 0.248327 
0.584332 0 0.800369 0 0.817623 0.240366 
0.584299 0 0.798383 0 0.815197 0.232369 
0.584248 0 0.796357 0 0.81275 0.224341 
0.584181 0 0.794285 0 0.810285 0.216283 
0.584097 0 0.792153 0 0.807803 0.2082 
0.583998 0 0.789961 0 0.80531 0.200096 
0.583892 0 0.787722 0 0.802811 0.191977 
0.583988 0 0.785561 0 0.800522 0.18385 
0.584218 0 0.783515 0 0.79838 0.175722 
0.584639 0 0.781558 0 0.796426 0.167604 
0.585211 0 0.779699 0 0.794618 0.159504 
0.585901 0 0.777929 0 0.792927 0.151434 
0.586679 0 0.776233 0 0.791335 0.143407 
0.587349 0 0.774534 0 0.789607 0.135435 
0.587855 0 0.772792 0 0.787738 0.127531 
0.588194 0 0.770869 0 0.785617 0.119711 
0.588431 0 0.768857 0 0.783368 0.111987 
0.588618 0 0.766815 0 0.781108 0.104375 
0.588793 0 0.764774 0 0.778872 0.0968874 
0.588964 0 0.76273 0 0.776671 0.0895391 
0.589127 0 0.760671 0 0.774509 0.0823435 
0.589284 0 0.758593 0 0.772392 0.0753137 
0.589446 0 0.756509 0 0.770325 0.0684618 
0.589611 0 0.754423 0 0.768312 0.0617992 
0.589927 0 0.752446 0 0.766612 0.0553359 
0.590316 0 0.750556 0 0.765063 0.0490808 
0.590736 0 0.748721 0 0.763588 0.043042 
0.591162 0 0.746924 0 0.762164 0.0372254 
0.591579 0 0.745154 0 0.76079 0.0316355 
0.591984 0 0.743412 0 0.75947 0.0262752 
0.592385 0 0.741708 0 0.75821 0.0211455 
0.59278 0 0.740042 0 0.757005 0.0162458 
0.593162 0 0.738413 0 0.755856 0.011574 
0.593534 0 0.736823 0 0.754761 0.0071263 
0.593902 0 0.735284 0 0.753722 0.00289779 
0.594265 0 0.733796 0 0.752735 -0.00111819 
0.594615 0 0.732351 0 0.751798 -0.0049291 
0.594955 0 0.730949 0 0.750907 -0.00854363 
0.595291 0 0.729597 0 0.750064 -0.0119712 
0.59562 0 0.728292 0 0.749263 -0.0152218 
0.595937 0 0.727025 0 0.748501 -0.0183058 
0.596181 0 0.725949 0 0.747925 -0.0212341 
0.596384 0 0.724889 0 0.747365 -0.0240173 
0.596549 0 0.723786 0 0.746783 -0.0266656 
0.596683 0 0.722667 0 0.746209 -0.0291894 
0.596824 0 0.721599 0 0.745673 -0.031599 
0.596896 0 0.720595 0 0.745149 -0.0339037 
0.597092 0 0.7196 0 0.744705 -0.0361124 
0.59717 0 0.718696 0 0.74439 -0.0382331 
0.597261 0 0.717771 0 0.744025 -0.0402721 
0.597362 0 0.716857 0 0.743665 -0.0422348 
0.597471 0 0.715979 0 0.743335 -0.044125 
0.597582 0 0.715139 0 0.743041 -0.0459448 
0.597695 0 0.714338 0 0.742784 -0.0476943 
0.597815 0 0.713581 0 0.742564 -0.049371 
0.597941 0 0.712862 0 0.742378 -0.0509699 
0.598064 0 0.712172 0 0.742223 -0.0524831 
0.598185 0 0.71151 0 0.7421 -0.0538996 
0.598312 0 0.710886 0 0.742016 -0.0552052 
0.598443 0 0.710303 0 0.741972 -0.0563822 
0.598573 0 0.709757 0 0.741974 -0.0574094 
0.598629 0 0.709188 0 0.741982 -0.0582623 
0.598645 0 0.708627 0 0.742006 -0.0589131 
0.598636 0 0.708101 0 0.742074 -0.0593311 
0.598684 0 0.707672 0 0.742215 -0.0594832 
0.598768 0 0.707342 0 0.742457 -0.0593344 
0.598882 0 0.707113 0 0.742803 -0.0588486 
0.599014 0 0.706978 0 0.743253 -0.05799 
0.599154 0 0.706928 0 0.743809 -0.0567228 
0.599299 0 0.706967 0 0.744479 -0.0550144 
0.599457 0 0.707109 0 0.745273 -0.0528351 
0.599624 0 0.707358 0 0.746197 -0.0501605 
0.599796 0 0.70771 0 0.747254 -0.0469721 
0.599972 0 0.708165 0 0.748447 -0.043259 
0.600159 0 0.708734 0 0.74978 -0.0390182 
0.600357 0 0.709413 0 0.75125 -0.0342547 
0.600558 0 0.710192 0 0.752853 -0.0289827 
0.600764 0 0.711067 0 0.754585 -0.0232237 
0.600981 0 0.712042 0 0.756443 -0.0170064 
0.601211 0 0.713109 0 0.758418 -0.0103652 
0.601446 0 0.714256 0 0.7605 -0.00333897 
0.601692 0 0.715478 0 0.762681 0.00403098 
0.601959 0 0.716779 0 0.764956 0.0117021 
0.602253 0 0.71816 0 0.767315 0.0196317 
0.602575 0 0.719615 0 0.769751 0.0277789 
0.602941 0 0.721155 0 0.77226 0.0361052 
0.603378 0 0.722808 0 0.774844 0.0445754 
0.603908 0 0.724597 0 0.777505 0.0531577 
0.604551 0 0.726548 0 0.780245 0.0618238 
0.60533 0 0.728691 0 0.783071 0.0705479 
0.60626 0 0.731054 0 0.785991 0.0793052 
0.607328 0 0.733635 0 0.789002 0.0880709 
0.608497 0 0.736411 0 0.792098 0.0968198 
0.609736 0 0.739356 0 0.795271 0.105528 
0.611023 0 0.742451 0 0.798513 0.114174 
0.612248 0 0.745596 0 0.801836 0.12274 
0.613344 0 0.748776 0 0.805158 0.131212 
0.614336 0 0.751925 0 0.808437 0.139581 
0.615254 0 0.755029 0 0.811676 0.14784 
0.616117 0 0.758095 0 0.814883 0.155982 
0.616932 0 0.761123 0 0.818068 0.164004 
0.617713 0 0.764116 0 0.821231 0.171902 
0.618472 0 0.76708 0 0.824372 0.179674 
0.619212 0 0.770005 0 0.82748 0.187317 
0.619927 0 0.772874 0 0.830551 0.194828 
0.620618 0 0.775681 0 0.833579 0.202205 
0.621294 0 0.77843 0 0.836564 0.209447 
0.621953 0 0.781118 0 0.839503 0.216552 
0.622589 0 0.783734 0 0.842393 0.22352 
0.623204 0 0.786276 0 0.845233 0.230349 
0.623805 0 0.788753 0 0.848024 0.23704 
0.624391 0 0.791161 0 0.850764 0.243592 
0.624955 0 0.793493 0 0.853451 0.250006 
0.625499 0 0.795746 0 0.856085 0.256282 
0.626029 0 0.79793 0 0.858667 0.262421 
0.626545 0 0.800043 0 0.861196 0.268425 
0.627039 0 0.802077 0 0.86367 0.274294 
0.627513 0 0.804032 0 0.86609 0.280031 
0.627975 0 0.805916 0 0.868458 0.285637 
0.628422 0 0.80773 0 0.870773 0.291113 
0.628266 0 0.809931 1 0.870729 0.296462 
0.628081 0 0.812181 1 0.870281 0.301672 
0.627996 0 0.814488 1 0.870058 0.306745 
0.627907 0 0.816751 0 0.869785 0.311685 
0.627814 0 0.818973 0 0.869466 0.316514 
0.627716 0 0.821153 0 0.869102 0.321231 
0.627614 0 0.82329 0 0.868694 0.32584 
0.627508 0 0.825386 0 0.868243 0.330341 
0.62777 0 0.827601 0 0.869161 0.334737 
0.628239 0 0.829821 0 0.870338 0.339028 
0.628706 0 0.832006 0 0.871473 0.343217 
0.629173 0 0.834155 0 0.872567 0.347305 
0.629638 0 0.83627 0 0.87362 0.351295 
0.630103 0 0.838351 0 0.874633 0.355188 
0.630655 0 0.840519 0 0.875845 0.358987 
0.631235 0 0.842689 0 0.877092 0.362693 
0.631815 0 0.844826 0 0.878299 0.366309 
0.632393 0 0.84693 0 0.879466 0.369836 
0.632971 0 0.849004 0 0.880594 0.373276 
0.63357 0 0.851077 0 0.881744 0.376632 
0.634184 0 0.853142 0 0.882897 0.379905 
0.634808 0 0.855192 0 0.884042 0.383098 
0.635442 0 0.857226 0 0.885176 0.386211 
0.636085 0 0.859247 0 0.886301 0.389247 
0.636739 0 0.861255 0 0.887419 0.392208 
0.637403 0 0.86325 0 0.888529 0.395096 
0.638077 0 0.865233 0 0.889632 0.397911 
0.638761 0 0.867202 0 0.890725 0.400657 
0.639454 0 0.869159 0 0.891808 0.403335 
0.640156 0 0.871102 0 0.892881 0.405946 
0.640868 0 0.873031 0 0.893941 0.408491 
0.641384 0 0.874625 0 0.89472 0.410974 
0.641739 0 0.875875 0 0.895328 0.413394 
0.641985 0 0.876904 0 0.895868 0.415754 
0.642294 0 0.877945 0 0.896641 0.418056 
0.642405 0 0.878903 1 0.896612 0.420308 
0.642506 0 0.879806 1 0.89649 0.422489 
0.642603 0 0.880604 1 0.896381 0.424621 
0.64269 0 0.881308 1 0.896262 0.426703 
0.642803 0 0.882027 1 0.896203 0.428731 
0.642908 0 0.88272 1 0.896141 0.430707 
0.643003 0 0.883391 0 0.896084 0.432634 
0.643091 0 0.884043 0 0.896037 0.434513 
0.643177 0 0.884681 0 0.896003 0.436346 
0.643261 0 0.885304 0 0.895983 0.438132 
0.643344 0 0.885915 0 0.895975 0.439874 
0.643428 0 0.886514 0 0.895981 0.441573 
0.643571 0 0.88719 0 0.896134 0.443229 
0.643602 1 0.886594 0 0.897148 0.444842 
0.643795 1 0.886436 1 0.896511 0.446414 
0.643951 1 0.886326 1 0.896389 0.44795 
0.644084 1 0.886191 1 0.896314 0.449444 
0.644201 1 0.886043 1 0.896225 0.450902 
0.6443 1 0.885887 1 0.896123 0.452327 
0.644381 1 0.885733 1 0.896009 0.453707 
0.644444 1 0.885576 1 0.895886 0.455054 
0.644488 1 0.885419 1 0.895752 0.456359 
0.644516 1 0.88526 1 0.89561 0.457622 
0.644527 1 0.8851 1 0.895458 0.458831 
0.644522 1 0.884939 1 0.895297 0.459989 
0.644503 1 0.884779 1 0.895128 0.461082 
0.644473 1 0.88462 1 0.89495 0.462091 
0.644434 1 0.884465 1 0.894765 0.46299 
0.644389 1 0.884315 1 0.894574 0.463744 
0.644346 1 0.884174 1 0.89438 0.464285 
0.644312 1 0.884047 1 0.894185 0.46452 
0.644299 1 0.883939 1 0.893993 0.46433 
0.644323 1 0.883859 1 0.893816 0.463542 
0.644413 1 0.883842 1 0.893655 0.46195 
0.644591 1 0.883882 1 0.893536 0.459316 
0.64488 1 0.883981 1 0.893474 0.455401 
0.6453 1 0.884145 1 0.893484 0.450014 
0.645868 1 0.884377 1 0.89357 0.443047 
0.646591 1 0.884676 1 0.893733 0.434498 
0.647471 1 0.885038 1 0.893968 0.424451 
0.648502 1 0.885455 1 0.894263 0.413073 
0.649676 1 0.885915 1 0.894607 0.400562 
0.65098 1 0.886408 1 0.894987 0.387126 
0.652617 1 0.886902 1 0.895404 0.372971 
0.65448 1 0.887505 1 0.895968 0.358263 
0.656511 1 0.888192 1 0.896647 0.343155 
0.658666 1 0.888916 1 0.897388 0.327786 
0.660912 1 0.889648 1 0.898144 0.312248 
0.663218 1 0.890398 1 0.898861 0.29664 
0.665576 1 0.891127 1 0.899541 0.281023 
0.667976 1 0.891837 1 0.900194 0.26546 
0.670408 1 0.892532 1 0.900819 0.249994 
0.672867 1 0.893205 1 0.901418 0.234667 
0.675346 1 0.893857 1 0.901989 0.219504 
0.67784 1 0.894485 1 0.902534 0.204528 
0.680343 1 0.89509 1 0.903051 0.189759 
0.682851 1 0.895672 1 0.903542 0.175212 
0.68536 1 0.896229 1 0.904007 0.160899 
0.687865 1 0.896763 1 0.904448 0.146831 
0.690364 1 0.897275 1 0.904864 0.133013 
0.692853 1 0.897764 1 0.905257 0.119448 
0.695328 1 0.898233 1 0.905627 0.106143 
0.697788 1 0.89868 1 0.905975 0.093096 
0.700229 1 0.899106 1 0.906303 0.0803116 
0.702649 1 0.899515 1 0.90661 0.0677933 
0.705046 1 0.899904 1 0.906899 0.0555358 
0.707418 1 0.900273 1 0.907169 0.0435389 
0.709764 1 0.900628 1 0.907423 0.0318024 
0.712081 1 0.900964 1 0.907659 0.0203211 
0.714369 1 0.901286 1 0.90788 0.00909436 
0.716627 1 0.901591 1 0.908086 -0.00187776 
0.718852 1 0.901882 1 0.908278 -0.012604 
0.721044 1 0.902159 1 0.908457 -0.0230822 
0.723202 1 0.902422 1 0.908622 -0.0333207 
0.725172 1 0.902567 1 0.908776 -0.0433241 
0.72706 1 0.902669 1 0.908835 -0.0530917 
0.72892 1 0.902782 1 0.908868 -0.0626291 
0.730748 1 0.902897 1 0.908888 -0.0719448 
0.732542 1 0.903009 1 0.908896 -0.0810387 
0.734303 1 0.903112 1 0.908894 -0.089916 
0.736052 1 0.903244 1 0.908856 -0.0985819 
0.737782 1 0.903365 1 0.908835 -0.107041 
0.73948 1 0.903465 1 0.908828 -0.115295 
0.741241 1 0.903621 1 0.908815 -0.123347 
0.743049 1 0.903849 1 0.90874 -0.131206 
0.744876 1 0.904107 1 0.90877 -0.138875 
0.746682 1 0.904361 1 0.908873 -0.146361 
0.748446 1 0.904586 1 0.908984 -0.153663 
0.750179 1 0.904782 1 0.909069 -0.160784 
0.751878 1 0.904961 1 0.909149 -0.167733 
0.753543 1 0.905129 1 0.909227 -0.17451 
0.755172 1 0.905287 1 0.909302 -0.18112 
0.756747 1 0.905423 1 0.909362 -0.187567 
0.758282 1 0.905547 1 0.909423 -0.193853 
0.759786 1 0.905669 1 0.909479 -0.199985 
0.761262 1 0.905791 1 0.909531 -0.205965 
0.762711 1 0.905911 1 0.909578 -0.211797 
0.764133 1 0.906029 1 0.909625 -0.217483 
0.765528 1 0.906146 1 0.90967 -0.223028 
0.766898 1 0.906261 1 0.909716 -0.228432 
0.768244 1 0.906376 1 0.909761 -0.233701 
0.769565 1 0.906489 1 0.909807 -0.238839 
0.770863 1 0.906603 1 0.909854 -0.243846 
0.772138 1 0.906716 1 0.909901 -0.248727 
0.773392 1 0.906829 1 0.909949 -0.253484 
0.774623 1 0.906943 1 0.909998 -0.258119 
0.775833 1 0.907056 1 0.910047 -0.262635 
0.777022 1 0.90717 1 0.9101 -0.267036 
0.778201 1 0.907315 1 0.910093 -0.271323 
0.779382 1 0.907485 1 0.910111 -0.275496 
0.780556 1 0.907664 1 0.910162 -0.279561 
0.781714 1 0.907837 1 0.910233 -0.283519 
0.782849 1 0.907999 1 0.910308 -0.287372 
0.783957 1 0.908149 1 0.910382 -0.291119 
0.785041 1 0.90829 1 0.910456 -0.294763 
0.786104 1 0.908427 1 0.91053 -0.298306 
0.787148 1 0.908565 1 0.910607 -0.30175 
0.788178 1 0.908705 1 0.910686 -0.305094 
0.789193 1 0.908848 1 0.91077 -0.30834 
0.790193 1 0.908996 1 0.910858 -0.311487 
0.791178 1 0.909145 1 0.910951 -0.314538 
0.792147 1 0.909297 1 0.911046 -0.31749 
0.793099 1 0.90945 1 0.911145 -0.320344 
0.794033 1 0.909605 1 0.911245 -0.323098 
0.794948 1 0.90976 1 0.911347 -0.325755 
0.795845 1 0.909917 1 0.911453 -0.328307 
0.796723 1 0.910077 1 0.911563 -0.330758 
0.797595 1 0.910241 1 0.91168 -0.333101 
0.798451 1 0.910405 1 0.911808 -0.335336 
0.799284 1 0.910567 1 0.91194 -0.337458 
0.800091 1 0.910728 1 0.912072 -0.339463 
0.800872 1 0.910891 1 0.912203 -0.341346 
0.801628 1 0.911056 1 0.912335 -0.343103 
0.802359 1 0.911224 1 0.912469 -0.344728 
0.803063 1 0.911395 1 0.912605 -0.346214 
0.803739 1 0.911569 1 0.912744 -0.347551 
0.804383 1 0.911743 1 0.912886 -0.348734 
0.804994 1 0.911919 1 0.913028 -0.349756 
0.80557 1 0.912095 1 0.913173 -0.350611 
0.806108 1 0.912273 1 0.91332 -0.351286 
0.806605 1 0.912452 1 0.913468 -0.351775 
0.807062 1 0.912633 1 0.913618 -0.35207 
0.807474 1 0.912814 1 0.913769 -0.352164 
0.807841 1 0.912995 1 0.91392 -0.352054 
0.808162 1 0.913178 1 0.914074 -0.351731 
0.808434 1 0.91336 1 0.914227 -0.351192 
0.808659 1 0.913542 1 0.914381 -0.350438 
0.808836 1 0.913725 1 0.914535 -0.349465 
0.808964 1 0.913907 1 0.914691 -0.348274 
0.809045 1 0.914088 1 0.914845 -0.346869 
0.809081 1 0.91427 1 0.915001 -0.345256 
0.809073 1 0.914451 1 0.915156 -0.343443 
0.809023 1 0.914632 1 0.915311 -0.341436 
0.808935 1 0.914812 1 0.915466 -0.339242 
0.808811 1 0.914992 1 0.915622 -0.336876 
0.808655 1 0.915171 1 0.915777 -0.334353 
0.808469 1 0.91535 1 0.915931 -0.331684 
0.808259 1 0.915528 1 0.916085 -0.328883 
0.808027 1 0.915706 1 0.916238 -0.325965 
0.807778 1 0.915883 1 0.916392 -0.322945 
0.807515 1 0.91606 1 0.916545 -0.319837 
0.807242 1 0.916236 1 0.916698 -0.316656 
0.806963 1 0.916412 1 0.91685 -0.313418 
0.806681 1 0.916587 1 0.917001 -0.310136 
0.806399 1 0.916761 1 0.917152 -0.306822 
0.806121 1 0.916935 1 0.917303 -0.303491 
0.805849 1 0.917108 1 0.917453 -0.300153 
0.805585 1 0.91728 1 0.917603 -0.296821 
0.805333 1 0.917451 1 0.91775 -0.293503 
0.804545 1 0.917435 1 0.917712 -0.290211 
0.803751 1 0.917427 1 0.917686 -0.286953 
0.802987 1 0.917426 1 0.91767 -0.283733 
0.802243 1 0.917422 1 0.917654 -0.280559 
0.801517 1 0.917418 1 0.917637 -0.277442 
0.800811 1 0.917416 1 0.91762 -0.274381 
0.800127 1 0.917416 1 0.917604 -0.271385 
0.799467 1 0.917418 1 0.917589 -0.268456 
0.798831 1 0.917422 1 0.917576 -0.265599 
0.79822 1 0.917429 1 0.917565 -0.262818 
0.797635 1 0.917439 1 0.917557 -0.260113 
0.797074 1 0.91745 1 0.91755 -0.257489 
0.79654 1 0.917463 1 0.917547 -0.254945 
0.796031 1 0.917479 1 0.917544 -0.252484 
0.795548 1 0.917496 1 0.917544 -0.250108 
0.795091 1 0.917515 1 0.917546 -0.247816 
0.794608 1 0.917504 1 0.917546 -0.245611 
0.794142 1 0.917499 1 0.917542 -0.243492 
0.793701 1 0.917501 1 0.917535 -0.241462 
0.793283 1 0.917503 1 0.917528 -0.239517 
0.792886 1 0.917502 1 0.917525 -0.23766 
0.792507 1 0.917501 1 0.917521 -0.235892 
0.792147 1 0.9175 1 0.917518 -0.234212 
0.791807 1 0.917499 1 0.917515 -0.232622 
0.791487 1 0.917498 1 0.91751 -0.23112 
0.791186 1 0.917497 1 0.917507 -0.229709 
0.790905 1 0.917496 1 0.917503 -0.228388 
0.790644 1 0.917495 1 0.9175 -0.22716 
0.790404 1 0.917494 1 0.917497 -0.226027 
0.790184 1 0.917493 1 0.917494 -0.224991 
0.789985 1 0.917492 1 0.917491 -0.224053 
0.789808 1 0.91749 1 0.917487 -0.223221 
0.789653 1 0.917489 1 0.917483 -0.222497 
0.789522 1 0.917487 1 0.917479 -0.221886 
0.789416 1 0.917486 1 0.917476 -0.221396 
0.789336 1 0.917484 1 0.917473 -0.221032 
0.789281 1 0.917481 1 0.917467 -0.220803 
0.78925 1 0.917475 1 0.917459 -0.220717 
0.789243 1 0.917466 1 0.91745 -0.220785 
0.789261 1 0.917454 1 0.917437 -0.221011 
0.789307 1 0.91744 1 0.917422 -0.221402 
0.789383 1 0.917425 1 0.917405 -0.22196 
0.789491 1 0.917409 1 0.917386 -0.222686 
0.789634 1 0.917394 1 0.917365 -0.223576 
0.789811 1 0.917381 1 0.917344 -0.224621 
0.790025 1 0.917371 1 0.917323 -0.225813 
0.790274 1 0.917364 1 0.917304 -0.22714 
0.790558 1 0.917361 1 0.917285 -0.228593 
0.790875 1 0.917361 1 0.917271 -0.23016 
0.791225 1 0.917366 1 0.917257 -0.231829 
0.791605 1 0.917374 1 0.917249 -0.233591 
0.792014 1 0.917386 1 0.917243 -0.235435 
0.792449 1 0.917402 1 0.917241 -0.23735 
0.792909 1 0.917421 1 0.917241 -0.239331 
0.793393 1 0.917444 1 0.917246 -0.241366 
0.793899 1 0.917471 1 0.917254 -0.243451 
0.794425 1 0.9175 1 0.917266 -0.245575 
0.79497 1 0.917533 1 0.917281 -0.247736 
0.795533 1 0.91757 1 0.9173 -0.249924 
0.795995 1 0.917543 1 0.917306 -0.252136 
0.79646 1 0.917534 1 0.917305 -0.254368 
0.796944 1 0.917536 1 0.917299 -0.256615 
0.797442 1 0.917541 1 0.917295 -0.258871 
0.797941 1 0.917542 1 0.917294 -0.261136 
0.798441 1 0.917542 1 0.917293 -0.263401 
0.798942 1 0.917543 1 0.917292 -0.265666 
0.799443 1 0.917544 1 0.917291 -0.267931 
0.799944 1 0.917544 1 0.917291 -0.27019 
0.800444 1 0.917545 1 0.917289 -0.272439 
0.800944 1 0.917546 1 0.917288 -0.274679 
0.801441 1 0.917547 1 0.917288 -0.276907 
0.801937 1 0.917548 1 0.917287 -0.279122 
0.802431 1 0.917549 1 0.917286 -0.281321 
0.802921 1 0.91755 1 0.917286 -0.2835 
0.803409 1 0.917551 1 0.917284 -0.285663 
0.803893 1 0.917552 1 0.917284 -0.287806 
0.804373 1 0.917553 1 0.917283 -0.289929 
0.804849 1 0.917554 1 0.917283 -0.292029 
0.805321 1 0.917555 1 0.917283 -0.294107 
0.805789 1 0.917556 1 0.917283 -0.29616 
0.806252 1 0.917557 1 0.917282 -0.298191 
0.806711 1 0.917558 1 0.917281 -0.300197 
0.807164 1 0.917559 1 0.917281 -0.302176 
0.807613 1 0.91756 1 0.917281 -0.304131 
0.808056 1 0.917561 1 0.91728 -0.306058 
0.808494 1 0.917563 1 0.917279 -0.30796 
0.808926 1 0.917564 1 0.917279 -0.309834 
0.809353 1 0.917565 1 0.91728 -0.311681 
0.809774 1 0.917566 1 0.917279 -0.313501 
0.810189 1 0.917567 1 0.917279 -0.315292 
0.810599 1 0.917568 1 0.917278 -0.317055 
0.811003 1 0.917569 1 0.917278 -0.318791 
0.811401 1 0.91757 1 0.917278 -0.320499 
0.811793 1 0.917572 1 0.917277 -0.322181 
0.812179 1 0.917573 1 0.917277 -0.323834 
0.812559 1 0.917574 1 0.917277 -0.325459 
0.812934 1 0.917575 1 0.917276 -0.327056 
0.813302 1 0.917576 1 0.917277 -0.328624 
0.813664 1 0.917577 1 0.917276 -0.330165 
0.81402 1 0.917578 1 0.917276 -0.331678 
0.814371 1 0.91758 1 0.917275 -0.333164 
0.814715 1 0.917581 1 0.917277 -0.334623 
0.815053 1 0.917582 1 0.917276 -0.336054 
0.815385 1 0.917583 1 0.917276 -0.337458 
0.815712 1 0.917584 1 0.917275 -0.338836 
0.816032 1 0.917585 1 0.917276 -0.340185 
0.816346 1 0.917586 1 0.917275 -0.341507 
0.816655 1 0.917587 1 0.917275 -0.342805 
0.816958 1 0.917588 1 0.917275 -0.344076 
0.817255 1 0.91759 1 0.917274 -0.345321 
0.817546 1 0.917591 1 0.917274 -0.346542 
0.817831 1 0.917592 1 0.917275 -0.347737 
0.818111 1 0.917593 1 0.917275 -0.348908 
0.818385 1 0.917594 1 0.917275 -0.350055 
0.818654 1 0.917595 1 0.917274 -0.351174 
0.818916 1 0.917596 1 0.917275 -0.352269 
0.819174 1 0.917597 1 0.917274 -0.353341 
0.819426 1 0.917598 1 0.917275 -0.35439 
0.819673 1 0.917599 1 0.917274 -0.355415 
0.819914 1 0.9176 1 0.917274 -0.356414 
0.82015 1 0.917602 1 0.917275 -0.357394 
0.820381 1 0.917603 1 0.917275 -0.358351 
0.820607 1 0.917604 1 0.917274 -0.359287 
0.820828 1 0.917605 1 0.917274 -0.360198 
0.821043 1 0.917606 1 0.917274 -0.361086 
0.821254 1 0.917607 1 0.917274 -0.361955 
0.821459 1 0.917608 1 0.917275 -0.362805 
0.82166 1 0.917609 1 0.917274 -0.363632 
0.821856 1 0.91761 1 0.917274 -0.36444 
0.822047 1 0.917611 1 0.917274 -0.365226 
0.822233 1 0.917612 1 0.917273 -0.365991 
0.822415 1 0.917613 1 0.917274 -0.36674 
0.822592 1 0.917614 1 0.917274 -0.367467 
0.822765 1 0.917615 1 0.917272 -0.368174 
0.822933 1 0.917616 1 0.917273 -0.368863 
0.823097 1 0.917617 1 0.917272 -0.369533 
0.823257 1 0.917618 1 0.917273 -0.370185 
0.823412 1 0.917619 1 0.917273 -0.370819 
0.823563 1 0.91762 1 0.917273 -0.371436 
0.82371 1 0.917621 1 0.917274 -0.372036 
0.823853 1 0.917622 1 0.917273 -0.372617 
0.823991 1 0.917623 1 0.917273 -0.373182 
0.824126 1 0.917624 1 0.917272 -0.37373 
0.824257 1 0.917625 1 0.917272 -0.374262 
0.824384 1 0.917626 1 0.917272 -0.374778 
0.824507 1 0.917627 1 0.917273 -0.375278 
0.824626 1 0.917628 1 0.917272 -0.375762 
0.824742 1 0.917629 1 0.917272 -0.376232 
0.824854 1 0.91763 1 0.917272 -0.376689 
0.824963 1 0.917631 1 0.917272 -0.377127 
0.825068 1 0.917632 1 0.917272 -0.377554 
0.82517 1 0.917633 1 0.917271 -0.377966 
0.825268 1 0.917634 1 0.917273 -0.378362 
0.825364 1 0.917635 1 0.917272 -0.378747 
0.825456 1 0.917636 1 0.917272 -0.379116 
0.825544 1 0.917637 1 0.917272 -0.379474 
0.825629 1 0.917638 1 0.917272 -0.379818 
0.825712 1 0.917639 1 0.917271 -0.38015 
0.825792 1 0.91764 1 0.917271 -0.380469 
0.825868 1 0.91764 1 0.917271 -0.380775 
0.825942 1 0.917641 1 0.917271 -0.38107 
0.826013 1 0.917642 1 0.917271 -0.381356 
0.826081 1 0.917643 1 0.91727 -0.381631 
0.826147 1 0.917644 1 0.917271 -0.381891 
0.826209 1 0.917645 1 0.917271 -0.382143 
0.82627 1 0.917646 1 0.91727 -0.382379 
0.826327 1 0.917647 1 0.91727 -0.382608 
0.826383 1 0.917648 1 0.91727 -0.382829 
0.826435 1 0.917649 1 0.91727 -0.383038 
0.826486 1 0.91765 1 0.91727 -0.383237 
0.826534 1 0.917651 1 0.917269 -0.383425 
0.826579 1 0.917652 1 0.91727 -0.383608 
0.826623 1 0.917652 1 0.917269 -0.383778 
0.826664 1 0.917653 1 0.91727 -0.383939 
0.826703 1 0.917654 1 0.917269 -0.384092 
0.82674 1 0.917655 1 0.917268 -0.384237 
0.826776 1 0.917656 1 0.917268 -0.384373 
0.826809 1 0.917657 1 0.917268 -0.384499 
0.82684 1 0.917658 1 0.917268 -0.384621 
0.826869 1 0.917659 1 0.917268 -0.384735 
0.826897 1 0.91766 1 0.917267 -0.384841 
0.826922 1 0.917661 1 0.917267 -0.384941 
0.826946 1 0.917661 1 0.917267 -0.385032 
0.826968 1 0.917662 1 0.917268 -0.385117 
0.826989 1 0.917663 1 0.917267 -0.385196 
0.827009 1 0.917664 1 0.917266 -0.385265 
0.827026 1 0.917665 1 0.917266 -0.38533 
0.827042 1 0.917666 1 0.917266 -0.38539 
0.827057 1 0.917666 1 0.917265 -0.385443 
0.82707 1 0.917667 1 0.917266 -0.385489 
0.827082 1 0.917668 1 0.917265 -0.385529 
0.827093 1 0.917669 1 0.917265 -0.385565 
0.827102 1 0.91767 1 0.917265 -0.385597 
0.82711 1 0.917671 1 0.917264 -0.385623 
0.827117 1 0.917672 1 0.917264 -0.385645 
0.827123 1 0.917672 1 0.917264 -0.38566 
0.827127 1 0.917673 1 0.917264 -0.385672 
0.827131 1 0.917674 1 0.917263 -0.385679 
0.827133 1 0.917675 1 0.917263 -0.385681 
0.827135 1 0.917676 1 0.917263 -0.385678 
0.827135 1 0.917677 1 0.917263 -0.385672 
0.827135 1 0.917677 1 0.917263 -0.385664 
0.827134 1 0.917678 1 0.917262 -0.385654 
0.827131 1 0.917679 1 0.917261 -0.385638 
0.827128 1 0.91768 1 0.917261 -0.385618 
0.827125 1 0.917681 1 0.917262 -0.385597 
0.82712 1 0.917681 1 0.91726 -0.385572 
0.827115 1 0.917682 1 0.917261 -0.385543 
0.827109 1 0.917683 1 0.91726 -0.385514 
0.827103 1 0.917684 1 0.91726 -0.385481 
0.827096 1 0.917685 1 0.91726 -0.385443 
0.827088 1 0.917685 1 0.91726 -0.385406 
0.82708 1 0.917686 1 0.917259 -0.385364 
0.827071 1 0.917687 1 0.917259 -0.385321 
0.827062 1 0.917688 1 0.917258 -0.385276 
0.827052 1 0.917689 1 0.917258 -0.38523 
0.827042 1 0.91769 1 0.917258 -0.385181 
0.827031 1 0.91769 1 0.917258 -0.38513 
0.82702 1 0.917691 1 0.917257 -0.385076 
0.827009 1 0.917692 1 0.917258 -0.385022 
0.826997 1 0.917692 1 0.917257 -0.384966 
0.826985 1 0.917693 1 0.917256 -0.384908 
0.826973 1 0.917694 1 0.917256 -0.384852 
0.82696 1 0.917695 1 0.917256 -0.384794 
0.826947 1 0.917696 1 0.917255 -0.384736 
0.826933 1 0.917696 1 0.917255 -0.384676 
0.82692 1 0.917697 1 0.917254 -0.384616 
0.826907 1 0.917698 1 0.917254 -0.384556 
0.826893 1 0.917699 1 0.917253 -0.384492 
0.826879 1 0.9177 1 0.917254 -0.384431 
0.826865 1 0.9177 1 0.917254 -0.384367 
0.826851 1 0.917701 1 0.917253 -0.384303 
0.826837 1 0.917702 1 0.917253 -0.384239 
0.826823 1 0.917703 1 0.917251 -0.384171 
0.826809 1 0.917703 1 0.917252 -0.384103 
0.826794 1 0.917704 1 0.917251 -0.384037 
0.826779 1 0.917705 1 0.917251 -0.38397 
0.826765 1 0.917706 1 0.917251 -0.383904 
0.82675 1 0.917706 1 0.91725 -0.383837 
0.826735 1 0.917707 1 0.91725 -0.38377 
0.826721 1 0.917708 1 0.91725 -0.383706 
0.826706 1 0.917709 1 0.917249 -0.383642 
0.826692 1 0.917709 1 0.917249 -0.383578 
0.826678 1 0.91771 1 0.917249 -0.383515 
0.826664 1 0.917711 1 0.917248 -0.383449 
0.826649 1 0.917712 1 0.917248 -0.383383 
0.826635 1 0.917712 1 0.917247 -0.383318 
0.826621 1 0.917713 1 0.917246 -0.383255 
0.826607 1 0.917714 1 0.917246 -0.383188 
0.826593 1 0.917714 1 0.917247 -0.383126 
0.82658 1 0.917715 1 0.917245 -0.383063 
0.826566 1 0.917716 1 0.917246 -0.383001 
0.826552 1 0.917716 1 0.917246 -0.382939 
0.826539 1 0.917717 1 0.917245 -0.382877 
0.826526 1 0.917718 1 0.917245 -0.382816 
0.826512 1 0.917719 1 0.917244 -0.382757 
0.826499 1 0.917719 1 0.917243 -0.3827 
0.826486 1 0.91772 1 0.917243 -0.38264 
0.826474 1 0.917721 1 0.917243 -0.382584 
0.826462 1 0.917722 1 0.917243 -0.382528 
0.826449 1 0.917722 1 0.917243 -0.382471 
0.826437 1 0.917723 1 0.917242 -0.382416 
0.826426 1 0.917724 1 0.917241 -0.38236 
0.826414 1 0.917724 1 0.917241 -0.382307 
0.826403 1 0.917725 1 0.91724 -0.382253 
0.826392 1 0.917726 1 0.917241 -0.382204 
0.826381 1 0.917726 1 0.91724 -0.382153 
0.82637 1 0.917727 1 0.917241 -0.382103 
0.82636 1 0.917728 1 0.917239 -0.382056 
0.82635 1 0.917728 1 0.91724 -0.382009 
0.82634 1 0.917729 1 0.917239 -0.381962 
0.82633 1 0.91773 1 0.917239 -0.381915 
0.82632 1 0.917731 1 0.917238 -0.381868 
0.826311 1 0.917731 1 0.917237 -0.381821 
0.826302 1 0.917732 1 0.917237 -0.381776 
0.826293 1 0.917733 1 0.917237 -0.381732 
0.826284 1 0.917733 1 0.917236 -0.381689 
0.826275 1 0.917734 1 0.917237 -0.381647 
0.826267 1 0.917735 1 0.917236 -0.381605 
0.826259 1 0.917735 1 0.917236 -0.381564 
0.82625 1 0.917736 1 0.917235 -0.381526 
0.826242 1 0.917737 1 0.917235 -0.381487 
0.826235 1 0.917737 1 0.917235 -0.381451 
0.826227 1 0.917738 1 0.917234 -0.381415 
0.82622 1 0.917739 1 0.917234 -0.38138 
0.826213 1 0.917739 1 0.917233 -0.381344 
0.826206 1 0.91774 1 0.917234 -0.381309 
0.8262 1 0.917741 1 0.917232 -0.381274 
0.826193 1 0.917741 1 0.917232 -0.381242 
0.826187 1 0.917742 1 0.917232 -0.381211 
0.826181 1 0.917743 1 0.917231 -0.381179 
0.826175 1 0.917744 1 0.917231 -0.381148 
0.82617 1 0.917744 1 0.917231 -0.381118 
0.826165 1 0.917745 1 0.91723 -0.38109 
0.826159 1 0.917746 1 0.91723 -0.381064 
0.826155 1 0.917746 1 0.91723 -0.381035 
0.82615 1 0.917747 1 0.917229 -0.381009 
0.826145 1 0.917747 1 0.917229 -0.380983 
0.826141 1 0.917748 1 0.917229 -0.380959 
0.826136 1 0.917749 1 0.917229 -0.380935 
0.826132 1 0.917749 1 0.917228 -0.380913 
0.826128 1 0.91775 1 0.917227 -0.38089 
0.826124 1 0.917751 1 0.917227 -0.380867 
0.826121 1 0.917751 1 0.917227 -0.380844 
0.826117 1 0.917752 1 0.917227 -0.380826 
0.826114 1 0.917753 1 0.917227 -0.380807 
0.826111 1 0.917753 1 0.917226 -0.380788 
0.826108 1 0.917754 1 0.917226 -0.380771 
0.826105 1 0.917755 1 0.917226 -0.380755 
0.826102 1 0.917755 1 0.917225 -0.380737 
0.8261 1 0.917756 1 0.917224 -0.380722 
0.826098 1 0.917756 1 0.917224 -0.380707 
0.826096 1 0.917757 1 0.917224 -0.380692 
0.826094 1 0.917758 1 0.917223 -0.38068 
0.826092 1 0.917758 1 0.917222 -0.380667 
0.826091 1 0.917759 1 0.917223 -0.380656 
0.826089 1 0.91776 1 0.917222 -0.380642 
0.826088 1 0.91776 1 0.917222 -0.380633 
0.826087 1 0.917761 1 0.917223 -0.380623 
0.826086 1 0.917762 1 0.917222 -0.380615 
0.826085 1 0.917762 1 0.917221 -0.380607 
0.826085 1 0.917763 1 0.917221 -0.380597 
0.826084 1 0.917764 1 0.917221 -0.38059 
0.826084 1 0.917764 1 0.91722 -0.380581 
0.826084 1 0.917765 1 0.917219 -0.380572 
0.826083 1 0.917765 1 0.91722 -0.380565 
0.826083 1 0.917766 1 0.917219 -0.380558 
0.826083 1 0.917767 1 0.917218 -0.380552 
0.826083 1 0.917767 1 0.917218 -0.380544 
0.826083 1 0.917768 1 0.917218 -0.380539 
0.826083 1 0.917768 1 0.917218 -0.380535 
0.826084 1 0.917769 1 0.917217 -0.380529 
0.826084 1 0.91777 1 0.917218 -0.380528 
0.826084 1 0.91777 1 0.917217 -0.380524 
0.826085 1 0.917771 1 0.917216 -0.38052 
0.826086 1 0.917771 1 0.917215 -0.380517 
0.826087 1 0.917772 1 0.917216 -0.380513 
0.826087 1 0.917773 1 0.917216 -0.380509 
0.826088 1 0.917773 1 0.917215 -0.380504 
0.826089 1 0.917774 1 0.917216 -0.380502 
0.82609 1 0.917774 1 0.917215 -0.3805 
0.826091 1 0.917775 1 0.917214 -0.380498 
0.826093 1 0.917776 1 0.917213 -0.380497 
0.826094 1 0.917776 1 0.917213 -0.380497 
0.826095 1 0.917777 1 0.917213 -0.380496 
0.826096 1 0.917778 1 0.917213 -0.380499 
0.826098 1 0.917778 1 0.917212 -0.380497 
0.8261 1 0.917779 1 0.917212 -0.380495 
0.826101 1 0.91778 1 0.917212 -0.380494 
0.826102 1 0.91778 1 0.917212 -0.380496 
0.826104 1 0.917781 1 0.917211 -0.380496 
0.826106 1 0.917781 1 0.91721 -0.380498 
0.826108 1 0.917782 1 0.91721 -0.380499 
0.826109 1 0.917782 1 0.917209 -0.380499 
0.826111 1 0.917783 1 0.91721 -0.380499 
0.826113 1 0.917784 1 0.917209 -0.380502 
0.826115 1 0.917784 1 0.917208 -0.380505 
0.826116 1 0.917785 1 0.917209 -0.380507 
0.826118 1 0.917785 1 0.917209 -0.38051 
0.82612 1 0.917786 1 0.917208 -0.380513 
0.826122 1 0.917786 1 0.917208 -0.380517 
0.826124 1 0.917787 1 0.917208 -0.38052 
0.826127 1 0.917788 1 0.917207 -0.380524 
0.826129 1 0.917788 1 0.917207 -0.380529 
0.826131 1 0.917789 1 0.917207 -0.380532 
0.826134 1 0.917789 1 0.917205 -0.380535 
0.826136 1 0.91779 1 0.917205 -0.380537 
0.826138 1 0.917791 1 0.917205 -0.380543 
0.82614 1 0.917791 1 0.917205 -0.380546 
0.826143 1 0.917791 1 0.917205 -0.380549 
0.826146 1 0.917792 1 0.917206 -0.380553 
0.826148 1 0.917793 1 0.917204 -0.380556 
0.82615 1 0.917793 1 0.917204 -0.380559 
0.826152 1 0.917794 1 0.917203 -0.380564 
0.826154 1 0.917794 1 0.917203 -0.380569 
0.826157 1 0.917795 1 0.917203 -0.380572 
0.826159 1 0.917796 1 0.917202 -0.380574 
0.826162 1 0.917796 1 0.917202 -0.380578 
0.826164 1 0.917797 1 0.917202 -0.380579 
0.826166 1 0.917797 1 0.917201 -0.380581 
0.826168 1 0.917798 1 0.917201 -0.380585 
0.82617 1 0.917799 1 0.9172 -0.380586 
0.826173 1 0.917799 1 0.9172 -0.380591 
0.826175 1 0.9178 1 0.917201 -0.380594 
0.826177 1 0.9178 1 0.917201 -0.380598 
0.826179 1 0.917801 1 0.9172 -0.380601 
0.826181 1 0.917801 1 0.917199 -0.380606 
0.826184 1 0.917802 1 0.917199 -0.380609 
0.826186 1 0.917802 1 0.917199 -0.380611 
0.826188 1 0.917803 1 0.917198 -0.380613 
0.82619 1 0.917803 1 0.917198 -0.380616 
0.826193 1 0.917804 1 0.917198 -0.38062 
0.826195 1 0.917805 1 0.917197 -0.380624 
0.826197 1 0.917805 1 0.917197 -0.380629 
0.826199 1 0.917806 1 0.917197 -0.380631 
0.826201 1 0.917806 1 0.917197 -0.380633 
0.826204 1 0.917807 1 0.917197 -0.380638 
0.826206 1 0.917807 1 0.917196 -0.380641 
0.826208 1 0.917808 1 0.917196 -0.380644 
0.826211 1 0.917808 1 0.917195 -0.380648 
0.826213 1 0.917809 1 0.917196 -0.380652 
0.826215 1 0.91781 1 0.917196 -0.380655 
0.826217 1 0.91781 1 0.917195 -0.380656 
0.826219 1 0.917811 1 0.917195 -0.380659 
0.826222 1 0.917811 1 0.917194 -0.380663 
0.826223 1 0.917812 1 0.917194 -0.380668 
0.826226 1 0.917812 1 0.917194 -0.380673 
0.826227 1 0.917813 1 0.917194 -0.380678 
0.82623 1 0.917813 1 0.917192 -0.380681 
0.826232 1 0.917814 1 0.917193 -0.380683 
0.826234 1 0.917814 1 0.917193 -0.380688 
0.826237 1 0.917815 1 0.917193 -0.380693 
0.826239 1 0.917815 1 0.917192 -0.380698 
0.826241 1 0.917816 1 0.917192 -0.380699 
0.826243 1 0.917816 1 0.917192 -0.380699 
0.826246 1 0.917817 1 0.917191 -0.380701 
0.826248 1 0.917817 1 0.917191 -0.380704 
0.82625 1 0.917818 1 0.91719 -0.380709 
0.826252 1 0.917818 1 0.91719 -0.380712 
0.826254 1 0.917819 1 0.91719 -0.380715 
0.826256 1 0.917819 1 0.91719 -0.380718 
0.826258 1 0.91782 1 0.91719 -0.380719 
0.82626 1 0.91782 1 0.917189 -0.380723 
0.826262 1 0.917821 1 0.917188 -0.380724 
0.826264 1 0.917821 1 0.917188 -0.380727 
0.826267 1 0.917822 1 0.917187 -0.380731 
0.826269 1 0.917823 1 0.917187 -0.380733 
0.826271 1 0.917823 1 0.917186 -0.380735 
0.826273 1 0.917824 1 0.917186 -0.380736 
0.826275 1 0.917824 1 0.917187 -0.380739 
0.826276 1 0.917825 1 0.917186 -0.380742 
0.826279 1 0.917825 1 0.917184 -0.380745 
0.826281 1 0.917826 1 0.917185 -0.380745 
0.826282 1 0.917826 1 0.917185 -0.380748 
0.826284 1 0.917827 1 0.917186 -0.380748 
0.826286 1 0.917827 1 0.917184 -0.38075 
0.826288 1 0.917828 1 0.917184 -0.380752 
0.82629 1 0.917828 1 0.917183 -0.380753 
0.826292 1 0.917829 1 0.917184 -0.380754 
0.826294 1 0.917829 1 0.917184 -0.380756 
0.826296 1 0.91783 1 0.917182 -0.380757 
0.826298 1 0.91783 1 0.917182 -0.380756 
0.826299 1 0.917831 1 0.917183 -0.38076 
