0.638753 0 0.723413 0 0.72341 0.500001 
0.638949 0 0.724428 0 0.724931 0.498934 
0.63929 0 0.72559 0 0.726846 0.497816 
0.639664 0 0.726876 0 0.728986 0.49663 
0.640233 0 0.728577 0 0.731313 0.495361 
0.640806 0 0.730437 0 0.733807 0.494 
0.641383 0 0.732481 0 0.73649 0.492546 
0.641956 0 0.734722 0 0.739383 0.491005 
0.642528 0 0.737174 0 0.742501 0.489387 
0.643105 0 0.739843 0 0.745843 0.487707 
0.643686 0 0.742712 0 0.749391 0.485979 
0.644266 0 0.745741 0 0.753118 0.484218 
0.644847 0 0.748897 0 0.75699 0.482439 
0.645434 0 0.752154 0 0.760967 0.480656 
0.64603 0 0.755475 0 0.765019 0.478883 
0.646627 0 0.758823 0 0.769114 0.477132 
0.647226 0 0.762176 0 0.773227 0.475416 
0.647835 0 0.765523 0 0.777338 0.473744 
0.648453 0 0.768849 0 0.781431 0.472123 
0.649074 0 0.772135 0 0.785497 0.470562 
0.649698 0 0.775373 0 0.789523 0.469066 
0.650532 0 0.779128 0 0.793234 0.467638 
0.65148 0 0.78308 0 0.796771 0.466282 
0.652435 0 0.787048 0 0.800139 0.465 
0.653361 0 0.790951 0 0.803402 0.463791 
0.654428 0 0.794925 0 0.806626 0.462657 
0.655504 0 0.798837 0 0.809772 0.461596 
0.656581 0 0.802679 0 0.812843 0.460608 
0.657661 0 0.806451 0 0.815837 0.459691 
0.658749 0 0.810163 0 0.818754 0.458843 
0.659847 0 0.813815 0 0.821596 0.458063 
0.660947 0 0.817398 0 0.824367 0.457348 
0.66205 0 0.820914 0 0.827065 0.456695 
0.663163 0 0.824374 0 0.829691 0.456104 
0.664285 0 0.827778 0 0.832248 0.45557 
0.665241 0 0.831086 0 0.834623 0.455092 
0.666201 0 0.834336 0 0.836936 0.454667 
0.667195 0 0.837491 0 0.839233 0.454292 
0.6682 0 0.840611 0 0.841442 0.453965 
0.66909 0 0.843526 0 0.843632 0.453683 
0.669907 0 0.846329 0 0.845746 0.453445 
0.670682 0 0.849067 0 0.847771 0.453247 
0.671432 0 0.851753 0 0.849713 0.453087 
0.672161 0 0.854386 0 0.851588 0.452965 
0.672876 0 0.856967 0 0.853402 0.452876 
0.673588 0 0.859506 0 0.855157 0.452819 
0.674296 0 0.862003 0 0.856856 0.452793 
0.674995 0 0.864449 0 0.858503 0.452795 
0.675683 0 0.866848 0 0.860096 0.452823 
0.676367 0 0.86921 0 0.861632 0.452876 
0.677048 0 0.871536 0 0.863113 0.452952 
0.677719 0 0.873818 0 0.864544 0.453049 
0.678381 0 0.876058 0 0.865924 0.453166 
0.67904 0 0.878267 0 0.86725 0.453301 
0.679697 0 0.880445 0 0.868525 0.453453 
0.680344 0 0.882584 0 0.869752 0.45362 
0.680983 0 0.884686 0 0.870931 0.453801 
0.68162 0 0.886761 0 0.872059 0.453994 
0.682254 0 0.888809 0 0.873137 0.454199 
0.682881 0 0.890823 0 0.874169 0.454414 
0.683499 0 0.892804 0 0.875155 0.454637 
0.684115 0 0.894762 0 0.876091 0.454869 
0.68473 0 0.896696 0 0.876977 0.455107 
0.685337 0 0.898599 0 0.87782 0.455351 
0.685937 0 0.900473 0 0.878617 0.4556 
0.686535 0 0.902326 0 0.879365 0.455853 
0.687132 0 0.904159 0 0.880065 0.456108 
0.687722 0 0.905964 0 0.880721 0.456365 
0.688305 0 0.907741 0 0.881332 0.456623 
0.688886 0 0.9095 0 0.881895 0.456881 
0.689467 0 0.911241 0 0.882409 0.457139 
0.690042 0 0.912954 0 0.88288 0.457395 
0.690609 0 0.914642 0 0.883307 0.457648 
0.691176 0 0.916313 0 0.883684 0.457898 
0.691742 0 0.917966 0 0.884013 0.458144 
0.692301 0 0.919592 0 0.884299 0.458384 
0.692854 0 0.921193 0 0.884541 0.458619 
0.693406 0 0.922778 0 0.884733 0.458848 
0.693958 0 0.924344 0 0.884876 0.459068 
0.694503 0 0.925883 0 0.884977 0.459281 
0.695042 0 0.927395 0 0.885032 0.459484 
0.69558 0 0.928889 0 0.885038 0.459676 
0.695874 1 0.929021 0 0.886046 0.459833 
0.696092 1 0.92871 0 0.887721 0.459814 
0.696278 1 0.92825 0 0.889495 0.459549 
0.69648 1 0.927859 0 0.891119 0.458994 
0.696681 1 0.927462 0 0.892722 0.458086 
0.696881 0 0.927063 0 0.894309 0.456744 
0.697078 0 0.926654 0 0.895872 0.455329 
0.697274 0 0.926236 0 0.897413 0.453829 
0.697469 0 0.925808 0 0.898933 0.452231 
0.697662 0 0.925373 0 0.900432 0.450521 
0.697894 0 0.924972 0 0.901856 0.448683 
0.698149 0 0.924589 0 0.903226 0.4467 
0.698417 0 0.924241 0 0.90449 0.444551 
0.698696 0 0.923911 0 0.905699 0.442217 
0.698984 0 0.923591 0 0.906868 0.439675 
0.699285 0 0.923285 0 0.907997 0.436899 
0.699601 0 0.922995 0 0.909081 0.433863 
0.699935 0 0.922725 0 0.910118 0.430539 
0.700288 0 0.922478 0 0.911113 0.426896 
0.70066 0 0.922254 0 0.912065 0.422903 
0.701051 0 0.922057 0 0.912979 0.418525 
0.701461 0 0.92189 0 0.913856 0.413728 
0.70189 0 0.921753 0 0.914698 0.408473 
0.702338 0 0.921651 0 0.915507 0.402724 
0.702803 0 0.921585 0 0.916284 0.396443 
0.703286 0 0.921557 0 0.917032 0.389592 
0.703376 0 0.921767 0 0.917816 0.382135 
0.703113 0 0.921762 0 0.918828 0.374043 
0.703495 1 0.921028 0 0.920178 0.365281 
0.704426 1 0.920956 1 0.920085 0.354808 
0.705571 1 0.920876 1 0.920058 0.343022 
0.706894 1 0.920728 1 0.92003 0.330042 
0.708426 1 0.920707 1 0.919948 0.316015 
0.710104 1 0.920646 1 0.919833 0.301211 
0.711914 1 0.920579 1 0.919701 0.285794 
0.713858 1 0.920486 1 0.919631 0.269982 
0.715906 1 0.920374 1 0.919577 0.253959 
0.718046 1 0.920253 1 0.919511 0.237871 
0.720267 1 0.920127 1 0.919434 0.221836 
0.722558 1 0.919999 1 0.919349 0.205942 
0.724906 1 0.919871 1 0.919261 0.190258 
0.7273 1 0.919744 1 0.919172 0.174823 
0.729723 1 0.919616 1 0.919082 0.159676 
0.732174 1 0.919488 1 0.91899 0.144833 
0.734645 1 0.919362 1 0.918898 0.13031 
0.73713 1 0.919238 1 0.918806 0.116108 
0.739623 1 0.919116 1 0.918714 0.102236 
0.742117 1 0.918996 1 0.918623 0.0886912 
0.74461 1 0.918877 1 0.918532 0.0754667 
0.747096 1 0.918761 1 0.918441 0.0625589 
0.749572 1 0.918647 1 0.918351 0.0499644 
0.752036 1 0.918535 1 0.918262 0.0376803 
0.754484 1 0.918425 1 0.918173 0.0256995 
0.756914 1 0.918318 1 0.918086 0.014011 
0.759323 1 0.918212 1 0.918 0.00261685 
0.76171 1 0.918109 1 0.917915 -0.00849492 
0.764073 1 0.918008 1 0.917831 -0.019331 
0.76641 1 0.91791 1 0.917748 -0.0298988 
0.768719 1 0.917813 1 0.917666 -0.0402004 
0.771001 1 0.917719 1 0.917586 -0.0502464 
0.773253 1 0.917627 1 0.917508 -0.060044 
0.775475 1 0.917537 1 0.91743 -0.0695961 
0.777666 1 0.91745 1 0.917355 -0.0789076 
0.779825 1 0.917365 1 0.917281 -0.0879872 
0.781952 1 0.917282 1 0.917208 -0.0968379 
0.784045 1 0.917201 1 0.917138 -0.105473 
0.786105 1 0.917123 1 0.917069 -0.113887 
0.788132 1 0.917047 1 0.917001 -0.122093 
0.790124 1 0.916973 1 0.916935 -0.130093 
0.792083 1 0.916902 1 0.916871 -0.137894 
0.794007 1 0.916833 1 0.916809 -0.145499 
0.795897 1 0.916766 1 0.916749 -0.152913 
0.797753 1 0.916701 1 0.91669 -0.160143 
0.799575 1 0.916639 1 0.916634 -0.167195 
0.801362 1 0.916579 1 0.916579 -0.174068 
0.803116 1 0.916521 1 0.916526 -0.18077 
0.804836 1 0.916465 1 0.916475 -0.187305 
0.806522 1 0.916412 1 0.916425 -0.193676 
0.808175 1 0.916361 1 0.916378 -0.199887 
0.809835 1 0.916271 1 0.91633 -0.205946 
0.811475 1 0.916179 1 0.916283 -0.211852 
0.81307 1 0.916126 1 0.916241 -0.217609 
0.814614 1 0.916094 1 0.916194 -0.223221 
0.816113 1 0.91605 1 0.916149 -0.228694 
0.817579 1 0.916004 1 0.916105 -0.23403 
0.819013 1 0.915958 1 0.916061 -0.239234 
0.820418 1 0.915913 1 0.916018 -0.244308 
0.821792 1 0.915869 1 0.915976 -0.249252 
0.823149 1 0.915747 1 0.915981 -0.254075 
0.82447 1 0.915689 1 0.915995 -0.258777 
0.825753 1 0.915671 1 0.915999 -0.263361 
0.827003 1 0.915666 1 0.915991 -0.267831 
0.828221 1 0.915657 1 0.915976 -0.272188 
0.829413 1 0.915641 1 0.91596 -0.276438 
0.830579 1 0.915623 1 0.915946 -0.280581 
0.831719 1 0.915604 1 0.915936 -0.284621 
0.832848 1 0.915605 1 0.915922 -0.288559 
0.833946 1 0.915601 1 0.915911 -0.292401 
0.835015 1 0.915597 1 0.915903 -0.296146 
0.836054 1 0.915595 1 0.915895 -0.299796 
0.837068 1 0.915589 1 0.915892 -0.303357 
0.838057 1 0.915586 1 0.915893 -0.306827 
0.83902 1 0.915585 1 0.915896 -0.310209 
0.83996 1 0.915586 1 0.915904 -0.313508 
0.840875 1 0.91559 1 0.915913 -0.316724 
0.841767 1 0.915598 1 0.915925 -0.31986 
0.842636 1 0.91561 1 0.915939 -0.322917 
0.843482 1 0.915622 1 0.915954 -0.325899 
