0.614831 0 0.704778 0 0.704775 0.500001 
0.615016 0 0.705808 0 0.706328 0.498937 
0.615345 0 0.706971 0 0.708274 0.497823 
0.615705 0 0.70823 0 0.710443 0.49664 
0.616046 0 0.70957 0 0.712763 0.495372 
0.616391 0 0.711044 0 0.71523 0.494008 
0.616735 0 0.712668 0 0.717862 0.492546 
0.617082 0 0.714468 0 0.720678 0.490994 
0.617433 0 0.71646 0 0.723697 0.489365 
0.617781 0 0.718639 0 0.726925 0.487681 
0.618126 0 0.721002 0 0.730356 0.485965 
0.618477 0 0.723543 0 0.733977 0.484241 
0.618832 0 0.726236 0 0.737764 0.482531 
0.619186 0 0.729045 0 0.741687 0.480853 
0.619541 0 0.731943 0 0.745717 0.479221 
0.619904 0 0.734911 0 0.749827 0.477644 
0.620274 0 0.737924 0 0.75399 0.476128 
0.620646 0 0.740953 0 0.758183 0.474679 
0.62102 0 0.74398 0 0.762389 0.473298 
0.621404 0 0.747001 0 0.766592 0.471989 
0.621796 0 0.750003 0 0.770779 0.470752 
0.62219 0 0.752967 0 0.774938 0.46959 
0.622586 0 0.755887 0 0.779062 0.468501 
0.622993 0 0.758767 0 0.783145 0.467486 
0.623408 0 0.761602 0 0.78718 0.466545 
0.623824 0 0.764378 0 0.791163 0.465677 
0.624464 0 0.767796 0 0.79476 0.464881 
0.625222 0 0.771486 0 0.798136 0.464154 
0.625988 0 0.775112 0 0.801437 0.463495 
0.626716 0 0.778861 0 0.804392 0.462901 
0.627468 0 0.782473 0 0.807394 0.46237 
0.628212 0 0.786009 0 0.81033 0.461898 
0.629096 0 0.789612 0 0.813244 0.461483 
0.629823 0 0.793082 0 0.815945 0.461122 
0.630553 0 0.796491 0 0.818578 0.460812 
0.631293 0 0.799847 0 0.821143 0.46055 
0.63204 0 0.803151 0 0.823642 0.460334 
0.632788 0 0.806395 0 0.826076 0.46016 
0.633539 0 0.80958 0 0.828448 0.460026 
0.6343 0 0.812716 0 0.830759 0.459928 
0.63507 0 0.815804 0 0.833009 0.459865 
0.635841 0 0.818837 0 0.835202 0.459834 
0.636675 0 0.821791 0 0.837428 0.459833 
0.637551 0 0.82471 0 0.839624 0.459858 
0.638436 0 0.827584 0 0.841764 0.459908 
0.639323 0 0.830405 0 0.843852 0.459981 
0.640213 0 0.833174 0 0.845889 0.460073 
0.641113 0 0.835904 0 0.847876 0.460185 
0.642021 0 0.838593 0 0.849813 0.460312 
0.642899 0 0.841208 0 0.851683 0.460453 
0.643703 0 0.843669 0 0.853545 0.460607 
0.644449 0 0.846033 0 0.855333 0.460771 
0.645142 0 0.848334 0 0.857025 0.460944 
0.645882 0 0.850649 0 0.858664 0.461124 
0.646516 0 0.85288 0 0.860188 0.461309 
0.647217 0 0.855118 0 0.861693 0.461498 
0.647926 0 0.857327 0 0.863156 0.461688 
0.648637 0 0.859498 0 0.86458 0.461878 
0.649309 0 0.861582 0 0.865973 0.462067 
0.649952 0 0.863611 0 0.867309 0.462251 
0.65057 0 0.8656 0 0.868578 0.462431 
0.651164 0 0.867548 0 0.869786 0.462602 
0.651744 0 0.869463 0 0.870941 0.462764 
0.652322 0 0.871353 0 0.872047 0.462914 
0.652898 0 0.873218 0 0.873108 0.46305 
0.653467 0 0.87505 0 0.874127 0.46317 
0.65403 0 0.876849 0 0.875105 0.463269 
0.654594 0 0.878625 0 0.876041 0.463346 
0.655157 0 0.880379 0 0.876933 0.463398 
0.655712 0 0.882103 0 0.877783 0.463419 
0.656261 0 0.883798 0 0.878594 0.463407 
0.656812 0 0.885475 0 0.879362 0.463356 
0.657362 0 0.887132 0 0.880089 0.463262 
0.657905 0 0.888763 0 0.880775 0.463119 
0.658444 0 0.890367 0 0.881423 0.46292 
0.658984 0 0.891956 0 0.88203 0.46266 
0.659524 0 0.893529 0 0.882595 0.46233 
0.660058 0 0.895078 0 0.883122 0.461922 
0.660587 0 0.896604 0 0.883611 0.461428 
0.661119 0 0.898118 0 0.884061 0.460839 
0.66165 0 0.899619 0 0.88447 0.460143 
0.662176 0 0.9011 0 0.884842 0.459331 
0.662697 0 0.902561 0 0.885178 0.45839 
0.663221 0 0.904014 0 0.885475 0.457309 
0.663745 0 0.905458 0 0.885733 0.456074 
0.664263 0 0.906885 0 0.885955 0.454671 
0.664778 0 0.908297 0 0.886143 0.453085 
0.665294 0 0.909704 0 0.886293 0.451298 
0.665811 0 0.911107 0 0.886407 0.449294 
0.666322 0 0.912497 0 0.886485 0.447051 
0.666829 0 0.913876 0 0.88653 0.44455 
0.66739 1 0.913294 0 0.887803 0.441769 
0.667839 1 0.913024 0 0.889406 0.437967 
0.668278 1 0.912743 0 0.890936 0.432964 
0.668727 1 0.912527 0 0.892412 0.426577 
0.669137 1 0.912307 0 0.893798 0.418646 
0.66979 1 0.912206 0 0.895016 0.409067 
0.670595 1 0.912155 0 0.89616 0.397782 
0.671535 1 0.912098 0 0.897272 0.384911 
0.672597 1 0.912023 0 0.898342 0.370598 
0.673764 1 0.911928 0 0.899356 0.355112 
0.675014 1 0.911807 0 0.900305 0.338754 
0.676327 1 0.911652 0 0.901185 0.321817 
0.677684 1 0.911458 0 0.901998 0.304559 
0.679068 1 0.911222 0 0.902745 0.287186 
0.680464 1 0.910945 0 0.903424 0.269858 
0.681862 1 0.910629 0 0.904037 0.252689 
0.68318 0 0.91027 0 0.904494 0.235758 
0.684543 1 0.909874 0 0.904976 0.219175 
0.685895 1 0.909456 0 0.905396 0.202895 
0.687847 0 0.910164 1 0.905081 0.1869 
0.690361 1 0.910114 1 0.904959 0.171341 
0.692975 1 0.910162 1 0.905004 0.156123 
0.695595 1 0.910367 1 0.905123 0.141256 
0.698248 1 0.910543 1 0.905282 0.126736 
0.700908 1 0.910674 1 0.905454 0.11256 
0.703568 1 0.910795 1 0.905625 0.0987258 
0.706222 1 0.910911 1 0.905793 0.085231 
0.708866 1 0.91102 1 0.905956 0.072065 
0.711499 1 0.911123 1 0.906115 0.0592279 
0.714116 1 0.91122 1 0.906269 0.0467073 
0.716713 1 0.91131 1 0.906418 0.0345006 
0.719291 1 0.911395 1 0.906563 0.022592 
0.721845 1 0.911475 1 0.906704 0.0109843 
0.724374 1 0.91155 1 0.90684 -0.000340624 
0.726877 1 0.91162 1 0.906972 -0.011386 
0.729351 1 0.911685 1 0.9071 -0.022151 
0.731797 1 0.911746 1 0.907225 -0.0326491 
0.734211 1 0.911803 1 0.907345 -0.0428817 
0.736594 1 0.911855 1 0.907462 -0.0528656 
0.738944 1 0.911905 1 0.907575 -0.0625934 
0.741261 1 0.91195 1 0.907685 -0.0720801 
0.743544 1 0.911992 1 0.907792 -0.0813304 
0.745791 1 0.912032 1 0.907895 -0.0903494 
0.748003 1 0.912069 1 0.907996 -0.0991439 
0.75018 1 0.912102 1 0.908093 -0.107718 
0.752321 1 0.912133 1 0.908187 -0.11608 
0.754427 1 0.912161 1 0.908279 -0.124231 
0.756496 1 0.912187 1 0.908367 -0.13218 
0.758529 1 0.912211 1 0.908453 -0.139929 
0.760526 1 0.912232 1 0.908537 -0.147482 
0.762486 1 0.912252 1 0.908617 -0.154846 
0.76441 1 0.912269 1 0.908696 -0.162026 
0.766298 1 0.912284 1 0.908772 -0.16903 
0.76815 1 0.912299 1 0.908846 -0.175857 
0.769967 1 0.912311 1 0.908918 -0.182514 
0.771748 1 0.912322 1 0.908987 -0.189003 
0.773495 1 0.912331 1 0.909055 -0.195329 
0.775206 1 0.912339 1 0.90912 -0.201499 
0.776883 1 0.912346 1 0.909184 -0.207516 
0.778527 1 0.912351 1 0.909245 -0.213382 
0.780136 1 0.912356 1 0.909305 -0.219101 
0.781713 1 0.912359 1 0.909363 -0.224676 
0.783249 1 0.912299 1 0.909362 -0.23012 
0.784756 1 0.912294 1 0.909381 -0.235418 
0.78621 1 0.912302 1 0.909417 -0.240587 
0.787629 1 0.912297 1 0.909458 -0.245627 
0.789016 1 0.912288 1 0.9095 -0.25054 
0.790372 1 0.912278 1 0.909542 -0.25533 
0.791698 1 0.912267 1 0.909583 -0.259999 
0.792993 1 0.912257 1 0.909624 -0.264554 
0.79426 1 0.912246 1 0.909663 -0.268993 
0.795497 1 0.912235 1 0.909701 -0.273321 
0.796706 1 0.912223 1 0.909738 -0.277543 
0.797887 1 0.912211 1 0.909773 -0.281657 
0.79904 1 0.912198 1 0.909808 -0.285669 
0.800167 1 0.912186 1 0.909841 -0.28958 
0.801268 1 0.912172 1 0.909873 -0.293394 
0.802342 1 0.912159 1 0.909905 -0.297113 
0.803392 1 0.912145 1 0.909935 -0.300739 
0.804416 1 0.912131 1 0.909964 -0.304275 
0.805416 1 0.912119 1 0.909993 -0.307722 
0.806393 1 0.912104 1 0.91002 -0.311084 
0.807346 1 0.912089 1 0.910047 -0.314361 
0.808276 1 0.912075 1 0.910073 -0.317554 
0.809183 1 0.91206 1 0.910098 -0.320669 
0.810069 1 0.912046 1 0.910122 -0.323703 
0.810958 1 0.911997 1 0.910142 -0.326666 
0.811827 1 0.911985 1 0.910161 -0.329555 
0.812672 1 0.911986 1 0.910182 -0.33237 
0.813495 1 0.911984 1 0.910206 -0.335116 
0.814296 1 0.911975 1 0.910232 -0.337792 
0.81512 1 0.911953 1 0.910308 -0.340403 
0.815926 1 0.911954 1 0.910374 -0.342949 
0.816693 1 0.911955 1 0.910416 -0.345427 
0.817426 1 0.911947 1 0.910442 -0.347845 
0.818139 1 0.911935 1 0.91046 -0.3502 
0.818835 1 0.911922 1 0.910477 -0.352498 
0.819513 1 0.911909 1 0.910493 -0.35474 
0.820174 1 0.911896 1 0.910508 -0.356924 
0.820818 1 0.911883 1 0.910523 -0.359054 
0.821447 1 0.91187 1 0.910535 -0.361132 
0.822058 1 0.911856 1 0.910549 -0.363156 
0.822654 1 0.911843 1 0.910562 -0.365131 
0.823261 1 0.911831 1 0.910585 -0.367056 
0.823855 1 0.911821 1 0.910606 -0.368934 
0.824435 1 0.911812 1 0.910626 -0.370762 
0.825001 1 0.911804 1 0.910646 -0.372544 
0.825617 1 0.911819 1 0.910736 -0.374289 
0.826212 1 0.911794 1 0.910828 -0.375985 
