0.672624 0 0.748254 0 0.748251 0.500001 
0.672801 0 0.751666 0 0.752221 0.4993 
0.673068 0 0.755018 0 0.756437 0.498831 
0.673307 0 0.75827 0 0.760729 0.498527 
0.673641 0 0.761638 0 0.765018 0.498338 
0.67398 0 0.764969 0 0.769293 0.498232 
0.674319 0 0.768254 0 0.773541 0.498183 
0.674664 0 0.771499 0 0.777752 0.498176 
0.675016 0 0.774701 0 0.781922 0.498195 
0.675367 0 0.777846 0 0.786046 0.498231 
0.675718 0 0.780933 0 0.79012 0.498277 
0.676077 0 0.78397 0 0.794144 0.498326 
0.676445 0 0.786953 0 0.798114 0.498375 
0.676815 0 0.789873 0 0.802031 0.49842 
0.677189 0 0.792728 0 0.805896 0.498459 
0.677575 0 0.795528 0 0.809705 0.498489 
0.67797 0 0.79827 0 0.813457 0.498509 
0.678368 0 0.800945 0 0.817153 0.498516 
0.678771 0 0.803554 0 0.820794 0.498509 
0.679186 0 0.806104 0 0.824376 0.498487 
0.67961 0 0.808597 0 0.827898 0.498446 
0.680038 0 0.811021 0 0.831363 0.498387 
0.680469 0 0.813378 0 0.83477 0.498306 
0.680912 0 0.815677 0 0.838119 0.498203 
0.681364 0 0.817918 0 0.841406 0.498076 
0.681819 0 0.820091 0 0.844636 0.497922 
0.682278 0 0.822199 0 0.847808 0.49774 
0.682747 0 0.824249 0 0.850921 0.497528 
0.683225 0 0.826243 0 0.853972 0.497285 
0.683705 0 0.828171 0 0.856965 0.497008 
0.684188 0 0.830035 0 0.859901 0.496696 
0.684681 0 0.831843 0 0.862777 0.496345 
0.685181 0 0.833596 0 0.865592 0.495956 
0.685682 0 0.835285 0 0.868348 0.495525 
0.686185 0 0.836912 0 0.871046 0.495049 
0.686697 0 0.838484 0 0.873684 0.494528 
0.686961 0 0.839648 0 0.876303 0.493959 
0.687222 0 0.840747 0 0.878846 0.493339 
0.687482 0 0.841782 0 0.881313 0.492666 
0.687746 0 0.842763 0 0.883696 0.491938 
0.688012 0 0.843688 0 0.885994 0.491152 
0.688274 0 0.84455 0 0.888206 0.490306 
0.688531 0 0.845348 0 0.890331 0.489397 
0.688791 0 0.846092 0 0.892362 0.488421 
0.688904 0 0.846891 0 0.893893 0.487377 
0.688912 0 0.847655 0 0.89514 0.486261 
0.68891 0 0.848336 0 0.896268 0.485068 
0.688904 0 0.848941 0 0.897271 0.483796 
0.688892 0 0.849471 0 0.898146 0.48244 
0.688867 0 0.849915 0 0.898895 0.480996 
0.688828 0 0.850275 0 0.899517 0.479458 
0.688782 0 0.850559 0 0.900008 0.477821 
0.688496 0 0.850807 0 0.90099 0.47608 
0.688011 0 0.85088 0 0.902312 0.474229 
0.687407 0 0.850813 0 0.903663 0.472262 
0.686803 0 0.850705 0 0.904965 0.470172 
0.686379 0 0.850666 0 0.905666 0.467952 
0.68598 0 0.850933 0 0.90647 0.465596 
0.685574 0 0.851296 0 0.907373 0.463092 
0.68515 0 0.851613 0 0.908269 0.460433 
0.684726 0 0.851899 0 0.909128 0.457607 
0.684297 0 0.852147 0 0.909955 0.454604 
0.683862 0 0.85236 0 0.910752 0.451411 
0.683429 0 0.852545 0 0.91152 0.448015 
0.682995 0 0.852704 0 0.91226 0.4444 
0.682554 0 0.85283 0 0.912978 0.440552 
0.683033 0 0.854945 1 0.912662 0.436447 
0.683693 0 0.857435 1 0.91219 0.4323 
0.684283 0 0.859938 1 0.911928 0.428096 
0.684847 0 0.86242 0 0.911714 0.423825 
0.685397 0 0.864897 0 0.911528 0.419236 
0.685938 0 0.867376 0 0.911373 0.414302 
0.686469 0 0.869862 0 0.911272 0.408995 
0.687006 0 0.872132 0 0.91131 0.403283 
0.687563 0 0.874378 0 0.911422 0.397134 
0.688131 0 0.876651 0 0.911611 0.390516 
0.688707 0 0.878961 0 0.911862 0.383393 
0.689288 0 0.881302 0 0.912158 0.375734 
0.689874 0 0.883671 0 0.912485 0.367508 
0.69047 0 0.886169 0 0.912834 0.358687 
0.69107 0 0.888724 0 0.913156 0.349251 
0.691673 0 0.891287 0 0.913431 0.339188 
0.692281 0 0.893831 0 0.913648 0.328496 
0.692895 0 0.896332 0 0.913793 0.317187 
0.6935 0 0.898756 0 0.913835 0.305287 
0.694117 0 0.90109 0 0.913752 0.292837 
0.694741 0 0.903298 0 0.91351 0.279891 
0.695359 0 0.905337 0 0.913079 0.266516 
0.695797 0 0.906707 0 0.912661 0.252787 
0.696249 0 0.907832 0 0.91213 0.238782 
0.696706 0 0.908781 0 0.911427 0.224582 
0.697169 0 0.909543 0 0.910549 0.210264 
0.697637 0 0.910107 0 0.909495 0.195898 
0.698884 1 0.909899 0 0.909961 0.181586 
0.700217 1 0.909612 0 0.910499 0.167071 
0.701438 1 0.909428 0 0.910665 0.152559 
0.702629 0 0.909194 0 0.910765 0.138169 
0.704236 0 0.91036 1 0.910046 0.12405 
0.706456 1 0.910919 1 0.910217 0.110237 
0.708814 1 0.911394 1 0.910401 0.0966656 
0.711363 1 0.911842 1 0.910303 0.0833592 
0.713895 1 0.912187 1 0.910423 0.0703297 
0.716407 1 0.912485 1 0.910593 0.0576036 
0.718902 1 0.912759 1 0.910768 0.0451779 
0.721376 1 0.913013 1 0.910939 0.0330514 
0.723825 1 0.913252 1 0.911106 0.0212035 
0.726249 1 0.913477 1 0.911267 0.00963592 
0.728645 1 0.913688 1 0.911423 -0.00163926 
0.731012 1 0.913886 1 0.911573 -0.0126405 
0.733347 1 0.914073 1 0.911718 -0.0233714 
0.73565 1 0.914249 1 0.911857 -0.0338328 
0.737919 1 0.914414 1 0.911991 -0.0440345 
0.740155 1 0.914569 1 0.91212 -0.0539851 
0.742356 1 0.914714 1 0.912244 -0.0636809 
0.74448 1 0.914802 1 0.912388 -0.0731383 
0.746675 1 0.914955 1 0.912506 -0.0823671 
0.748852 1 0.915116 1 0.912645 -0.0913539 
0.75101 1 0.915303 1 0.912761 -0.100121 
0.753142 1 0.91547 1 0.912886 -0.108676 
0.75524 1 0.915629 1 0.913016 -0.11701 
0.757367 1 0.915799 1 0.91316 -0.12514 
0.759341 1 0.91594 1 0.913273 -0.133066 
0.76131 1 0.916069 1 0.913373 -0.140796 
0.763247 1 0.916191 1 0.913482 -0.148331 
0.765217 1 0.91632 1 0.913618 -0.155681 
0.767127 1 0.916447 1 0.913754 -0.162842 
0.769 1 0.916569 1 0.91388 -0.169826 
0.770756 1 0.916675 1 0.913954 -0.176636 
0.772503 1 0.916765 1 0.914034 -0.183275 
0.774219 1 0.91685 1 0.914124 -0.189749 
0.775959 1 0.916935 1 0.914248 -0.196058 
0.777574 1 0.917012 1 0.914327 -0.202213 
0.779207 1 0.917072 1 0.914423 -0.208209 
0.78081 1 0.917143 1 0.914528 -0.214051 
0.782376 1 0.917212 1 0.914627 -0.219752 
0.783901 1 0.917273 1 0.914717 -0.225311 
0.785347 1 0.917325 1 0.914779 -0.230728 
0.78684 1 0.917387 1 0.914865 -0.23601 
0.788231 1 0.917436 1 0.914932 -0.241153 
0.789633 1 0.917481 1 0.915009 -0.24618 
0.791011 1 0.917529 1 0.915092 -0.251082 
0.79236 1 0.917576 1 0.915172 -0.255857 
0.79368 1 0.917621 1 0.915249 -0.260516 
0.794972 1 0.917665 1 0.915323 -0.265057 
0.796237 1 0.917707 1 0.915395 -0.269487 
0.797475 1 0.917748 1 0.915465 -0.273803 
0.798688 1 0.917789 1 0.915533 -0.278014 
0.799877 1 0.917828 1 0.9156 -0.282114 
0.801041 1 0.917866 1 0.915667 -0.286114 
0.802181 1 0.917903 1 0.915731 -0.290014 
0.803298 1 0.91794 1 0.915795 -0.293823 
0.804392 1 0.917976 1 0.915858 -0.297525 
0.805463 1 0.918011 1 0.91592 -0.301142 
0.806512 1 0.918045 1 0.91598 -0.304666 
0.80754 1 0.918078 1 0.91604 -0.308103 
0.808547 1 0.918111 1 0.9161 -0.311453 
0.809535 1 0.918144 1 0.916158 -0.31472 
0.810502 1 0.918176 1 0.916216 -0.317909 
0.81145 1 0.918208 1 0.916273 -0.321015 
0.812379 1 0.918239 1 0.91633 -0.324044 
0.81329 1 0.91827 1 0.916386 -0.326999 
0.814183 1 0.918301 1 0.916441 -0.329881 
0.815059 1 0.918332 1 0.916497 -0.332691 
0.815918 1 0.918363 1 0.916551 -0.33543 
0.81676 1 0.918393 1 0.916605 -0.338097 
0.817586 1 0.918424 1 0.916659 -0.340696 
0.818396 1 0.918454 1 0.91671 -0.343235 
0.819192 1 0.918484 1 0.916761 -0.345708 
0.819973 1 0.918514 1 0.916815 -0.348116 
0.820739 1 0.918545 1 0.916868 -0.350468 
0.821492 1 0.918576 1 0.91692 -0.352762 
0.822232 1 0.918606 1 0.916974 -0.354996 
0.823004 1 0.918633 1 0.917051 -0.357173 
0.823764 1 0.918666 1 0.917142 -0.359298 
0.824494 1 0.918695 1 0.917221 -0.361369 
0.825212 1 0.918727 1 0.917284 -0.363393 
0.825944 1 0.918769 1 0.917345 -0.365364 
0.82667 1 0.918816 1 0.917407 -0.367285 
0.827347 1 0.918858 1 0.917453 -0.369155 
0.828035 1 0.918896 1 0.917505 -0.370983 
