0.642739 0 0.726438 0 0.726435 0.500001 
0.642925 0 0.728717 0 0.729236 0.498925 
0.643253 0 0.731001 0 0.73233 0.49779 
0.643611 0 0.733277 0 0.735561 0.496578 
0.643946 0 0.735544 0 0.73887 0.495276 
0.644287 0 0.737879 0 0.742266 0.493886 
0.644632 0 0.740313 0 0.745775 0.49242 
0.644975 0 0.742858 0 0.749417 0.490903 
0.645316 0 0.745525 0 0.753203 0.489364 
0.645664 0 0.748313 0 0.757125 0.487838 
0.646017 0 0.751202 0 0.761159 0.486353 
0.646371 0 0.754153 0 0.765277 0.48493 
0.646726 0 0.757139 0 0.769451 0.483585 
0.647089 0 0.760145 0 0.773653 0.482322 
0.64746 0 0.763148 0 0.777863 0.481144 
0.647835 0 0.766124 0 0.782064 0.480049 
0.648212 0 0.769062 0 0.786241 0.479035 
0.648599 0 0.771961 0 0.790384 0.478097 
0.648995 0 0.774815 0 0.794488 0.477232 
0.649395 0 0.777611 0 0.798547 0.476437 
0.649798 0 0.780345 0 0.802555 0.475709 
0.65021 0 0.783027 0 0.80651 0.475045 
0.650899 0 0.786326 0 0.810095 0.474443 
0.651727 0 0.789863 0 0.813482 0.4739 
0.65262 0 0.793437 0 0.816757 0.473413 
0.653521 0 0.796944 0 0.819951 0.47298 
0.654327 0 0.800597 0 0.822743 0.4726 
0.655109 0 0.804053 0 0.825566 0.472268 
0.655857 0 0.807404 0 0.828315 0.471983 
0.656656 0 0.810663 0 0.831069 0.471744 
0.657465 0 0.813865 0 0.833753 0.471547 
0.658275 0 0.817 0 0.836369 0.47139 
0.659088 0 0.820071 0 0.838918 0.471272 
0.65991 0 0.823089 0 0.841399 0.47119 
0.660741 0 0.826053 0 0.843816 0.471142 
0.661448 0 0.828994 0 0.846024 0.471126 
0.662157 0 0.831881 0 0.848176 0.471141 
0.662876 0 0.834724 0 0.850269 0.471184 
0.663606 0 0.837523 0 0.852307 0.471254 
0.664339 0 0.84027 0 0.854294 0.471348 
0.665075 0 0.842967 0 0.85623 0.471466 
0.66587 0 0.845591 0 0.85817 0.471605 
0.666698 0 0.848185 0 0.860059 0.471765 
0.667487 0 0.850658 0 0.861956 0.471943 
0.668238 0 0.853042 0 0.863806 0.472138 
0.668955 0 0.855366 0 0.865581 0.472349 
0.66965 0 0.857647 0 0.867282 0.472575 
0.670402 0 0.859921 0 0.868939 0.472815 
0.671067 0 0.86217 0 0.870484 0.473067 
0.671721 0 0.864337 0 0.872004 0.47333 
0.672368 0 0.866455 0 0.873477 0.473603 
0.673005 0 0.868529 0 0.874904 0.473886 
0.673635 0 0.870564 0 0.876287 0.474178 
0.674266 0 0.872568 0 0.877624 0.474477 
0.674896 0 0.874541 0 0.878917 0.474783 
0.675518 0 0.876475 0 0.880168 0.475094 
0.676132 0 0.878372 0 0.881376 0.475412 
0.676744 0 0.880242 0 0.882538 0.475734 
0.677355 0 0.882086 0 0.883654 0.47606 
0.677957 0 0.883896 0 0.884729 0.476389 
0.678551 0 0.885674 0 0.885762 0.476721 
0.679144 0 0.887429 0 0.886749 0.477056 
0.679736 0 0.889162 0 0.887693 0.477393 
0.68032 0 0.890865 0 0.888598 0.477731 
0.680898 0 0.892539 0 0.889462 0.47807 
0.681474 0 0.894194 0 0.890283 0.478409 
0.682051 0 0.895829 0 0.89106 0.478749 
0.682621 0 0.897437 0 0.8918 0.479088 
0.683184 0 0.899018 0 0.8925 0.479427 
0.683746 0 0.900584 0 0.893156 0.479766 
0.684309 0 0.902132 0 0.89377 0.480103 
0.684866 0 0.903655 0 0.894347 0.480439 
0.685417 0 0.905153 0 0.894884 0.480773 
0.685968 0 0.906638 0 0.895378 0.481105 
0.686519 0 0.908106 0 0.895829 0.481435 
0.687065 0 0.909551 0 0.896243 0.481763 
0.687605 0 0.910973 0 0.896617 0.482089 
0.688145 0 0.912381 0 0.896948 0.482412 
0.688687 0 0.913775 0 0.897236 0.482732 
0.689223 0 0.915145 0 0.897486 0.483049 
0.689753 0 0.916493 0 0.897696 0.483363 
0.690285 0 0.917828 0 0.897861 0.483674 
0.690817 0 0.919147 0 0.897983 0.483982 
0.691344 0 0.920443 0 0.898067 0.484286 
0.691866 0 0.921715 0 0.89811 0.484586 
0.692389 0 0.922973 0 0.898108 0.484883 
0.692913 0 0.924215 0 0.898062 0.485177 
0.693432 0 0.925431 0 0.897976 0.485466 
0.693946 0 0.926622 0 0.897849 0.485752 
0.694278 1 0.926517 0 0.898776 0.486056 
0.694496 1 0.926168 0 0.900159 0.48628 
0.694672 1 0.92581 0 0.901522 0.486447 
0.694862 1 0.925503 0 0.902727 0.486542 
0.695051 1 0.925186 0 0.903914 0.486558 
0.69524 0 0.92486 0 0.905082 0.486482 
0.695428 0 0.924521 0 0.906229 0.486414 
0.695615 0 0.924169 0 0.907355 0.486354 
0.695802 0 0.923805 0 0.908461 0.4863 
0.696021 0 0.923452 0 0.9095 0.486253 
0.696262 0 0.923101 0 0.910482 0.486213 
0.696516 0 0.922764 0 0.911347 0.486179 
0.696782 0 0.922426 0 0.91214 0.486151 
0.697059 0 0.922082 0 0.912875 0.486129 
0.697351 0 0.92173 0 0.91355 0.486111 
0.697661 0 0.921369 0 0.914158 0.486099 
0.69799 0 0.920998 0 0.914697 0.486091 
0.698341 0 0.920614 0 0.915162 0.486087 
0.698756 0 0.921786 1 0.914704 0.486101 
0.699234 0 0.922891 1 0.914132 0.486133 
0.699593 1 0.922104 0 0.914962 0.486192 
0.699889 1 0.922049 1 0.914505 0.48614 
0.700115 1 0.922007 1 0.914427 0.486008 
0.700316 1 0.921951 1 0.914412 0.485765 
0.700511 1 0.921876 1 0.914422 0.485381 
0.700704 1 0.921784 1 0.914443 0.484814 
0.700896 1 0.921681 1 0.914463 0.484027 
0.70109 1 0.921571 1 0.914478 0.48297 
0.701289 1 0.921452 1 0.914487 0.481596 
0.701496 1 0.921325 1 0.914488 0.479833 
0.701716 1 0.921185 1 0.91449 0.477617 
0.701956 1 0.921036 1 0.914484 0.474868 
0.702223 1 0.920878 1 0.914469 0.471495 
0.702522 1 0.920708 1 0.914443 0.467391 
0.702862 1 0.920524 1 0.914404 0.462453 
0.703252 1 0.920324 1 0.91435 0.456551 
0.703703 1 0.920104 1 0.914278 0.449583 
0.704271 1 0.919999 1 0.914162 0.44143 
0.704967 1 0.919919 1 0.914004 0.431993 
0.705801 1 0.91983 1 0.913837 0.421242 
0.706774 1 0.919703 1 0.913709 0.409172 
0.70789 1 0.919538 1 0.913597 0.395849 
0.709156 1 0.919338 1 0.913481 0.381383 
0.710571 1 0.919112 1 0.91335 0.365957 
0.712134 1 0.918862 1 0.913205 0.349772 
0.713816 1 0.918621 1 0.913287 0.333018 
0.715687 1 0.918264 1 0.913423 0.315938 
0.717678 1 0.918 1 0.913492 0.298718 
0.719774 1 0.917821 1 0.913441 0.281474 
0.721991 1 0.917623 1 0.913347 0.264321 
0.724288 1 0.917399 1 0.913244 0.247348 
0.726647 1 0.917166 1 0.913133 0.230619 
0.729056 1 0.916929 1 0.913015 0.214167 
0.731505 1 0.916689 1 0.912891 0.198027 
0.733985 1 0.916448 1 0.912761 0.182221 
0.73649 1 0.916204 1 0.912626 0.166757 
0.739012 1 0.915958 1 0.912486 0.151642 
0.741546 1 0.915709 1 0.912343 0.136873 
0.744086 1 0.91546 1 0.912196 0.12246 
0.746626 1 0.915211 1 0.912046 0.108389 
0.749163 1 0.914961 1 0.911891 0.0946606 
0.751692 1 0.91471 1 0.911735 0.0812641 
0.754211 1 0.914458 1 0.911575 0.0681969 
0.756715 1 0.914206 1 0.911413 0.0554545 
0.759203 1 0.913954 1 0.911247 0.0430225 
0.761671 1 0.913703 1 0.91108 0.0309025 
0.764118 1 0.913449 1 0.91091 0.0190866 
0.766541 1 0.913197 1 0.910738 0.00756219 
0.768938 1 0.912946 1 0.910563 -0.0036763 
0.771308 1 0.912693 1 0.910387 -0.0146347 
0.773649 1 0.912439 1 0.91021 -0.0253181 
0.775961 1 0.912188 1 0.91003 -0.0357373 
0.778241 1 0.911936 1 0.909849 -0.0458966 
0.780489 1 0.911684 1 0.909666 -0.0558008 
0.782704 1 0.911433 1 0.909481 -0.0654586 
0.784885 1 0.911183 1 0.909295 -0.074875 
0.787032 1 0.910933 1 0.909108 -0.0840573 
0.789143 1 0.910683 1 0.908919 -0.0930086 
0.791218 1 0.910434 1 0.908729 -0.101736 
0.793258 1 0.910186 1 0.908538 -0.110244 
0.795261 1 0.909937 1 0.908346 -0.118541 
0.797228 1 0.90969 1 0.908154 -0.126631 
0.799158 1 0.909445 1 0.90796 -0.134519 
0.801052 1 0.909199 1 0.907765 -0.142211 
0.802908 1 0.908954 1 0.90757 -0.14971 
0.804729 1 0.908554 1 0.907406 -0.157022 
0.806519 1 0.908237 1 0.907226 -0.164149 
0.80827 1 0.907973 1 0.907033 -0.171099 
0.809978 1 0.907728 1 0.90683 -0.177874 
0.81165 1 0.90748 1 0.906623 -0.184482 
0.813285 1 0.907235 1 0.906415 -0.190923 
0.814886 1 0.906992 1 0.906207 -0.197203 
0.816452 1 0.906754 1 0.905999 -0.203327 
0.817983 1 0.90652 1 0.905792 -0.209298 
0.819487 1 0.906258 1 0.905591 -0.215119 
0.820955 1 0.906014 1 0.90539 -0.220795 
0.822389 1 0.90578 1 0.90519 -0.226327 
0.823789 1 0.905551 1 0.904989 -0.231723 
0.825155 1 0.905323 1 0.904789 -0.236982 
0.82649 1 0.905097 1 0.904591 -0.242111 
0.827874 1 0.904946 1 0.904428 -0.247113 
