0.389262 0 0.506035 0 0.506033 0.500001 
0.389371 0 0.507244 0 0.506727 0.498953 
0.389749 0 0.508867 0 0.508157 0.497371 
0.390267 0 0.510928 0 0.510082 0.494949 
0.390954 0 0.513334 0 0.512624 0.491306 
0.391771 0 0.516105 0 0.515577 0.486066 
0.392532 0 0.518998 0 0.518714 0.478977 
0.393373 0 0.522213 0 0.522027 0.469962 
0.394317 0 0.525704 0 0.525544 0.459097 
0.395305 0 0.529345 0 0.529229 0.446559 
0.396342 0 0.533127 0 0.533053 0.432577 
0.397426 0 0.537035 0 0.536972 0.417402 
0.398534 0 0.541002 0 0.540939 0.401284 
0.399642 0 0.544963 0 0.544899 0.384465 
0.400742 0 0.54887 0 0.5488 0.367161 
0.401565 0 0.552558 0 0.552231 0.349562 
0.402171 0 0.55605 0 0.555198 0.331827 
0.402551 0 0.559198 0 0.557769 0.314085 
0.402782 0 0.562006 0 0.560014 0.296437 
0.402921 0 0.564498 0 0.561966 0.27896 
0.403001 0 0.56669 0 0.563638 0.261712 
0.403039 0 0.568581 0 0.565032 0.244735 
0.403049 0 0.570177 0 0.566155 0.228059 
0.403045 0 0.571488 0 0.567015 0.211704 
0.403031 0 0.572519 0 0.567617 0.195684 
0.403002 0 0.573266 0 0.567965 0.180007 
0.403132 0 0.573789 0 0.568445 0.164675 
0.403351 0 0.574146 0 0.568844 0.149691 
0.403602 0 0.574309 0 0.569075 0.135053 
0.403853 0 0.574264 0 0.569119 0.120758 
0.40419 0 0.574117 0 0.568998 0.106801 
0.404645 0 0.573877 0 0.568825 0.0931785 
0.405095 0 0.57347 0 0.568543 0.0798842 
0.405606 0 0.572985 0 0.568161 0.0669121 
0.406032 0 0.572333 0 0.567562 0.0542559 
0.406433 0 0.571546 0 0.566803 0.0419092 
0.406817 0 0.570639 0 0.565923 0.0298654 
0.407187 0 0.569626 0 0.564947 0.0181179 
0.407533 0 0.568509 0 0.563885 0.00665999 
0.407881 0 0.567327 0 0.562755 -0.00451483 
0.408227 0 0.566086 0 0.561568 -0.0154132 
0.408563 0 0.564784 0 0.560325 -0.0260413 
0.408887 0 0.563429 0 0.559034 -0.0364058 
0.409206 0 0.562035 0 0.557705 -0.0465127 
0.409517 0 0.560609 0 0.556342 -0.0563682 
0.409815 0 0.559148 0 0.554947 -0.0659782 
0.410099 0 0.557659 0 0.553527 -0.0753488 
0.410377 0 0.556157 0 0.552092 -0.0844854 
0.410647 0 0.554643 0 0.550643 -0.0933938 
0.410903 0 0.553114 0 0.549181 -0.10208 
0.411144 0 0.551573 0 0.547709 -0.110548 
0.411378 0 0.550033 0 0.546236 -0.118804 
0.411602 0 0.548494 0 0.544761 -0.126853 
0.411809 0 0.546949 0 0.543281 -0.134699 
0.412 0 0.545401 0 0.5418 -0.142348 
0.41218 0 0.54386 0 0.540323 -0.149804 
0.412346 0 0.542323 0 0.538848 -0.157072 
0.412492 0 0.540784 0 0.537372 -0.164155 
0.412616 0 0.539243 0 0.535894 -0.171058 
0.412725 0 0.537707 0 0.534419 -0.177785 
0.412813 0 0.536174 0 0.532944 -0.184339 
0.412874 0 0.534634 0 0.531464 -0.190725 
0.412905 0 0.533087 0 0.529977 -0.196944 
0.412911 0 0.531539 0 0.528488 -0.203 
0.412888 0 0.529986 0 0.526991 -0.208895 
0.412827 0 0.528419 0 0.525483 -0.214631 
0.412725 0 0.526838 0 0.523961 -0.220211 
0.412588 0 0.525251 0 0.522432 -0.225635 
0.412412 0 0.523657 0 0.520894 -0.230903 
0.412191 0 0.52205 0 0.519346 -0.236016 
0.411926 0 0.520436 0 0.517791 -0.240972 
0.411627 0 0.518827 0 0.516241 -0.245771 
0.411295 0 0.517229 0 0.5147 -0.25041 
0.410929 0 0.515641 0 0.513171 -0.254887 
0.410535 0 0.514072 0 0.511664 -0.259198 
0.410125 0 0.512539 0 0.510191 -0.263341 
0.409704 0 0.511045 0 0.508758 -0.267312 
0.409271 0 0.509591 0 0.507367 -0.271106 
0.40883 0 0.508182 0 0.506025 -0.274719 
0.408393 0 0.50683 0 0.504742 -0.278148 
0.407961 0 0.505538 0 0.503518 -0.281388 
0.407529 0 0.504299 0 0.502352 -0.284435 
0.4071 0 0.503117 0 0.501246 -0.287285 
0.406682 0 0.502 0 0.500206 -0.289935 
0.406275 0 0.500948 0 0.49923 -0.292381 
0.405871 0 0.499954 0 0.498314 -0.294621 
0.405473 0 0.499019 0 0.497459 -0.296652 
0.405088 0 0.498151 0 0.496671 -0.298472 
0.404714 0 0.49735 0 0.495947 -0.300078 
0.404412 0 0.496655 0 0.49531 -0.301469 
0.404156 0 0.496061 0 0.494768 -0.302641 
0.403933 0 0.495559 0 0.494311 -0.303592 
0.403731 0 0.495136 0 0.493928 -0.304317 
0.403535 0 0.494774 0 0.493607 -0.304807 
0.403344 0 0.494476 0 0.493351 -0.305049 
0.403162 0 0.494252 0 0.493169 -0.305018 
0.402989 0 0.49411 0 0.493068 -0.304675 
0.402816 0 0.494057 0 0.49306 -0.303954 
0.402647 0 0.494117 0 0.493167 -0.302758 
0.402487 0 0.494329 0 0.493426 -0.30095 
0.402337 0 0.494729 0 0.493872 -0.298359 
0.402189 0 0.495355 0 0.494548 -0.294788 
0.402046 0 0.496254 0 0.495499 -0.290041 
0.401914 0 0.497474 0 0.496769 -0.283952 
0.401792 0 0.499043 0 0.498384 -0.276415 
0.401674 0 0.500963 0 0.500349 -0.267413 
0.401562 0 0.503226 0 0.502656 -0.257015 
0.401465 0 0.505815 0 0.505282 -0.245369 
0.401381 0 0.508688 0 0.508185 -0.232669 
0.401306 0 0.511793 0 0.511315 -0.219129 
0.401242 0 0.515085 0 0.514624 -0.204962 
0.401196 0 0.518527 0 0.518073 -0.190358 
0.40117 0 0.52208 0 0.52162 -0.175482 
0.401156 0 0.5257 0 0.525224 -0.160468 
0.401158 0 0.52936 0 0.528858 -0.145425 
0.401182 0 0.533045 0 0.532501 -0.130438 
0.401227 0 0.536733 0 0.536132 -0.115572 
0.401286 0 0.5404 0 0.539731 -0.100877 
0.401359 0 0.544033 0 0.543287 -0.0863889 
0.401453 0 0.547631 0 0.546792 -0.0721357 
0.401566 0 0.551183 0 0.550239 -0.0581368 
0.401688 0 0.554674 0 0.553617 -0.0444055 
0.401821 0 0.558098 0 0.556922 -0.0309511 
0.401969 0 0.561461 0 0.560155 -0.017779 
0.402129 0 0.564755 0 0.563312 -0.00489236 
0.402295 0 0.567972 0 0.566388 0.00770817 
0.402465 0 0.571109 0 0.569384 0.0200235 
0.402645 0 0.574173 0 0.572302 0.0320553 
0.402833 0 0.577162 0 0.575142 0.0438069 
0.403021 0 0.580068 0 0.577901 0.0552819 
0.403209 0 0.582891 0 0.58058 0.0664843 
0.403404 0 0.58564 0 0.583185 0.0774189 
0.403603 0 0.588313 0 0.585715 0.0880903 
0.4038 0 0.590905 0 0.588169 0.0985035 
0.403994 0 0.593417 0 0.590549 0.108664 
0.404193 0 0.595858 0 0.592861 0.118576 
0.404394 0 0.598228 0 0.595106 0.128247 
0.404591 0 0.600521 0 0.597281 0.13768 
0.404785 0 0.60274 0 0.599391 0.146881 
0.404981 0 0.604893 0 0.601441 0.155856 
0.40518 0 0.606983 0 0.603432 0.16461 
0.405373 0 0.609002 0 0.605362 0.173147 
0.405563 0 0.610954 0 0.607235 0.181472 
0.405755 0 0.612848 0 0.609056 0.189592 
0.405949 0 0.614686 0 0.610827 0.19751 
0.406138 0 0.616461 0 0.612546 0.205231 
0.406323 0 0.618176 0 0.614217 0.21276 
0.40651 0 0.619841 0 0.615844 0.220102 
0.4067 0 0.621457 0 0.617429 0.227261 
0.406884 0 0.623018 0 0.618971 0.234241 
0.407065 0 0.624527 0 0.620472 0.241048 
0.407249 0 0.625993 0 0.621938 0.247684 
0.407434 0 0.627418 0 0.623369 0.254154 
0.407615 0 0.628795 0 0.624765 0.260462 
0.407793 0 0.630126 0 0.626126 0.266612 
0.407974 0 0.631422 0 0.627461 0.272607 
0.408158 0 0.632683 0 0.628767 0.278452 
0.408337 0 0.633902 0 0.630044 0.284149 
0.408513 0 0.635081 0 0.631294 0.289703 
0.408693 0 0.636231 0 0.632522 0.295117 
0.408876 0 0.637352 0 0.633727 0.300393 
0.409055 0 0.638436 0 0.634909 0.305536 
0.409231 0 0.639485 0 0.636069 0.310548 
0.409412 0 0.64051 0 0.637212 0.315432 
0.409595 0 0.64151 0 0.638337 0.320191 
0.409775 0 0.642478 0 0.639443 0.324827 
0.409953 0 0.643415 0 0.64053 0.329344 
0.410136 0 0.64433 0 0.641605 0.333743 
0.410322 0 0.645225 0 0.642665 0.338028 
0.410504 0 0.64609 0 0.643709 0.342199 
0.410685 0 0.646927 0 0.644738 0.346261 
0.410871 0 0.647745 0 0.645756 0.350213 
0.41106 0 0.648545 0 0.646764 0.354059 
0.411247 0 0.649317 0 0.647756 0.357799 
0.411432 0 0.650063 0 0.648736 0.361435 
0.411623 0 0.650793 0 0.649708 0.364969 
0.411818 0 0.651504 0 0.65067 0.368401 
0.41201 0 0.65219 0 0.651619 0.371733 
0.412201 0 0.652851 0 0.652556 0.374965 
0.412398 0 0.653496 0 0.653487 0.378097 
0.4126 0 0.654124 0 0.654409 0.381129 
0.412799 0 0.654726 0 0.655318 0.384062 
0.412998 0 0.655304 0 0.656217 0.386895 
0.413203 0 0.655866 0 0.65711 0.389626 
0.413413 0 0.656411 0 0.657994 0.392256 
0.413621 0 0.656931 0 0.658867 0.394782 
0.41383 0 0.657425 0 0.659729 0.397203 
0.414045 0 0.657904 0 0.660584 0.399516 
0.414266 0 0.658365 0 0.661432 0.40172 
0.414486 0 0.6588 0 0.662267 0.403812 
0.414707 0 0.659209 0 0.663093 0.405789 
0.414935 0 0.659601 0 0.663911 0.407648 
0.415169 0 0.659976 0 0.664722 0.409385 
0.415403 0 0.660323 0 0.665521 0.410998 
0.415639 0 0.660644 0 0.666309 0.412484 
0.415883 0 0.660947 0 0.667091 0.41384 
0.416135 0 0.661232 0 0.667865 0.415063 
0.416387 0 0.661489 0 0.668627 0.416153 
0.416641 0 0.661719 0 0.66938 0.417107 
0.416905 0 0.661932 0 0.670128 0.417927 
0.417178 0 0.662126 0 0.670869 0.418613 
0.417453 0 0.662294 0 0.671601 0.419167 
0.417731 0 0.662435 0 0.672325 0.419595 
0.41802 0 0.662561 0 0.673046 0.419903 
0.418319 0 0.662671 0 0.673765 0.420097 
0.418621 0 0.662755 0 0.674478 0.420187 
0.418929 0 0.662818 0 0.675187 0.420186 
0.41925 0 0.662867 0 0.6759 0.420106 
0.419582 0 0.662905 0 0.676615 0.419962 
0.41992 0 0.662923 0 0.677332 0.41977 
0.420266 0 0.662923 0 0.678052 0.419549 
0.420628 0 0.662917 0 0.678783 0.419317 
0.421004 0 0.662905 0 0.679526 0.419094 
0.421389 0 0.66288 0 0.680278 0.418899 
0.421786 0 0.662844 0 0.681044 0.418751 
0.422203 0 0.662809 0 0.681831 0.418671 
0.422639 0 0.662775 0 0.682639 0.418676 
0.42309 0 0.662735 0 0.683469 0.418783 
0.423559 0 0.662692 0 0.684322 0.419006 
0.424055 0 0.662657 0 0.685207 0.419359 
0.424579 0 0.66263 0 0.686126 0.419851 
0.425126 0 0.662603 0 0.687076 0.420489 
0.425701 0 0.662579 0 0.688062 0.421275 
0.426314 0 0.662569 0 0.68909 0.422208 
0.426965 0 0.662573 0 0.690161 0.423283 
0.427652 0 0.662582 0 0.691274 0.424492 
0.42806 0 0.662535 0 0.691918 0.42582 
0.428192 0 0.662383 0 0.692171 0.427253 
0.428191 0 0.662185 0 0.692236 0.428772 
0.42819 0 0.661979 0 0.692304 0.430359 
0.428189 0 0.661766 0 0.692377 0.431995 
0.428197 0 0.661554 0 0.692458 0.433661 
0.428212 0 0.661343 0 0.692547 0.435344 
0.428226 0 0.661123 0 0.692638 0.437029 
0.428241 0 0.660896 0 0.692732 0.438706 
0.428264 0 0.660671 0 0.692836 0.440367 
0.428294 0 0.660446 0 0.692946 0.442004 
0.428323 0 0.660213 0 0.69306 0.443615 
0.428352 0 0.659973 0 0.693177 0.445195 
0.428499 0 0.659839 0 0.693402 0.446743 
0.428737 0 0.659785 0 0.693713 0.448258 
0.42904 0 0.659783 0 0.694086 0.449738 
0.429393 0 0.659822 0 0.694509 0.451184 
0.429794 0 0.659901 0 0.694978 0.452596 
0.430236 0 0.660008 0 0.695489 0.453974 
0.430706 0 0.660129 0 0.696035 0.455318 
0.431202 0 0.66026 0 0.696614 0.456629 
0.431729 0 0.660405 0 0.697229 0.457908 
0.432282 0 0.660561 0 0.697877 0.459156 
0.432852 0 0.660714 0 0.698552 0.460372 
0.433438 0 0.660863 0 0.699253 0.461559 
0.434047 0 0.661014 0 0.699984 0.462716 
0.434675 0 0.661164 0 0.700743 0.463844 
0.435314 0 0.661301 0 0.701523 0.464944 
0.435964 0 0.661424 0 0.702324 0.466016 
0.43663 0 0.661539 0 0.703151 0.467062 
0.437311 0 0.661645 0 0.704 0.468081 
0.437998 0 0.661728 0 0.704865 0.469076 
0.438691 0 0.66179 0 0.705747 0.470045 
0.43913 0 0.661783 0 0.706286 0.47099 
0.439393 0 0.661774 0 0.706566 0.471911 
0.439549 0 0.661758 0 0.706689 0.47281 
0.439655 0 0.661728 0 0.706739 0.473686 
0.439875 0 0.661821 0 0.70688 0.47454 
0.440178 0 0.661979 0 0.707101 0.475373 
0.440536 0 0.662167 0 0.707382 0.476185 
0.440934 0 0.662372 0 0.707709 0.476976 
0.441367 0 0.662591 0 0.708075 0.477748 
0.441827 0 0.662817 0 0.708471 0.478501 
0.4423 0 0.663032 0 0.708889 0.479235 
0.442613 0 0.663118 0 0.709147 0.47995 
0.442765 0 0.66309 0 0.709236 0.480648 
0.442803 0 0.663005 0 0.709189 0.481328 
0.442755 0 0.662872 0 0.709043 0.481991 
0.442649 0 0.662702 0 0.708832 0.482637 
0.442512 0 0.662514 0 0.708581 0.483268 
0.442352 0 0.662318 0 0.708299 0.483882 
0.442312 0 0.662257 0 0.708098 0.484481 
0.442345 0 0.662251 0 0.707962 0.485066 
0.442425 0 0.662284 0 0.707867 0.485635 
0.442532 0 0.662344 0 0.707789 0.486191 
0.442645 0 0.662415 0 0.707713 0.486732 
0.442764 0 0.662495 0 0.707634 0.48726 
0.442897 0 0.662591 0 0.707645 0.487775 
0.443108 0 0.662793 0 0.70774 0.488277 
0.443356 0 0.663009 0 0.707895 0.488767 
0.443623 0 0.663213 0 0.708089 0.489244 
0.44389 0 0.66341 0 0.708279 0.489709 
0.444155 0 0.663595 0 0.708469 0.490162 
0.444415 0 0.663756 0 0.708661 0.490605 
0.444687 0 0.663906 0 0.708878 0.491036 
0.44497 0 0.664054 0 0.709114 0.491456 
0.44526 0 0.664196 0 0.709363 0.491866 
0.445547 0 0.664321 0 0.709618 0.492266 
0.445832 0 0.664428 0 0.709881 0.492655 
0.44612 0 0.664526 0 0.710154 0.493035 
0.446411 0 0.664613 0 0.710436 0.493406 
0.446698 0 0.664681 0 0.710723 0.493767 
0.446982 0 0.66473 0 0.711015 0.494119 
0.44727 0 0.664771 0 0.711319 0.494462 
0.447562 0 0.664802 0 0.711632 0.494797 
0.447815 0 0.664886 0 0.711885 0.495124 
0.44804 0 0.665028 0 0.712079 0.495442 
0.448277 0 0.665208 0 0.712276 0.495752 
0.448536 0 0.665418 0 0.712487 0.496055 
0.448815 0 0.665645 0 0.712715 0.49635 
0.449117 0 0.66589 0 0.712965 0.496637 
0.449406 0 0.666163 0 0.713177 0.496917 
0.449692 0 0.66646 0 0.713378 0.497191 
0.449977 0 0.666772 0 0.713574 0.497457 
0.450266 0 0.667103 0 0.713771 0.497717 
0.450568 0 0.667463 0 0.713977 0.497971 
0.450883 0 0.667852 0 0.71419 0.498218 
0.451203 0 0.668262 0 0.714409 0.498459 
0.45153 0 0.668696 0 0.714634 0.498693 
0.451869 0 0.669165 0 0.714874 0.498922 
0.452219 0 0.66967 0 0.715127 0.499145 
0.452572 0 0.670205 0 0.715395 0.499363 
0.452929 0 0.670778 0 0.715682 0.499575 
0.453297 0 0.671403 0 0.715998 0.499782 
0.453672 0 0.672088 0 0.716349 0.499984 
0.454048 0 0.672834 0 0.716738 0.500181 
0.454424 0 0.673655 0 0.717176 0.500372 
0.454809 0 0.674572 0 0.717677 0.500559 
0.455199 0 0.675595 0 0.718245 0.500742 
0.455587 0 0.676725 0 0.718882 0.50092 
0.455974 0 0.677971 0 0.719589 0.501093 
0.456366 0 0.679343 0 0.720369 0.501262 
0.456762 0 0.68084 0 0.721211 0.501426 
0.457154 0 0.682445 0 0.7221 0.501587 
0.457542 0 0.68415 0 0.723024 0.501744 
0.457935 0 0.685948 0 0.72397 0.501896 
0.458519 0 0.687937 0 0.725109 0.502045 
0.459222 0 0.690047 0 0.726386 0.50219 
0.459987 0 0.692239 0 0.727715 0.502332 
0.460789 0 0.694475 0 0.729049 0.50247 
0.461848 0 0.696896 0 0.730612 0.502604 
0.462643 0 0.699081 0 0.731813 0.502736 
0.463698 0 0.701444 0 0.733217 0.502863 
0.464756 0 0.703726 0 0.73456 0.502988 
0.465576 0 0.705741 0 0.735563 0.50311 
0.466634 0 0.707911 0 0.736696 0.503228 
0.467638 0 0.709861 0 0.737739 0.503344 
0.468621 0 0.711667 0 0.738686 0.503456 
0.469593 0 0.71335 0 0.73953 0.503566 
0.470556 0 0.714909 0 0.740274 0.503673 
0.471403 0 0.716172 0 0.740884 0.503777 
0.472472 0 0.717609 0 0.741534 0.503879 
0.473368 0 0.718846 0 0.741894 0.503978 
0.474261 0 0.719985 0 0.742173 0.504075 
0.47534 0 0.721169 0 0.74256 0.504169 
0.476283 0 0.722188 0 0.742734 0.504261 
0.477266 0 0.723088 0 0.742942 0.504351 
0.47828 0 0.723905 0 0.74316 0.504439 
0.479293 0 0.724603 0 0.743385 0.504524 
0.480247 0 0.725226 0 0.743506 0.504607 
0.481345 0 0.725932 0 0.743708 0.504688 
0.482401 0 0.726566 0 0.743862 0.504767 
0.483453 0 0.727156 0 0.744006 0.504844 
0.484605 0 0.727725 0 0.744299 0.504919 
0.485798 0 0.728299 0 0.744639 0.504992 
0.487047 0 0.72888 0 0.745056 0.505063 
0.488374 0 0.729481 0 0.745577 0.505133 
0.489799 0 0.730126 0 0.746228 0.5052 
0.491333 0 0.73082 0 0.747021 0.505266 
0.492973 0 0.731562 0 0.747962 0.505331 
0.494721 0 0.732353 0 0.749053 0.505393 
0.49658 0 0.733203 0 0.750297 0.505454 
0.498544 0 0.734111 0 0.751685 0.505514 
0.500593 0 0.735064 0 0.753203 0.505572 
0.502719 0 0.736059 0 0.754838 0.505628 
0.504914 0 0.737102 0 0.756579 0.505684 
0.507164 0 0.738189 0 0.75841 0.505737 
0.509449 0 0.739306 0 0.760313 0.505789 
0.511757 0 0.74045 0 0.762275 0.50584 
0.514085 0 0.741629 0 0.764287 0.50589 
0.516422 0 0.742839 0 0.766339 0.505938 
0.518756 0 0.744067 0 0.768421 0.505985 
0.521078 0 0.74532 0 0.770523 0.506031 
0.523406 0 0.746602 0 0.772662 0.506075 
0.525739 0 0.74791 0 0.774835 0.506118 
0.528039 0 0.749255 0 0.777003 0.50616 
0.530338 0 0.750618 0 0.779203 0.506201 
0.532645 0 0.75201 0 0.781439 0.506241 
0.534959 0 0.753426 0 0.783708 0.506279 
0.537215 0 0.754898 0 0.785947 0.506316 
0.539472 0 0.756386 0 0.788217 0.506353 
0.541737 0 0.757901 0 0.790522 0.506388 
0.544011 0 0.759439 0 0.79286 0.506421 
0.546284 0 0.76099 0 0.795225 0.506454 
0.548559 0 0.762553 0 0.797618 0.506485 
0.550753 0 0.764208 0 0.79996 0.506515 
0.552955 0 0.765885 0 0.802334 0.506543 
0.554674 0 0.767111 0 0.804383 0.506571 
0.555853 0 0.768079 0 0.806059 0.506597 
0.556849 0 0.769061 0 0.807315 0.506621 
0.557729 0 0.770046 0 0.808375 0.506644 
0.558543 0 0.771031 0 0.809397 0.506665 
0.55936 0 0.772032 0 0.810448 0.506684 
0.560189 0 0.773058 0 0.81153 0.506701 
0.561027 0 0.774107 0 0.812643 0.506716 
0.561868 0 0.77517 0 0.81378 0.506728 
0.562714 0 0.776246 0 0.814944 0.506737 
0.563571 0 0.777344 0 0.816136 0.506743 
0.564438 0 0.778462 0 0.817356 0.506746 
0.565308 0 0.779591 0 0.818598 0.506745 
0.566183 0 0.78073 0 0.819864 0.506739 
0.56684 0 0.781794 0 0.820985 0.506728 
0.567453 0 0.78288 0 0.82194 0.506712 
0.568025 0 0.783967 0 0.8228 0.506688 
0.568482 0 0.785013 0 0.823625 0.506656 
0.568967 0 0.786126 0 0.824428 0.506616 
0.569384 0 0.787209 0 0.825221 0.506565 
0.569825 0 0.788335 0 0.825979 0.506502 
0.570204 0 0.789412 0 0.826733 0.506425 
0.570549 0 0.790478 0 0.827456 0.506333 
0.570873 0 0.791541 0 0.828147 0.506221 
0.571178 0 0.792599 0 0.828812 0.506088 
0.571473 0 0.79366 0 0.829462 0.505931 
0.571768 0 0.794734 0 0.830106 0.505744 
0.572066 0 0.795821 0 0.830745 0.505523 
0.57236 0 0.796909 0 0.831375 0.505264 
0.572651 0 0.797999 0 0.831995 0.504961 
0.572947 0 0.799097 0 0.832608 0.504605 
0.573245 0 0.800201 0 0.833209 0.50419 
0.573539 0 0.801302 0 0.833794 0.503706 
0.57383 0 0.802397 0 0.834361 0.503143 
0.574124 0 0.803496 0 0.834912 0.502489 
0.574422 0 0.804594 0 0.835444 0.501731 
0.574715 0 0.805682 0 0.835951 0.500851 
0.575004 0 0.806757 0 0.836429 0.499834 
0.575297 0 0.807826 0 0.836881 0.498659 
0.575593 0 0.808885 0 0.837301 0.497303 
0.575883 0 0.809922 0 0.837681 0.495739 
0.576169 0 0.810933 0 0.838018 0.493937 
0.576459 0 0.811923 0 0.838309 0.491864 
0.57675 0 0.812887 0 0.838548 0.489481 
0.577036 0 0.813808 0 0.838723 0.486743 
0.577317 0 0.81468 0 0.838828 0.483599 
0.5776 0 0.815504 0 0.838856 0.479994 
0.577885 0 0.816269 0 0.838794 0.475862 
0.578163 0 0.816954 0 0.838627 0.471134 
0.578436 0 0.817544 0 0.838339 0.465733 
0.578711 0 0.818034 0 0.837918 0.459578 
0.578654 0 0.817927 0 0.836785 0.45259 
0.578251 0 0.817133 0 0.834976 0.444689 
0.577625 0 0.815733 0 0.832688 0.435813 
0.57688 0 0.813881 0 0.830067 0.425919 
0.576146 0 0.811782 0 0.827205 0.414994 
0.575418 0 0.809418 0 0.824089 0.403066 
0.574728 0 0.806811 0 0.820766 0.390201 
0.574075 0 0.803978 0 0.817251 0.376499 
0.57345 0 0.800926 0 0.813551 0.362086 
0.57284 0 0.797666 0 0.809682 0.347099 
0.572242 0 0.794225 0 0.80567 0.331676 
0.57166 0 0.790641 0 0.801551 0.31595 
0.571092 0 0.786945 0 0.797355 0.300036 
0.570529 0 0.78316 0 0.793108 0.284036 
0.569974 0 0.779315 0 0.788838 0.268037 
0.569302 0 0.775263 0 0.784339 0.252106 
0.56856 0 0.771046 0 0.779711 0.236302 
0.567783 0 0.766737 0 0.775042 0.220667 
0.566998 0 0.762408 0 0.770396 0.205236 
0.566225 0 0.758112 0 0.765811 0.190037 
0.56547 0 0.75387 0 0.761299 0.17509 
0.564728 0 0.749684 0 0.756862 0.160408 
0.563998 0 0.745553 0 0.7525 0.146004 
0.563288 0 0.741488 0 0.748215 0.131884 
0.562593 0 0.737487 0 0.744009 0.118053 
0.561909 0 0.73355 0 0.739882 0.104513 
0.561235 0 0.729682 0 0.73584 0.0912654 
0.56058 0 0.725896 0 0.731891 0.0783096 
0.559943 0 0.722193 0 0.728035 0.0656437 
0.559317 0 0.71857 0 0.72427 0.0532653 
0.558703 0 0.715027 0 0.720597 0.041171 
0.558108 0 0.711573 0 0.717019 0.029357 
0.55753 0 0.708205 0 0.713534 0.0178195 
0.556963 0 0.704917 0 0.710138 0.00655375 
0.556408 0 0.701708 0 0.706831 -0.00444495 
0.555871 0 0.698587 0 0.703616 -0.0151812 
0.555352 0 0.69555 0 0.70049 -0.0256602 
0.554842 0 0.69259 0 0.697448 -0.0358869 
0.554345 0 0.689707 0 0.694491 -0.0458662 
0.553865 0 0.686907 0 0.69162 -0.0556037 
0.553403 0 0.684187 0 0.688832 -0.0651041 
0.55295 0 0.681539 0 0.686123 -0.0743727 
0.552508 0 0.678963 0 0.683491 -0.0834145 
0.552084 0 0.676464 0 0.68094 -0.0922345 
0.551676 0 0.674039 0 0.678465 -0.100837 
0.551278 0 0.671681 0 0.676062 -0.109228 
0.550889 0 0.669388 0 0.673729 -0.117412 
0.550518 0 0.667166 0 0.67147 -0.125393 
0.550163 0 0.665013 0 0.669281 -0.133177 
0.549816 0 0.66292 0 0.667157 -0.140767 
0.549479 0 0.660887 0 0.665097 -0.148168 
0.549159 0 0.658918 0 0.663104 -0.155384 
0.548853 0 0.657012 0 0.661175 -0.16242 
0.548555 0 0.655161 0 0.659305 -0.16928 
0.548267 0 0.653363 0 0.657492 -0.175969 
0.547994 0 0.651624 0 0.655741 -0.182489 
0.547735 0 0.649943 0 0.654048 -0.188845 
0.547483 0 0.64831 0 0.652408 -0.19504 
0.54724 0 0.646725 0 0.65082 -0.201079 
0.547011 0 0.645195 0 0.649288 -0.206965 
0.546796 0 0.643717 0 0.647809 -0.212702 
0.546588 0 0.642282 0 0.646378 -0.218292 
0.546387 0 0.640891 0 0.644994 -0.22374 
0.5462 0 0.639549 0 0.643661 -0.229049 
0.546026 0 0.638254 0 0.642376 -0.234222 
0.545858 0 0.636999 0 0.641135 -0.239261 
0.545697 0 0.635783 0 0.639937 -0.244171 
0.545549 0 0.634612 0 0.638785 -0.248953 
0.545414 0 0.633484 0 0.637678 -0.253611 
0.545283 0 0.632391 0 0.63661 -0.258148 
0.545159 0 0.631333 0 0.635581 -0.262566 
0.545048 0 0.630317 0 0.634595 -0.266868 
0.544948 0 0.62934 0 0.63365 -0.271057 
0.544852 0 0.628396 0 0.632741 -0.275134 
0.544763 0 0.627482 0 0.631867 -0.279103 
0.544685 0 0.626607 0 0.631033 -0.282966 
0.544619 0 0.625768 0 0.630237 -0.286724 
0.544557 0 0.624958 0 0.629474 -0.290381 
0.544499 0 0.624176 0 0.628743 -0.293939 
0.544454 0 0.62343 0 0.628049 -0.297399 
0.544419 0 0.622717 0 0.62739 -0.300763 
0.544388 0 0.62203 0 0.626762 -0.304034 
0.544361 0 0.621368 0 0.626163 -0.307213 
0.544346 0 0.62074 0 0.625599 -0.310302 
0.54434 0 0.620142 0 0.625068 -0.313303 
0.544338 0 0.619568 0 0.624564 -0.316219 
0.54434 0 0.619017 0 0.624088 -0.319049 
0.544353 0 0.618497 0 0.623645 -0.321796 
0.544376 0 0.618005 0 0.623233 -0.324462 
0.544401 0 0.617535 0 0.622846 -0.327048 
0.54443 0 0.617086 0 0.622485 -0.329556 
0.54447 0 0.616665 0 0.622156 -0.331987 
0.544519 0 0.616272 0 0.621855 -0.334342 
0.544571 0 0.615897 0 0.621578 -0.336622 
0.544626 0 0.615542 0 0.621325 -0.33883 
0.544691 0 0.615214 0 0.621102 -0.340966 
0.544766 0 0.614911 0 0.620906 -0.343031 
0.544843 0 0.614626 0 0.620732 -0.345026 
0.544922 0 0.614358 0 0.620582 -0.346953 
0.545012 0 0.614115 0 0.62046 -0.348813 
0.545111 0 0.613896 0 0.620364 -0.350606 
0.545212 0 0.613693 0 0.620289 -0.352334 
0.545315 0 0.613507 0 0.620236 -0.353998 
0.545428 0 0.613344 0 0.62021 -0.355597 
0.54555 0 0.613203 0 0.620209 -0.357134 
0.545674 0 0.613077 0 0.620228 -0.358609 
0.5458 0 0.612966 0 0.620268 -0.360023 
0.545936 0 0.612878 0 0.620335 -0.361376 
0.545982 0 0.612617 0 0.620112 -0.362669 
0.545953 0 0.612225 0 0.619693 -0.363902 
0.545879 0 0.611791 0 0.619195 -0.365078 
0.545791 0 0.61138 0 0.618706 -0.366195 
0.545713 0 0.611003 0 0.618254 -0.367256 
0.545654 0 0.610659 0 0.617906 -0.36826 
0.545627 0 0.610379 0 0.617648 -0.369208 
0.545613 0 0.610093 0 0.6174 -0.370101 
0.545605 0 0.609807 0 0.617152 -0.370938 
0.545594 0 0.609528 0 0.616909 -0.371722 
0.545586 0 0.609268 0 0.616682 -0.372451 
0.545588 0 0.609039 0 0.616483 -0.373125 
0.5456 0 0.608839 0 0.616307 -0.373746 
0.545614 0 0.608658 0 0.616148 -0.374313 
0.545629 0 0.608493 0 0.616003 -0.374826 
0.545653 0 0.608352 0 0.615876 -0.375285 
0.545682 0 0.608231 0 0.615763 -0.37569 
0.54571 0 0.608124 0 0.615661 -0.376041 
0.545739 0 0.608032 0 0.615571 -0.376336 
0.545775 0 0.607964 0 0.615498 -0.376576 
0.545818 0 0.607918 0 0.615442 -0.376759 
0.545861 0 0.607887 0 0.615398 -0.376885 
0.545904 0 0.607872 0 0.615366 -0.376954 
0.545955 0 0.607881 0 0.615352 -0.376963 
0.546012 0 0.607912 0 0.615355 -0.376912 
0.546069 0 0.607959 0 0.615369 -0.3768 
0.546126 0 0.608021 0 0.615396 -0.376624 
0.546113 0 0.607969 0 0.615292 -0.376382 
0.546076 0 0.607873 0 0.615132 -0.376075 
0.546029 0 0.60777 0 0.614973 -0.375698 
0.545984 0 0.607687 0 0.614842 -0.375251 
0.545954 0 0.60764 0 0.614751 -0.374731 
0.545936 0 0.60763 0 0.614699 -0.374137 
0.545924 0 0.607645 0 0.614677 -0.373465 
0.545916 0 0.607681 0 0.614678 -0.372713 
0.545918 0 0.607742 0 0.614707 -0.371878 
0.545928 0 0.607826 0 0.61476 -0.370959 
0.545939 0 0.607926 0 0.614835 -0.369951 
0.545953 0 0.608045 0 0.614934 -0.368852 
0.545976 0 0.608194 0 0.615065 -0.36766 
0.546008 0 0.608371 0 0.615228 -0.366372 
0.546042 0 0.608571 0 0.615418 -0.364984 
0.546079 0 0.608795 0 0.615638 -0.363496 
0.546126 0 0.609052 0 0.615892 -0.361904 
0.546181 0 0.60934 0 0.616181 -0.360206 
0.546237 0 0.609653 0 0.6165 -0.358402 
0.546249 0 0.609919 0 0.616782 -0.35649 
0.546236 0 0.610167 0 0.617039 -0.354469 
0.546208 0 0.610422 0 0.617293 -0.352339 
0.546169 0 0.610695 0 0.617557 -0.350101 
0.546123 0 0.61099 0 0.617841 -0.347756 
0.54608 0 0.611315 0 0.618151 -0.345305 
0.546039 0 0.611668 0 0.618486 -0.342752 
0.545992 0 0.612039 0 0.618841 -0.340099 
0.545941 0 0.612428 0 0.619217 -0.337349 
0.545893 0 0.612842 0 0.619619 -0.334508 
0.545846 0 0.613278 0 0.620044 -0.331579 
0.545793 0 0.613729 0 0.620485 -0.328568 
0.545733 0 0.614192 0 0.620939 -0.32548 
0.545674 0 0.614675 0 0.621411 -0.322322 
0.545612 0 0.615174 0 0.621897 -0.319099 
0.545542 0 0.61568 0 0.622389 -0.315819 
0.545463 0 0.616192 0 0.622888 -0.312488 
0.545383 0 0.616716 0 0.623397 -0.309113 
0.5453 0 0.617251 0 0.623913 -0.305699 
0.545206 0 0.617786 0 0.624429 -0.302254 
0.545103 0 0.618319 0 0.624946 -0.298784 
0.544996 0 0.618859 0 0.625466 -0.295294 
0.544885 0 0.6194 0 0.625986 -0.291789 
0.544761 0 0.619935 0 0.626499 -0.288274 
0.544625 0 0.620461 0 0.627006 -0.284753 
0.544483 0 0.620985 0 0.627509 -0.281229 
0.544333 0 0.621504 0 0.628005 -0.277704 
0.544167 0 0.62201 0 0.628488 -0.27418 
0.543985 0 0.622501 0 0.628958 -0.270656 
0.543794 0 0.622985 0 0.62942 -0.267132 
0.543591 0 0.623459 0 0.62987 -0.263607 
0.543367 0 0.623915 0 0.630304 -0.260077 
0.543123 0 0.624353 0 0.630722 -0.256538 
0.542864 0 0.624781 0 0.631129 -0.252984 
0.542587 0 0.625197 0 0.631524 -0.24941 
0.542284 0 0.625595 0 0.631902 -0.245808 
0.541954 0 0.625974 0 0.632267 -0.24217 
0.541603 0 0.626346 0 0.632623 -0.238487 
0.541229 0 0.626709 0 0.632971 -0.23475 
0.540823 0 0.627058 0 0.63331 -0.230949 
0.540386 0 0.627397 0 0.633643 -0.227078 
0.539925 0 0.627736 0 0.633978 -0.223127 
0.539439 0 0.628078 0 0.634317 -0.219092 
0.538923 0 0.628419 0 0.634662 -0.21497 
0.538379 0 0.628763 0 0.635016 -0.210758 
0.537818 0 0.629123 0 0.63539 -0.206458 
0.537241 0 0.629502 0 0.635786 -0.202074 
0.536645 0 0.629894 0 0.636204 -0.197613 
0.536035 0 0.630304 0 0.636648 -0.193082 
0.535423 0 0.630741 0 0.637125 -0.188491 
0.534837 0 0.631226 0 0.637645 -0.18385 
0.534359 0 0.631804 0 0.638226 -0.179169 
0.533948 0 0.632466 0 0.638887 -0.174458 
0.533579 0 0.633192 0 0.639606 -0.169729 
0.533233 0 0.633952 0 0.640358 -0.16499 
0.532891 0 0.634723 0 0.641126 -0.16025 
0.532549 0 0.635498 0 0.641905 -0.155517 
0.532212 0 0.636283 0 0.642696 -0.150798 
0.53188 0 0.637072 0 0.643495 -0.146098 
0.531544 0 0.637858 0 0.644297 -0.141423 
0.531206 0 0.638639 0 0.645101 -0.136774 
0.530873 0 0.639424 0 0.645911 -0.132149 
0.530545 0 0.640213 0 0.646727 -0.127545 
0.530215 0 0.641001 0 0.647548 -0.122952 
0.529885 0 0.641793 0 0.648378 -0.118352 
0.529562 0 0.642604 0 0.649228 -0.113723 
0.529245 0 0.64344 0 0.650105 -0.109028 
0.528928 0 0.644306 0 0.651018 -0.104222 
0.528612 0 0.645218 0 0.651983 -0.0992481 
0.528305 0 0.6462 0 0.653019 -0.0940411 
0.528005 0 0.647269 0 0.654145 -0.08853 
0.527707 0 0.648437 0 0.655376 -0.0826452 
0.527412 0 0.649719 0 0.656727 -0.0763259 
0.527126 0 0.651135 0 0.658214 -0.069526 
0.52685 0 0.65269 0 0.659842 -0.0622207 
0.526577 0 0.654379 0 0.661609 -0.0544076 
0.526309 0 0.656195 0 0.663509 -0.0461064 
0.526052 0 0.658138 0 0.665535 -0.0373555 
0.525805 0 0.660191 0 0.667671 -0.0282079 
0.525563 0 0.662332 0 0.669898 -0.0187242 
0.525326 0 0.664543 0 0.672197 -0.00896959 
0.525102 0 0.666815 0 0.674554 0.000991546 
0.52489 0 0.669128 0 0.676949 0.0110983 
0.524682 0 0.671462 0 0.679365 0.0212945 
0.524481 0 0.673801 0 0.681786 0.0315306 
0.524293 0 0.676143 0 0.684203 0.0417635 
0.524117 0 0.678474 0 0.686605 0.0519562 
0.523946 0 0.680779 0 0.688979 0.062078 
0.523781 0 0.683051 0 0.691318 0.0721034 
0.52363 0 0.685292 0 0.693619 0.0820113 
0.52349 0 0.687496 0 0.695876 0.091785 
0.523354 0 0.689651 0 0.698082 0.101411 
0.523225 0 0.691755 0 0.700236 0.110879 
0.523108 0 0.693815 0 0.702337 0.120181 
0.523001 0 0.695826 0 0.704384 0.129311 
0.522898 0 0.697782 0 0.706373 0.138265 
0.5228 0 0.69968 0 0.708304 0.14704 
0.522712 0 0.70153 0 0.71018 0.155633 
0.522634 0 0.703331 0 0.712001 0.164046 
0.522559 0 0.705074 0 0.713764 0.172276 
0.522486 0 0.706761 0 0.715471 0.180326 
0.522424 0 0.708402 0 0.717128 0.188195 
0.522369 0 0.709995 0 0.718732 0.195887 
0.522315 0 0.711534 0 0.720283 0.203402 
0.522264 0 0.713021 0 0.721784 0.210743 
0.522221 0 0.714465 0 0.723239 0.217912 
0.522185 0 0.715866 0 0.724648 0.224912 
0.522149 0 0.717218 0 0.72601 0.231746 
0.522114 0 0.718522 0 0.727329 0.238415 
0.522087 0 0.719788 0 0.728608 0.244924 
0.522067 0 0.721017 0 0.729848 0.251275 
0.522046 0 0.722202 0 0.731048 0.25747 
0.522026 0 0.723344 0 0.732211 0.263513 
0.522013 0 0.724454 0 0.733341 0.269407 
0.522006 0 0.725531 0 0.734438 0.275154 
0.522 0 0.726569 0 0.735502 0.280757 
0.521994 0 0.72757 0 0.736534 0.286219 
0.521995 0 0.728543 0 0.737541 0.291543 
0.522003 0 0.729488 0 0.73852 0.296732 
0.522012 0 0.730399 0 0.739473 0.301788 
0.522022 0 0.731277 0 0.7404 0.306715 
0.52204 0 0.732132 0 0.741306 0.311514 
0.522066 0 0.732963 0 0.742191 0.316188 
0.522094 0 0.733764 0 0.743055 0.32074 
0.522124 0 0.734535 0 0.743898 0.325173 
0.522165 0 0.735288 0 0.744726 0.32949 
0.522215 0 0.73602 0 0.745538 0.333692 
0.522269 0 0.736725 0 0.746334 0.337784 
0.522329 0 0.737404 0 0.747115 0.341767 
0.522402 0 0.738067 0 0.747886 0.345645 
0.522488 0 0.738714 0 0.748646 0.349421 
0.522582 0 0.739336 0 0.749396 0.353098 
0.522686 0 0.739936 0 0.750138 0.35668 
0.522809 0 0.740523 0 0.750875 0.360171 
0.522951 0 0.741096 0 0.75161 0.363574 
0.523107 0 0.741649 0 0.752341 0.366895 
0.523282 0 0.742184 0 0.753073 0.370137 
0.523484 0 0.742709 0 0.75381 0.373305 
0.523716 0 0.743226 0 0.754555 0.376405 
0.523974 0 0.743728 0 0.755308 0.379441 
0.524264 0 0.744217 0 0.756075 0.382417 
0.524596 0 0.744704 0 0.756862 0.385339 
0.524973 0 0.745191 0 0.757672 0.388209 
0.525392 0 0.745672 0 0.758507 0.39103 
0.525858 0 0.746151 0 0.759371 0.393805 
0.526382 0 0.74664 0 0.760269 0.396534 
0.526962 0 0.74714 0 0.761202 0.399217 
0.527591 0 0.747647 0 0.762168 0.401852 
0.52827 0 0.748164 0 0.763165 0.40444 
0.529001 0 0.7487 0 0.764192 0.406977 
0.529778 0 0.749256 0 0.765243 0.409462 
0.530588 0 0.749822 0 0.766312 0.411895 
0.531427 0 0.750398 0 0.767394 0.414274 
0.532296 0 0.750991 0 0.768485 0.416599 
0.533188 0 0.751599 0 0.76958 0.418869 
0.534091 0 0.752211 0 0.770673 0.421086 
0.534789 0 0.753099 0 0.771428 0.42325 
0.535717 0 0.753821 0 0.772528 0.425361 
0.536469 0 0.754761 0 0.773378 0.42742 
0.537391 0 0.755468 0 0.774448 0.429428 
0.538108 0 0.756369 0 0.775182 0.431387 
0.539 0 0.757061 0 0.776178 0.433298 
0.539704 0 0.757942 0 0.776874 0.435161 
0.540565 0 0.758613 0 0.777825 0.436978 
0.541268 0 0.759518 0 0.77851 0.438749 
0.542162 0 0.760224 0 0.779551 0.440476 
0.54289 0 0.761096 0 0.780312 0.44216 
0.543759 0 0.76175 0 0.78132 0.443803 
0.544707 0 0.762338 0 0.782438 0.445404 
0.545499 0 0.763181 0 0.783304 0.446965 
0.546413 0 0.763828 0 0.784404 0.448487 
0.547234 0 0.764465 0 0.785389 0.449971 
0.54814 0 0.765004 0 0.786516 0.451418 
0.548878 0 0.765706 0 0.787351 0.452828 
0.54972 0 0.766249 0 0.788382 0.454204 
0.550613 0 0.766733 0 0.789496 0.455545 
0.551328 0 0.767365 0 0.790313 0.456853 
0.552126 0 0.767844 0 0.791301 0.458128 
0.552849 0 0.768313 0 0.792213 0.459371 
0.553514 0 0.768719 0 0.793087 0.460583 
0.554254 0 0.769034 0 0.794107 0.461764 
0.554862 0 0.769447 0 0.794907 0.462917 
0.555555 0 0.769738 0 0.795871 0.46404 
0.556286 0 0.769977 0 0.796908 0.465135 
0.55688 0 0.770344 0 0.797698 0.466203 
0.557555 0 0.770581 0 0.798677 0.467244 
0.558169 0 0.770805 0 0.799588 0.46826 
0.558833 0 0.770944 0 0.80061 0.469249 
0.559421 0 0.771084 0 0.801533 0.470214 
0.560061 0 0.771162 0 0.802556 0.471155 
0.560632 0 0.771251 0 0.803481 0.472073 
0.561242 0 0.771271 0 0.804497 0.472967 
0.561984 0 0.771387 0 0.805687 0.473839 
0.562779 0 0.771541 0 0.806905 0.47469 
0.563574 0 0.771681 0 0.808105 0.475519 
0.564373 0 0.771783 0 0.809322 0.476327 
0.565171 0 0.771859 0 0.810551 0.477115 
0.565959 0 0.771927 0 0.811771 0.477884 
0.566735 0 0.771975 0 0.81298 0.478633 
0.567493 0 0.771986 0 0.814181 0.479363 
0.568235 0 0.77196 0 0.815377 0.480075 
0.568972 0 0.771906 0 0.816576 0.48077 
0.569702 0 0.771824 0 0.817776 0.481447 
0.57042 0 0.771707 0 0.818976 0.482107 
0.571128 0 0.771554 0 0.820178 0.482751 
0.571833 0 0.771375 0 0.821383 0.483378 
0.572533 0 0.77117 0 0.82259 0.48399 
0.573222 0 0.770928 0 0.823796 0.484586 
0.573902 0 0.77065 0 0.825004 0.485168 
0.574579 0 0.770344 0 0.826215 0.485735 
0.575252 0 0.770011 0 0.827428 0.486288 
0.575914 0 0.769639 0 0.828641 0.486827 
0.576566 0 0.769229 0 0.829854 0.487353 
0.577216 0 0.768791 0 0.831071 0.487865 
0.577863 0 0.768324 0 0.83229 0.488365 
0.578499 0 0.767817 0 0.833509 0.488852 
0.579125 0 0.767272 0 0.834729 0.489327 
0.579749 0 0.766696 0 0.835952 0.48979 
0.580369 0 0.766091 0 0.837178 0.490242 
0.580979 0 0.765445 0 0.838405 0.490682 
0.581578 0 0.764759 0 0.839633 0.491111 
0.582174 0 0.764043 0 0.840865 0.49153 
0.582766 0 0.763295 0 0.842102 0.491938 
0.583346 0 0.762507 0 0.843342 0.492335 
0.583915 0 0.76168 0 0.844586 0.492723 
0.584479 0 0.760824 0 0.845839 0.493102 
0.585037 0 0.759941 0 0.847103 0.49347 
0.585355 0 0.760048 0 0.847684 0.49383 
0.585642 0 0.760502 0 0.848117 0.49418 
0.58599 0 0.761054 0 0.848559 0.494521 
0.586258 0 0.761471 0 0.849024 0.494855 
0.58652 0 0.76191 0 0.849527 0.49518 
0.586777 0 0.762388 0 0.850084 0.495496 
0.587037 0 0.762932 0 0.850714 0.495805 
0.587299 0 0.763557 0 0.851433 0.496106 
0.587555 0 0.76427 0 0.852252 0.4964 
0.587807 0 0.765079 0 0.853179 0.496686 
0.588062 0 0.765996 0 0.854218 0.496965 
0.588319 0 0.767016 0 0.855361 0.497237 
0.588572 0 0.76812 0 0.856592 0.497503 
0.588821 0 0.769293 0 0.857897 0.497762 
0.589074 0 0.770527 0 0.85926 0.498014 
0.589318 0 0.77168 0 0.860747 0.49826 
0.589546 0 0.772808 0 0.862274 0.4985 
0.589774 0 0.773942 0 0.863806 0.498733 
0.590329 0 0.775898 0 0.865058 0.498961 
0.591049 0 0.777773 0 0.866551 0.499183 
0.591847 0 0.77969 0 0.868032 0.4994 
0.592902 0 0.781949 0 0.869476 0.499611 
0.593899 0 0.783948 0 0.870924 0.499817 
0.5949 0 0.785868 0 0.872307 0.500018 
0.595897 0 0.787695 0 0.873615 0.500214 
0.596634 0 0.789061 0 0.874872 0.500405 
0.597379 0 0.790339 0 0.87606 0.500591 
0.598131 0 0.791521 0 0.877171 0.500772 
0.598736 0 0.792928 0 0.877966 0.50095 
0.599454 0 0.794512 0 0.878468 0.501122 
0.60022 0 0.796097 0 0.878763 0.50129 
0.601017 0 0.797602 0 0.87894 0.501454 
0.601812 0 0.798968 0 0.879013 0.501614 
0.602606 0 0.800196 0 0.878983 0.50177 
0.603408 0 0.801294 0 0.878854 0.501922 
0.604216 0 0.802264 0 0.878628 0.50207 
0.605023 0 0.803102 0 0.878307 0.502215 
0.605697 0 0.803879 0 0.87777 0.502356 
0.60638 0 0.804551 0 0.877156 0.502493 
0.607071 0 0.805127 0 0.876469 0.502627 
0.607764 0 0.805606 0 0.875716 0.502758 
0.608459 0 0.805999 0 0.874905 0.502885 
0.609165 0 0.806326 0 0.874047 0.503009 
0.60988 0 0.806596 0 0.87315 0.50313 
0.610598 0 0.806808 0 0.872221 0.503247 
0.611318 0 0.806973 0 0.871267 0.503362 
0.61205 0 0.807108 0 0.870299 0.503475 
0.612898 0 0.807175 0 0.869392 0.503584 
0.613869 0 0.807073 0 0.868757 0.50369 
0.61493 0 0.806854 0 0.868289 0.503794 
0.616062 0 0.806567 0 0.867926 0.503895 
0.617213 0 0.806268 0 0.867601 0.503994 
0.618366 0 0.805968 0 0.8673 0.50409 
0.619523 0 0.805673 0 0.86703 0.504184 
0.620692 0 0.805397 0 0.866799 0.504276 
0.621871 0 0.805145 0 0.866609 0.504365 
0.623274 0 0.804764 0 0.866699 0.504452 
0.624874 0 0.804364 0 0.867022 0.504537 
0.626652 0 0.803984 0 0.867547 0.50462 
0.628579 0 0.803621 0 0.868246 0.5047 
0.630621 0 0.803265 0 0.869094 0.504779 
0.632757 0 0.802919 0 0.870072 0.504856 
0.634975 0 0.802597 0 0.871167 0.504931 
0.637258 0 0.802303 0 0.87236 0.505003 
0.639584 0 0.802035 0 0.87364 0.505074 
0.64194 0 0.801796 0 0.874995 0.505144 
0.644322 0 0.8016 0 0.876418 0.505211 
0.64672 0 0.801451 0 0.877899 0.505277 
0.649116 0 0.801337 0 0.879431 0.505341 
0.651507 0 0.801272 0 0.88101 0.505404 
0.653906 0 0.801252 0 0.88264 0.505465 
0.655311 0 0.801927 1 0.883033 0.505525 
0.656555 0 0.8028 1 0.883239 0.505582 
0.657759 0 0.803702 1 0.883465 0.505639 
0.658975 0 0.804655 1 0.883772 0.505694 
0.66019 0 0.805661 0 0.884126 0.505747 
0.661341 0 0.806757 1 0.884388 0.505798 
0.662463 0 0.807936 1 0.884647 0.505848 
0.663549 0 0.809243 1 0.884891 0.505895 
0.664624 0 0.810639 1 0.885134 0.50594 
0.665663 0 0.812165 1 0.885359 0.505982 
0.66669 0 0.813778 1 0.885583 0.506019 
0.667705 0 0.815482 1 0.885805 0.506051 
0.668705 0 0.817273 1 0.886025 0.506074 
0.669346 0 0.818845 1 0.887223 0.506084 
0.669555 0 0.820236 1 0.887726 0.50608 
0.669717 0 0.821759 1 0.888021 0.506053 
0.669696 0 0.823271 1 0.888232 0.505976 
0.669563 0 0.824782 1 0.888345 0.505845 
0.669321 0 0.826247 1 0.888409 0.505617 
0.669086 0 0.827732 1 0.888418 0.505255 
0.668766 0 0.829179 1 0.888597 0.504698 
0.668464 0 0.830593 1 0.888654 0.503861 
0.668126 0 0.831959 1 0.888716 0.502631 
0.667829 0 0.833322 1 0.88876 0.500861 
0.667529 0 0.834612 1 0.888832 0.498373 
0.667291 0 0.835875 1 0.888896 0.494962 
0.667054 0 0.837001 0 0.888766 0.490415 
0.666813 0 0.838116 0 0.888626 0.48602 
0.666694 0 0.839539 1 0.888679 0.481786 
0.66666 0 0.840932 1 0.888786 0.47626 
0.666626 0 0.842134 0 0.888628 0.469291 
0.666585 0 0.843348 0 0.888487 0.462702 
0.666536 0 0.844577 0 0.888367 0.456494 
0.666479 0 0.845822 0 0.888271 0.450668 
0.666415 0 0.847084 0 0.888202 0.445222 
0.666345 0 0.848366 0 0.888162 0.440152 
0.666266 0 0.849669 0 0.888152 0.435452 
0.666181 0 0.850993 0 0.888173 0.431114 
0.666089 0 0.852339 0 0.888225 0.42713 
0.666047 0 0.853722 0 0.887538 0.42349 
0.666098 0 0.855324 0 0.886654 0.42018 
0.66619 0 0.857013 0 0.88575 0.417189 
0.666273 0 0.858702 0 0.884866 0.414501 
0.666348 0 0.860392 0 0.884002 0.412103 
0.666415 0 0.862082 0 0.883155 0.409981 
0.666489 0 0.863806 0 0.88238 0.408121 
0.666569 0 0.865557 0 0.88166 0.406509 
0.666651 0 0.86733 0 0.88098 0.405131 
0.666733 0 0.869123 0 0.880335 0.403973 
0.666816 0 0.870937 0 0.879724 0.403023 
0.666916 0 0.87264 0 0.879598 0.402267 
0.667051 0 0.874371 0 0.879686 0.401693 
0.667189 0 0.876056 0 0.879417 0.401291 
0.667319 0 0.877757 0 0.878937 0.401049 
0.667503 1 0.877309 0 0.879873 0.400957 
0.667704 1 0.877315 0 0.880986 0.40121 
0.667914 1 0.877401 0 0.882049 0.401726 
0.668123 0 0.877521 0 0.883087 0.40243 
0.668331 0 0.877638 0 0.884088 0.403099 
0.668538 0 0.877754 0 0.88506 0.403731 
0.668743 0 0.877956 0 0.886041 0.404322 
0.66894 0 0.878183 0 0.886993 0.404868 
0.669127 0 0.878413 0 0.887909 0.405367 
0.669308 0 0.878644 0 0.888794 0.405814 
0.669485 0 0.878881 0 0.889655 0.406208 
0.669664 0 0.879129 0 0.890497 0.406544 
0.669845 0 0.879386 0 0.891323 0.40682 
0.670031 0 0.879654 0 0.892132 0.407032 
0.67022 0 0.87993 0 0.892925 0.407178 
0.670218 0 0.880715 1 0.892764 0.407253 
0.670253 0 0.881496 1 0.892732 0.406345 
0.670289 0 0.882102 1 0.892614 0.404178 
0.670397 1 0.882028 0 0.893047 0.400463 
0.670674 1 0.882337 1 0.892921 0.397089 
0.671171 1 0.882617 1 0.892984 0.392145 
0.67189 1 0.882938 1 0.893181 0.38521 
0.672849 1 0.883357 1 0.893462 0.375985 
0.674051 1 0.88389 1 0.893824 0.364473 
0.675248 1 0.884463 1 0.893983 0.350957 
0.676502 1 0.885009 1 0.894104 0.335848 
0.677821 1 0.885458 1 0.894349 0.319722 
0.679109 1 0.885875 1 0.894668 0.302996 
0.680457 1 0.886307 1 0.89501 0.285985 
0.681836 1 0.886681 1 0.895324 0.268913 
0.683226 1 0.887004 1 0.895598 0.251935 
0.684614 1 0.887285 1 0.895825 0.235152 
0.68599 1 0.887526 1 0.896001 0.218635 
0.687346 1 0.887728 1 0.896125 0.202419 
0.688678 1 0.887891 1 0.896199 0.186531 
0.68998 1 0.888018 1 0.896223 0.170986 
0.691249 1 0.888109 1 0.896198 0.155788 
0.692482 1 0.888165 1 0.896127 0.140942 
0.693678 1 0.888188 1 0.896012 0.126444 
0.694836 1 0.888177 1 0.895855 0.112293 
0.695952 1 0.888134 1 0.895658 0.0984842 
0.697026 1 0.888061 1 0.895423 0.0850096 
0.698058 1 0.887956 1 0.895152 0.0718642 
0.699047 1 0.887821 1 0.894845 0.0590397 
0.699992 1 0.887659 1 0.894504 0.0465333 
0.700893 1 0.887468 1 0.89413 0.0343347 
0.701752 1 0.887247 1 0.893726 0.0224388 
0.702566 1 0.886998 1 0.893293 0.0108391 
0.703337 1 0.886722 1 0.892831 -0.00047322 
0.704066 1 0.886418 1 0.892341 -0.0115042 
0.704753 1 0.886089 1 0.891823 -0.0222601 
0.705397 1 0.885733 1 0.89128 -0.0327484 
0.706001 1 0.885351 1 0.890711 -0.0429762 
0.706564 1 0.884943 1 0.890118 -0.0529497 
0.707088 1 0.884509 1 0.8895 -0.0626734 
0.707574 1 0.884051 1 0.888859 -0.0721536 
0.708023 1 0.883568 1 0.888195 -0.081399 
0.708436 1 0.883061 1 0.887508 -0.0904126 
0.708814 1 0.882529 1 0.8868 -0.0992017 
0.709159 1 0.881974 1 0.886071 -0.10777 
0.709471 1 0.881396 1 0.88532 -0.116125 
0.709753 1 0.880794 1 0.88455 -0.124271 
0.710006 1 0.880169 1 0.883761 -0.132216 
0.710231 1 0.879522 1 0.882952 -0.139958 
0.71043 1 0.878852 1 0.882125 -0.147508 
0.710605 1 0.878162 1 0.88128 -0.154872 
0.710758 1 0.877451 1 0.880416 -0.162052 
0.71089 1 0.87672 1 0.879536 -0.169051 
0.711004 1 0.875969 1 0.87864 -0.175876 
0.711101 1 0.875198 1 0.877728 -0.182528 
0.711183 1 0.874409 1 0.876801 -0.189014 
0.711252 1 0.873601 1 0.87586 -0.195339 
0.71131 1 0.872776 1 0.874906 -0.201504 
0.71136 1 0.871934 1 0.87394 -0.207519 
0.711295 1 0.870858 1 0.872975 -0.213384 
0.711446 1 0.87002 1 0.872133 -0.219102 
0.711746 1 0.869319 1 0.871357 -0.224672 
0.712087 1 0.868666 1 0.870594 -0.230109 
0.712414 1 0.868 1 0.869819 -0.235409 
0.712731 1 0.867319 1 0.86903 -0.240576 
0.713039 1 0.866628 1 0.868232 -0.245613 
0.71334 1 0.865926 1 0.867427 -0.250523 
0.713635 1 0.865213 1 0.866614 -0.255312 
0.713925 1 0.86449 1 0.865796 -0.25998 
0.714213 1 0.863758 1 0.86497 -0.264532 
0.7145 1 0.863019 1 0.864141 -0.268972 
0.714746 1 0.862217 1 0.863288 -0.2733 
0.714983 1 0.861396 1 0.862408 -0.27752 
0.715222 1 0.860573 1 0.861514 -0.281634 
0.715471 1 0.859749 1 0.860614 -0.285642 
0.715823 1 0.859023 1 0.859799 -0.289551 
0.71622 1 0.858361 1 0.858999 -0.293363 
0.716627 1 0.857691 1 0.85827 -0.297081 
0.717048 1 0.857021 1 0.85754 -0.300705 
0.717474 1 0.85635 1 0.85681 -0.304239 
0.717906 1 0.855674 1 0.856079 -0.307685 
0.718344 1 0.854998 1 0.855343 -0.311042 
0.718792 1 0.854327 1 0.854606 -0.314317 
0.719255 1 0.853667 1 0.85387 -0.317509 
0.719732 1 0.853021 1 0.853142 -0.320621 
0.720226 1 0.852389 1 0.852422 -0.323655 
0.720735 1 0.85177 1 0.851713 -0.326615 
0.72126 1 0.851162 1 0.851016 -0.329501 
0.7218 1 0.850563 1 0.850329 -0.332316 
0.722355 1 0.849972 1 0.849654 -0.335061 
0.722926 1 0.849387 1 0.848991 -0.337734 
0.723512 1 0.84881 1 0.84834 -0.34034 
0.724114 1 0.848242 1 0.8477 -0.342883 
0.724774 1 0.847748 1 0.847174 -0.345361 
0.72545 1 0.847296 1 0.846692 -0.347777 
0.726125 1 0.846857 1 0.846226 -0.350134 
0.726794 1 0.846413 1 0.845761 -0.352431 
0.727462 1 0.845961 1 0.845293 -0.354671 
0.728139 1 0.84551 1 0.844827 -0.356856 
0.728824 1 0.84506 1 0.844364 -0.358985 
0.72952 1 0.844611 1 0.843904 -0.36106 
0.730229 1 0.844165 1 0.843446 -0.363084 
0.730951 1 0.843721 1 0.842991 -0.365056 
0.731694 1 0.843292 1 0.842554 -0.366979 
0.732451 1 0.842878 1 0.842131 -0.368855 
0.733222 1 0.842473 1 0.841717 -0.370685 
0.734003 1 0.842076 1 0.841311 -0.372469 
0.734798 1 0.841685 1 0.840912 -0.37421 
0.735606 1 0.8413 1 0.840521 -0.375905 
0.73643 1 0.840924 1 0.840138 -0.377559 
0.737271 1 0.840555 1 0.839764 -0.37917 
0.73813 1 0.840197 1 0.8394 -0.380742 
0.739008 1 0.839848 1 0.839046 -0.382273 
0.739904 1 0.839509 1 0.838703 -0.383765 
0.74082 1 0.83918 1 0.838371 -0.385219 
0.741755 1 0.838862 1 0.838049 -0.386639 
0.742711 1 0.838554 1 0.837738 -0.388023 
0.743687 1 0.838258 1 0.837439 -0.389371 
0.744686 1 0.837973 1 0.837151 -0.390686 
0.745708 1 0.837699 1 0.836875 -0.391967 
0.746753 1 0.837438 1 0.836612 -0.393216 
0.747822 1 0.837189 1 0.836362 -0.394434 
0.748915 1 0.836953 1 0.836125 -0.395622 
0.750035 1 0.83673 1 0.835902 -0.39678 
0.751181 1 0.836521 1 0.835692 -0.397912 
0.752354 1 0.836326 1 0.835497 -0.399015 
0.753554 1 0.836146 1 0.835316 -0.400089 
0.754783 1 0.83598 1 0.835151 -0.401136 
0.756042 1 0.835829 1 0.835 -0.402158 
0.75733 1 0.835694 1 0.834866 -0.403152 
0.758649 1 0.835575 1 0.834748 -0.404121 
0.76 1 0.835473 1 0.834647 -0.405065 
0.761383 1 0.835388 1 0.834563 -0.405987 
0.7628 1 0.83532 1 0.834497 -0.406888 
0.76425 1 0.83527 1 0.834449 -0.407766 
0.765735 1 0.835238 1 0.834419 -0.408619 
0.767256 1 0.835225 1 0.834409 -0.40945 
0.768813 1 0.835232 1 0.834418 -0.410263 
0.770407 1 0.835258 1 0.834447 -0.411054 
0.772039 1 0.835302 1 0.834498 -0.411827 
0.773709 1 0.835365 1 0.834572 -0.412579 
0.775419 1 0.835449 1 0.83467 -0.413313 
0.777168 1 0.835553 1 0.834791 -0.414029 
0.778958 1 0.83568 1 0.834935 -0.414725 
0.78079 1 0.835828 1 0.835103 -0.415405 
0.782674 1 0.836019 1 0.835304 -0.416066 
0.784594 1 0.83623 1 0.835529 -0.416712 
0.786547 1 0.83646 1 0.835773 -0.417341 
0.788532 1 0.836711 1 0.836032 -0.417956 
0.790553 1 0.836982 1 0.836309 -0.418554 
0.792615 1 0.837275 1 0.836609 -0.419137 
0.79472 1 0.837592 1 0.836932 -0.419707 
0.796868 1 0.837935 1 0.837282 -0.420262 
0.79906 1 0.838306 1 0.83766 -0.420804 
0.801313 1 0.838714 1 0.838072 -0.421332 
0.803617 1 0.839151 1 0.838512 -0.421847 
0.805971 1 0.839616 1 0.838979 -0.42235 
0.808371 1 0.840107 1 0.839473 -0.422839 
0.810816 1 0.840626 1 0.839995 -0.423316 
0.813307 1 0.841173 1 0.840546 -0.423781 
0.815846 1 0.84175 1 0.841127 -0.424233 
0.818434 1 0.842358 1 0.84174 -0.424676 
0.821072 1 0.842998 1 0.842383 -0.425107 
0.823761 1 0.843669 1 0.843059 -0.42553 
0.8265 1 0.844373 1 0.843767 -0.425942 
0.82929 1 0.845109 1 0.844508 -0.426341 
0.832128 1 0.845879 1 0.845282 -0.42673 
0.835014 1 0.846681 1 0.846088 -0.427111 
0.837949 1 0.847517 1 0.846928 -0.42748 
0.840933 1 0.848386 1 0.847803 -0.427841 
0.843963 1 0.849289 1 0.848711 -0.428193 
0.847039 1 0.850227 1 0.849654 -0.428535 
0.850159 1 0.851199 1 0.850631 -0.428867 
0.85332 1 0.852206 1 0.851642 -0.429194 
0.85652 1 0.853247 1 0.852687 -0.429513 
0.859758 1 0.854321 1 0.853767 -0.429821 
0.86303 1 0.85543 1 0.854879 -0.430122 
0.866334 1 0.856572 1 0.856026 -0.430417 
0.869665 1 0.857748 1 0.857205 -0.430702 
0.873021 1 0.858956 1 0.858417 -0.430982 
0.876395 1 0.860197 1 0.859662 -0.431256 
0.879784 1 0.86147 1 0.860938 -0.431524 
0.883181 1 0.862773 1 0.862245 -0.431781 
0.886578 1 0.864106 1 0.863582 -0.432033 
0.88997 1 0.865468 1 0.864948 -0.432279 
0.893347 1 0.866858 1 0.866341 -0.432517 
0.896699 1 0.868274 1 0.867761 -0.432749 
0.900015 1 0.869716 1 0.869206 -0.432983 
0.903284 1 0.871181 1 0.870674 -0.433203 
0.906491 1 0.872668 1 0.872164 -0.433419 
0.906138 1 0.872703 1 0.872378 -0.433673 
0.905664 1 0.872673 1 0.872517 -0.433919 
0.905442 1 0.872528 1 0.872525 -0.434118 
0.90526 1 0.872382 1 0.872434 -0.434313 
0.905077 1 0.872237 1 0.872318 -0.434501 
0.904892 1 0.872097 1 0.872197 -0.434686 
0.904704 1 0.87196 1 0.872072 -0.434866 
0.904513 1 0.871824 1 0.871944 -0.435041 
0.904319 1 0.871689 1 0.871814 -0.435211 
0.904122 1 0.871553 1 0.871683 -0.435376 
0.903989 1 0.871442 1 0.871575 -0.43554 
0.903895 1 0.871356 1 0.871493 -0.435699 
0.903823 1 0.871286 1 0.871424 -0.435853 
0.903762 1 0.871226 1 0.871362 -0.436003 
0.903711 1 0.871175 1 0.871304 -0.43615 
0.903672 1 0.871133 1 0.871251 -0.436293 
0.90365 1 0.871101 1 0.871207 -0.436433 
0.903647 1 0.871081 1 0.871171 -0.436568 
0.903664 1 0.871073 1 0.871146 -0.436699 
0.903701 1 0.871078 1 0.87113 -0.436828 
0.903757 1 0.871094 1 0.871124 -0.436953 
0.903831 1 0.871121 1 0.871127 -0.437076 
0.903924 1 0.871158 1 0.87114 -0.437193 
0.904035 1 0.871206 1 0.871163 -0.43731 
0.904165 1 0.871265 1 0.871194 -0.437423 
0.904314 1 0.871333 1 0.871238 -0.437534 
0.904482 1 0.871412 1 0.871291 -0.437641 
0.90467 1 0.871502 1 0.871354 -0.437745 
0.904876 1 0.8716 1 0.871429 -0.437847 
0.9051 1 0.871709 1 0.871513 -0.437944 
0.905344 1 0.871827 1 0.871608 -0.438042 
0.905606 1 0.871956 1 0.871713 -0.438136 
0.905887 1 0.872094 1 0.871829 -0.438228 
0.905735 1 0.872117 1 0.871831 -0.438327 
0.905639 1 0.872122 1 0.871824 -0.438411 
0.905602 1 0.872098 1 0.871796 -0.438496 
0.905586 1 0.872075 1 0.871777 -0.43858 
0.905585 1 0.872059 1 0.871766 -0.438661 
0.905599 1 0.87205 1 0.871763 -0.438738 
0.905632 1 0.872049 1 0.871768 -0.438813 
0.905618 1 0.872042 1 0.871775 -0.438887 
0.905611 1 0.872038 1 0.871779 -0.438961 
0.905614 1 0.87204 1 0.871779 -0.439033 
0.905623 1 0.872043 1 0.871778 -0.439103 
0.905634 1 0.872049 1 0.871776 -0.439171 
0.905647 1 0.872055 1 0.871773 -0.439236 
0.90566 1 0.872063 1 0.871769 -0.4393 
0.905673 1 0.87207 1 0.871765 -0.439365 
0.905687 1 0.872078 1 0.87176 -0.439424 
0.9057 1 0.872085 1 0.871756 -0.439482 
0.905714 1 0.872092 1 0.871751 -0.43954 
0.905729 1 0.872102 1 0.871746 -0.439596 
0.905743 1 0.872111 1 0.87174 -0.43965 
0.905758 1 0.87212 1 0.871734 -0.439705 
0.905773 1 0.872129 1 0.871729 -0.439758 
0.905788 1 0.872139 1 0.871722 -0.439809 
0.905803 1 0.872149 1 0.871715 -0.439858 
0.905818 1 0.872158 1 0.87171 -0.439907 
0.905833 1 0.872167 1 0.871703 -0.439952 
0.905848 1 0.872176 1 0.871697 -0.439999 
0.905862 1 0.872185 1 0.871691 -0.440045 
0.905877 1 0.872195 1 0.871686 -0.440089 
0.905891 1 0.872203 1 0.87168 -0.440133 
0.905904 1 0.872211 1 0.871675 -0.440174 
0.905918 1 0.872219 1 0.871669 -0.440215 
0.905931 1 0.872227 1 0.871664 -0.440256 
0.905944 1 0.872234 1 0.87166 -0.440294 
0.905956 1 0.872241 1 0.871655 -0.44033 
0.905968 1 0.872248 1 0.871651 -0.440366 
0.90598 1 0.872255 1 0.871647 -0.440403 
0.905992 1 0.872262 1 0.871642 -0.440438 
0.906003 1 0.872268 1 0.871639 -0.440471 
0.906015 1 0.872275 1 0.871635 -0.440503 
0.906026 1 0.872281 1 0.871631 -0.440535 
0.906036 1 0.872288 1 0.871628 -0.440569 
0.906047 1 0.872293 1 0.871624 -0.440599 
0.906057 1 0.872299 1 0.871621 -0.440629 
0.906067 1 0.872304 1 0.871618 -0.440657 
0.906076 1 0.872309 1 0.871616 -0.440687 
0.906086 1 0.872315 1 0.871613 -0.440714 
0.906095 1 0.872319 1 0.87161 -0.44074 
0.906104 1 0.872323 1 0.871608 -0.440766 
0.906113 1 0.872328 1 0.871605 -0.440792 
0.906121 1 0.872332 1 0.871603 -0.440817 
0.90613 1 0.872336 1 0.871601 -0.440841 
