0.353303 0 0.472347 0 0.472346 0.500001 
0.353661 0 0.475974 0 0.475906 0.498389 
0.354342 0 0.48037 0 0.480232 0.494763 
0.355231 0 0.485309 0 0.485122 0.487839 
0.356233 0 0.490562 0 0.490359 0.476794 
0.357251 0 0.49593 0 0.49568 0.461893 
0.358268 0 0.501263 0 0.500971 0.444205 
0.35929 0 0.506476 0 0.506142 0.424902 
0.360319 0 0.511496 0 0.511123 0.404854 
0.361348 0 0.516264 0 0.515856 0.384608 
0.362176 0 0.520463 0 0.5202 0.364474 
0.362826 0 0.524147 0 0.524105 0.344621 
0.363311 0 0.527332 0 0.527549 0.325138 
0.363641 0 0.530026 0 0.530526 0.306069 
0.36384 0 0.532247 0 0.533051 0.287434 
0.363932 0 0.534025 0 0.535145 0.269239 
0.363935 0 0.535382 0 0.536825 0.251483 
0.36386 0 0.536336 0 0.538105 0.234162 
0.36372 0 0.536912 0 0.539006 0.217267 
0.363536 0 0.537144 0 0.539552 0.200791 
0.363316 0 0.537057 0 0.539763 0.184725 
0.363062 0 0.536664 0 0.539657 0.169058 
0.362782 0 0.53599 0 0.539257 0.153782 
0.362488 0 0.535069 0 0.53859 0.138887 
0.362183 0 0.533921 0 0.537678 0.124364 
0.361828 0 0.532408 0 0.536524 0.110204 
0.361435 0 0.530596 0 0.535136 0.096397 
0.361022 0 0.528561 0 0.533563 0.0829353 
0.3606 0 0.526366 0 0.531835 0.0698098 
0.360178 0 0.524047 0 0.529979 0.0570123 
0.359757 0 0.521626 0 0.528014 0.0445346 
0.359343 0 0.519131 0 0.525965 0.0323688 
0.358916 0 0.516537 0 0.523824 0.0205069 
0.35847 0 0.513853 0 0.521605 0.00894161 
0.358006 0 0.511097 0 0.519323 -0.0023347 
0.357535 0 0.508295 0 0.516998 -0.0133291 
0.357057 0 0.505457 0 0.514641 -0.0240489 
0.356564 0 0.502586 0 0.512258 -0.0345006 
0.35606 0 0.499691 0 0.509857 -0.0446911 
0.355551 0 0.496786 0 0.507451 -0.0546268 
0.355035 0 0.493877 0 0.505044 -0.0643142 
0.354497 0 0.490944 0 0.502556 -0.0737595 
0.35398 0 0.488491 0 0.500044 -0.0829688 
0.353586 0 0.486253 0 0.497725 -0.091948 
0.353243 0 0.484118 0 0.495494 -0.100703 
0.352851 0 0.482006 0 0.493244 -0.109238 
0.352463 0 0.479929 0 0.491035 -0.117561 
0.352023 0 0.477884 0 0.488821 -0.125675 
0.351598 0 0.475886 0 0.486668 -0.133587 
0.351169 0 0.473937 0 0.484563 -0.1413 
0.350678 0 0.472006 0 0.482443 -0.148821 
0.350207 0 0.47012 0 0.480377 -0.156154 
0.349585 0 0.468232 0 0.478176 -0.163304 
0.349029 0 0.466364 0 0.476087 -0.170275 
0.348324 0 0.464516 0 0.473855 -0.177072 
0.347916 0 0.462693 0 0.471857 -0.183698 
0.347186 0 0.461072 0 0.469702 -0.190159 
0.346491 0 0.459331 0 0.467578 -0.196459 
0.345681 0 0.457558 0 0.465344 -0.202601 
0.345052 0 0.455909 0 0.463181 -0.20859 
0.344137 0 0.45429 0 0.460917 -0.214429 
0.343426 0 0.452743 0 0.458779 -0.220121 
0.342697 0 0.451065 0 0.456864 -0.225672 
0.342227 0 0.44946 0 0.455283 -0.231084 
0.341439 0 0.447974 0 0.453434 -0.23636 
0.340922 0 0.446373 0 0.451919 -0.241505 
0.340407 0 0.444815 0 0.450447 -0.246521 
0.3399 0 0.443307 0 0.449023 -0.251411 
0.3394 0 0.441847 0 0.447645 -0.25618 
0.339055 0 0.440371 0 0.44644 -0.260829 
0.338711 0 0.438936 0 0.445274 -0.265361 
0.338376 0 0.437548 0 0.444152 -0.269781 
0.338048 0 0.436204 0 0.44307 -0.274089 
0.337565 0 0.43493 0 0.441835 -0.27829 
0.337242 0 0.433624 0 0.4408 -0.282386 
0.336664 0 0.43232 0 0.439534 -0.286378 
0.336264 0 0.430969 0 0.43843 -0.29027 
0.335863 0 0.429649 0 0.437357 -0.294063 
0.335464 0 0.428359 0 0.436313 -0.29776 
0.334832 0 0.427205 0 0.435088 -0.301362 
0.334385 0 0.42592 0 0.434022 -0.30487 
0.33405 0 0.424631 0 0.433071 -0.308284 
0.333459 0 0.423489 0 0.431908 -0.311604 
0.333039 0 0.422246 0 0.430896 -0.314828 
0.332394 0 0.421112 0 0.429639 -0.317952 
0.331982 0 0.41994 0 0.428711 -0.32097 
0.331363 0 0.418867 0 0.42758 -0.323869 
0.330984 0 0.417734 0 0.426709 -0.326633 
0.33041 0 0.416734 0 0.425706 -0.329232 
0.330134 0 0.415745 0 0.425085 -0.331621 
0.329635 0 0.4149 0 0.424263 -0.333727 
0.329458 0 0.414043 0 0.423803 -0.335436 
0.329082 0 0.413525 0 0.42331 -0.336561 
0.328705 0 0.413186 0 0.423006 -0.336819 
0.328737 0 0.412982 0 0.423312 -0.335797 
0.328551 0 0.413466 0 0.42384 -0.332977 
0.328364 0 0.41444 0 0.424869 -0.327835 
0.328169 0 0.415974 0 0.426474 -0.320027 
0.327965 0 0.418085 0 0.428672 -0.309548 
0.327759 0 0.420726 0 0.431413 -0.296739 
0.327553 0 0.423799 0 0.434597 -0.282133 
0.327339 0 0.427188 0 0.438111 -0.266288 
0.327121 0 0.430797 0 0.441857 -0.249681 
0.326907 0 0.434556 0 0.445761 -0.232675 
0.326696 0 0.438403 0 0.449762 -0.215529 
0.326481 0 0.442285 0 0.453809 -0.19842 
0.326181 0 0.446246 0 0.457813 -0.181467 
0.326305 0 0.450231 0 0.462244 -0.164747 
0.326267 0 0.4543 0 0.466504 -0.14831 
0.326609 0 0.45819 0 0.471131 -0.132187 
0.326721 0 0.462166 0 0.475499 -0.116399 
0.326839 0 0.466073 0 0.479811 -0.100954 
0.32696 0 0.469903 0 0.484061 -0.0858588 
0.327079 0 0.473642 0 0.488237 -0.071113 
0.327464 0 0.477162 0 0.492525 -0.0567149 
0.327638 0 0.480779 0 0.49654 -0.0426611 
0.328309 0 0.484594 0 0.500989 -0.0289465 
0.329252 0 0.488539 0 0.50564 -0.0155654 
0.330328 0 0.492508 0 0.510326 -0.00251155 
0.331463 0 0.496431 0 0.514964 0.0102216 
0.332616 0 0.500272 0 0.519524 0.0226409 
0.333763 0 0.50401 0 0.523996 0.0347534 
0.334897 0 0.50764 0 0.528378 0.0465659 
0.336022 0 0.511163 0 0.532673 0.0580855 
0.337134 0 0.514576 0 0.536879 0.069319 
0.338226 0 0.517866 0 0.540988 0.0802732 
0.339297 0 0.521034 0 0.545004 0.0909549 
0.340355 0 0.524091 0 0.548934 0.101371 
0.341399 0 0.527034 0 0.552777 0.111527 
0.342421 0 0.529858 0 0.55653 0.12143 
0.343424 0 0.532563 0 0.560196 0.131086 
0.344414 0 0.53516 0 0.563782 0.140501 
0.345391 0 0.537648 0 0.567287 0.149681 
0.346347 0 0.54002 0 0.57071 0.158632 
0.347285 0 0.542278 0 0.574051 0.16736 
0.348211 0 0.544431 0 0.577318 0.17587 
0.349125 0 0.546479 0 0.580511 0.184167 
0.350018 0 0.548415 0 0.583627 0.192257 
0.350893 0 0.55024 0 0.586668 0.200145 
0.351757 0 0.551965 0 0.589642 0.207836 
0.352609 0 0.553589 0 0.592549 0.215335 
0.353222 0 0.555086 0 0.594483 0.222645 
0.353745 0 0.556502 0 0.596028 0.229774 
0.354278 0 0.557941 0 0.597513 0.236725 
0.354734 0 0.559221 0 0.598956 0.243502 
0.355187 0 0.560457 0 0.600364 0.25011 
0.355639 0 0.561651 0 0.601741 0.256553 
0.356097 0 0.562815 0 0.603094 0.262834 
0.356559 0 0.563947 0 0.604422 0.268959 
0.357018 0 0.565041 0 0.605722 0.274931 
0.357475 0 0.566099 0 0.606996 0.280753 
0.357894 0 0.56705 0 0.608302 0.28643 
0.35828 0 0.567927 0 0.609576 0.291965 
0.358664 0 0.568766 0 0.610826 0.297362 
0.359046 0 0.569571 0 0.612053 0.302623 
0.359434 0 0.570352 0 0.613264 0.307754 
0.359805 0 0.571073 0 0.614479 0.312756 
0.360159 0 0.571737 0 0.615675 0.317633 
0.3605 0 0.572354 0 0.616852 0.322388 
0.360841 0 0.572938 0 0.61802 0.327024 
0.361184 0 0.573491 0 0.619184 0.331544 
0.361525 0 0.574007 0 0.620341 0.335952 
0.361867 0 0.574489 0 0.621494 0.340249 
0.362218 0 0.574948 0 0.622649 0.344439 
0.362698 0 0.575723 0 0.623685 0.348524 
0.36319 0 0.576672 0 0.624582 0.352506 
0.363676 0 0.577658 0 0.625385 0.35639 
0.364157 0 0.578645 0 0.626131 0.360176 
0.364753 0 0.579714 0 0.626962 0.363868 
0.365224 0 0.580684 0 0.627667 0.367467 
0.365694 0 0.581633 0 0.62836 0.370976 
0.366169 0 0.58257 0 0.629049 0.374398 
0.366745 0 0.583572 0 0.629802 0.377734 
0.367384 0 0.584622 0 0.63059 0.380987 
0.36802 0 0.585651 0 0.631371 0.384158 
0.368599 0 0.586577 0 0.632126 0.38725 
0.369183 0 0.587457 0 0.63286 0.390265 
0.369776 0 0.588313 0 0.633585 0.393204 
0.370391 0 0.589156 0 0.634325 0.39607 
0.371041 0 0.59 0 0.635097 0.398864 
0.37173 0 0.590849 0 0.635904 0.401589 
0.37245 0 0.591697 0 0.636738 0.404245 
0.373203 0 0.592548 0 0.637596 0.406835 
0.373995 0 0.593413 0 0.638479 0.40936 
0.374821 0 0.59429 0 0.639379 0.411823 
0.375674 0 0.595171 0 0.64029 0.414223 
0.376552 0 0.596055 0 0.641212 0.416564 
0.377461 0 0.596952 0 0.642146 0.418846 
0.378238 0 0.597704 0 0.643033 0.421071 
0.378918 0 0.5984 0 0.643784 0.42324 
0.379736 0 0.599338 0 0.644549 0.425355 
0.380428 0 0.60009 0 0.645245 0.427417 
0.381257 0 0.601054 0 0.64597 0.429428 
0.38198 0 0.60183 0 0.646696 0.431388 
0.382757 0 0.602669 0 0.647442 0.4333 
0.383524 0 0.603501 0 0.648169 0.435163 
0.384299 0 0.604348 0 0.648888 0.43698 
0.38498 0 0.605102 0 0.649533 0.438752 
0.385809 0 0.606079 0 0.650213 0.440479 
0.386623 0 0.606887 0 0.651034 0.442163 
0.387605 0 0.607878 0 0.651974 0.443805 
0.38856 0 0.608829 0 0.652908 0.445406 
0.389609 0 0.609876 0 0.653909 0.446967 
0.390523 0 0.610773 0 0.654839 0.448489 
0.391533 0 0.611837 0 0.655776 0.449973 
0.392592 0 0.612933 0 0.65677 0.451419 
0.393481 0 0.613827 0 0.657691 0.45283 
0.39446 0 0.614843 0 0.658636 0.454205 
0.395479 0 0.615919 0 0.659603 0.455546 
0.39651 0 0.617017 0 0.660586 0.456853 
0.397366 0 0.617918 0 0.661495 0.458128 
0.398306 0 0.61897 0 0.662409 0.45937 
0.399285 0 0.620065 0 0.663368 0.460582 
0.400273 0 0.621174 0 0.664348 0.461763 
0.401256 0 0.622289 0 0.665335 0.462915 
0.402237 0 0.623417 0 0.66633 0.464038 
0.403211 0 0.624555 0 0.66733 0.465133 
0.404171 0 0.625696 0 0.668331 0.4662 
0.405118 0 0.62684 0 0.669336 0.467241 
0.406059 0 0.627998 0 0.67035 0.468255 
0.406993 0 0.629169 0 0.671373 0.469245 
0.407914 0 0.630345 0 0.672402 0.470209 
0.408824 0 0.631529 0 0.673439 0.471149 
0.409731 0 0.632731 0 0.674489 0.472066 
0.410633 0 0.63395 0 0.675554 0.47296 
0.411525 0 0.635178 0 0.67663 0.473831 
0.41241 0 0.636416 0 0.677719 0.47468 
0.413293 0 0.637676 0 0.678826 0.475508 
0.414176 0 0.638955 0 0.679952 0.476316 
0.415053 0 0.640247 0 0.681094 0.477103 
0.415924 0 0.641551 0 0.682252 0.47787 
0.4168 0 0.642878 0 0.683433 0.478618 
0.417678 0 0.644227 0 0.684636 0.479347 
0.418553 0 0.645589 0 0.685857 0.480057 
0.419428 0 0.646965 0 0.687099 0.48075 
0.42031 0 0.648364 0 0.688366 0.481425 
0.421199 0 0.649786 0 0.689658 0.482083 
0.422089 0 0.651221 0 0.690971 0.482724 
0.422983 0 0.65267 0 0.692306 0.483349 
0.423888 0 0.654142 0 0.693669 0.483958 
0.424804 0 0.655636 0 0.695058 0.484552 
0.425725 0 0.657142 0 0.696469 0.48513 
0.426653 0 0.658661 0 0.697903 0.485693 
0.427596 0 0.660202 0 0.699364 0.486242 
0.428553 0 0.661763 0 0.700851 0.486776 
0.429517 0 0.663335 0 0.702359 0.487296 
0.43049 0 0.664917 0 0.703887 0.487803 
0.431479 0 0.666518 0 0.705439 0.488296 
0.432483 0 0.668137 0 0.707014 0.488775 
0.433495 0 0.669762 0 0.708604 0.489242 
0.434516 0 0.671395 0 0.710209 0.489696 
0.435552 0 0.673042 0 0.711831 0.490136 
0.436601 0 0.674702 0 0.713467 0.490565 
0.437655 0 0.676364 0 0.715111 0.490981 
0.438716 0 0.678028 0 0.71676 0.491384 
0.439788 0 0.679703 0 0.718416 0.491775 
0.440869 0 0.681384 0 0.720076 0.492154 
0.441952 0 0.683063 0 0.721733 0.492521 
0.443036 0 0.684738 0 0.723384 0.492876 
0.444128 0 0.686417 0 0.725031 0.493218 
0.445223 0 0.688099 0 0.726672 0.493548 
0.446316 0 0.689773 0 0.728298 0.493865 
0.447405 0 0.691438 0 0.729908 0.49417 
0.448497 0 0.693104 0 0.731507 0.494461 
0.449589 0 0.694768 0 0.733088 0.49474 
0.450673 0 0.69642 0 0.734648 0.495005 
0.451751 0 0.698061 0 0.736185 0.495257 
0.452828 0 0.699699 0 0.737703 0.495495 
0.453902 0 0.701333 0 0.739199 0.495719 
0.454966 0 0.702953 0 0.740668 0.495927 
0.456021 0 0.704559 0 0.742109 0.496121 
0.457073 0 0.706162 0 0.743528 0.496299 
0.458121 0 0.707759 0 0.744922 0.496461 
0.458817 0 0.709034 0 0.74589 0.496606 
0.459274 0 0.709991 0 0.7466 0.496734 
0.459595 0 0.710765 0 0.747159 0.496843 
0.459832 0 0.711459 0 0.747623 0.496935 
0.46007 0 0.71214 0 0.748078 0.497006 
0.46031 0 0.712808 0 0.748526 0.497058 
0.460557 0 0.713473 0 0.748972 0.497089 
0.460812 0 0.714134 0 0.749415 0.497098 
0.461068 0 0.714782 0 0.74985 0.497084 
0.461324 0 0.715419 0 0.750279 0.497048 
0.46159 0 0.716053 0 0.750707 0.496987 
0.461779 0 0.716611 0 0.750996 0.496901 
0.461905 0 0.717111 0 0.751175 0.496789 
0.461995 0 0.717571 0 0.751295 0.49665 
0.462053 0 0.717995 0 0.751373 0.496484 
0.46209 0 0.718382 0 0.751422 0.496289 
0.462103 0 0.718726 0 0.751442 0.496064 
0.462096 0 0.719027 0 0.751437 0.495809 
0.462089 0 0.719322 0 0.751399 0.495523 
0.462073 0 0.719606 0 0.751322 0.495204 
0.462039 0 0.719866 0 0.751206 0.494852 
0.461986 0 0.720097 0 0.751053 0.494466 
0.46192 0 0.720305 0 0.75087 0.494046 
0.461839 0 0.720485 0 0.750654 0.493589 
0.461735 0 0.720627 0 0.7504 0.493096 
0.46161 0 0.720731 0 0.750108 0.492566 
0.461469 0 0.720806 0 0.749785 0.491997 
0.461312 0 0.720849 0 0.749429 0.491389 
0.461132 0 0.720853 0 0.749034 0.490742 
0.46093 0 0.720816 0 0.748603 0.490053 
0.460713 0 0.720747 0 0.74814 0.489322 
0.46048 0 0.720645 0 0.747644 0.488548 
0.460222 0 0.720499 0 0.747108 0.487731 
0.459943 0 0.72031 0 0.746533 0.486868 
0.459866 0 0.720186 0 0.746278 0.485959 
0.459918 0 0.720128 0 0.746193 0.485003 
0.460026 0 0.720082 0 0.746159 0.483997 
0.460151 0 0.72003 0 0.746129 0.482941 
0.460288 0 0.719982 0 0.746097 0.481833 
0.460434 0 0.71994 0 0.746065 0.48067 
0.460581 0 0.719895 0 0.74603 0.479452 
0.46073 0 0.719845 0 0.745991 0.478174 
0.460886 0 0.719799 0 0.74595 0.476834 
0.461047 0 0.719753 0 0.7459 0.475428 
0.461205 0 0.719698 0 0.745837 0.473952 
0.461362 0 0.719635 0 0.74576 0.4724 
0.461525 0 0.719573 0 0.745675 0.470768 
0.461693 0 0.71951 0 0.74558 0.469046 
0.46186 0 0.719436 0 0.745471 0.467227 
0.462026 0 0.719351 0 0.745346 0.465299 
0.462199 0 0.719262 0 0.745209 0.46325 
0.462377 0 0.719166 0 0.745056 0.461063 
0.462554 0 0.71905 0 0.744879 0.458718 
0.462732 0 0.718913 0 0.744675 0.456192 
0.462917 0 0.718759 0 0.744446 0.453455 
0.463108 0 0.718581 0 0.744182 0.450467 
0.463117 0 0.718189 0 0.743625 0.447184 
0.462945 0 0.717603 0 0.742777 0.443544 
0.462648 0 0.716863 0 0.741683 0.439475 
0.462202 0 0.715935 0 0.740348 0.434887 
0.46162 0 0.714799 0 0.738774 0.429671 
0.460913 0 0.713431 0 0.736945 0.423705 
0.460091 0 0.711809 0 0.734837 0.416859 
0.459157 0 0.709897 0 0.732419 0.409011 
0.458114 0 0.707662 0 0.729663 0.400067 
0.457149 0 0.705307 0 0.726565 0.389981 
0.456075 0 0.702624 0 0.723108 0.378771 
0.45492 0 0.699603 0 0.719304 0.366511 
0.4537 0 0.696246 0 0.715173 0.353325 
0.452438 0 0.692583 0 0.710753 0.339364 
0.451157 0 0.688656 0 0.706091 0.324788 
0.450048 0 0.684708 0 0.701208 0.309753 
0.448941 0 0.680578 0 0.696164 0.294402 
0.447838 0 0.676297 0 0.69099 0.278858 
0.446744 0 0.671901 0 0.685723 0.263226 
0.445785 0 0.667461 0 0.680334 0.247591 
0.444906 0 0.662977 0 0.67488 0.232024 
0.444026 0 0.658435 0 0.669397 0.21658 
0.443155 0 0.653865 0 0.663913 0.201302 
0.442533 0 0.649356 0 0.659176 0.186225 
0.442189 0 0.645059 0 0.654771 0.171375 
0.441984 0 0.640862 0 0.650497 0.156772 
0.441843 0 0.636761 0 0.646278 0.142431 
0.441742 0 0.63275 0 0.642131 0.128363 
0.441634 0 0.628782 0 0.638098 0.114573 
0.441546 0 0.62487 0 0.634142 0.101068 
0.441478 0 0.621044 0 0.630274 0.0878492 
0.441422 0 0.61731 0 0.626496 0.0749173 
0.441368 0 0.613666 0 0.622807 0.0622716 
0.441316 0 0.610113 0 0.619207 0.0499106 
0.44127 0 0.606659 0 0.615702 0.0378316 
0.441229 0 0.603302 0 0.612291 0.0260313 
0.441185 0 0.600035 0 0.608969 0.014506 
0.441139 0 0.596858 0 0.605734 0.00325127 
0.441097 0 0.593779 0 0.602593 -0.00773722 
0.441058 0 0.590795 0 0.599543 -0.0184641 
0.441016 0 0.587899 0 0.596579 -0.0289342 
0.440971 0 0.585091 0 0.593701 -0.0391527 
0.44093 0 0.582376 0 0.590912 -0.0491247 
0.440893 0 0.579752 0 0.588209 -0.0588552 
0.440701 0 0.577057 0 0.585386 -0.0683493 
0.440431 0 0.574336 0 0.582535 -0.0776121 
0.440124 0 0.571648 0 0.57973 -0.0866488 
0.439769 0 0.56901 0 0.576989 -0.0954646 
0.439388 0 0.56643 0 0.574318 -0.104064 
0.439052 0 0.563932 0 0.571722 -0.112453 
0.43875 0 0.561536 0 0.569225 -0.120635 
0.438469 0 0.559229 0 0.566818 -0.128616 
0.438193 0 0.556991 0 0.564483 -0.1364 
0.43792 0 0.554812 0 0.562211 -0.143992 
0.437655 0 0.552698 0 0.560007 -0.151397 
0.437395 0 0.550643 0 0.557866 -0.158619 
0.437133 0 0.54864 0 0.555781 -0.165661 
0.43687 0 0.546686 0 0.553749 -0.17253 
0.436612 0 0.544788 0 0.551776 -0.179228 
0.436357 0 0.542941 0 0.549855 -0.185761 
0.436098 0 0.541137 0 0.54798 -0.192131 
0.435836 0 0.539374 0 0.546148 -0.198343 
0.435576 0 0.537658 0 0.544365 -0.204401 
0.435318 0 0.535986 0 0.542627 -0.210308 
0.435053 0 0.534348 0 0.540925 -0.216069 
0.434784 0 0.532744 0 0.53926 -0.221686 
0.434515 0 0.531179 0 0.537635 -0.227163 
0.434245 0 0.52965 0 0.536047 -0.232505 
0.433967 0 0.528148 0 0.534488 -0.237713 
0.433681 0 0.526672 0 0.532958 -0.242791 
0.433393 0 0.525227 0 0.53146 -0.247743 
0.433102 0 0.52381 0 0.52999 -0.252571 
0.432799 0 0.522412 0 0.528542 -0.257279 
0.432486 0 0.521032 0 0.527114 -0.26187 
0.432168 0 0.519675 0 0.52571 -0.266345 
0.431843 0 0.518338 0 0.524327 -0.270709 
0.431503 0 0.517011 0 0.522957 -0.274964 
0.431148 0 0.515694 0 0.521598 -0.279112 
0.430785 0 0.514391 0 0.520256 -0.283157 
0.430411 0 0.513099 0 0.518926 -0.2871 
0.430018 0 0.51181 0 0.5176 -0.290945 
0.429607 0 0.51052 0 0.516279 -0.294693 
0.429183 0 0.509236 0 0.514964 -0.298346 
0.428743 0 0.507954 0 0.513654 -0.301908 
0.428282 0 0.506665 0 0.512341 -0.30538 
0.427798 0 0.505367 0 0.511024 -0.308764 
0.427298 0 0.504067 0 0.509709 -0.312063 
0.426782 0 0.502762 0 0.508391 -0.315278 
0.426241 0 0.501442 0 0.507066 -0.31841 
0.425679 0 0.500109 0 0.505735 -0.321462 
0.425103 0 0.498769 0 0.504403 -0.324435 
0.424513 0 0.497422 0 0.503071 -0.327331 
0.423905 0 0.496062 0 0.501735 -0.330151 
0.423281 0 0.494692 0 0.500399 -0.332895 
0.422652 0 0.493321 0 0.499072 -0.335565 
0.422018 0 0.491953 0 0.497756 -0.33816 
0.42138 0 0.490587 0 0.496454 -0.34068 
0.420777 0 0.48926 0 0.49519 -0.343126 
0.420251 0 0.488003 0 0.494 -0.345495 
0.41977 0 0.486805 0 0.492875 -0.347786 
0.419307 0 0.485642 0 0.491796 -0.349994 
0.418851 0 0.484507 0 0.490754 -0.352115 
0.418404 0 0.483405 0 0.489754 -0.354143 
0.417961 0 0.482337 0 0.488796 -0.356066 
0.417516 0 0.481302 0 0.48788 -0.357874 
0.41707 0 0.480306 0 0.487012 -0.359549 
0.41663 0 0.479363 0 0.486204 -0.36107 
0.416196 0 0.47848 0 0.485461 -0.362408 
0.415762 0 0.47766 0 0.484787 -0.363528 
0.41533 0 0.476914 0 0.484193 -0.364385 
0.414908 0 0.476263 0 0.483699 -0.364922 
0.414496 0 0.475722 0 0.483317 -0.365074 
0.414088 0 0.475301 0 0.48306 -0.364762 
0.413686 0 0.475022 0 0.482949 -0.3639 
0.413299 0 0.474913 0 0.48301 -0.362395 
0.412926 0 0.474994 0 0.483263 -0.360156 
0.412563 0 0.475278 0 0.483723 -0.357106 
0.412212 0 0.475782 0 0.484406 -0.353185 
0.411881 0 0.476523 0 0.485328 -0.348364 
0.411571 0 0.477503 0 0.48649 -0.342647 
0.411275 0 0.478713 0 0.487883 -0.336065 
0.410997 0 0.480144 0 0.4895 -0.328679 
0.410742 0 0.48179 0 0.491331 -0.320563 
0.410511 0 0.483634 0 0.493359 -0.3118 
0.410297 0 0.485653 0 0.495562 -0.302475 
0.410099 0 0.487828 0 0.497922 -0.292671 
0.409925 0 0.49015 0 0.500427 -0.282464 
0.409772 0 0.4926 0 0.503056 -0.271926 
0.409631 0 0.495155 0 0.50579 -0.261122 
0.409503 0 0.497798 0 0.508613 -0.250111 
0.409393 0 0.500522 0 0.511514 -0.238944 
0.409297 0 0.50331 0 0.514477 -0.227671 
0.409208 0 0.506143 0 0.517485 -0.216332 
0.409126 0 0.509007 0 0.520526 -0.204967 
0.409055 0 0.5119 0 0.523593 -0.193609 
0.408995 0 0.514808 0 0.526674 -0.182287 
0.408936 0 0.517715 0 0.529755 -0.171027 
0.40888 0 0.520613 0 0.532828 -0.159851 
0.408833 0 0.523501 0 0.535891 -0.148779 
0.408792 0 0.526373 0 0.538936 -0.137827 
0.408752 0 0.529213 0 0.541951 -0.127009 
0.408712 0 0.532018 0 0.544932 -0.116337 
0.40868 0 0.53479 0 0.54788 -0.10582 
0.408654 0 0.537525 0 0.55079 -0.0954671 
0.408626 0 0.540212 0 0.553653 -0.0852834 
0.408599 0 0.542847 0 0.556467 -0.0752741 
0.408578 0 0.545438 0 0.559236 -0.0654423 
0.408563 0 0.547981 0 0.561956 -0.0557902 
0.408548 0 0.550468 0 0.564623 -0.0463182 
0.408532 0 0.552898 0 0.567236 -0.0370254 
0.408525 0 0.555279 0 0.569801 -0.0279098 
0.408525 0 0.557612 0 0.572317 -0.0189669 
0.408526 0 0.559889 0 0.574783 -0.0101908 
0.408533 0 0.562115 0 0.577203 -0.00157226 
0.408555 0 0.5643 0 0.579588 0.00690158 
0.408595 0 0.566451 0 0.581944 0.0152486 
0.408652 0 0.568566 0 0.58428 0.023493 
0.408737 0 0.570659 0 0.586612 0.0316671 
0.408869 0 0.572752 0 0.588967 0.039813 
0.409061 0 0.574862 0 0.591371 0.0479827 
0.409328 0 0.577006 0 0.593854 0.0562349 
0.409689 0 0.579208 0 0.596448 0.0646271 
0.410168 0 0.581498 0 0.599185 0.0732009 
0.410768 0 0.583884 0 0.602069 0.0819666 
0.411261 0 0.586283 0 0.605049 0.0908986 
0.412016 0 0.588605 0 0.608052 0.0999455 
0.412649 0 0.590984 0 0.611166 0.109046 
0.413402 0 0.593395 0 0.614206 0.118144 
0.414237 0 0.595859 0 0.617269 0.127191 
0.41493 0 0.598225 0 0.620272 0.136151 
0.415827 0 0.60051 0 0.623234 0.144995 
0.4166 0 0.602774 0 0.6262 0.153706 
0.417376 0 0.604991 0 0.629126 0.162267 
0.418155 0 0.607161 0 0.632009 0.170669 
0.419081 0 0.609287 0 0.634823 0.178906 
0.419923 0 0.611408 0 0.637617 0.186972 
0.420808 0 0.613543 0 0.640278 0.194867 
0.421723 0 0.615668 0 0.642877 0.202587 
0.422664 0 0.617777 0 0.645428 0.210134 
0.423619 0 0.619856 0 0.647923 0.217508 
0.424576 0 0.62189 0 0.650355 0.22471 
0.425531 0 0.623876 0 0.652725 0.231742 
0.426489 0 0.625822 0 0.655035 0.238607 
0.427103 0 0.628223 0 0.656988 0.245307 
0.427938 0 0.63025 0 0.659254 0.251844 
0.42891 0 0.632136 0 0.661675 0.258223 
0.42952 0 0.634252 0 0.663634 0.264446 
0.430319 0 0.636026 0 0.665772 0.270516 
0.431221 0 0.637657 0 0.667972 0.276437 
0.432125 0 0.639251 0 0.670139 0.282212 
0.433039 0 0.640817 0 0.672278 0.287844 
0.433997 0 0.642313 0 0.674419 0.293337 
0.434966 0 0.643745 0 0.676533 0.298694 
0.435558 0 0.645392 0 0.67812 0.303917 
0.436267 0 0.64673 0 0.679842 0.309011 
0.437035 0 0.647925 0 0.681599 0.313977 
0.437482 0 0.649281 0 0.682914 0.318821 
0.438062 0 0.650369 0 0.684405 0.323543 
0.43872 0 0.651353 0 0.685963 0.328148 
0.439423 0 0.652296 0 0.687546 0.332639 
0.439857 0 0.65343 0 0.688804 0.337017 
0.440399 0 0.654304 0 0.690202 0.341286 
0.441013 0 0.655066 0 0.691695 0.345448 
0.441373 0 0.655843 0 0.692879 0.349507 
0.441841 0 0.656464 0 0.694175 0.353464 
0.442373 0 0.657022 0 0.695529 0.357322 
0.442912 0 0.657564 0 0.696874 0.361085 
0.443457 0 0.658088 0 0.698208 0.364753 
0.443846 0 0.658637 0 0.699324 0.368329 
0.444307 0 0.659073 0 0.700528 0.371816 
0.444684 0 0.659503 0 0.701594 0.375217 
0.445125 0 0.659859 0 0.702723 0.378532 
0.445378 0 0.66018 0 0.703629 0.381764 
0.445712 0 0.660402 0 0.704631 0.384916 
0.446098 0 0.660586 0 0.705685 0.387989 
0.446292 0 0.660853 0 0.706441 0.390985 
0.44657 0 0.66099 0 0.70733 0.393906 
0.446892 0 0.661064 0 0.708275 0.396754 
0.447041 0 0.661219 0 0.708944 0.399531 
0.447284 0 0.661249 0 0.709776 0.402239 
0.447445 0 0.661239 0 0.710502 0.404879 
0.447673 0 0.661149 0 0.711332 0.407453 
0.447822 0 0.661055 0 0.712044 0.409962 
0.448039 0 0.660905 0 0.712854 0.412409 
0.448151 0 0.660734 0 0.713522 0.414795 
0.44832 0 0.660501 0 0.71427 0.417121 
0.448422 0 0.660265 0 0.714915 0.419389 
0.448585 0 0.659976 0 0.715655 0.421601 
0.448646 0 0.659663 0 0.716257 0.423757 
0.448759 0 0.659292 0 0.716937 0.425859 
0.448812 0 0.658917 0 0.717524 0.427908 
0.448921 0 0.658495 0 0.718198 0.429907 
0.448934 0 0.658046 0 0.718744 0.431855 
0.448993 0 0.657545 0 0.71936 0.433755 
0.449385 0 0.657224 0 0.720442 0.435607 
0.449916 0 0.657005 0 0.721636 0.437413 
0.450431 0 0.656719 0 0.722811 0.439174 
0.450935 0 0.65638 0 0.723978 0.44089 
0.451349 0 0.656507 0 0.724601 0.442564 
0.451711 0 0.65692 0 0.724898 0.444196 
0.452085 0 0.657109 0 0.725363 0.445787 
0.452516 0 0.65732 0 0.7259 0.447338 
0.452904 0 0.657473 0 0.726409 0.448851 
0.453443 0 0.657858 0 0.726984 0.450326 
0.453876 0 0.658038 0 0.727542 0.451764 
0.454308 0 0.658207 0 0.728104 0.453166 
0.454892 0 0.658656 0 0.728686 0.454533 
0.455516 0 0.659051 0 0.729379 0.455866 
0.456155 0 0.659461 0 0.73008 0.457165 
0.456816 0 0.65991 0 0.730779 0.458432 
0.457473 0 0.660366 0 0.731461 0.459668 
0.458133 0 0.660836 0 0.732132 0.460872 
0.458793 0 0.661318 0 0.732792 0.462046 
0.459458 0 0.661814 0 0.733442 0.463191 
0.460136 0 0.662336 0 0.734087 0.464308 
0.460825 0 0.662885 0 0.734726 0.465396 
0.46152 0 0.663452 0 0.735353 0.466458 
0.462222 0 0.664038 0 0.735969 0.467492 
0.462938 0 0.664651 0 0.736581 0.468501 
0.463668 0 0.665291 0 0.737187 0.469485 
0.464403 0 0.665946 0 0.737782 0.470444 
0.465145 0 0.666618 0 0.738369 0.471379 
0.465899 0 0.667313 0 0.738953 0.472291 
0.466665 0 0.66803 0 0.739532 0.47318 
0.467434 0 0.668757 0 0.740103 0.474046 
0.468205 0 0.669495 0 0.740667 0.474891 
0.468986 0 0.670252 0 0.741229 0.475715 
0.470016 0 0.671232 0 0.741988 0.476518 
0.471171 0 0.672305 0 0.742859 0.477302 
0.472389 0 0.673415 0 0.743785 0.478065 
0.473638 0 0.674544 0 0.744734 0.47881 
0.474897 0 0.675681 0 0.745687 0.479536 
0.476149 0 0.676809 0 0.746631 0.480243 
0.477389 0 0.677926 0 0.747562 0.480934 
0.478622 0 0.67904 0 0.748484 0.481606 
0.479844 0 0.680148 0 0.74939 0.482262 
0.480915 0 0.681069 0 0.750226 0.482902 
0.482089 0 0.682125 0 0.751091 0.483525 
0.483268 0 0.6832 0 0.751967 0.484133 
0.484436 0 0.684272 0 0.752832 0.484726 
0.48558 0 0.685329 0 0.753668 0.485304 
0.486699 0 0.686373 0 0.75448 0.485867 
0.487804 0 0.687414 0 0.755279 0.486417 
0.488896 0 0.688452 0 0.756068 0.486952 
0.489968 0 0.689479 0 0.756844 0.487475 
0.491021 0 0.690496 0 0.757609 0.487984 
0.492063 0 0.691512 0 0.758368 0.48848 
0.493094 0 0.692527 0 0.759119 0.488964 
0.494105 0 0.693534 0 0.75986 0.489436 
0.495099 0 0.694533 0 0.760592 0.489896 
0.496084 0 0.695534 0 0.761322 0.490345 
0.497058 0 0.696538 0 0.762048 0.490782 
0.498015 0 0.697536 0 0.762768 0.491209 
0.498957 0 0.69853 0 0.763483 0.491624 
0.49989 0 0.699529 0 0.764198 0.49203 
0.500815 0 0.700534 0 0.764913 0.492425 
0.501724 0 0.701535 0 0.765625 0.49281 
0.502619 0 0.702536 0 0.766334 0.493186 
0.503508 0 0.703544 0 0.767047 0.493552 
0.50439 0 0.704562 0 0.767762 0.493909 
0.505258 0 0.705579 0 0.768476 0.494257 
0.506113 0 0.706598 0 0.769192 0.494597 
0.506963 0 0.707628 0 0.769913 0.494928 
0.507808 0 0.708669 0 0.770639 0.49525 
0.50864 0 0.709714 0 0.771367 0.495565 
0.509462 0 0.710762 0 0.772098 0.495871 
0.51028 0 0.711825 0 0.772837 0.49617 
0.511094 0 0.712902 0 0.773583 0.496462 
0.511898 0 0.713983 0 0.774333 0.496746 
0.512692 0 0.715071 0 0.775087 0.497023 
0.513484 0 0.716176 0 0.775852 0.497293 
0.514274 0 0.717296 0 0.776625 0.497556 
0.515054 0 0.718424 0 0.777403 0.497813 
0.515827 0 0.719559 0 0.778187 0.498063 
0.5166 0 0.720713 0 0.778983 0.498307 
0.517371 0 0.721884 0 0.779787 0.498545 
0.518135 0 0.723064 0 0.780599 0.498777 
0.518893 0 0.724253 0 0.781417 0.499003 
0.519653 0 0.725461 0 0.782247 0.499223 
0.520413 0 0.726687 0 0.783087 0.499438 
0.521168 0 0.727923 0 0.783935 0.499647 
0.521918 0 0.729169 0 0.78479 0.499851 
0.522672 0 0.730435 0 0.785657 0.50005 
0.523428 0 0.731719 0 0.786535 0.500244 
0.524181 0 0.733013 0 0.787421 0.500433 
0.524931 0 0.734318 0 0.788315 0.500617 
0.525688 0 0.735643 0 0.789222 0.500796 
0.526449 0 0.736986 0 0.79014 0.500971 
0.527208 0 0.73834 0 0.791067 0.501142 
0.527968 0 0.739704 0 0.792003 0.501308 
0.528737 0 0.741088 0 0.792952 0.501469 
0.529512 0 0.742492 0 0.793914 0.501627 
0.530289 0 0.743905 0 0.794886 0.501781 
0.53107 0 0.745329 0 0.795869 0.50193 
0.531861 0 0.746774 0 0.796867 0.502076 
0.53245 0 0.748012 0 0.797631 0.502218 
0.532864 0 0.749012 0 0.798235 0.502356 
0.533145 0 0.749871 0 0.798727 0.50249 
0.533359 0 0.750665 0 0.799186 0.502622 
0.533579 0 0.751478 0 0.799663 0.502749 
0.533801 0 0.752301 0 0.800154 0.502874 
0.534026 0 0.753136 0 0.80066 0.502995 
0.53426 0 0.753992 0 0.801184 0.503112 
0.534502 0 0.754867 0 0.801726 0.503227 
0.534745 0 0.755754 0 0.802282 0.503338 
0.534918 0 0.756555 0 0.802793 0.503446 
0.535039 0 0.757285 0 0.803276 0.503551 
0.53512 0 0.75796 0 0.803741 0.503654 
0.535168 0 0.758591 0 0.804197 0.503753 
0.535191 0 0.759193 0 0.804649 0.503849 
0.535201 0 0.759782 0 0.805102 0.503943 
0.535198 0 0.760357 0 0.805554 0.504033 
0.535178 0 0.760908 0 0.806003 0.504121 
0.535139 0 0.761433 0 0.806449 0.504206 
0.535107 0 0.762032 0 0.806793 0.504289 
0.535069 0 0.762699 0 0.807055 0.504368 
0.535019 0 0.763404 0 0.80727 0.504445 
0.534958 0 0.764123 0 0.807458 0.504519 
0.534889 0 0.764842 0 0.80763 0.50459 
0.535156 0 0.765604 0 0.808257 0.504658 
0.535572 0 0.76629 0 0.809173 0.504723 
0.536074 0 0.766961 0 0.810224 0.504786 
0.536628 0 0.767639 0 0.811337 0.504845 
0.537124 0 0.768358 0 0.812366 0.504902 
0.537536 0 0.769021 0 0.813331 0.504955 
0.537885 0 0.769642 0 0.81423 0.505005 
0.538192 0 0.770245 0 0.815066 0.505052 
0.538466 0 0.770839 0 0.815844 0.505096 
0.538708 0 0.771419 0 0.816572 0.505136 
0.538926 0 0.771988 0 0.817259 0.505172 
0.53913 0 0.772557 0 0.817914 0.505205 
0.539322 0 0.773125 0 0.818536 0.505233 
0.539496 0 0.773682 0 0.819122 0.505258 
0.539654 0 0.774229 0 0.819674 0.505278 
0.539803 0 0.774776 0 0.820193 0.505294 
0.539942 0 0.77532 0 0.82068 0.505306 
0.540065 0 0.775853 0 0.82113 0.505312 
0.540393 0 0.776479 0 0.821795 0.505313 
0.54086 0 0.777183 0 0.822616 0.505309 
0.541402 0 0.777922 0 0.823516 0.505299 
0.541972 0 0.778663 0 0.824437 0.505284 
0.54255 0 0.779401 0 0.825356 0.505262 
0.543136 0 0.780144 0 0.826267 0.505234 
0.543723 0 0.780892 0 0.827166 0.505199 
0.544305 0 0.781635 0 0.828046 0.505157 
0.54488 0 0.782375 0 0.828907 0.505107 
0.545455 0 0.783121 0 0.829753 0.50505 
0.546029 0 0.783872 0 0.830583 0.504985 
0.546596 0 0.784619 0 0.831392 0.504912 
0.547155 0 0.785363 0 0.832183 0.50483 
0.547581 0 0.78605 0 0.832761 0.50474 
0.547835 0 0.786612 0 0.833144 0.504639 
0.547984 0 0.787079 0 0.833406 0.50453 
0.548076 0 0.787495 0 0.833599 0.50441 
0.548143 0 0.787899 0 0.833753 0.50428 
0.548195 0 0.788296 0 0.833874 0.50414 
0.548227 0 0.788675 0 0.833958 0.503988 
0.548238 0 0.789029 0 0.834001 0.503826 
0.548234 0 0.789363 0 0.834008 0.503651 
0.548214 0 0.789672 0 0.833979 0.503465 
0.548172 0 0.789947 0 0.833911 0.503266 
0.548108 0 0.790189 0 0.833808 0.503054 
0.548031 0 0.790407 0 0.833673 0.50283 
0.547939 0 0.790599 0 0.833507 0.502592 
0.547825 0 0.790756 0 0.833305 0.50234 
0.54769 0 0.790878 0 0.833068 0.502074 
0.547542 0 0.790974 0 0.8328 0.501794 
0.547574 0 0.791099 0 0.832802 0.501499 
0.5477 0 0.791238 0 0.832925 0.501189 
0.547866 0 0.791374 0 0.833083 0.500863 
0.548053 0 0.791517 0 0.833251 0.500522 
0.548252 0 0.79167 0 0.833424 0.500164 
0.548454 0 0.791826 0 0.833599 0.499789 
0.548657 0 0.791986 0 0.833775 0.499397 
0.548867 0 0.792157 0 0.833954 0.498988 
0.549084 0 0.792337 0 0.834133 0.498561 
0.549298 0 0.792519 0 0.834306 0.498116 
0.549511 0 0.792703 0 0.834473 0.497651 
0.54973 0 0.792898 0 0.834642 0.497167 
0.549954 0 0.793105 0 0.83481 0.496663 
0.550176 0 0.793315 0 0.834975 0.496138 
0.550398 0 0.793528 0 0.835139 0.495592 
0.550548 0 0.793698 0 0.835184 0.495023 
0.550645 0 0.793802 0 0.835147 0.49443 
0.550706 0 0.793854 0 0.835065 0.493813 
0.550748 0 0.793876 0 0.834965 0.49317 
0.550788 0 0.793887 0 0.83486 0.492499 
0.550825 0 0.793892 0 0.83475 0.491799 
0.550853 0 0.793882 0 0.834627 0.491068 
0.550872 0 0.793856 0 0.834486 0.490303 
0.550888 0 0.793822 0 0.834334 0.489502 
0.5509 0 0.793778 0 0.834165 0.488661 
0.550898 0 0.793712 0 0.833974 0.487778 
0.550884 0 0.793622 0 0.833761 0.486847 
0.550863 0 0.793516 0 0.833529 0.485863 
0.550833 0 0.79339 0 0.833273 0.484822 
0.550786 0 0.793234 0 0.832987 0.483715 
0.550721 0 0.793044 0 0.832668 0.482536 
0.550646 0 0.79283 0 0.83232 0.481273 
0.550557 0 0.792585 0 0.831935 0.479915 
0.550445 0 0.792297 0 0.831504 0.478448 
0.550309 0 0.791962 0 0.831023 0.476854 
0.550154 0 0.791583 0 0.83049 0.475112 
0.549976 0 0.791152 0 0.829893 0.473195 
0.549765 0 0.79065 0 0.829217 0.47107 
0.549517 0 0.790067 0 0.828451 0.468696 
0.549237 0 0.789401 0 0.827585 0.466023 
0.548918 0 0.788633 0 0.826597 0.462986 
0.54855 0 0.787737 0 0.825463 0.459506 
0.548153 0 0.786904 0 0.824321 0.45549 
0.547754 0 0.785958 0 0.822994 0.450828 
0.547309 0 0.78481 0 0.821426 0.445397 
0.546654 0 0.783445 0 0.819526 0.43907 
0.545964 0 0.781955 0 0.817258 0.431731 
0.545113 0 0.780166 0 0.814613 0.423292 
0.544139 0 0.778043 0 0.811593 0.413708 
0.543068 0 0.775572 0 0.80821 0.402987 
0.541929 0 0.772765 0 0.80449 0.391189 
0.540752 0 0.769654 0 0.800467 0.37842 
0.539554 0 0.766263 0 0.796173 0.364816 
0.53834 0 0.762611 0 0.791637 0.350524 
0.537304 0 0.758933 0 0.78683 0.335695 
0.536426 0 0.755154 0 0.781823 0.320468 
0.535557 0 0.751219 0 0.776688 0.30497 
0.534691 0 0.747149 0 0.771454 0.289311 
0.533829 0 0.742974 0 0.766155 0.273584 
0.532977 0 0.73873 0 0.760823 0.257866 
0.532134 0 0.73444 0 0.755482 0.242222 
0.53136 0 0.730089 0 0.750054 0.226703 
0.530626 0 0.725711 0 0.744599 0.211349 
0.530111 0 0.721391 0 0.739914 0.196192 
0.529828 0 0.717232 0 0.735491 0.181258 
0.529646 0 0.713125 0 0.731152 0.166567 
0.529513 0 0.7091 0 0.726864 0.152133 
0.529404 0 0.705124 0 0.722678 0.137966 
0.529316 0 0.701238 0 0.718604 0.124075 
0.529238 0 0.697445 0 0.714637 0.110464 
0.529167 0 0.693747 0 0.710773 0.0971358 
0.529106 0 0.690151 0 0.707014 0.0840922 
0.529052 0 0.686656 0 0.703356 0.0713325 
0.528998 0 0.683257 0 0.699797 0.0588558 
0.528943 0 0.679956 0 0.696339 0.0466597 
0.528897 0 0.676761 0 0.692987 0.0347414 
0.528856 0 0.673672 0 0.68974 0.0230976 
0.528814 0 0.67068 0 0.686592 0.0117242 
0.528773 0 0.667784 0 0.683542 0.000617297 
0.528739 0 0.664992 0 0.680594 -0.0102276 
0.528574 0 0.662195 0 0.677584 -0.0208152 
0.528329 0 0.659367 0 0.67454 -0.0311502 
0.528051 0 0.656568 0 0.671537 -0.0412373 
0.527727 0 0.653812 0 0.668606 -0.0510817 
0.527366 0 0.651116 0 0.665749 -0.0606883 
0.527053 0 0.648508 0 0.662975 -0.070062 
0.52677 0 0.646005 0 0.660313 -0.079208 
0.526512 0 0.643603 0 0.657754 -0.0881309 
0.52627 0 0.64128 0 0.655282 -0.0968358 
0.526031 0 0.639022 0 0.65288 -0.105327 
0.525794 0 0.636824 0 0.650545 -0.113611 
0.525566 0 0.634693 0 0.648282 -0.12169 
0.525346 0 0.632626 0 0.646088 -0.129571 
0.525126 0 0.630615 0 0.643957 -0.137256 
0.524907 0 0.628659 0 0.641885 -0.144752 
0.524697 0 0.626762 0 0.639878 -0.152062 
0.524493 0 0.624923 0 0.637931 -0.159191 
0.524288 0 0.623132 0 0.636037 -0.166142 
0.524084 0 0.621387 0 0.634194 -0.172921 
0.523887 0 0.619695 0 0.632407 -0.17953 
0.523695 0 0.618052 0 0.630672 -0.185974 
0.523501 0 0.616451 0 0.628982 -0.192257 
0.523307 0 0.614889 0 0.627336 -0.198383 
0.523119 0 0.613373 0 0.625739 -0.204355 
0.522936 0 0.6119 0 0.624187 -0.210176 
0.52275 0 0.610462 0 0.622673 -0.21585 
0.522562 0 0.609057 0 0.621197 -0.221381 
0.52238 0 0.607692 0 0.619763 -0.226772 
0.522202 0 0.606365 0 0.618367 -0.232026 
0.52202 0 0.605065 0 0.617004 -0.237146 
0.521835 0 0.603793 0 0.615672 -0.242135 
0.521655 0 0.602556 0 0.614376 -0.246997 
0.521477 0 0.60135 0 0.613113 -0.251732 
0.521295 0 0.600166 0 0.611877 -0.256346 
0.521109 0 0.599005 0 0.610666 -0.260839 
0.520927 0 0.597873 0 0.609487 -0.265215 
0.520746 0 0.596768 0 0.608335 -0.269476 
0.520559 0 0.59568 0 0.607204 -0.273624 
0.520367 0 0.594609 0 0.606095 -0.277661 
0.520178 0 0.593562 0 0.605011 -0.28159 
0.519989 0 0.592536 0 0.603951 -0.285412 
0.519792 0 0.591523 0 0.602907 -0.289128 
0.519589 0 0.590523 0 0.601879 -0.292741 
0.519387 0 0.589541 0 0.600872 -0.296251 
0.519184 0 0.588576 0 0.599885 -0.29966 
0.518971 0 0.587619 0 0.598909 -0.302969 
0.51875 0 0.58667 0 0.597946 -0.306177 
0.518527 0 0.585735 0 0.596999 -0.309286 
0.518301 0 0.584812 0 0.596068 -0.312294 
0.518063 0 0.583892 0 0.595145 -0.315202 
0.517815 0 0.582976 0 0.594231 -0.318007 
0.517562 0 0.58207 0 0.59333 -0.320708 
0.517302 0 0.581173 0 0.592442 -0.323303 
0.517027 0 0.580276 0 0.591561 -0.325786 
0.516738 0 0.57938 0 0.590687 -0.328153 
0.516441 0 0.578492 0 0.589827 -0.330397 
0.516134 0 0.577613 0 0.588981 -0.332508 
0.515807 0 0.576737 0 0.588145 -0.334476 
0.515462 0 0.575865 0 0.587322 -0.336284 
0.515105 0 0.575009 0 0.586523 -0.337914 
0.514734 0 0.574172 0 0.58575 -0.339341 
0.514341 0 0.573354 0 0.585006 -0.340533 
0.513926 0 0.572565 0 0.584301 -0.34145 
0.513498 0 0.571823 0 0.583653 -0.342043 
0.513054 0 0.571142 0 0.583077 -0.342248 
0.51259 0 0.570534 0 0.582585 -0.341988 
0.512106 0 0.570022 0 0.582203 -0.341172 
0.511612 0 0.569642 0 0.581964 -0.339693 
0.51111 0 0.569421 0 0.581896 -0.337429 
0.510593 0 0.569386 0 0.58203 -0.334252 
0.510065 0 0.569571 0 0.5824 -0.330035 
0.509537 0 0.570018 0 0.583046 -0.324667 
0.50901 0 0.570752 0 0.583993 -0.318063 
0.508499 0 0.571803 0 0.585267 -0.310178 
0.508072 0 0.57322 0 0.586909 -0.301019 
0.507703 0 0.575003 0 0.588925 -0.290643 
0.507369 0 0.577118 0 0.591281 -0.279156 
0.50705 0 0.579519 0 0.593936 -0.266692 
0.506739 0 0.582171 0 0.596854 -0.253409 
0.50644 0 0.585047 0 0.600005 -0.239469 
0.506151 0 0.588111 0 0.603352 -0.22503 
0.505865 0 0.591321 0 0.606858 -0.210235 
0.505581 0 0.594647 0 0.610489 -0.195212 
0.505308 0 0.598068 0 0.614221 -0.180069 
0.505044 0 0.601555 0 0.618025 -0.164898 
0.504782 0 0.605078 0 0.621874 -0.149771 
0.504523 0 0.608618 0 0.625747 -0.134749 
0.504274 0 0.612165 0 0.629631 -0.119877 
0.504035 0 0.615701 0 0.633508 -0.105193 
0.503797 0 0.619207 0 0.637361 -0.0907256 
0.503563 0 0.622672 0 0.64118 -0.0764949 
0.503339 0 0.626094 0 0.644958 -0.0625172 
0.503124 0 0.629464 0 0.648685 -0.0488035 
0.50291 0 0.632767 0 0.652351 -0.0353615 
0.5027 0 0.635998 0 0.65595 -0.0221963 
0.5025 0 0.639161 0 0.659483 -0.00931031 
0.502308 0 0.64225 0 0.662942 0.00329575 
0.502118 0 0.645255 0 0.666321 0.0156223 
0.50193 0 0.648175 0 0.669618 0.027671 
0.501752 0 0.651014 0 0.672836 0.0394444 
0.501581 0 0.653772 0 0.675971 0.0509456 
0.501411 0 0.65644 0 0.679018 0.0621784 
0.501243 0 0.659017 0 0.681978 0.0731473 
0.501084 0 0.661512 0 0.684856 0.0838563 
0.500932 0 0.663925 0 0.687648 0.0943102 
0.50078 0 0.666247 0 0.690352 0.104514 
0.500629 0 0.668482 0 0.692971 0.114472 
0.500487 0 0.670637 0 0.695508 0.12419 
0.500352 0 0.672714 0 0.697964 0.133673 
0.500217 0 0.674705 0 0.700337 0.142926 
0.500084 0 0.676613 0 0.702628 0.151954 
0.49996 0 0.678449 0 0.704844 0.160761 
0.499843 0 0.680212 0 0.706986 0.169354 
0.499728 0 0.681897 0 0.709052 0.177736 
0.499618 0 0.683506 0 0.711047 0.185914 
0.499521 0 0.685051 0 0.712977 0.193891 
0.499438 0 0.686532 0 0.714846 0.201672 
0.499366 0 0.687945 0 0.716655 0.209263 
0.499313 0 0.689294 0 0.718413 0.216668 
0.499292 0 0.69059 0 0.720133 0.223892 
0.499313 0 0.691837 0 0.721824 0.23094 
0.499382 0 0.693034 0 0.723499 0.237816 
0.499517 0 0.694187 0 0.725177 0.244525 
0.499744 0 0.695315 0 0.726882 0.251073 
0.500078 0 0.696428 0 0.728631 0.257462 
0.500519 0 0.697529 0 0.730434 0.263697 
0.501067 0 0.69863 0 0.732291 0.269781 
0.501491 0 0.699669 0 0.734213 0.275718 
0.502193 0 0.700552 0 0.736071 0.281509 
0.502761 0 0.701599 0 0.737851 0.287158 
0.503448 0 0.702613 0 0.739668 0.292669 
0.504215 0 0.703646 0 0.741518 0.298042 
0.504846 0 0.704613 0 0.743434 0.303283 
0.505683 0 0.705452 0 0.745251 0.308393 
0.506525 0 0.706271 0 0.747053 0.313376 
0.507235 0 0.707107 0 0.74894 0.318236 
0.508121 0 0.708084 0 0.750681 0.322974 
0.508986 0 0.709048 0 0.752391 0.327594 
0.509833 0 0.709983 0 0.754057 0.332099 
0.510723 0 0.710949 0 0.755692 0.336492 
0.511589 0 0.711883 0 0.757309 0.340775 
0.51243 0 0.712776 0 0.758882 0.344951 
0.513251 0 0.71363 0 0.760412 0.349022 
0.514062 0 0.714459 0 0.761905 0.352992 
0.514864 0 0.715263 0 0.763362 0.356863 
0.515651 0 0.716037 0 0.764785 0.360637 
0.516425 0 0.716784 0 0.766176 0.364317 
0.517195 0 0.717515 0 0.76754 0.367905 
0.517958 0 0.718228 0 0.768877 0.371403 
0.518708 0 0.718916 0 0.770185 0.374813 
0.519447 0 0.71958 0 0.771465 0.378139 
0.52018 0 0.720229 0 0.772723 0.381381 
0.520906 0 0.720862 0 0.773957 0.384543 
0.521619 0 0.721471 0 0.775164 0.387625 
0.52232 0 0.722055 0 0.776347 0.39063 
0.523015 0 0.722626 0 0.777511 0.393561 
0.523704 0 0.723182 0 0.778654 0.396418 
0.524205 0 0.723556 0 0.779569 0.399203 
0.524554 0 0.723735 0 0.780302 0.401919 
0.524768 0 0.723815 0 0.780891 0.404567 
0.524899 0 0.723849 0 0.781383 0.407149 
0.524974 0 0.723853 0 0.781818 0.409666 
0.525014 0 0.723837 0 0.782214 0.412121 
0.525036 0 0.723814 0 0.78258 0.414514 
0.525044 0 0.723786 0 0.782916 0.416847 
0.525033 0 0.723748 0 0.783217 0.419122 
0.525006 0 0.723701 0 0.783485 0.42134 
0.52497 0 0.723657 0 0.783725 0.423502 
0.524926 0 0.723615 0 0.783938 0.425611 
0.524867 0 0.723566 0 0.784122 0.427667 
0.524794 0 0.723511 0 0.784278 0.429671 
0.524714 0 0.723461 0 0.784411 0.431626 
0.524626 0 0.723413 0 0.784521 0.433531 
0.524523 0 0.723358 0 0.784604 0.435389 
0.524404 0 0.723298 0 0.784662 0.4372 
0.524374 0 0.723499 0 0.78469 0.438966 
0.524439 0 0.723812 0 0.784787 0.440688 
0.524552 0 0.724045 0 0.784855 0.442367 
0.524687 0 0.724229 0 0.784932 0.444004 
0.524847 0 0.724405 0 0.785035 0.4456 
0.525029 0 0.724594 0 0.785166 0.447156 
0.525193 0 0.724777 0 0.785302 0.448673 
0.525362 0 0.724966 0 0.785446 0.450153 
0.525541 0 0.725169 0 0.785602 0.451595 
0.525744 0 0.725364 0 0.785764 0.453001 
0.52596 0 0.7256 0 0.785943 0.454373 
0.526174 0 0.72584 0 0.786113 0.455709 
0.526385 0 0.726074 0 0.786271 0.457013 
0.526592 0 0.726301 0 0.78642 0.458284 
0.52679 0 0.726515 0 0.786564 0.459523 
0.526983 0 0.726721 0 0.786705 0.460731 
0.527179 0 0.726932 0 0.786849 0.461909 
0.527378 0 0.727146 0 0.786992 0.463057 
0.527572 0 0.727353 0 0.787132 0.464177 
0.527761 0 0.727554 0 0.787269 0.465269 
0.527954 0 0.727756 0 0.787407 0.466333 
0.528149 0 0.727961 0 0.787545 0.467371 
0.528339 0 0.728158 0 0.78768 0.468383 
0.528526 0 0.728349 0 0.787813 0.46937 
0.528717 0 0.728544 0 0.787948 0.470332 
0.52891 0 0.728742 0 0.788084 0.47127 
0.5291 0 0.728934 0 0.788217 0.472184 
0.529241 0 0.729386 0 0.788207 0.473076 
0.529399 0 0.729707 0 0.78834 0.473945 
0.529614 0 0.729926 0 0.788597 0.474793 
0.529856 0 0.730089 0 0.788922 0.475619 
0.530024 0 0.730266 0 0.789146 0.476425 
0.530224 0 0.730386 0 0.789427 0.477211 
0.530368 0 0.730528 0 0.789631 0.477977 
0.530491 0 0.730633 0 0.789826 0.478724 
0.530594 0 0.730705 0 0.790011 0.479452 
0.530666 0 0.730757 0 0.790166 0.480162 
0.530731 0 0.730783 0 0.790326 0.480854 
0.530771 0 0.730784 0 0.790469 0.481529 
0.530794 0 0.730757 0 0.790608 0.482187 
0.530812 0 0.730715 0 0.790749 0.482828 
0.530824 0 0.730658 0 0.790893 0.483454 
0.530826 0 0.730579 0 0.791037 0.484064 
0.53082 0 0.73048 0 0.791185 0.484658 
0.530814 0 0.73037 0 0.791338 0.485238 
0.530805 0 0.730248 0 0.791497 0.485803 
0.530788 0 0.730107 0 0.791656 0.486355 
0.530764 0 0.729945 0 0.791819 0.486892 
0.530739 0 0.729774 0 0.791987 0.487416 
0.530712 0 0.729591 0 0.79216 0.487927 
0.530676 0 0.729387 0 0.792334 0.488425 
0.530633 0 0.729164 0 0.79251 0.488911 
0.53059 0 0.728929 0 0.792693 0.489384 
0.530544 0 0.728683 0 0.79288 0.489846 
0.53049 0 0.728416 0 0.793068 0.490296 
0.530428 0 0.728129 0 0.793259 0.490735 
0.530366 0 0.72783 0 0.793455 0.491163 
0.530301 0 0.727519 0 0.793656 0.49158 
0.530228 0 0.727186 0 0.793857 0.491986 
0.530147 0 0.726833 0 0.794061 0.492383 
0.530065 0 0.726468 0 0.79427 0.49277 
0.52998 0 0.726089 0 0.794484 0.493147 
0.529887 0 0.725689 0 0.794698 0.493514 
0.529785 0 0.725267 0 0.794914 0.493873 
0.529683 0 0.724832 0 0.795135 0.494222 
0.529578 0 0.724384 0 0.79536 0.494563 
0.529464 0 0.723913 0 0.795585 0.494895 
0.529341 0 0.72342 0 0.795811 0.495219 
0.529217 0 0.722914 0 0.796043 0.495535 
0.52936 0 0.722633 0 0.796521 0.495842 
0.529636 0 0.72247 0 0.797105 0.496143 
0.529968 0 0.722353 0 0.797727 0.496435 
0.530283 0 0.722198 0 0.798347 0.496721 
0.53058 0 0.72202 0 0.798957 0.496999 
0.530854 0 0.721806 0 0.799552 0.49727 
0.531105 0 0.721556 0 0.800137 0.497535 
0.531341 0 0.721275 0 0.800714 0.497793 
0.531643 0 0.721053 0 0.801342 0.498044 
0.531981 0 0.720854 0 0.802004 0.498289 
0.532339 0 0.72066 0 0.802687 0.498528 
0.532712 0 0.720467 0 0.803385 0.498761 
0.533091 0 0.720269 0 0.804092 0.498989 
0.533468 0 0.720052 0 0.804803 0.49921 
0.533841 0 0.719814 0 0.80552 0.499426 
0.534219 0 0.719564 0 0.806245 0.499637 
0.534359 0 0.719208 0 0.806688 0.499842 
0.534363 0 0.718823 0 0.806947 0.500043 
0.53431 0 0.718462 0 0.807107 0.500238 
0.534365 0 0.718201 0 0.807352 0.500428 
0.534502 0 0.718002 0 0.807672 0.500614 
0.534695 0 0.717835 0 0.808051 0.500794 
0.53493 0 0.71769 0 0.808477 0.500971 
0.535205 0 0.717566 0 0.808944 0.501143 
0.535512 0 0.717459 0 0.809448 0.501311 
0.53584 0 0.717353 0 0.809981 0.501474 
0.536186 0 0.717246 0 0.810543 0.501634 
0.536558 0 0.717145 0 0.811135 0.501789 
0.53685 0 0.717073 0 0.811592 0.50194 
0.537101 0 0.717042 0 0.811957 0.502088 
0.537347 0 0.717056 0 0.812286 0.502232 
0.537621 0 0.717124 0 0.812618 0.502373 
0.537934 0 0.71724 0 0.812971 0.50251 
0.538283 0 0.717395 0 0.81335 0.502643 
0.538672 0 0.717592 0 0.813756 0.502773 
0.53911 0 0.717842 0 0.814193 0.5029 
0.539597 0 0.718148 0 0.81466 0.503024 
0.540124 0 0.718501 0 0.815151 0.503145 
0.540694 0 0.718901 0 0.815666 0.503262 
0.541312 0 0.719356 0 0.816209 0.503377 
0.541975 0 0.719866 0 0.816775 0.503489 
0.542675 0 0.720419 0 0.817359 0.503598 
0.543488 0 0.72115 0 0.81798 0.503704 
0.544385 0 0.721966 0 0.818648 0.503808 
0.545337 0 0.722836 0 0.819339 0.503909 
0.546325 0 0.723734 0 0.820046 0.504008 
0.547398 0 0.724634 0 0.820848 0.504104 
0.548493 0 0.725569 0 0.821647 0.504197 
0.549613 0 0.726523 0 0.822449 0.504289 
0.550746 0 0.72748 0 0.823249 0.504378 
0.551892 0 0.728437 0 0.824044 0.504464 
0.553054 0 0.7294 0 0.824833 0.504549 
0.554227 0 0.730366 0 0.825615 0.504632 
0.555402 0 0.731324 0 0.826383 0.504712 
0.556576 0 0.732271 0 0.827139 0.504791 
0.557755 0 0.733216 0 0.827884 0.504867 
0.558934 0 0.734156 0 0.828616 0.504942 
0.560103 0 0.735081 0 0.82933 0.505014 
0.561262 0 0.735991 0 0.830026 0.505085 
0.562416 0 0.736895 0 0.830706 0.505154 
0.563562 0 0.737792 0 0.83137 0.505222 
0.564692 0 0.738673 0 0.832014 0.505287 
0.565807 0 0.739538 0 0.83264 0.505351 
0.566912 0 0.740397 0 0.833252 0.505414 
0.568007 0 0.74125 0 0.833849 0.505475 
0.569084 0 0.742087 0 0.834429 0.505534 
0.570143 0 0.74291 0 0.834994 0.505592 
0.571193 0 0.743729 0 0.835548 0.505648 
0.572231 0 0.744543 0 0.83609 0.505703 
0.57325 0 0.745343 0 0.836619 0.505757 
0.574253 0 0.746131 0 0.837135 0.505809 
0.575245 0 0.746917 0 0.837644 0.50586 
0.576227 0 0.747701 0 0.838144 0.50591 
0.577191 0 0.748473 0 0.838633 0.505958 
0.578138 0 0.749235 0 0.839114 0.506005 
0.579077 0 0.749997 0 0.83959 0.506052 
0.580007 0 0.750759 0 0.84006 0.506096 
0.580919 0 0.751512 0 0.840522 0.50614 
0.581817 0 0.752257 0 0.840978 0.506183 
0.582707 0 0.753005 0 0.841431 0.506225 
0.583589 0 0.753754 0 0.84188 0.506265 
0.584455 0 0.754497 0 0.842324 0.506304 
0.585308 0 0.755233 0 0.842763 0.506343 
0.586155 0 0.755974 0 0.843201 0.506381 
0.586995 0 0.756719 0 0.843638 0.506417 
0.587821 0 0.757459 0 0.84407 0.506453 
0.588634 0 0.758196 0 0.844499 0.506488 
0.589443 0 0.758938 0 0.844929 0.506522 
0.590247 0 0.759686 0 0.845357 0.506555 
0.591038 0 0.760432 0 0.845783 0.506587 
0.591817 0 0.761175 0 0.846207 0.506619 
0.592594 0 0.761926 0 0.846632 0.506649 
0.593367 0 0.762685 0 0.847057 0.506679 
0.594128 0 0.763443 0 0.847479 0.506708 
0.594879 0 0.7642 0 0.847901 0.506737 
0.595629 0 0.764967 0 0.848325 0.506765 
0.596375 0 0.765743 0 0.848748 0.506792 
0.597111 0 0.76652 0 0.84917 0.506818 
0.597839 0 0.767298 0 0.849592 0.506844 
0.598566 0 0.768088 0 0.850015 0.506869 
0.599291 0 0.768888 0 0.850438 0.506893 
0.600008 0 0.769691 0 0.850861 0.506917 
0.600716 0 0.770497 0 0.851283 0.50694 
0.601425 0 0.771315 0 0.851707 0.506963 
0.602133 0 0.772146 0 0.85213 0.506985 
0.602834 0 0.772982 0 0.852553 0.507006 
0.603527 0 0.773821 0 0.852975 0.507027 
0.604222 0 0.774676 0 0.853399 0.507048 
0.604918 0 0.775544 0 0.853822 0.507067 
0.605606 0 0.776418 0 0.854244 0.507087 
0.606288 0 0.777298 0 0.854665 0.507106 
0.606973 0 0.778194 0 0.855086 0.507124 
0.607659 0 0.779106 0 0.855507 0.507142 
0.608339 0 0.780025 0 0.855926 0.50716 
0.609014 0 0.780952 0 0.856343 0.507177 
0.609692 0 0.781896 0 0.85676 0.507193 
0.610371 0 0.782857 0 0.857175 0.50721 
0.611046 0 0.783827 0 0.857587 0.507225 
0.611517 0 0.784543 0 0.857773 0.507241 
0.611815 0 0.785055 0 0.85781 0.507256 
0.612007 0 0.785436 0 0.857811 0.507271 
0.612141 0 0.785763 0 0.857819 0.507285 
0.612277 0 0.786101 0 0.857847 0.507299 
0.612424 0 0.78646 0 0.857896 0.507313 
0.61258 0 0.786839 0 0.857966 0.507326 
0.612738 0 0.78723 0 0.858056 0.507339 
0.612899 0 0.787632 0 0.858167 0.507351 
0.613013 0 0.787983 0 0.858263 0.507364 
0.613082 0 0.788276 0 0.858345 0.507376 
0.613108 0 0.78851 0 0.858422 0.507387 
0.613103 0 0.788702 0 0.858504 0.507399 
0.613082 0 0.788872 0 0.858595 0.507409 
0.613046 0 0.789026 0 0.858696 0.50742 
0.612992 0 0.789158 0 0.858805 0.507431 
0.61292 0 0.789267 0 0.858923 0.507441 
0.612838 0 0.78936 0 0.859051 0.507451 
0.612745 0 0.789437 0 0.859186 0.507461 
0.612664 0 0.789586 0 0.85922 0.50747 
0.612574 0 0.789807 0 0.859153 0.507479 
0.6126 0 0.790013 0 0.859309 0.507488 
0.61269 0 0.790207 0 0.859565 0.507497 
0.612798 0 0.79039 0 0.859849 0.507505 
0.612911 0 0.790574 0 0.860143 0.507514 
0.613036 0 0.79078 0 0.860454 0.507521 
0.613172 0 0.791006 0 0.860787 0.507529 
0.613314 0 0.791245 0 0.861143 0.507537 
0.613461 0 0.791494 0 0.861517 0.507544 
0.61362 0 0.791762 0 0.861907 0.507552 
0.613789 0 0.792049 0 0.862308 0.507559 
0.613961 0 0.792347 0 0.862721 0.507565 
0.614138 0 0.792657 0 0.863147 0.507572 
0.614328 0 0.792989 0 0.86359 0.507578 
0.61453 0 0.79334 0 0.864049 0.507585 
0.614737 0 0.793703 0 0.864525 0.507591 
0.614951 0 0.794078 0 0.865018 0.507596 
0.61518 0 0.794473 0 0.865532 0.507602 
0.615423 0 0.794888 0 0.866063 0.507608 
0.615672 0 0.795314 0 0.866613 0.507613 
0.615931 0 0.795752 0 0.867182 0.507618 
0.616205 0 0.796211 0 0.867773 0.507623 
0.616496 0 0.796689 0 0.868385 0.507628 
0.616795 0 0.797179 0 0.869019 0.507633 
0.617105 0 0.79768 0 0.869675 0.507637 
0.617434 0 0.798202 0 0.870356 0.507642 
0.617781 0 0.798743 0 0.87106 0.507646 
0.618139 0 0.799297 0 0.871789 0.50765 
0.618509 0 0.799861 0 0.872543 0.507654 
0.618901 0 0.800447 0 0.873325 0.507657 
0.619312 0 0.801052 0 0.874134 0.507661 
0.619736 0 0.80167 0 0.874969 0.507664 
0.620175 0 0.802299 0 0.875832 0.507667 
0.620636 0 0.802949 0 0.876725 0.50767 
0.621119 0 0.803619 0 0.877647 0.507673 
0.621616 0 0.804301 0 0.878597 0.507676 
0.621995 0 0.804945 0 0.879365 0.507678 
0.622236 0 0.80554 0 0.880019 0.50768 
0.622404 0 0.80612 0 0.880615 0.507682 
0.622528 0 0.806709 0 0.881176 0.507684 
0.622628 0 0.807322 0 0.881713 0.507686 
0.622716 0 0.807965 0 0.882225 0.507687 
0.622789 0 0.808628 0 0.882709 0.507688 
0.622841 0 0.809294 0 0.883167 0.507689 
0.62287 0 0.809956 0 0.8836 0.50769 
0.622885 0 0.81062 0 0.884013 0.50769 
0.622885 0 0.811285 0 0.884405 0.50769 
0.622863 0 0.811941 0 0.884776 0.50769 
0.62282 0 0.812588 0 0.885126 0.507689 
0.622764 0 0.813234 0 0.885456 0.507688 
0.622694 0 0.813878 0 0.885763 0.507687 
0.622882 0 0.814375 0 0.88647 0.507685 
0.623218 0 0.814821 0 0.887384 0.507682 
0.623638 0 0.815254 0 0.888392 0.50768 
0.6241 0 0.81569 0 0.889441 0.507676 
0.624582 0 0.816127 0 0.890511 0.507672 
0.625074 0 0.816572 0 0.891594 0.507668 
0.625581 0 0.817033 0 0.892683 0.507663 
0.626098 0 0.817511 0 0.89377 0.507657 
0.626615 0 0.817996 0 0.894847 0.50765 
0.627132 0 0.818489 0 0.895912 0.507642 
0.627655 0 0.818999 0 0.896967 0.507633 
0.628182 0 0.819527 0 0.898009 0.507624 
0.628444 0 0.821129 1 0.89769 0.507613 
0.628732 0 0.822872 1 0.897498 0.507595 
0.629186 0 0.824665 1 0.897531 0.507568 
0.629709 0 0.826472 0 0.897614 0.507526 
0.630276 0 0.828274 0 0.89772 0.507482 
0.630872 0 0.830074 0 0.897837 0.507436 
0.631488 0 0.831873 0 0.897958 0.507386 
0.632118 0 0.833674 0 0.89808 0.507335 
0.63279 0 0.835505 0 0.898278 0.507279 
0.63328 0 0.837014 0 0.898674 0.507221 
0.633672 0 0.838412 0 0.899073 0.507159 
0.634012 0 0.839777 0 0.899439 0.507094 
0.634328 0 0.841137 0 0.899781 0.507025 
0.634634 0 0.8425 0 0.900112 0.506953 
0.634937 0 0.843867 0 0.900435 0.506877 
0.63524 0 0.845237 0 0.900748 0.506796 
0.635544 0 0.84661 0 0.901048 0.506712 
0.635849 0 0.847985 0 0.901332 0.506623 
0.636155 0 0.849364 0 0.9016 0.50653 
0.636462 0 0.850746 0 0.901852 0.506432 
0.63677 0 0.852133 0 0.902088 0.50633 
0.63708 0 0.853524 0 0.90231 0.506223 
0.637252 0 0.854833 0 0.90229 0.506112 
0.637262 0 0.85597 0 0.902133 0.505996 
0.637181 0 0.856979 0 0.90191 0.505874 
0.637057 0 0.857928 0 0.901662 0.505748 
0.636914 0 0.85886 0 0.901397 0.505616 
0.636761 0 0.85979 0 0.901108 0.50548 
0.636598 0 0.860713 0 0.900783 0.505338 
0.636422 0 0.861619 0 0.900415 0.50519 
0.636232 0 0.862499 0 0.900005 0.505037 
0.636028 0 0.863349 0 0.899558 0.504879 
0.635809 0 0.864166 0 0.899079 0.504715 
0.635577 0 0.86495 0 0.89857 0.504546 
0.635332 0 0.8657 0 0.898032 0.504371 
0.635074 0 0.866417 0 0.897465 0.50419 
0.634803 0 0.8671 0 0.896868 0.504003 
0.634519 0 0.867749 0 0.896241 0.503811 
0.634425 0 0.868453 0 0.895904 0.503612 
0.634425 0 0.869149 0 0.895663 0.503407 
0.63446 0 0.869827 0 0.895431 0.503196 
0.634512 0 0.870501 0 0.895196 0.502979 
0.634575 0 0.871184 0 0.894965 0.502755 
0.63465 0 0.871878 0 0.894742 0.502525 
0.634735 0 0.872583 0 0.894524 0.502288 
0.634829 0 0.873297 0 0.894304 0.502044 
0.63493 0 0.874018 0 0.894079 0.501794 
0.635037 0 0.874747 0 0.893845 0.501536 
0.635151 0 0.875486 0 0.893604 0.501271 
0.635202 0 0.876186 0 0.893248 0.500998 
0.635154 1 0.875789 0 0.893859 0.500718 
0.635095 1 0.875389 0 0.894363 0.5003 
0.635006 1 0.87496 0 0.89468 0.499715 
0.634899 0 0.874506 0 0.894872 0.498917 
0.634778 0 0.874051 0 0.895013 0.498121 
0.634646 0 0.873589 0 0.895118 0.497328 
0.634503 0 0.873115 0 0.895182 0.496535 
0.634549 0 0.873641 1 0.894792 0.495744 
0.634904 1 0.873255 1 0.894874 0.494615 
0.635331 1 0.873361 1 0.89483 0.492591 
0.635857 1 0.873628 1 0.894743 0.489243 
0.636573 1 0.874016 1 0.894762 0.484064 
0.637537 1 0.87454 1 0.894932 0.476613 
0.638794 1 0.875214 1 0.895273 0.466595 
0.640358 1 0.876038 1 0.895783 0.454044 
0.642215 1 0.876992 1 0.896444 0.439242 
0.644325 1 0.878045 1 0.89722 0.422702 
0.64664 1 0.879158 1 0.898071 0.404943 
0.649104 1 0.880296 1 0.898956 0.386425 
0.65167 1 0.881427 1 0.899839 0.36751 
0.654295 1 0.882527 1 0.900692 0.348477 
0.65695 1 0.883579 1 0.901494 0.329501 
0.659587 1 0.884565 1 0.902222 0.310721 
0.66219 1 0.885475 1 0.902867 0.292231 
0.664744 1 0.886305 1 0.903429 0.274087 
0.667241 1 0.887056 1 0.90391 0.256307 
0.669679 1 0.887729 1 0.904316 0.238923 
0.67206 1 0.88833 1 0.904654 0.22194 
0.674387 1 0.888865 1 0.904932 0.205366 
0.676666 1 0.889344 1 0.905156 0.189194 
0.678929 1 0.889785 1 0.905343 0.173424 
0.681166 1 0.890193 1 0.905496 0.158042 
0.683376 1 0.890566 1 0.905617 0.143045 
0.685557 1 0.890906 1 0.905708 0.128418 
0.687706 1 0.891216 1 0.905768 0.114155 
0.689822 1 0.891498 1 0.905799 0.10025 
0.691903 1 0.891752 1 0.905805 0.0866901 
0.693948 1 0.891979 1 0.905788 0.0734711 
0.695957 1 0.892181 1 0.905746 0.0605829 
0.697928 1 0.892359 1 0.905682 0.0480163 
0.69986 1 0.892514 1 0.905598 0.0357646 
0.701753 1 0.892647 1 0.905494 0.0238166 
0.703605 1 0.892759 1 0.905372 0.0121687 
0.705418 1 0.892851 1 0.905231 0.000807244 
0.707189 1 0.892924 1 0.905074 -0.0102664 
0.70892 1 0.892977 1 0.9049 -0.0210613 
0.710609 1 0.893013 1 0.904711 -0.0315905 
0.712258 1 0.893031 1 0.904507 -0.0418529 
0.713864 1 0.893033 1 0.904289 -0.0518623 
0.71543 1 0.893018 1 0.904058 -0.0616181 
0.716954 1 0.892987 1 0.903813 -0.0711337 
0.718437 1 0.892941 1 0.903556 -0.0804096 
0.719879 1 0.89288 1 0.903287 -0.0894543 
0.721281 1 0.892804 1 0.903006 -0.0982704 
0.722642 1 0.892714 1 0.902713 -0.106867 
0.723964 1 0.892611 1 0.90241 -0.115249 
0.725246 1 0.892494 1 0.902096 -0.123421 
0.726489 1 0.892361 1 0.901773 -0.131389 
0.727694 1 0.892217 1 0.90144 -0.13916 
0.728861 1 0.892061 1 0.901097 -0.146737 
0.729991 1 0.891893 1 0.900745 -0.154122 
0.731084 1 0.891713 1 0.900384 -0.161324 
0.732141 1 0.891521 1 0.900014 -0.168344 
0.733162 1 0.891318 1 0.899635 -0.175188 
0.734148 1 0.891104 1 0.899248 -0.181861 
0.7351 1 0.890877 1 0.898852 -0.188367 
0.736017 1 0.890642 1 0.898448 -0.194712 
0.736903 1 0.890394 1 0.898036 -0.200898 
0.737756 1 0.890137 1 0.897616 -0.206931 
0.738577 1 0.889869 1 0.897189 -0.212811 
0.739368 1 0.889591 1 0.896754 -0.218545 
0.740128 1 0.889303 1 0.896312 -0.224135 
0.74086 1 0.889005 1 0.895863 -0.229583 
0.741563 1 0.888698 1 0.895407 -0.234898 
0.742384 1 0.888504 1 0.895009 -0.240079 
0.743272 1 0.888384 1 0.894675 -0.24513 
0.74419 1 0.8883 1 0.894366 -0.250058 
0.745108 1 0.888224 1 0.894091 -0.254861 
0.746006 1 0.888134 1 0.893839 -0.259545 
0.746875 1 0.888024 1 0.89359 -0.264108 
0.747714 1 0.887898 1 0.893332 -0.268559 
0.748526 1 0.887762 1 0.893072 -0.272898 
0.749316 1 0.887622 1 0.892806 -0.27713 
0.750089 1 0.887484 1 0.892543 -0.281254 
0.750848 1 0.887351 1 0.892284 -0.285277 
0.751593 1 0.887223 1 0.892031 -0.289198 
0.752326 1 0.887098 1 0.891784 -0.293021 
0.753044 1 0.886976 1 0.891543 -0.296748 
0.753749 1 0.886855 1 0.891306 -0.300384 
0.754438 1 0.886736 1 0.891073 -0.303927 
0.755113 1 0.886618 1 0.890845 -0.307383 
0.755775 1 0.886501 1 0.89062 -0.310753 
0.756475 1 0.886406 1 0.890466 -0.314036 
0.757183 1 0.886326 1 0.890338 -0.317239 
0.757881 1 0.886253 1 0.890217 -0.320362 
0.758564 1 0.886185 1 0.890093 -0.323406 
0.759233 1 0.886123 1 0.889966 -0.326373 
0.759887 1 0.886068 1 0.889834 -0.329268 
0.76053 1 0.886022 1 0.889705 -0.332091 
0.761163 1 0.885983 1 0.889579 -0.334841 
0.761786 1 0.885947 1 0.889456 -0.337524 
0.762413 1 0.88592 1 0.889359 -0.34014 
0.763033 1 0.885898 1 0.889274 -0.34269 
0.763644 1 0.885879 1 0.889195 -0.345175 
0.764246 1 0.885866 1 0.889121 -0.347598 
0.76484 1 0.885859 1 0.889053 -0.349961 
0.765429 1 0.88586 1 0.888991 -0.352267 
0.766012 1 0.885869 1 0.888937 -0.354513 
0.766589 1 0.885885 1 0.88889 -0.356706 
0.767161 1 0.885908 1 0.888852 -0.358842 
0.767728 1 0.885937 1 0.888821 -0.360925 
0.76829 1 0.885973 1 0.888799 -0.362957 
0.768847 1 0.886016 1 0.888784 -0.364936 
0.7694 1 0.886065 1 0.888777 -0.366866 
0.769949 1 0.886121 1 0.888779 -0.368748 
0.770494 1 0.886184 1 0.888788 -0.37058 
0.771035 1 0.886254 1 0.888806 -0.37237 
0.771574 1 0.886331 1 0.888832 -0.374116 
0.77211 1 0.886416 1 0.888866 -0.375818 
0.772643 1 0.886508 1 0.888908 -0.377475 
0.773174 1 0.886607 1 0.888959 -0.379092 
0.773703 1 0.886714 1 0.889018 -0.380669 
0.774231 1 0.886827 1 0.889085 -0.382205 
0.774587 1 0.886793 1 0.888855 -0.383699 
0.774918 1 0.886711 1 0.888778 -0.385158 
0.775242 1 0.886635 1 0.888706 -0.386585 
0.775525 1 0.886554 1 0.888602 -0.387974 
0.775792 1 0.88647 1 0.888484 -0.389329 
0.776049 1 0.886385 1 0.88836 -0.390651 
0.776295 1 0.886299 1 0.888233 -0.39194 
0.776531 1 0.886213 1 0.888105 -0.393196 
0.776757 1 0.886124 1 0.887974 -0.394418 
0.776974 1 0.886034 1 0.887843 -0.395612 
0.777181 1 0.885941 1 0.88771 -0.396774 
0.77738 1 0.885847 1 0.887575 -0.397908 
0.77757 1 0.885751 1 0.88744 -0.399014 
0.777751 1 0.885653 1 0.887303 -0.400093 
0.777924 1 0.885552 1 0.887165 -0.401144 
0.778089 1 0.885451 1 0.887026 -0.402172 
0.778247 1 0.885347 1 0.886886 -0.403171 
0.778396 1 0.885242 1 0.886745 -0.404145 
0.77862 1 0.885185 1 0.886696 -0.405095 
0.778868 1 0.885151 1 0.886688 -0.406021 
0.779118 1 0.885142 1 0.886686 -0.406925 
0.779362 1 0.885148 1 0.886678 -0.407807 
0.779601 1 0.885156 1 0.886665 -0.408665 
0.779838 1 0.885162 1 0.886656 -0.409503 
0.780078 1 0.885175 1 0.886656 -0.410319 
0.780322 1 0.885197 1 0.886668 -0.411115 
0.780572 1 0.885231 1 0.886694 -0.411891 
0.780827 1 0.885276 1 0.886731 -0.412647 
0.781087 1 0.885331 1 0.886778 -0.413384 
0.781352 1 0.885396 1 0.886836 -0.414103 
0.781622 1 0.88547 1 0.886903 -0.414805 
0.781896 1 0.885554 1 0.88698 -0.415488 
0.782176 1 0.885648 1 0.887067 -0.416153 
0.782461 1 0.885751 1 0.887164 -0.416804 
0.782735 1 0.885871 1 0.887191 -0.417434 
0.783013 1 0.885975 1 0.887236 -0.418049 
0.783291 1 0.886086 1 0.887312 -0.418652 
0.783563 1 0.886198 1 0.887399 -0.419242 
0.783822 1 0.886303 1 0.887479 -0.419814 
0.784075 1 0.886405 1 0.887557 -0.420372 
0.784324 1 0.886505 1 0.887635 -0.420916 
0.784568 1 0.886605 1 0.887712 -0.421447 
0.784805 1 0.886702 1 0.887779 -0.421967 
0.785064 1 0.886813 1 0.887874 -0.422474 
0.785332 1 0.886937 1 0.887987 -0.422964 
0.785603 1 0.887069 1 0.888107 -0.423443 
0.785873 1 0.887205 1 0.88823 -0.423912 
0.786143 1 0.887343 1 0.888354 -0.424367 
0.786413 1 0.887485 1 0.888481 -0.424814 
0.786684 1 0.88763 1 0.888612 -0.425247 
0.786957 1 0.88778 1 0.888748 -0.425669 
0.787234 1 0.887936 1 0.888891 -0.426082 
0.787514 1 0.888096 1 0.88904 -0.426486 
0.787799 1 0.888261 1 0.889196 -0.426879 
0.788088 1 0.88843 1 0.889359 -0.427262 
0.788383 1 0.888606 1 0.889531 -0.427634 
0.788683 1 0.888788 1 0.88971 -0.427998 
0.788989 1 0.888977 1 0.889897 -0.428352 
0.7893 1 0.889174 1 0.890091 -0.428698 
0.789618 1 0.889376 1 0.890291 -0.429034 
0.789944 1 0.889585 1 0.890499 -0.429364 
0.790275 1 0.889803 1 0.890714 -0.429685 
0.790614 1 0.890026 1 0.890936 -0.429997 
0.790961 1 0.890256 1 0.891166 -0.430302 
0.791314 1 0.890495 1 0.891402 -0.430598 
0.791676 1 0.890741 1 0.891644 -0.430886 
0.792045 1 0.890993 1 0.891894 -0.431167 
0.792423 1 0.891251 1 0.892152 -0.431441 
0.792809 1 0.891518 1 0.892417 -0.431709 
0.793205 1 0.891791 1 0.892689 -0.431969 
0.793609 1 0.892071 1 0.892968 -0.432223 
0.794023 1 0.89236 1 0.893254 -0.432471 
0.794447 1 0.892655 1 0.893548 -0.432712 
0.794881 1 0.892958 1 0.893848 -0.432948 
0.795325 1 0.893267 1 0.894156 -0.433179 
0.795779 1 0.893584 1 0.894471 -0.433404 
0.796245 1 0.893907 1 0.894794 -0.433623 
0.796721 1 0.894239 1 0.895123 -0.433837 
0.797209 1 0.894578 1 0.895459 -0.434042 
0.797709 1 0.894923 1 0.895803 -0.434245 
0.79822 1 0.895275 1 0.896153 -0.434442 
0.798744 1 0.895635 1 0.896511 -0.434635 
0.79928 1 0.896001 1 0.896875 -0.434822 
0.79983 1 0.896375 1 0.897247 -0.435006 
0.800393 1 0.896756 1 0.897626 -0.435185 
0.800969 1 0.897144 1 0.898011 -0.435362 
0.801559 1 0.897539 1 0.898402 -0.435533 
0.802163 1 0.89794 1 0.8988 -0.435698 
0.80278 1 0.898347 1 0.899204 -0.435857 
0.803412 1 0.898761 1 0.899615 -0.436014 
0.804059 1 0.899181 1 0.900032 -0.436168 
0.804721 1 0.899608 1 0.900456 -0.436318 
0.805399 1 0.900039 1 0.900885 -0.436464 
0.806092 1 0.90048 1 0.901319 -0.436608 
0.806801 1 0.900923 1 0.90176 -0.436748 
0.807526 1 0.901374 1 0.902206 -0.436882 
0.808267 1 0.90183 1 0.902657 -0.437013 
0.809025 1 0.902289 1 0.903112 -0.437142 
0.8098 1 0.902755 1 0.903573 -0.437267 
0.810591 1 0.903224 1 0.904038 -0.437389 
0.811401 1 0.903698 1 0.904507 -0.437509 
0.812227 1 0.904177 1 0.90498 -0.437626 
0.813071 1 0.904659 1 0.905457 -0.437739 
0.813934 1 0.905144 1 0.905937 -0.437851 
0.814814 1 0.905633 1 0.90642 -0.437959 
0.815712 1 0.906125 1 0.906905 -0.438064 
0.816629 1 0.906619 1 0.907393 -0.438164 
0.817564 1 0.907115 1 0.907882 -0.438265 
0.818517 1 0.907613 1 0.908372 -0.438362 
0.819489 1 0.908111 1 0.908863 -0.438458 
0.82048 1 0.908612 1 0.909355 -0.43855 
0.82149 1 0.909112 1 0.909846 -0.438641 
0.822518 1 0.909613 1 0.910337 -0.438729 
0.823676 1 0.910194 1 0.910822 -0.438813 
0.824924 1 0.910829 1 0.911314 -0.438897 
0.826214 1 0.911458 1 0.911825 -0.438977 
0.827512 1 0.912058 1 0.912343 -0.439057 
0.828815 1 0.912631 1 0.912863 -0.439134 
0.830124 1 0.913182 1 0.913377 -0.43921 
0.831437 1 0.913716 1 0.913883 -0.439283 
0.832756 1 0.914234 1 0.914378 -0.439354 
0.834098 1 0.91475 1 0.914852 -0.439425 
0.835468 1 0.915265 1 0.91531 -0.439494 
0.836866 1 0.915773 1 0.915769 -0.439562 
0.836398 1 0.915534 1 0.91556 -0.43962 
0.836109 1 0.915458 1 0.915482 -0.439683 
