0.239407 0 0.363995 0 0.363994 0.500001 
0.239318 0 0.365278 0 0.364834 0.477733 
0.239275 0 0.366871 0 0.36576 0.455664 
0.239296 0 0.368716 0 0.366802 0.433868 
0.239384 0 0.370741 0 0.367947 0.412414 
0.239544 0 0.372891 0 0.369186 0.391355 
0.239659 0 0.374958 0 0.370458 0.370726 
0.23978 0 0.377045 0 0.371748 0.350547 
0.239906 0 0.37915 0 0.373053 0.330828 
0.240032 0 0.381266 0 0.374372 0.311573 
0.240157 0 0.383389 0 0.375702 0.292778 
0.240289 0 0.385525 0 0.377044 0.274439 
0.240738 0 0.388068 0 0.378621 0.25655 
0.241089 0 0.390404 0 0.380147 0.2391 
0.241412 0 0.39265 0 0.381622 0.222082 
0.241742 0 0.394841 0 0.383047 0.205487 
0.242079 0 0.396953 0 0.384398 0.189304 
0.242634 0 0.399166 0 0.385865 0.173524 
0.243286 0 0.401296 0 0.387357 0.158137 
0.244006 0 0.403337 0 0.388817 0.143133 
0.244866 0 0.405314 0 0.390333 0.128505 
0.245751 0 0.407104 0 0.391801 0.114241 
0.246637 0 0.408747 0 0.393136 0.100334 
0.24753 0 0.410251 0 0.394341 0.0867736 
0.248431 0 0.411619 0 0.39542 0.0735524 
0.249331 0 0.412847 0 0.396372 0.0606615 
0.250223 0 0.413873 0 0.39726 0.0480927 
0.251124 0 0.414781 0 0.398039 0.035838 
0.25203 0 0.415577 0 0.398712 0.0238896 
0.252936 0 0.416259 0 0.399283 0.0122398 
0.253953 0 0.416879 0 0.399915 0.000881134 
0.255062 0 0.417472 0 0.400558 -0.0101935 
0.25624 0 0.418036 0 0.401186 -0.0209914 
0.257464 0 0.418554 0 0.401785 -0.0315194 
0.258722 0 0.419026 0 0.402348 -0.0417842 
0.260012 0 0.41946 0 0.402878 -0.0517925 
0.261326 0 0.419857 0 0.403373 -0.0615505 
0.262653 0 0.420214 0 0.40383 -0.0710645 
0.26399 0 0.420537 0 0.404252 -0.0803406 
0.26534 0 0.420837 0 0.404646 -0.0893849 
0.2667 0 0.421118 0 0.405015 -0.0982029 
0.26806 0 0.421376 0 0.405357 -0.1068 
0.269419 0 0.421617 0 0.405676 -0.115183 
0.270782 0 0.421854 0 0.40598 -0.123356 
0.272146 0 0.422088 0 0.406271 -0.131324 
0.273504 0 0.422317 0 0.406548 -0.139093 
0.274547 0 0.422135 0 0.406692 -0.146668 
0.275303 0 0.421648 0 0.406616 -0.154053 
0.275854 0 0.420958 0 0.406341 -0.161253 
0.276259 0 0.420133 0 0.405917 -0.168272 
0.276562 0 0.419225 0 0.405396 -0.175116 
0.276804 0 0.418273 0 0.40482 -0.181788 
0.277001 0 0.417295 0 0.404204 -0.188292 
0.277157 0 0.416291 0 0.403554 -0.194633 
0.277281 0 0.41527 0 0.402874 -0.200815 
0.277383 0 0.414243 0 0.40217 -0.206841 
0.277465 0 0.413213 0 0.401443 -0.212715 
0.277522 0 0.412173 0 0.400693 -0.21844 
0.277557 0 0.411128 0 0.399921 -0.224019 
0.277579 0 0.410087 0 0.399135 -0.229457 
0.277585 0 0.409048 0 0.398336 -0.234756 
0.277571 0 0.408006 0 0.397518 -0.239918 
0.277538 0 0.406961 0 0.396684 -0.244946 
0.277492 0 0.405921 0 0.395841 -0.249842 
0.277434 0 0.404885 0 0.394986 -0.254608 
0.277355 0 0.403845 0 0.394116 -0.259246 
0.277257 0 0.402804 0 0.393233 -0.263757 
0.277147 0 0.401769 0 0.392343 -0.26814 
0.277023 0 0.40074 0 0.391447 -0.272397 
0.276879 0 0.39971 0 0.390539 -0.276526 
0.276997 0 0.399125 0 0.389957 -0.280525 
0.277271 0 0.398759 0 0.389575 -0.284392 
0.277611 0 0.398475 0 0.389277 -0.288123 
0.2779 0 0.398192 0 0.388942 -0.291712 
0.278097 0 0.397863 0 0.38857 -0.295153 
0.278232 0 0.397509 0 0.388169 -0.298436 
0.278318 0 0.397142 0 0.387746 -0.301551 
0.278358 0 0.396772 0 0.387309 -0.304485 
0.278363 0 0.396413 0 0.386873 -0.307219 
0.278343 0 0.396082 0 0.386456 -0.309737 
0.278302 0 0.395788 0 0.386065 -0.312014 
0.278234 0 0.395532 0 0.385705 -0.314025 
0.278344 0 0.395565 0 0.38561 -0.315741 
0.278557 0 0.395799 0 0.385712 -0.317129 
0.278819 0 0.396172 0 0.385954 -0.318155 
0.279094 0 0.39666 0 0.386307 -0.318781 
0.279371 0 0.397265 0 0.386772 -0.31897 
0.27965 0 0.398003 0 0.387361 -0.318682 
0.27967 0 0.39799 0 0.38767 -0.317883 
0.279566 0 0.397747 0 0.387942 -0.31654 
0.279534 0 0.397877 0 0.388242 -0.314629 
0.279584 0 0.398308 0 0.388746 -0.312129 
0.279694 0 0.398984 0 0.389462 -0.30903 
0.279841 0 0.399867 0 0.390374 -0.305329 
0.280013 0 0.400944 0 0.391473 -0.301031 
0.28021 0 0.402219 0 0.392758 -0.296151 
0.280424 0 0.403683 0 0.394221 -0.290711 
0.280647 0 0.405322 0 0.39585 -0.284738 
0.280878 0 0.407129 0 0.397638 -0.278265 
0.281121 0 0.409103 0 0.399581 -0.271331 
0.281375 0 0.411233 0 0.401669 -0.263975 
0.281631 0 0.413501 0 0.403887 -0.256238 
0.281892 0 0.4159 0 0.406228 -0.248161 
0.282162 0 0.418427 0 0.408686 -0.239785 
0.282441 0 0.421068 0 0.411251 -0.231151 
0.282721 0 0.423809 0 0.413907 -0.222296 
0.283005 0 0.426639 0 0.416647 -0.213257 
0.283297 0 0.429557 0 0.419467 -0.204067 
0.283598 0 0.432552 0 0.422356 -0.194758 
0.283899 0 0.435607 0 0.425301 -0.185357 
0.284203 0 0.438716 0 0.428295 -0.175892 
0.284515 0 0.441878 0 0.431336 -0.166386 
0.284834 0 0.445083 0 0.434415 -0.15686 
0.284926 0 0.447833 0 0.437247 -0.147332 
0.284902 0 0.450355 0 0.439921 -0.137821 
0.284835 0 0.452807 0 0.44255 -0.128342 
0.284845 0 0.455334 0 0.445219 -0.118908 
0.284885 0 0.457896 0 0.44791 -0.109531 
0.284947 0 0.46048 0 0.450618 -0.100221 
0.285033 0 0.463086 0 0.453342 -0.0909877 
0.285136 0 0.465705 0 0.456073 -0.0818369 
0.285251 0 0.46828 0 0.458771 -0.0727746 
0.285371 0 0.47082 0 0.461444 -0.0638054 
0.285387 0 0.473187 0 0.463997 -0.0549331 
0.285359 0 0.47546 0 0.466467 -0.0461598 
0.285309 0 0.477676 0 0.468881 -0.0374877 
0.285254 0 0.479848 0 0.471254 -0.0289179 
0.285204 0 0.481987 0 0.473595 -0.0204509 
0.285159 0 0.484088 0 0.4759 -0.0120864 
0.285112 0 0.486142 0 0.478163 -0.00382391 
0.285066 0 0.488149 0 0.480385 0.00433761 
0.285027 0 0.490119 0 0.482572 0.0123997 
0.284995 0 0.492052 0 0.484723 0.0203638 
0.284964 0 0.49394 0 0.486834 0.0282318 
0.284934 0 0.495785 0 0.488905 0.0360056 
0.284913 0 0.497595 0 0.490944 0.0436871 
0.284899 0 0.499368 0 0.492949 0.0512784 
0.284886 0 0.501099 0 0.494914 0.0587813 
0.285084 0 0.503118 0 0.49713 0.0661973 
0.285418 0 0.505265 0 0.499461 0.0735288 
0.285822 0 0.507426 0 0.501808 0.0807775 
0.286254 0 0.509557 0 0.504136 0.087945 
0.286702 0 0.511659 0 0.506443 0.0950329 
0.287166 0 0.513743 0 0.50874 0.102042 
0.287645 0 0.515808 0 0.511023 0.108974 
0.288131 0 0.517844 0 0.513286 0.115829 
0.288626 0 0.519849 0 0.515527 0.122607 
0.289134 0 0.521829 0 0.517753 0.12931 
0.289655 0 0.523782 0 0.519959 0.135936 
0.290179 0 0.525701 0 0.522142 0.142486 
0.290709 0 0.527586 0 0.524302 0.148959 
0.291249 0 0.529446 0 0.526445 0.155355 
0.2918 0 0.53128 0 0.528569 0.161674 
0.292353 0 0.533079 0 0.530668 0.167914 
0.29291 0 0.534846 0 0.532744 0.174076 
0.293476 0 0.536587 0 0.534802 0.180158 
0.294051 0 0.5383 0 0.53684 0.18616 
0.294626 0 0.539979 0 0.538852 0.19208 
0.295204 0 0.541624 0 0.54084 0.197918 
0.295789 0 0.543243 0 0.542808 0.203674 
0.296381 0 0.544835 0 0.544756 0.209347 
0.296972 0 0.546391 0 0.546677 0.214936 
0.297563 0 0.547912 0 0.548572 0.22044 
0.298161 0 0.549407 0 0.550448 0.22586 
0.298763 0 0.550874 0 0.552301 0.231194 
0.299363 0 0.552305 0 0.554128 0.236443 
0.299962 0 0.553701 0 0.555928 0.241607 
0.300423 0 0.554916 0 0.5575 0.246684 
0.300725 0 0.555948 0 0.55884 0.251676 
0.300911 0 0.556845 0 0.560011 0.256582 
0.301016 0 0.557644 0 0.561068 0.261402 
0.301073 0 0.558378 0 0.562051 0.266136 
0.301096 0 0.559057 0 0.562971 0.270785 
0.301088 0 0.559683 0 0.56383 0.275348 
0.30109 0 0.560345 0 0.56465 0.279826 
0.301101 0 0.561011 0 0.565449 0.28422 
0.301116 0 0.561665 0 0.566227 0.28853 
0.301128 0 0.562297 0 0.566975 0.292757 
0.301136 0 0.562906 0 0.567694 0.296901 
0.301149 0 0.563501 0 0.568391 0.300963 
0.301164 0 0.564083 0 0.569066 0.304945 
0.301174 0 0.564644 0 0.569713 0.308847 
0.301183 0 0.565186 0 0.570336 0.31267 
0.301319 0 0.565767 0 0.571069 0.316415 
0.301569 0 0.566415 0 0.5719 0.320084 
0.301875 0 0.567092 0 0.572776 0.323678 
0.30221 0 0.567775 0 0.573668 0.327197 
0.302562 0 0.56846 0 0.574566 0.330644 
0.302924 0 0.569141 0 0.575462 0.334021 
0.303285 0 0.569808 0 0.576348 0.337327 
0.303646 0 0.570459 0 0.577224 0.340565 
0.304013 0 0.571101 0 0.578095 0.343737 
0.304382 0 0.571734 0 0.578961 0.346843 
0.304749 0 0.572347 0 0.579813 0.349887 
0.305112 0 0.572943 0 0.580655 0.352868 
0.305479 0 0.573529 0 0.581493 0.355789 
0.305849 0 0.574104 0 0.582324 0.358652 
0.306135 0 0.574595 0 0.583035 0.361458 
0.306364 0 0.57503 0 0.583654 0.364209 
0.306494 0 0.575388 0 0.58414 0.366907 
0.306572 0 0.575698 0 0.58455 0.369552 
0.306612 0 0.575976 0 0.584908 0.372147 
0.306631 0 0.576235 0 0.585234 0.374693 
0.306646 0 0.576488 0 0.585544 0.377192 
0.30666 0 0.576736 0 0.585842 0.379646 
0.306749 0 0.577017 0 0.586216 0.382054 
0.306875 0 0.577316 0 0.586627 0.38442 
0.307024 0 0.577628 0 0.587059 0.386744 
0.307184 0 0.57794 0 0.587494 0.389028 
0.307338 0 0.57824 0 0.587917 0.391273 
0.307487 0 0.578528 0 0.588324 0.39348 
0.307635 0 0.578813 0 0.588722 0.39565 
0.307781 0 0.579092 0 0.589109 0.397785 
0.307919 0 0.579359 0 0.589479 0.399884 
0.30805 0 0.579614 0 0.589836 0.40195 
0.308181 0 0.579866 0 0.590186 0.403982 
0.308312 0 0.580114 0 0.590528 0.405982 
0.308435 0 0.58035 0 0.590857 0.40795 
0.308552 0 0.580575 0 0.591172 0.409887 
0.308669 0 0.580797 0 0.591482 0.411794 
0.308785 0 0.581016 0 0.591784 0.41367 
0.308893 0 0.581224 0 0.592072 0.415516 
0.308994 0 0.581421 0 0.592348 0.417333 
0.309096 0 0.581617 0 0.592619 0.41912 
0.309198 0 0.58181 0 0.592883 0.420879 
0.309291 0 0.581991 0 0.593134 0.422609 
0.309378 0 0.582163 0 0.593373 0.424311 
0.309465 0 0.582334 0 0.593607 0.425985 
0.309551 0 0.582502 0 0.593834 0.42763 
0.309629 0 0.582659 0 0.594049 0.429248 
0.309701 0 0.582807 0 0.594253 0.430838 
0.309772 0 0.582954 0 0.594452 0.432401 
0.309843 0 0.583098 0 0.594645 0.433936 
0.309906 0 0.583233 0 0.594825 0.435444 
0.309962 0 0.583358 0 0.594994 0.436926 
0.310018 0 0.583483 0 0.595159 0.43838 
0.310072 0 0.583605 0 0.595318 0.439807 
0.310119 0 0.583718 0 0.595464 0.441208 
0.310159 0 0.583822 0 0.5956 0.442583 
0.310198 0 0.583925 0 0.595731 0.443931 
0.310236 0 0.584027 0 0.595856 0.445253 
0.310266 0 0.584119 0 0.59597 0.44655 
0.310289 0 0.584203 0 0.596072 0.44782 
0.310311 0 0.584287 0 0.59617 0.449066 
0.310333 0 0.584369 0 0.596263 0.450286 
0.310345 0 0.584442 0 0.596343 0.45148 
0.310351 0 0.584506 0 0.596413 0.45265 
0.310356 0 0.584571 0 0.596479 0.453796 
0.31036 0 0.584635 0 0.596539 0.454917 
0.310355 0 0.58469 0 0.596588 0.456013 
0.310343 0 0.584738 0 0.596626 0.457086 
0.310331 0 0.584786 0 0.59666 0.458134 
0.310317 0 0.584834 0 0.596688 0.459159 
0.310295 0 0.584873 0 0.596704 0.460161 
0.310265 0 0.584906 0 0.59671 0.461138 
0.310235 0 0.58494 0 0.596712 0.462093 
0.310204 0 0.584974 0 0.596708 0.463024 
0.310163 0 0.585001 0 0.596692 0.463932 
0.310116 0 0.585022 0 0.596665 0.464817 
0.310068 0 0.585044 0 0.596633 0.465678 
0.310018 0 0.585069 0 0.596595 0.466516 
0.309958 0 0.585086 0 0.596544 0.46733 
0.309891 0 0.585099 0 0.596481 0.46812 
0.309823 0 0.585115 0 0.596411 0.468886 
0.309751 0 0.585133 0 0.596333 0.469626 
0.309669 0 0.585146 0 0.59624 0.470341 
0.309578 0 0.585155 0 0.596132 0.471028 
0.309484 0 0.585168 0 0.596014 0.471686 
0.309386 0 0.585184 0 0.595884 0.472314 
0.309274 0 0.585196 0 0.595735 0.47291 
0.309151 0 0.585204 0 0.595566 0.47347 
0.309021 0 0.585216 0 0.595381 0.473991 
0.308883 0 0.585232 0 0.595178 0.474468 
0.308728 0 0.585243 0 0.594948 0.474895 
0.308681 0 0.585326 0 0.594845 0.475263 
0.308564 0 0.585382 0 0.594639 0.475563 
0.308401 0 0.585416 0 0.594366 0.475781 
0.308363 0 0.585532 0 0.594242 0.475898 
0.308415 0 0.585714 0 0.594214 0.475892 
0.308536 0 0.585953 0 0.594253 0.47573 
0.308706 0 0.586233 0 0.594331 0.475372 
0.308903 0 0.586534 0 0.594424 0.474765 
0.309123 0 0.586849 0 0.59452 0.473841 
0.309367 0 0.587177 0 0.594615 0.472515 
0.309632 0 0.587508 0 0.5947 0.470683 
0.30991 0 0.587824 0 0.594757 0.468228 
0.310201 0 0.588113 0 0.594776 0.465022 
0.310517 0 0.588374 0 0.594753 0.460938 
0.310847 0 0.588578 0 0.594663 0.455865 
0.3112 0 0.588715 0 0.594493 0.449724 
0.311545 0 0.588732 0 0.594199 0.442477 
0.311913 0 0.588641 0 0.593784 0.434132 
0.312263 0 0.588383 0 0.593196 0.424742 
0.312582 0 0.58793 0 0.592409 0.414391 
0.312859 0 0.587262 0 0.591401 0.403184 
0.313268 0 0.586665 0 0.590354 0.391232 
0.313782 0 0.586029 0 0.589244 0.378646 
0.314331 0 0.58525 0 0.58798 0.36553 
0.314939 0 0.584327 0 0.586587 0.351984 
0.315551 0 0.583238 0 0.585032 0.338107 
0.316166 0 0.581991 0 0.583323 0.323993 
0.316777 0 0.580591 0 0.581466 0.309728 
0.317386 0 0.579056 0 0.579477 0.29539 
0.317998 0 0.577409 0 0.577377 0.281047 
0.318614 0 0.575664 0 0.57518 0.266757 
0.319225 0 0.573831 0 0.572893 0.252571 
0.319834 0 0.571924 0 0.570529 0.238533 
0.320319 0 0.569901 0 0.568025 0.224679 
0.320808 0 0.567838 0 0.565468 0.21104 
0.321291 0 0.565734 0 0.562859 0.197639 
0.321772 0 0.563597 0 0.560202 0.184496 
0.322231 0 0.56144 0 0.557507 0.171624 
0.322695 0 0.559275 0 0.554787 0.15903 
0.323178 0 0.557116 0 0.552061 0.146716 
0.323792 0 0.554985 0 0.549398 0.134683 
0.324512 0 0.552941 0 0.546834 0.122926 
0.325315 0 0.550982 0 0.544361 0.11144 
0.326126 0 0.549045 0 0.54191 0.100216 
0.326934 0 0.547124 0 0.539463 0.0892475 
0.327745 0 0.545231 0 0.537032 0.078525 
0.328559 0 0.543371 0 0.534619 0.0680407 
0.32947 0 0.541619 0 0.532334 0.0577874 
0.330459 0 0.539961 0 0.530187 0.0477583 
0.331508 0 0.538399 0 0.528157 0.0379481 
0.332599 0 0.53692 0 0.526219 0.0283527 
0.333713 0 0.535506 0 0.524356 0.0189689 
0.334843 0 0.534156 0 0.522562 0.0097951 
0.335617 0 0.532465 0 0.520381 0.0008305 
0.33616 0 0.530445 0 0.517916 -0.00792525 
0.336507 0 0.528202 0 0.51529 -0.0164715 
0.336735 0 0.525865 0 0.512614 -0.0248074 
0.336902 0 0.523521 0 0.509955 -0.0329313 
0.33704 0 0.521203 0 0.507339 -0.0408416 
0.337161 0 0.518908 0 0.504772 -0.0485367 
0.337274 0 0.516634 0 0.502261 -0.0560148 
0.337393 0 0.514386 0 0.499814 -0.0632745 
0.337517 0 0.512167 0 0.497436 -0.070315 
0.337645 0 0.509975 0 0.495127 -0.0771359 
0.337777 0 0.507816 0 0.49289 -0.0837378 
0.33792 0 0.5057 0 0.490731 -0.0901216 
0.338073 0 0.503629 0 0.488649 -0.0962898 
0.338229 0 0.501594 0 0.486639 -0.102245 
0.338386 0 0.499599 0 0.484702 -0.107991 
0.338551 0 0.49765 0 0.482838 -0.113532 
0.33872 0 0.495745 0 0.481044 -0.118871 
0.338885 0 0.493876 0 0.479315 -0.124016 
0.339046 0 0.492043 0 0.477649 -0.128969 
0.339208 0 0.490254 0 0.476046 -0.133738 
0.339367 0 0.488505 0 0.474504 -0.138326 
0.339516 0 0.486787 0 0.473015 -0.142739 
0.339655 0 0.485101 0 0.471578 -0.146982 
0.340039 0 0.484025 0 0.470561 -0.151059 
0.340541 0 0.483143 0 0.469711 -0.154973 
0.341027 0 0.482268 0 0.468905 -0.158726 
0.341498 0 0.481413 0 0.468143 -0.16232 
0.341697 0 0.480215 0 0.467201 -0.165753 
0.341736 0 0.478831 0 0.466175 -0.169022 
0.341609 0 0.477363 0 0.465125 -0.17212 
0.34148 0 0.475963 0 0.464142 -0.175036 
0.341355 0 0.474642 0 0.463236 -0.177755 
0.341234 0 0.473404 0 0.46241 -0.180255 
0.341109 0 0.472252 0 0.461669 -0.182503 
0.34108 0 0.47119 0 0.461063 -0.184463 
0.341117 0 0.470243 0 0.460608 -0.186086 
0.341198 0 0.469425 0 0.460306 -0.187316 
0.341275 0 0.468743 0 0.460137 -0.188087 
0.341374 0 0.468177 0 0.460126 -0.188331 
0.341622 0 0.468172 0 0.460286 -0.187971 
0.341972 0 0.468496 0 0.460678 -0.186936 
0.342363 0 0.469033 0 0.461274 -0.185157 
0.342781 0 0.469761 0 0.462117 -0.182578 
0.343204 0 0.470731 0 0.463162 -0.17916 
0.343635 0 0.471938 0 0.464433 -0.174884 
0.344066 0 0.473368 0 0.465927 -0.169755 
0.344495 0 0.475007 0 0.467637 -0.163798 
0.344928 0 0.476845 0 0.469548 -0.157065 
0.345362 0 0.478858 0 0.471639 -0.149618 
0.345789 0 0.481017 0 0.473884 -0.141536 
0.346211 0 0.483296 0 0.476258 -0.132904 
0.346633 0 0.485675 0 0.478737 -0.123808 
0.347053 0 0.488125 0 0.481293 -0.114334 
0.347465 0 0.490611 0 0.483894 -0.104564 
0.34787 0 0.493106 0 0.486514 -0.0945766 
0.348273 0 0.495591 0 0.489133 -0.0844402 
0.348672 0 0.498043 0 0.491726 -0.0742188 
0.349062 0 0.500431 0 0.49427 -0.063969 
0.349441 0 0.50274 0 0.496748 -0.0537414 
0.349818 0 0.504962 0 0.499152 -0.043581 
0.350189 0 0.507087 0 0.501472 -0.033528 
0.350547 0 0.509103 0 0.5037 -0.0236191 
0.350893 0 0.511013 0 0.505842 -0.0138881 
0.351233 0 0.512833 0 0.50791 -0.00436671 
0.351691 0 0.514911 0 0.510292 0.00491513 
0.352218 0 0.517011 0 0.512658 0.0139308 
0.35281 0 0.519105 0 0.514952 0.0226586 
0.353413 0 0.521186 0 0.517235 0.0310853 
0.354026 0 0.523255 0 0.51951 0.0392037 
0.354641 0 0.525293 0 0.521762 0.0470063 
0.355258 0 0.527289 0 0.523981 0.0544815 
0.355882 0 0.529242 0 0.526163 0.0616157 
0.356511 0 0.531144 0 0.528299 0.0683945 
0.35714 0 0.532986 0 0.530384 0.074805 
0.357768 0 0.534768 0 0.532419 0.0808362 
0.358403 0 0.536502 0 0.53441 0.0864806 
0.359043 0 0.538188 0 0.536359 0.0917346 
0.359681 0 0.539823 0 0.538265 0.0965997 
0.360319 0 0.541415 0 0.540136 0.101082 
0.360962 0 0.542978 0 0.541983 0.105192 
0.361609 0 0.544518 0 0.543811 0.108946 
0.362254 0 0.546035 0 0.545623 0.112365 
0.362896 0 0.547537 0 0.547429 0.115472 
0.363543 0 0.549042 0 0.549241 0.118296 
0.364193 0 0.550556 0 0.551066 0.120867 
0.364839 0 0.552078 0 0.552906 0.123219 
0.365482 0 0.553617 0 0.554769 0.125386 
0.366128 0 0.555186 0 0.556666 0.127403 
0.366775 0 0.55679 0 0.5586 0.129308 
0.36769 0 0.558729 0 0.560814 0.131135 
0.368786 0 0.560896 0 0.563246 0.132921 
0.370002 0 0.563223 0 0.565828 0.134701 
0.371288 0 0.565665 0 0.568519 0.136509 
0.37261 0 0.568187 0 0.571295 0.138377 
0.373619 0 0.570509 0 0.573671 0.140335 
0.374469 0 0.572683 0 0.575916 0.142409 
0.375245 0 0.574784 0 0.578153 0.144622 
0.375985 0 0.576858 0 0.58043 0.146994 
0.376761 0 0.578955 0 0.582817 0.149541 
0.377523 0 0.581081 0 0.585246 0.152274 
0.378285 0 0.583226 0 0.587724 0.1552 
0.379049 0 0.585381 0 0.59025 0.158324 
0.379819 0 0.587542 0 0.592823 0.161643 
0.380602 0 0.589716 0 0.595446 0.165153 
0.381398 0 0.5919 0 0.598115 0.168848 
0.382199 0 0.594082 0 0.600821 0.172716 
0.383004 0 0.596262 0 0.603558 0.176746 
0.383594 0 0.598163 0 0.605951 0.180923 
0.383956 0 0.599845 0 0.608009 0.185234 
0.384157 0 0.601398 0 0.60986 0.189662 
0.384255 0 0.602876 0 0.611611 0.194192 
0.384358 0 0.60436 0 0.613367 0.198807 
0.384464 0 0.605845 0 0.615125 0.203493 
0.384566 0 0.60732 0 0.616875 0.208236 
0.384666 0 0.608783 0 0.618616 0.213022 
0.384703 0 0.610185 0 0.62027 0.217839 
0.384691 0 0.611531 0 0.621826 0.222676 
0.384631 0 0.612822 0 0.623288 0.227521 
0.384537 0 0.614066 0 0.62467 0.232366 
0.384422 0 0.615278 0 0.625993 0.2372 
0.384565 0 0.616678 0 0.627567 0.242018 
0.384892 0 0.618203 0 0.629285 0.246811 
0.38531 0 0.619776 0 0.631056 0.251572 
0.385776 0 0.621364 0 0.632844 0.256298 
0.386265 0 0.622947 0 0.634631 0.260983 
0.386759 0 0.624509 0 0.636403 0.265623 
0.387255 0 0.626046 0 0.638158 0.270214 
0.387757 0 0.627561 0 0.639897 0.274753 
0.388261 0 0.62905 0 0.641617 0.279237 
0.38876 0 0.630502 0 0.643311 0.283665 
0.389255 0 0.631918 0 0.644979 0.288034 
0.389751 0 0.633305 0 0.646628 0.292342 
0.390247 0 0.634662 0 0.648255 0.296589 
0.390737 0 0.635982 0 0.649855 0.300774 
0.391222 0 0.637265 0 0.65143 0.304895 
0.391708 0 0.638519 0 0.652985 0.308953 
0.392194 0 0.639744 0 0.654519 0.312946 
0.392556 0 0.640826 0 0.655856 0.316876 
0.392842 0 0.641819 0 0.657044 0.320741 
0.393049 0 0.642747 0 0.658097 0.324543 
0.393211 0 0.643632 0 0.659069 0.328281 
0.393345 0 0.644482 0 0.659987 0.331955 
0.393464 0 0.645304 0 0.660867 0.335567 
0.39358 0 0.646111 0 0.661719 0.339117 
0.393695 0 0.646901 0 0.662543 0.342605 
0.393803 0 0.647668 0 0.663335 0.346032 
0.393953 0 0.648414 0 0.664152 0.349399 
0.394132 0 0.649153 0 0.664985 0.352706 
0.394326 0 0.649882 0 0.665821 0.355955 
0.39452 0 0.650587 0 0.666641 0.359145 
0.39471 0 0.651269 0 0.667435 0.362279 
0.394899 0 0.651935 0 0.668207 0.365357 
0.395085 0 0.652584 0 0.668952 0.368379 
0.395261 0 0.653209 0 0.669668 0.371347 
0.39543 0 0.653812 0 0.670358 0.374261 
0.395598 0 0.6544 0 0.671028 0.377122 
0.395766 0 0.654974 0 0.671678 0.379931 
0.395924 0 0.655525 0 0.672305 0.382688 
0.396077 0 0.656055 0 0.672908 0.385395 
0.396229 0 0.656573 0 0.673496 0.388051 
0.39638 0 0.657078 0 0.674066 0.390658 
0.396523 0 0.657563 0 0.674613 0.393217 
0.396659 0 0.658028 0 0.67514 0.395727 
0.396795 0 0.658484 0 0.675652 0.39819 
0.396931 0 0.658928 0 0.676149 0.400606 
0.397058 0 0.659353 0 0.676626 0.402976 
0.397179 0 0.659761 0 0.677084 0.4053 
0.397301 0 0.660161 0 0.67753 0.407578 
0.397422 0 0.660551 0 0.677962 0.409813 
0.397536 0 0.660924 0 0.678376 0.412003 
0.397643 0 0.66128 0 0.678773 0.41415 
0.39775 0 0.66163 0 0.67916 0.416254 
0.397858 0 0.661972 0 0.679535 0.418316 
0.397957 0 0.662298 0 0.679893 0.420336 
0.398051 0 0.66261 0 0.680235 0.422315 
0.398146 0 0.662916 0 0.680569 0.424254 
0.39824 0 0.663215 0 0.680892 0.426152 
0.398327 0 0.663499 0 0.6812 0.42801 
0.398408 0 0.663771 0 0.681494 0.42983 
0.39849 0 0.664037 0 0.68178 0.431612 
0.398571 0 0.664299 0 0.682057 0.433355 
0.398646 0 0.664547 0 0.68232 0.435062 
0.398714 0 0.664782 0 0.68257 0.436732 
0.398784 0 0.665015 0 0.682814 0.438365 
0.398854 0 0.665243 0 0.68305 0.439963 
0.398916 0 0.665458 0 0.683273 0.441527 
0.398973 0 0.665662 0 0.683484 0.443056 
0.399031 0 0.665864 0 0.683689 0.444551 
0.399089 0 0.666062 0 0.683888 0.446013 
0.39914 0 0.666249 0 0.684075 0.447443 
0.399186 0 0.666425 0 0.68425 0.44884 
0.399232 0 0.6666 0 0.684421 0.450206 
0.399279 0 0.666773 0 0.684587 0.451541 
0.399319 0 0.666934 0 0.684741 0.452846 
0.399354 0 0.667087 0 0.684884 0.454121 
0.39939 0 0.667238 0 0.685025 0.455367 
0.399427 0 0.667388 0 0.68516 0.456584 
0.399456 0 0.667528 0 0.685284 0.457773 
0.39948 0 0.66766 0 0.685399 0.458934 
0.399506 0 0.667791 0 0.685511 0.460069 
0.399533 0 0.667922 0 0.685618 0.461177 
0.399553 0 0.668044 0 0.685715 0.462258 
0.399567 0 0.668158 0 0.685804 0.463314 
0.399583 0 0.668273 0 0.685889 0.464345 
0.3996 0 0.668388 0 0.685971 0.465352 
0.39961 0 0.668494 0 0.686043 0.466334 
0.399615 0 0.668594 0 0.686107 0.467292 
0.399622 0 0.668696 0 0.686168 0.468227 
0.39963 0 0.668798 0 0.686226 0.46914 
0.399631 0 0.668893 0 0.686274 0.470029 
0.399627 0 0.668983 0 0.686314 0.470897 
0.399624 0 0.669074 0 0.686351 0.471743 
0.399622 0 0.669168 0 0.686385 0.472568 
0.399614 0 0.669255 0 0.686409 0.473371 
0.3996 0 0.669338 0 0.686424 0.474154 
0.399587 0 0.669424 0 0.686437 0.474917 
0.399575 0 0.669512 0 0.686445 0.475659 
0.399556 0 0.669595 0 0.686443 0.476381 
0.399531 0 0.669674 0 0.686432 0.477083 
0.399506 0 0.669758 0 0.686417 0.477766 
0.399482 0 0.669845 0 0.686397 0.478429 
0.399449 0 0.669927 0 0.686365 0.479072 
0.39941 0 0.670006 0 0.686323 0.479696 
0.39937 0 0.670091 0 0.686275 0.4803 
0.399329 0 0.670179 0 0.686219 0.480884 
0.399278 0 0.670264 0 0.686149 0.481448 
0.399219 0 0.670346 0 0.686066 0.481991 
0.399158 0 0.670434 0 0.685974 0.482512 
0.399093 0 0.670527 0 0.685871 0.483011 
0.399016 0 0.670616 0 0.68575 0.483487 
0.398928 0 0.670703 0 0.685611 0.483937 
0.398836 0 0.670796 0 0.685458 0.484361 
0.398736 0 0.670894 0 0.685288 0.484755 
0.398621 0 0.670988 0 0.685094 0.485117 
0.398491 0 0.671081 0 0.684875 0.485442 
0.398352 0 0.671179 0 0.684635 0.485725 
0.398333 0 0.671352 0 0.68454 0.485958 
0.398233 0 0.671494 0 0.684324 0.486133 
0.398078 0 0.671612 0 0.684033 0.486236 
0.398061 0 0.671814 0 0.683909 0.486251 
0.398143 0 0.672086 0 0.683892 0.486156 
0.398288 0 0.672405 0 0.683939 0.485922 
0.398475 0 0.672758 0 0.684022 0.485511 
0.398699 0 0.673142 0 0.684128 0.484872 
0.398948 0 0.673548 0 0.684242 0.483939 
0.399212 0 0.67396 0 0.684349 0.482631 
0.39949 0 0.674371 0 0.684442 0.480848 
0.399786 0 0.67478 0 0.684516 0.478473 
0.400107 0 0.675184 0 0.684567 0.475376 
0.400431 0 0.675541 0 0.684562 0.471428 
0.400784 0 0.675867 0 0.684509 0.46651 
0.40113 0 0.676101 0 0.684357 0.460533 
0.401488 0 0.676246 0 0.684099 0.453446 
0.401809 0 0.676228 0 0.683675 0.445244 
0.402085 0 0.676023 0 0.683054 0.435966 
0.402304 0 0.675606 0 0.682211 0.425681 
0.402446 0 0.674946 0 0.681114 0.414484 
0.402485 0 0.674012 0 0.679734 0.402482 
0.402419 0 0.672798 0 0.678063 0.389794 
0.402436 0 0.671497 0 0.676253 0.376541 
0.4028 0 0.670484 0 0.67464 0.36285 
0.403342 0 0.669488 0 0.673034 0.34884 
0.403949 0 0.668375 0 0.671305 0.334621 
0.404727 0 0.667268 0 0.669543 0.320289 
0.405422 0 0.665946 0 0.667618 0.30593 
0.406113 0 0.664503 0 0.665572 0.291615 
0.4068 0 0.662952 0 0.663415 0.277408 
0.407491 0 0.661313 0 0.661161 0.263359 
0.408183 0 0.659595 0 0.658815 0.249511 
0.408871 0 0.657801 0 0.656379 0.235895 
0.409556 0 0.655941 0 0.653863 0.222538 
0.410244 0 0.654034 0 0.651281 0.209454 
0.410933 0 0.65209 0 0.648642 0.196655 
0.411618 0 0.650113 0 0.645953 0.184145 
0.412299 0 0.648115 0 0.643227 0.171925 
0.412983 0 0.646116 0 0.64048 0.159992 
0.413668 0 0.644124 0 0.637721 0.148342 
0.414409 0 0.642183 0 0.635065 0.136968 
0.415204 0 0.640315 0 0.632503 0.125863 
0.415812 0 0.638214 0 0.629728 0.115017 
0.416157 0 0.63584 0 0.626693 0.104421 
0.416317 0 0.633251 0 0.623498 0.0940679 
0.416357 0 0.630538 0 0.620226 0.0839482 
0.41633 0 0.627776 0 0.616936 0.0740548 
0.416265 0 0.625001 0 0.613657 0.0643811 
0.416175 0 0.622221 0 0.610402 0.0549223 
0.416073 0 0.61944 0 0.607179 0.0456746 
0.415973 0 0.616666 0 0.604001 0.0366358 
0.415878 0 0.6139 0 0.600872 0.027805 
0.415786 0 0.61114 0 0.597794 0.0191823 
0.4157 0 0.60839 0 0.594775 0.0107689 
0.41563 0 0.605662 0 0.591824 0.00256701 
0.415575 0 0.602959 0 0.588943 -0.00542088 
0.41553 0 0.600275 0 0.586131 -0.013192 
0.415496 0 0.597616 0 0.583393 -0.0207436 
0.41548 0 0.594992 0 0.580734 -0.0280731 
0.415479 0 0.592403 0 0.578155 -0.0351785 
0.415487 0 0.589846 0 0.575652 -0.0420584 
0.415502 0 0.587323 0 0.573228 -0.0487125 
0.415531 0 0.584844 0 0.570885 -0.0551417 
0.41557 0 0.582408 0 0.568621 -0.0613479 
0.415921 0 0.580546 0 0.566802 -0.0673345 
0.416456 0 0.578979 0 0.565247 -0.0731059 
0.417009 0 0.577497 0 0.563745 -0.0786676 
0.417528 0 0.576045 0 0.562279 -0.0840259 
0.418018 0 0.574611 0 0.560853 -0.0891883 
0.418486 0 0.573196 0 0.559472 -0.0941625 
0.418942 0 0.571815 0 0.558145 -0.0989573 
0.41939 0 0.570467 0 0.55687 -0.103581 
0.419822 0 0.569147 0 0.555643 -0.108043 
0.420242 0 0.567855 0 0.554462 -0.112351 
0.420655 0 0.566597 0 0.55333 -0.116514 
0.42106 0 0.565369 0 0.55224 -0.120537 
0.421567 0 0.564351 0 0.551327 -0.124427 
0.422131 0 0.563457 0 0.550532 -0.12819 
0.422724 0 0.562637 0 0.549809 -0.131829 
0.423324 0 0.561864 0 0.549138 -0.135343 
0.423917 0 0.561131 0 0.548511 -0.138733 
0.424502 0 0.560438 0 0.547933 -0.141993 
0.425085 0 0.559795 0 0.547411 -0.145114 
0.425664 0 0.559202 0 0.546946 -0.148083 
0.425981 0 0.558334 0 0.546375 -0.150878 
0.426077 0 0.557225 0 0.545736 -0.153473 
0.426042 0 0.555977 0 0.545113 -0.155833 
0.425842 0 0.554685 0 0.544525 -0.157915 
0.425639 0 0.553497 0 0.54404 -0.159668 
0.425433 0 0.552428 0 0.543671 -0.161032 
0.425232 0 0.551501 0 0.54344 -0.161943 
0.425154 0 0.550711 0 0.54341 -0.162331 
0.42515 0 0.550081 0 0.54359 -0.162127 
0.425143 0 0.549633 0 0.543949 -0.161262 
0.425138 0 0.549388 0 0.544505 -0.159677 
0.425184 0 0.549326 0 0.545296 -0.157323 
0.425385 0 0.549893 0 0.54621 -0.154167 
0.425708 0 0.550863 0 0.547395 -0.150191 
0.4261 0 0.552111 0 0.54883 -0.145401 
0.426523 0 0.55358 0 0.550484 -0.139819 
0.426955 0 0.555248 0 0.552341 -0.133487 
0.427358 0 0.557289 0 0.554698 -0.126458 
0.427715 0 0.55942 0 0.557186 -0.118796 
0.428126 0 0.561664 0 0.559745 -0.110571 
0.428607 0 0.56405 0 0.562483 -0.101859 
0.428918 0 0.566474 0 0.565351 -0.0927329 
0.429326 0 0.568989 0 0.568314 -0.083264 
0.429793 0 0.571579 0 0.571375 -0.07352 
0.430258 0 0.574219 0 0.574494 -0.0635633 
0.430569 0 0.576851 0 0.577646 -0.0534508 
0.430954 0 0.579472 0 0.580786 -0.0432331 
0.431301 0 0.582135 0 0.583931 -0.0329557 
0.431614 0 0.584752 0 0.587027 -0.022658 
0.431907 0 0.587308 0 0.590072 -0.012375 
0.432198 0 0.589827 0 0.593087 -0.0021364 
0.432503 0 0.592326 0 0.59608 0.00803218 
0.432828 0 0.594812 0 0.599052 0.0181092 
0.433189 0 0.597298 0 0.602007 0.0280767 
0.43361 0 0.599814 0 0.604954 0.0379208 
0.434114 0 0.602392 0 0.607906 0.0476305 
0.434721 0 0.605069 0 0.610883 0.057198 
0.435457 0 0.607898 0 0.613915 0.0666182 
0.43634 0 0.610927 0 0.617036 0.0758864 
0.437357 0 0.614167 0 0.620265 0.0849976 
0.438469 0 0.617591 0 0.623601 0.0939462 
0.439644 0 0.621159 0 0.627031 0.102726 
0.440856 0 0.624832 0 0.630534 0.111335 
0.442083 0 0.628565 0 0.634082 0.11977 
0.443304 0 0.632314 0 0.637648 0.128033 
0.444511 0 0.636053 0 0.641214 0.136128 
0.445707 0 0.639774 0 0.64477 0.144057 
0.446889 0 0.643463 0 0.648306 0.151826 
0.448048 0 0.647102 0 0.651812 0.159438 
0.449186 0 0.650687 0 0.655283 0.166897 
0.45031 0 0.654221 0 0.658719 0.174208 
0.451418 0 0.6577 0 0.662115 0.181373 
0.452505 0 0.661112 0 0.665468 0.188396 
0.453571 0 0.664457 0 0.668774 0.19528 
0.454625 0 0.667741 0 0.672038 0.202028 
0.455664 0 0.670962 0 0.675256 0.208641 
0.456684 0 0.674111 0 0.678425 0.215122 
0.457685 0 0.677187 0 0.681544 0.221475 
0.458675 0 0.680198 0 0.684618 0.227699 
0.459653 0 0.683144 0 0.687644 0.233799 
0.460613 0 0.686015 0 0.69062 0.239775 
0.461556 0 0.688812 0 0.693545 0.245631 
0.462491 0 0.691545 0 0.696425 0.251367 
0.463414 0 0.694212 0 0.699259 0.256985 
0.464322 0 0.696805 0 0.702042 0.262488 
0.465214 0 0.699325 0 0.704777 0.267878 
0.466099 0 0.701781 0 0.707468 0.273157 
0.466975 0 0.704173 0 0.710114 0.278325 
0.467837 0 0.706493 0 0.712712 0.283386 
0.468684 0 0.708742 0 0.715264 0.288341 
0.469526 0 0.710929 0 0.717774 0.293193 
0.470359 0 0.713053 0 0.720242 0.297942 
0.47118 0 0.715107 0 0.722665 0.302592 
0.471987 0 0.717092 0 0.725044 0.307144 
0.47279 0 0.719018 0 0.727384 0.311599 
0.473586 0 0.720883 0 0.729685 0.315961 
0.474369 0 0.72268 0 0.731943 0.32023 
0.475141 0 0.72441 0 0.734159 0.324409 
0.475909 0 0.726082 0 0.73634 0.3285 
0.47667 0 0.727695 0 0.738483 0.332504 
0.47742 0 0.729241 0 0.740586 0.336423 
0.478159 0 0.730721 0 0.742649 0.34026 
0.478893 0 0.732145 0 0.744679 0.344016 
0.479623 0 0.733511 0 0.746673 0.347692 
0.480341 0 0.73481 0 0.748628 0.351291 
0.481048 0 0.736044 0 0.750545 0.354814 
0.481752 0 0.737222 0 0.752429 0.358263 
0.48245 0 0.738342 0 0.754279 0.361639 
0.483137 0 0.739396 0 0.756091 0.364944 
0.483814 0 0.740384 0 0.757865 0.36818 
0.484486 0 0.741315 0 0.759607 0.371348 
0.485154 0 0.742188 0 0.761314 0.37445 
0.485476 0 0.742795 0 0.762244 0.377486 
0.485632 0 0.743263 0 0.762814 0.380459 
0.485736 0 0.743719 0 0.763293 0.383369 
0.485916 0 0.744237 0 0.763829 0.386217 
0.486143 0 0.744783 0 0.764407 0.389006 
0.486403 0 0.745342 0 0.765016 0.391735 
0.486693 0 0.745912 0 0.765652 0.394407 
0.487004 0 0.746486 0 0.766308 0.397021 
0.487325 0 0.74705 0 0.766977 0.39958 
0.487653 0 0.747602 0 0.767655 0.402084 
0.487994 0 0.74815 0 0.768349 0.404535 
0.488345 0 0.748691 0 0.769054 0.406932 
0.488699 0 0.749215 0 0.769767 0.409278 
0.489056 0 0.749723 0 0.770486 0.411574 
0.489422 0 0.750224 0 0.771217 0.413819 
0.489798 0 0.750716 0 0.771958 0.416015 
0.490174 0 0.75119 0 0.772705 0.418163 
0.490554 0 0.751646 0 0.773456 0.420264 
0.490943 0 0.752093 0 0.774218 0.422319 
0.49134 0 0.752531 0 0.774988 0.424328 
0.491738 0 0.752948 0 0.77576 0.426293 
0.492139 0 0.753347 0 0.776534 0.428213 
0.492549 0 0.753735 0 0.777316 0.430091 
0.492967 0 0.754111 0 0.778103 0.431926 
0.493386 0 0.754464 0 0.778888 0.43372 
0.493724 0 0.754823 0 0.779507 0.435474 
0.494027 0 0.755148 0 0.780066 0.437187 
0.494226 0 0.755379 0 0.780479 0.438861 
0.494345 0 0.755574 0 0.780763 0.440497 
0.494425 0 0.755749 0 0.780979 0.442095 
0.494495 0 0.755924 0 0.781172 0.443656 
0.494565 0 0.756102 0 0.781361 0.445181 
0.494636 0 0.756275 0 0.781548 0.446671 
0.494706 0 0.756445 0 0.781731 0.448126 
0.494782 0 0.75662 0 0.781912 0.449547 
0.494861 0 0.756802 0 0.782087 0.450934 
0.494936 0 0.756981 0 0.782249 0.452288 
0.495008 0 0.75716 0 0.7824 0.453611 
0.495085 0 0.757347 0 0.782547 0.454902 
0.495165 0 0.75754 0 0.782689 0.456162 
0.495242 0 0.757732 0 0.78282 0.457392 
0.495296 0 0.757895 0 0.782921 0.458593 
0.495346 0 0.758039 0 0.783021 0.459764 
0.4954 0 0.75817 0 0.783129 0.460907 
0.495452 0 0.758288 0 0.783235 0.462023 
0.4955 0 0.758397 0 0.783336 0.463111 
0.495551 0 0.758508 0 0.783434 0.464173 
0.495602 0 0.758623 0 0.783526 0.465208 
0.495647 0 0.75873 0 0.783607 0.466218 
0.495687 0 0.758832 0 0.78368 0.467203 
0.49573 0 0.758935 0 0.783752 0.468163 
0.495774 0 0.759039 0 0.783821 0.469099 
0.495813 0 0.759135 0 0.783883 0.470012 
0.495848 0 0.759224 0 0.783938 0.470901 
0.495885 0 0.759315 0 0.783992 0.471768 
0.495924 0 0.759408 0 0.784043 0.472612 
0.495957 0 0.759494 0 0.784086 0.473435 
0.495985 0 0.759574 0 0.784122 0.474235 
0.496016 0 0.759658 0 0.784156 0.475015 
0.496047 0 0.759744 0 0.784187 0.475773 
0.496073 0 0.759824 0 0.784209 0.476511 
0.496093 0 0.7599 0 0.784223 0.477229 
0.496115 0 0.759979 0 0.784234 0.477927 
0.496138 0 0.760063 0 0.784242 0.478604 
0.496153 0 0.760141 0 0.784239 0.479261 
0.496163 0 0.760216 0 0.784227 0.479899 
0.496174 0 0.760297 0 0.784212 0.480517 
0.496184 0 0.760382 0 0.78419 0.481115 
0.496186 0 0.760464 0 0.784157 0.481693 
0.496181 0 0.760545 0 0.784112 0.48225 
0.496175 0 0.760633 0 0.78406 0.482787 
0.496168 0 0.760727 0 0.784 0.483302 
0.49615 0 0.760821 0 0.783925 0.483795 
0.496123 0 0.760914 0 0.783834 0.484265 
0.496093 0 0.761017 0 0.783732 0.48471 
0.496057 0 0.76113 0 0.783617 0.485129 
0.496009 0 0.761243 0 0.783481 0.485519 
0.495947 0 0.761359 0 0.783323 0.485877 
0.495879 0 0.761488 0 0.783147 0.486199 
0.495801 0 0.761629 0 0.782948 0.486481 
0.495704 0 0.761773 0 0.78272 0.486714 
0.495694 0 0.761958 0 0.782605 0.48689 
0.495621 0 0.762147 0 0.782384 0.486998 
0.495505 0 0.762338 0 0.782094 0.48702 
0.495517 0 0.762603 0 0.781969 0.486935 
0.495602 0 0.762905 0 0.78193 0.486714 
0.495748 0 0.763254 0 0.781953 0.486318 
0.495939 0 0.763645 0 0.782015 0.485693 
0.49618 0 0.764089 0 0.782115 0.484769 
0.496433 0 0.764543 0 0.782217 0.483454 
0.496783 0 0.765098 0 0.782384 0.481635 
0.497123 0 0.765623 0 0.782519 0.479172 
0.497618 0 0.766353 0 0.782712 0.47591 
0.498049 0 0.766909 0 0.782833 0.471692 
0.498633 0 0.767629 0 0.782973 0.466375 
0.499133 0 0.768107 0 0.782979 0.459857 
0.499771 0 0.768674 0 0.782935 0.452094 
0.500303 0 0.768921 0 0.78268 0.443105 
0.500977 0 0.769195 0 0.782314 0.432969 
0.501533 0 0.769096 0 0.781676 0.421808 
0.502207 0 0.768934 0 0.780858 0.409769 
0.502619 0 0.768185 0 0.779688 0.397004 
0.503201 0 0.767453 0 0.778318 0.383659 
0.503513 0 0.766208 0 0.776555 0.369864 
0.504005 0 0.764962 0 0.774599 0.355734 
0.504105 0 0.763055 0 0.772307 0.341362 
0.504456 0 0.761281 0 0.769842 0.326825 
0.504329 0 0.758826 0 0.767081 0.312193 
0.504511 0 0.7566 0 0.764154 0.297529 
0.504197 0 0.753732 0 0.760997 0.282892 
0.504245 0 0.751159 0 0.757701 0.268337 
0.504295 0 0.748468 0 0.754307 0.253913 
0.503894 0 0.745305 0 0.750816 0.239661 
0.503845 0 0.742394 0 0.747158 0.22562 
0.504006 0 0.739575 0 0.743423 0.211821 
0.50371 0 0.736351 0 0.739773 0.198287 
0.502962 0 0.732575 0 0.735579 0.18504 
0.502436 0 0.728788 0 0.731064 0.172091 
0.501596 0 0.724728 0 0.726576 0.159449 
0.500602 0 0.720515 0 0.722037 0.147116 
0.499645 0 0.716306 0 0.717528 0.135094 
0.499038 0 0.712549 0 0.713485 0.123378 
0.498958 0 0.709236 0 0.709746 0.111962 
0.499171 0 0.706181 0 0.706245 0.100839 
0.499542 0 0.703277 0 0.702914 0.0900003 
0.499909 0 0.700416 0 0.699643 0.0794359 
0.500281 0 0.697622 0 0.696431 0.0691358 
0.500657 0 0.694898 0 0.693283 0.0590898 
0.501031 0 0.69224 0 0.690197 0.0492877 
0.501485 0 0.689663 0 0.687185 0.0397198 
0.502049 0 0.687302 0 0.684425 0.0303769 
0.502721 0 0.685054 0 0.681858 0.0212514 
0.503462 0 0.682907 0 0.67944 0.0123363 
0.504254 0 0.680861 0 0.677155 0.00362631 
0.505093 0 0.67892 0 0.674999 -0.00488253 
0.505971 0 0.677082 0 0.672964 -0.0131928 
0.506875 0 0.675337 0 0.671042 -0.0213058 
0.507804 0 0.673683 0 0.669228 -0.0292211 
0.508758 0 0.672126 0 0.667519 -0.0369373 
0.509731 0 0.670663 0 0.665911 -0.0444521 
0.510715 0 0.669286 0 0.664397 -0.051762 
0.511705 0 0.667996 0 0.662975 -0.0588626 
0.512705 0 0.666801 0 0.661647 -0.0657497 
0.513711 0 0.665698 0 0.660408 -0.072418 
0.514712 0 0.664682 0 0.659254 -0.0788624 
0.515709 0 0.663752 0 0.658183 -0.0850779 
0.516704 0 0.662915 0 0.657196 -0.0910596 
0.517694 0 0.66217 0 0.65629 -0.0968036 
0.51839 0 0.660915 0 0.655071 -0.102306 
0.518894 0 0.659294 0 0.653719 -0.107565 
0.519319 0 0.657592 0 0.652347 -0.112579 
0.519711 0 0.655956 0 0.651056 -0.117349 
0.520099 0 0.654413 0 0.649854 -0.121877 
0.520484 0 0.652962 0 0.648742 -0.126167 
0.520874 0 0.651609 0 0.647721 -0.130224 
0.521267 0 0.650349 0 0.646787 -0.134054 
0.521657 0 0.649173 0 0.645936 -0.137667 
0.521944 0 0.64783 0 0.645039 -0.141071 
0.52216 0 0.646403 0 0.644135 -0.144277 
0.522329 0 0.644953 0 0.643275 -0.147297 
0.52246 0 0.643502 0 0.642476 -0.150143 
0.522559 0 0.64205 0 0.641731 -0.152827 
0.522605 0 0.640606 0 0.641024 -0.155359 
0.522634 0 0.639145 0 0.64034 -0.157749 
0.522634 0 0.637666 0 0.639687 -0.160005 
0.522603 0 0.636167 0 0.639066 -0.162133 
0.522689 0 0.635239 0 0.638484 -0.164135 
0.52297 0 0.634502 0 0.637908 -0.166006 
0.523352 0 0.63388 0 0.637398 -0.167738 
0.523793 0 0.633367 0 0.636982 -0.169316 
0.524278 0 0.632964 0 0.636666 -0.170713 
0.524795 0 0.632672 0 0.636453 -0.171898 
0.525327 0 0.632495 0 0.636346 -0.172824 
0.525871 0 0.632444 0 0.636353 -0.173439 
0.526402 0 0.632464 0 0.636445 -0.173678 
0.52692 0 0.632564 0 0.636635 -0.173471 
0.527421 0 0.632763 0 0.636948 -0.172743 
0.527912 0 0.63309 0 0.637414 -0.171421 
0.5284 0 0.633576 0 0.638056 -0.169434 
0.528778 0 0.634309 0 0.639105 -0.166724 
0.529061 0 0.635091 0 0.640278 -0.163243 
0.529272 0 0.635924 0 0.641561 -0.158965 
0.529586 0 0.636947 0 0.643089 -0.153883 
0.529732 0 0.63812 0 0.644789 -0.14801 
0.529993 0 0.63948 0 0.646705 -0.141381 
0.530116 0 0.641007 0 0.648824 -0.134045 
0.530351 0 0.642657 0 0.651084 -0.126065 
0.530569 0 0.644524 0 0.653518 -0.117512 
0.530771 0 0.646513 0 0.656069 -0.108459 
0.530957 0 0.648585 0 0.658713 -0.0989821 
0.531141 0 0.65074 0 0.66145 -0.0891548 
0.531327 0 0.652973 0 0.664273 -0.0790459 
0.531512 0 0.655266 0 0.667169 -0.0687194 
0.5317 0 0.657608 0 0.670124 -0.0582335 
0.531898 0 0.659994 0 0.673125 -0.0476397 
0.532107 0 0.66241 0 0.676159 -0.0369838 
0.532323 0 0.664842 0 0.679214 -0.0263054 
0.532551 0 0.667286 0 0.682283 -0.0156389 
0.532805 0 0.669751 0 0.685365 -0.00501344 
0.533091 0 0.672241 0 0.688454 0.00554633 
0.533416 0 0.67476 0 0.691549 0.0160201 
0.533797 0 0.677325 0 0.694654 0.0263912 
0.53426 0 0.67997 0 0.697777 0.0366465 
0.534827 0 0.682723 0 0.700927 0.0467753 
0.535511 0 0.68561 0 0.704115 0.0567693 
0.536323 0 0.688654 0 0.707354 0.0666208 
0.537262 0 0.691873 0 0.710657 0.0763221 
0.538305 0 0.695257 0 0.714027 0.085865 
0.539417 0 0.698775 0 0.717459 0.0952412 
0.540569 0 0.702394 0 0.720944 0.104444 
0.541745 0 0.706088 0 0.72447 0.113467 
0.542928 0 0.709824 0 0.728016 0.122308 
0.544101 0 0.713563 0 0.731563 0.130965 
0.54526 0 0.717284 0 0.735097 0.139441 
0.546406 0 0.720978 0 0.738611 0.147738 
0.547539 0 0.724631 0 0.742093 0.155857 
0.548649 0 0.728229 0 0.745537 0.163803 
0.549739 0 0.731765 0 0.748939 0.17158 
0.550815 0 0.735244 0 0.7523 0.179189 
0.551876 0 0.738663 0 0.755615 0.186635 
0.552915 0 0.742012 0 0.758883 0.193922 
0.553934 0 0.745289 0 0.762103 0.201051 
0.554941 0 0.748502 0 0.765278 0.208028 
0.555933 0 0.75165 0 0.768405 0.214853 
0.556905 0 0.754724 0 0.771485 0.221531 
0.557859 0 0.757725 0 0.774517 0.228064 
0.558801 0 0.760662 0 0.777505 0.234455 
0.559732 0 0.763534 0 0.780448 0.240707 
0.560643 0 0.766332 0 0.783344 0.246823 
0.561538 0 0.769058 0 0.786196 0.252804 
0.562424 0 0.771721 0 0.789007 0.258654 
0.563299 0 0.774321 0 0.791776 0.264375 
0.564157 0 0.776849 0 0.794502 0.26997 
0.564999 0 0.779306 0 0.797187 0.275441 
0.565834 0 0.781703 0 0.799834 0.280791 
0.56666 0 0.784039 0 0.802443 0.286022 
0.567471 0 0.786305 0 0.805013 0.291137 
0.568268 0 0.788503 0 0.807544 0.296138 
0.569058 0 0.790642 0 0.810042 0.301028 
0.569841 0 0.792722 0 0.812505 0.305808 
0.57061 0 0.794734 0 0.814933 0.310481 
0.571366 0 0.79668 0 0.817326 0.31505 
0.572117 0 0.798569 0 0.819689 0.319517 
0.572862 0 0.800401 0 0.82202 0.323884 
0.573593 0 0.802167 0 0.824319 0.328153 
0.574314 0 0.803867 0 0.826587 0.332326 
0.57503 0 0.805512 0 0.828827 0.336406 
0.57574 0 0.8071 0 0.831039 0.340395 
0.576438 0 0.808623 0 0.83322 0.344294 
0.577126 0 0.810082 0 0.835373 0.348106 
0.57781 0 0.811485 0 0.8375 0.351833 
0.57849 0 0.812831 0 0.839601 0.355477 
0.579157 0 0.814113 0 0.841673 0.359039 
0.579815 0 0.815329 0 0.843717 0.362522 
0.580469 0 0.81649 0 0.845738 0.365927 
0.58112 0 0.817594 0 0.847733 0.369256 
0.581758 0 0.818631 0 0.8497 0.372511 
0.582387 0 0.819602 0 0.851639 0.375693 
0.583013 0 0.820516 0 0.853554 0.378804 
0.583634 0 0.821372 0 0.855444 0.381845 
0.584245 0 0.82216 0 0.857304 0.384819 
0.584845 0 0.822879 0 0.859135 0.387726 
0.585442 0 0.82354 0 0.860941 0.390568 
0.586035 0 0.82414 0 0.86272 0.393347 
0.586616 0 0.824669 0 0.864466 0.396063 
0.587186 0 0.825128 0 0.866181 0.398719 
0.587753 0 0.825525 0 0.867867 0.401314 
0.588316 0 0.82586 0 0.869522 0.403851 
0.588866 0 0.826121 0 0.87114 0.406331 
0.589405 0 0.826308 0 0.872721 0.408754 
0.589662 0 0.826484 0 0.873516 0.411122 
0.589769 0 0.826653 0 0.873897 0.413436 
0.58981 0 0.826852 0 0.874139 0.415698 
0.589904 0 0.827073 0 0.874436 0.417908 
0.59004 0 0.827313 0 0.874779 0.420067 
0.590207 0 0.827563 0 0.875159 0.422177 
0.590225 0 0.828062 1 0.87514 0.424238 
0.590203 0 0.828597 1 0.875042 0.426233 
0.590217 0 0.829156 1 0.874963 0.428155 
0.59025 0 0.829713 1 0.874893 0.430018 
0.59029 0 0.830259 1 0.874822 0.431811 
0.590335 0 0.83079 1 0.874752 0.433534 
0.590385 0 0.831306 1 0.874686 0.435184 
0.590438 0 0.831804 1 0.874627 0.436762 
0.590494 0 0.832283 1 0.874572 0.438262 
0.59055 0 0.832742 1 0.874522 0.439683 
0.590605 0 0.833182 1 0.874475 0.44102 
0.59066 0 0.833602 1 0.87443 0.44227 
0.590716 0 0.834002 1 0.874389 0.443427 
0.590773 0 0.834385 1 0.874351 0.444486 
0.590832 0 0.834749 1 0.874317 0.44544 
0.590893 0 0.835095 1 0.874288 0.44628 
0.590956 0 0.835424 1 0.874264 0.446995 
0.591024 0 0.835735 1 0.874245 0.447575 
0.591096 0 0.836028 1 0.874233 0.448009 
0.591173 0 0.836304 1 0.874227 0.448277 
0.591258 0 0.836564 1 0.874228 0.448366 
0.591351 0 0.836806 1 0.874238 0.448253 
0.591454 0 0.837033 1 0.874257 0.447916 
0.59157 0 0.837244 1 0.874286 0.447328 
0.591698 0 0.837428 1 0.87433 0.446459 
0.591836 0 0.837577 0 0.874379 0.445275 
0.591983 0 0.837737 0 0.874483 0.444269 
0.592143 0 0.837909 0 0.874642 0.443416 
0.592252 0 0.838056 1 0.874712 0.442689 
0.592361 0 0.838174 1 0.874768 0.441603 
0.592495 0 0.838277 1 0.874832 0.440096 
0.592648 0 0.838333 1 0.874895 0.438108 
0.592805 0 0.83833 0 0.874919 0.435564 
0.592937 0 0.83828 0 0.87499 0.433178 
0.593057 0 0.838218 0 0.875095 0.430921 
0.59317 0 0.838154 0 0.875227 0.428767 
0.593269 0 0.83814 0 0.875143 0.426694 
0.593369 0 0.838098 0 0.875021 0.424679 
0.593475 0 0.838018 0 0.874921 0.422702 
0.593525 0 0.837898 0 0.874806 0.420745 
0.593569 0 0.837767 0 0.874695 0.418791 
0.593605 0 0.837622 0 0.874589 0.416822 
0.593636 0 0.837464 0 0.874483 0.414824 
0.59366 0 0.837289 0 0.874378 0.412782 
0.593678 0 0.837098 0 0.874271 0.410681 
0.59369 0 0.836889 0 0.87416 0.408507 
0.593696 0 0.836661 0 0.874043 0.406248 
0.593734 0 0.836403 0 0.873965 0.40389 
0.593784 0 0.836113 0 0.873891 0.401421 
0.593834 0 0.835782 0 0.873799 0.398827 
0.593877 0 0.835409 0 0.873687 0.396097 
0.593912 0 0.834996 0 0.873552 0.393216 
0.593937 0 0.834546 0 0.873396 0.390173 
0.593952 0 0.834056 0 0.873212 0.386954 
0.593957 0 0.833526 0 0.872995 0.383543 
0.593948 0 0.832951 0 0.872739 0.379924 
0.593923 0 0.83233 0 0.872437 0.376079 
0.593881 0 0.831657 0 0.872082 0.371987 
0.593817 0 0.830932 0 0.871667 0.36762 
0.593735 0 0.830163 0 0.871194 0.36295 
0.593645 0 0.829352 0 0.870662 0.357938 
0.59354 0 0.828491 0 0.870055 0.352542 
0.593414 0 0.827574 0 0.869357 0.346709 
0.593255 0 0.826604 0 0.868545 0.340383 
0.593118 0 0.826107 0 0.866817 0.333501 
0.593 0 0.824986 0 0.864829 0.325999 
0.593008 0 0.823735 0 0.862811 0.317826 
0.592914 0 0.822163 0 0.860611 0.308944 
0.592828 0 0.82041 0 0.858202 0.299343 
0.592749 0 0.818465 0 0.855578 0.289045 
0.592663 0 0.816328 0 0.852746 0.278105 
0.592571 0 0.814002 0 0.849713 0.266601 
0.592474 0 0.811498 0 0.846494 0.25463 
0.592372 0 0.808834 0 0.843114 0.242295 
0.592266 0 0.806028 0 0.8396 0.229697 
0.592154 0 0.803104 0 0.83598 0.216927 
0.592037 0 0.800081 0 0.832279 0.204069 
0.591915 0 0.796981 0 0.828522 0.191192 
0.591787 0 0.793821 0 0.824732 0.178356 
0.591924 0 0.790804 0 0.820769 0.165609 
0.592209 0 0.787839 0 0.816753 0.152991 
0.592486 0 0.784826 0 0.812741 0.140533 
0.592772 0 0.781805 0 0.808771 0.128258 
0.593069 0 0.778781 0 0.804851 0.116184 
0.593375 0 0.775758 0 0.800987 0.104324 
0.593689 0 0.772735 0 0.797181 0.0926854 
0.594011 0 0.769712 0 0.793436 0.0812748 
0.593929 0 0.766652 0 0.790267 0.0700991 
0.593859 0 0.763608 0 0.787168 0.0591683 
0.594039 0 0.76065 0 0.78379 0.0484938 
0.593987 0 0.757488 0 0.780349 0.0380867 
0.594138 0 0.75441 0 0.776808 0.0279566 
0.593842 0 0.751131 0 0.773489 0.0181103 
0.593827 0 0.748048 0 0.770057 0.00855229 
0.593442 0 0.744895 0 0.76688 -0.000716567 
0.593346 0 0.741929 0 0.763545 -0.0096976 
0.593412 0 0.739105 0 0.760204 -0.0183949 
0.593115 0 0.736281 0 0.757274 -0.0268145 
0.593101 0 0.733769 0 0.754336 -0.034964 
0.592839 0 0.731207 0 0.751511 -0.0428523 
0.592813 0 0.728823 0 0.74861 -0.050489 
0.592791 0 0.72654 0 0.745797 -0.057885 
0.592474 0 0.72424 0 0.743244 -0.0650515 
0.592391 0 0.722099 0 0.740544 -0.0719996 
0.592442 0 0.720099 0 0.737846 -0.0787405 
0.592187 0 0.718064 0 0.735451 -0.0852855 
0.592151 0 0.716281 0 0.733027 -0.0916444 
0.591913 0 0.714446 0 0.730697 -0.0978262 
0.591857 0 0.712755 0 0.728296 -0.103839 
0.591556 0 0.711001 0 0.726077 -0.109688 
0.591449 0 0.709416 0 0.723775 -0.115379 
0.59136 0 0.707912 0 0.721521 -0.120915 
0.591073 0 0.706427 0 0.71949 -0.126297 
0.590975 0 0.705149 0 0.717397 -0.131524 
0.590822 0 0.703884 0 0.715379 -0.136596 
0.590774 0 0.702737 0 0.713431 -0.141507 
0.590599 0 0.701688 0 0.711661 -0.146255 
0.590557 0 0.700755 0 0.709856 -0.150832 
0.590334 0 0.699779 0 0.708171 -0.15523 
0.590247 0 0.698936 0 0.706438 -0.159443 
0.590236 0 0.698193 0 0.70473 -0.163461 
0.590737 0 0.698239 0 0.703875 -0.167274 
0.591544 0 0.698519 0 0.703491 -0.170872 
0.592514 0 0.69893 0 0.703326 -0.174245 
0.59355 0 0.699422 0 0.703271 -0.177383 
0.594586 0 0.700002 0 0.703291 -0.180275 
0.595404 0 0.700059 0 0.70292 -0.182914 
0.596032 0 0.699602 0 0.702294 -0.185292 
0.596531 0 0.69888 0 0.701589 -0.187406 
0.59696 0 0.698118 0 0.700932 -0.189254 
0.59739 0 0.697447 0 0.700368 -0.190836 
0.597822 0 0.696866 0 0.699896 -0.192156 
0.598256 0 0.696372 0 0.699514 -0.193218 
0.598691 0 0.695964 0 0.69922 -0.194033 
0.599129 0 0.695639 0 0.69901 -0.194608 
0.59957 0 0.695392 0 0.698882 -0.194957 
0.599982 0 0.695052 0 0.698773 -0.195091 
0.600366 0 0.694654 0 0.698688 -0.195021 
0.60073 0 0.694243 0 0.698644 -0.194757 
0.601079 0 0.693851 0 0.698654 -0.194305 
0.601419 0 0.69349 0 0.698721 -0.193664 
0.60175 0 0.69316 0 0.698846 -0.192824 
0.602071 0 0.69286 0 0.69903 -0.191761 
0.602383 0 0.692593 0 0.69928 -0.190437 
0.602685 0 0.692365 0 0.699609 -0.188799 
0.602976 0 0.69219 0 0.700031 -0.186774 
0.603374 0 0.692452 0 0.700585 -0.184277 
0.603849 0 0.692944 0 0.701327 -0.181215 
0.604357 0 0.693579 0 0.702235 -0.177496 
0.604877 0 0.694335 0 0.703342 -0.173042 
0.605405 0 0.69527 0 0.704634 -0.167792 
0.605929 0 0.696396 0 0.706123 -0.161717 
0.606452 0 0.697703 0 0.707816 -0.154815 
0.606971 0 0.699178 0 0.709709 -0.147118 
0.607486 0 0.700806 0 0.711788 -0.138679 
0.607995 0 0.702571 0 0.71404 -0.129573 
0.608498 0 0.704456 0 0.716447 -0.119887 
0.608995 0 0.706442 0 0.718991 -0.109711 
0.609425 0 0.708645 0 0.721934 -0.0991372 
0.609782 0 0.710799 0 0.724914 -0.0882503 
0.610106 0 0.712977 0 0.727925 -0.0771298 
0.610513 0 0.715172 0 0.731 -0.0658466 
0.610772 0 0.7174 0 0.734191 -0.0544632 
0.611123 0 0.719607 0 0.737357 -0.0430336 
0.611477 0 0.721832 0 0.740549 -0.0316041 
0.611711 0 0.724087 0 0.743823 -0.0202138 
0.612015 0 0.726214 0 0.746973 -0.00889513 
0.612306 0 0.72842 0 0.750152 0.00232439 
0.61259 0 0.730617 0 0.753298 0.0134226 
0.612874 0 0.73279 0 0.756404 0.0243812 
0.613172 0 0.734959 0 0.759489 0.0351856 
0.613502 0 0.737154 0 0.762568 0.0458242 
0.613886 0 0.739401 0 0.765645 0.0562881 
0.614344 0 0.741725 0 0.768724 0.0665706 
0.614904 0 0.74416 0 0.771811 0.0766667 
0.615587 0 0.746744 0 0.774916 0.0865734 
0.616408 0 0.749507 0 0.778054 0.0962878 
0.617359 0 0.752457 0 0.781235 0.105807 
0.618414 0 0.755575 0 0.784461 0.11513 
0.619539 0 0.758819 0 0.787723 0.124254 
0.620701 0 0.762143 0 0.791002 0.133179 
0.621879 0 0.765503 0 0.794281 0.141906 
0.623054 0 0.768867 0 0.797545 0.150436 
0.624219 0 0.772212 0 0.800782 0.158774 
0.625367 0 0.775521 0 0.803985 0.166922 
0.626497 0 0.778786 0 0.807149 0.174884 
0.627607 0 0.782001 0 0.810271 0.182664 
0.628696 0 0.785162 0 0.813349 0.190266 
0.629765 0 0.788267 0 0.816384 0.197694 
0.630814 0 0.791315 0 0.819375 0.204951 
0.631843 0 0.794305 0 0.822322 0.212042 
0.632852 0 0.797237 0 0.825224 0.21897 
0.633843 0 0.80011 0 0.828082 0.225738 
0.634815 0 0.802925 0 0.830897 0.232351 
0.635769 0 0.805682 0 0.83367 0.238811 
0.636705 0 0.80838 0 0.8364 0.245121 
0.637625 0 0.811021 0 0.83909 0.251286 
0.638527 0 0.813605 0 0.84174 0.257308 
0.639414 0 0.816134 0 0.844352 0.26319 
0.640309 0 0.818661 0 0.847053 0.268936 
0.641188 0 0.821113 0 0.849719 0.274548 
0.64205 0 0.823484 0 0.852338 0.28003 
0.642899 0 0.825784 0 0.854926 0.285384 
0.643735 0 0.828017 0 0.857493 0.290613 
0.644561 0 0.830185 0 0.860043 0.295721 
0.645375 0 0.832286 0 0.862573 0.300709 
0.646179 0 0.83432 0 0.865085 0.305581 
0.646971 0 0.836288 0 0.867579 0.310339 
0.647754 0 0.838189 0 0.870058 0.314987 
0.648526 0 0.840023 0 0.872521 0.319526 
0.649289 0 0.841791 0 0.874971 0.323959 
0.650042 0 0.843492 0 0.877407 0.328288 
0.650786 0 0.845125 0 0.879831 0.332517 
0.651521 0 0.846691 0 0.882245 0.336648 
0.651616 0 0.848267 1 0.882115 0.340664 
0.651611 0 0.849882 1 0.881912 0.34452 
0.6518 0 0.851694 1 0.882279 0.348251 
0.651988 0 0.853465 1 0.882595 0.351824 
0.652174 0 0.855194 0 0.88286 0.355232 
0.652358 0 0.856898 0 0.883098 0.358579 
0.65254 0 0.858579 0 0.883307 0.361864 
0.652719 0 0.860236 0 0.883489 0.365089 
0.652897 0 0.861869 0 0.883645 0.368254 
0.653073 0 0.86348 0 0.883773 0.37136 
0.653246 0 0.865067 0 0.883875 0.374406 
0.653417 0 0.866632 0 0.883951 0.377395 
0.653586 0 0.868175 0 0.884001 0.380326 
0.653774 0 0.869716 0 0.884231 0.3832 
0.653965 0 0.871236 0 0.884491 0.386018 
0.654155 0 0.872734 0 0.884725 0.38878 
0.654448 0 0.874373 0 0.885193 0.391488 
0.654775 0 0.876046 0 0.885764 0.394142 
0.6551 0 0.877704 0 0.886338 0.396743 
0.655424 0 0.879347 0 0.88691 0.399291 
0.655747 0 0.880975 0 0.88748 0.401788 
0.656093 0 0.882627 0 0.888103 0.404233 
0.656457 0 0.884294 0 0.888766 0.406628 
0.656835 0 0.885969 0 0.889455 0.408974 
0.657226 0 0.88765 0 0.890167 0.411271 
0.65763 0 0.889337 0 0.890902 0.41352 
0.658048 0 0.891033 0 0.89166 0.415722 
0.658265 1 0.891072 0 0.89276 0.417864 
0.658512 1 0.890796 0 0.893999 0.419929 
0.658874 1 0.890688 0 0.895485 0.42189 
0.659249 0 0.890565 0 0.896974 0.423742 
0.659621 0 0.890428 0 0.898459 0.425565 
0.659993 0 0.890281 0 0.899951 0.42736 
0.660213 0 0.890788 1 0.899798 0.429121 
0.66038 1 0.89051 1 0.900085 0.4308 
0.660564 1 0.890185 1 0.900251 0.432273 
0.66076 1 0.889906 1 0.900328 0.433485 
0.660977 1 0.889763 1 0.900274 0.434333 
0.661229 1 0.889712 1 0.900181 0.434668 
0.661536 1 0.88973 1 0.900094 0.434305 
0.661915 1 0.889807 1 0.900036 0.433027 
0.662345 1 0.890001 1 0.89989 0.430594 
0.662868 1 0.890217 1 0.899813 0.426766 
0.663513 1 0.89048 1 0.89983 0.421369 
0.664297 1 0.890777 1 0.899932 0.41431 
0.665237 1 0.891091 1 0.90014 0.405622 
0.666327 1 0.89145 1 0.900446 0.395399 
0.66756 1 0.891848 1 0.900829 0.38381 
0.668924 1 0.892274 1 0.901268 0.371064 
0.670405 1 0.892718 1 0.901745 0.357384 
0.671987 1 0.893172 1 0.902244 0.342969 
0.673655 1 0.893628 1 0.902748 0.328004 
0.675396 1 0.894078 1 0.903246 0.312638 
0.677196 1 0.89452 1 0.903726 0.29701 
0.679042 1 0.894947 1 0.904179 0.281241 
0.680923 1 0.895356 1 0.904601 0.26542 
0.68283 1 0.895743 1 0.904988 0.249629 
0.684754 1 0.896108 1 0.905336 0.233924 
0.686686 1 0.896448 1 0.905645 0.218358 
0.688619 1 0.896763 1 0.905915 0.20297 
0.690547 1 0.897053 1 0.906145 0.187789 
0.692466 1 0.897316 1 0.906338 0.172842 
0.694368 1 0.897553 1 0.906493 0.158147 
0.696252 1 0.897763 1 0.906614 0.143724 
0.698113 1 0.89795 1 0.9067 0.129575 
0.699948 1 0.898112 1 0.906753 0.115706 
0.701754 1 0.898248 1 0.906777 0.102127 
0.703529 1 0.898362 1 0.906771 0.0888373 
0.705271 1 0.898453 1 0.906737 0.0758394 
0.706979 1 0.898521 1 0.906679 0.0631312 
0.70859 1 0.898514 1 0.906625 0.0507106 
0.710155 1 0.898477 1 0.906502 0.0385752 
0.711717 1 0.898446 1 0.906362 0.0267217 
0.713258 1 0.898418 1 0.906214 0.0151467 
0.714764 1 0.898381 1 0.906044 0.00384459 
0.716235 1 0.898327 1 0.905855 -0.00718476 
0.717621 1 0.898231 1 0.905637 -0.0179559 
0.718976 1 0.898123 1 0.905386 -0.0284618 
0.720299 1 0.898003 1 0.905124 -0.0387147 
0.72159 1 0.897873 1 0.904855 -0.0487184 
0.722847 1 0.897733 1 0.904576 -0.0584773 
0.724072 1 0.89758 1 0.904286 -0.0680005 
0.725264 1 0.897415 1 0.903987 -0.0772881 
0.726423 1 0.897241 1 0.903677 -0.0863507 
0.72755 1 0.897055 1 0.903358 -0.0951912 
0.728646 1 0.896859 1 0.903032 -0.103812 
0.729711 1 0.896654 1 0.902698 -0.112218 
0.730931 1 0.896518 1 0.902394 -0.120429 
0.732273 1 0.896542 1 0.902033 -0.128427 
0.733638 1 0.896628 1 0.901812 -0.136224 
0.734962 1 0.896681 1 0.901654 -0.143826 
0.736251 1 0.896682 1 0.90149 -0.151241 
0.737503 1 0.896652 1 0.901313 -0.158471 
0.738717 1 0.896599 1 0.901135 -0.16552 
0.739894 1 0.896531 1 0.900954 -0.172395 
0.741034 1 0.896449 1 0.900766 -0.179097 
0.742136 1 0.896356 1 0.900573 -0.185632 
0.743179 1 0.896225 1 0.900382 -0.192005 
0.744183 1 0.896082 1 0.900171 -0.198215 
0.745156 1 0.895938 1 0.899948 -0.204273 
0.746099 1 0.895791 1 0.899718 -0.21018 
0.747011 1 0.895639 1 0.89948 -0.215937 
0.747891 1 0.895481 1 0.899232 -0.22155 
0.74874 1 0.895317 1 0.898979 -0.22702 
0.749558 1 0.895146 1 0.898719 -0.232352 
0.750345 1 0.894969 1 0.898453 -0.23755 
0.751104 1 0.894785 1 0.898181 -0.242618 
0.751833 1 0.894595 1 0.897905 -0.247557 
0.752534 1 0.894397 1 0.897621 -0.252371 
0.753207 1 0.894193 1 0.897332 -0.257063 
0.753851 1 0.893983 1 0.897037 -0.261636 
0.754468 1 0.893765 1 0.896738 -0.266093 
0.755089 1 0.89359 1 0.89639 -0.270435 
0.755738 1 0.893466 1 0.896058 -0.274666 
0.756407 1 0.893374 1 0.895768 -0.278787 
0.757075 1 0.893288 1 0.89551 -0.282803 
0.757727 1 0.893186 1 0.895269 -0.286718 
0.758352 1 0.893063 1 0.895032 -0.290529 
0.758948 1 0.89292 1 0.894795 -0.29424 
0.75952 1 0.892766 1 0.894555 -0.297853 
0.760072 1 0.892608 1 0.894315 -0.301372 
0.760609 1 0.892451 1 0.894074 -0.304795 
0.761132 1 0.892298 1 0.893837 -0.30813 
0.761644 1 0.892148 1 0.893604 -0.311376 
0.762143 1 0.892001 1 0.893375 -0.314533 
0.762648 1 0.89186 1 0.89318 -0.317607 
0.763159 1 0.891726 1 0.892999 -0.320597 
0.763665 1 0.891595 1 0.89283 -0.323505 
0.764159 1 0.891465 1 0.892667 -0.326331 
0.76464 1 0.891336 1 0.892508 -0.329076 
0.765107 1 0.891208 1 0.89235 -0.331745 
0.765565 1 0.891085 1 0.892197 -0.334337 
0.766014 1 0.890967 1 0.892049 -0.336856 
0.766455 1 0.890855 1 0.891908 -0.3393 
0.766889 1 0.89075 1 0.891769 -0.341671 
0.767313 1 0.890651 1 0.891637 -0.343971 
0.76773 1 0.890558 1 0.891509 -0.346201 
0.768138 1 0.890471 1 0.891386 -0.348362 
0.768538 1 0.890389 1 0.891269 -0.350458 
0.76893 1 0.890314 1 0.891157 -0.352486 
0.769314 1 0.890244 1 0.891049 -0.35445 
0.769691 1 0.890179 1 0.890948 -0.356348 
0.77006 1 0.890119 1 0.890855 -0.358182 
0.770421 1 0.890065 1 0.890766 -0.359951 
0.770775 1 0.890016 1 0.890684 -0.361656 
0.771122 1 0.889971 1 0.890608 -0.363301 
0.771462 1 0.889933 1 0.890537 -0.364887 
0.771794 1 0.8899 1 0.890472 -0.366413 
0.77212 1 0.889873 1 0.890415 -0.367876 
0.772438 1 0.889851 1 0.890364 -0.369281 
0.77275 1 0.889834 1 0.890318 -0.370626 
0.773055 1 0.889823 1 0.89028 -0.371914 
0.773353 1 0.889818 1 0.890247 -0.373143 
0.773644 1 0.889818 1 0.890222 -0.374316 
0.77393 1 0.889825 1 0.8902 -0.375433 
0.774208 1 0.889837 1 0.890187 -0.376494 
0.77448 1 0.889855 1 0.890179 -0.3775 
0.774746 1 0.88988 1 0.890178 -0.378449 
0.775007 1 0.889909 1 0.890185 -0.379342 
0.775261 1 0.889945 1 0.890196 -0.380184 
0.77551 1 0.889987 1 0.890214 -0.380971 
0.775753 1 0.890035 1 0.890241 -0.381704 
0.77599 1 0.890088 1 0.890271 -0.382386 
0.776223 1 0.890148 1 0.890311 -0.383017 
0.77645 1 0.890213 1 0.890356 -0.383593 
0.776673 1 0.890286 1 0.890408 -0.384121 
0.77689 1 0.890364 1 0.890466 -0.384597 
0.777104 1 0.890449 1 0.890531 -0.385023 
0.777313 1 0.890539 1 0.890604 -0.385404 
0.77752 1 0.890636 1 0.890682 -0.385738 
0.777723 1 0.890741 1 0.890767 -0.386023 
0.777923 1 0.890851 1 0.89086 -0.38626 
0.778119 1 0.890969 1 0.890959 -0.386449 
0.778313 1 0.891092 1 0.891065 -0.386593 
0.778506 1 0.891223 1 0.891178 -0.386696 
0.778697 1 0.89136 1 0.891299 -0.386757 
0.778888 1 0.891504 1 0.891425 -0.386773 
0.779078 1 0.891656 1 0.891559 -0.38675 
0.779267 1 0.891814 1 0.891701 -0.386686 
0.779456 1 0.891979 1 0.89185 -0.386584 
0.779647 1 0.89215 1 0.892007 -0.386445 
0.779839 1 0.892329 1 0.89217 -0.386268 
0.780032 1 0.892514 1 0.892342 -0.386056 
0.780228 1 0.892707 1 0.89252 -0.385808 
0.780428 1 0.892908 1 0.892707 -0.385526 
0.780631 1 0.893115 1 0.892901 -0.385214 
0.780839 1 0.893331 1 0.893102 -0.384872 
0.78105 1 0.893555 1 0.893311 -0.384499 
0.781267 1 0.893785 1 0.893528 -0.384098 
0.78149 1 0.894023 1 0.893752 -0.383672 
0.781721 1 0.894269 1 0.893984 -0.38322 
0.781958 1 0.894522 1 0.894225 -0.382744 
0.782203 1 0.894783 1 0.894473 -0.382245 
0.782458 1 0.895051 1 0.894729 -0.381727 
0.782721 1 0.895328 1 0.894993 -0.381189 
0.782995 1 0.895612 1 0.895265 -0.380633 
0.78328 1 0.895904 1 0.895545 -0.380058 
0.783577 1 0.896204 1 0.895831 -0.379466 
0.783885 1 0.896512 1 0.896126 -0.378863 
0.784206 1 0.896828 1 0.89643 -0.378243 
0.78454 1 0.897151 1 0.896742 -0.377612 
0.784887 1 0.897482 1 0.897061 -0.376969 
0.78525 1 0.89782 1 0.897388 -0.376318 
0.785627 1 0.898167 1 0.897722 -0.375659 
0.786021 1 0.89852 1 0.898066 -0.374995 
0.78643 1 0.898882 1 0.898415 -0.374325 
0.786857 1 0.899251 1 0.898773 -0.37365 
0.787301 1 0.899627 1 0.899137 -0.37297 
0.787764 1 0.900011 1 0.89951 -0.372289 
0.788246 1 0.900401 1 0.899889 -0.371607 
0.788747 1 0.900799 1 0.900275 -0.370926 
0.789267 1 0.901204 1 0.900668 -0.370244 
0.789808 1 0.901616 1 0.901069 -0.369564 
0.790369 1 0.902034 1 0.901475 -0.368882 
0.790951 1 0.902457 1 0.901889 -0.368208 
0.791554 1 0.902887 1 0.902307 -0.367537 
0.792179 1 0.903322 1 0.902733 -0.36687 
0.792827 1 0.903763 1 0.903163 -0.366209 
0.793497 1 0.904209 1 0.903599 -0.365557 
0.794189 1 0.90466 1 0.90404 -0.364914 
0.794905 1 0.905116 1 0.904485 -0.364278 
0.795644 1 0.905576 1 0.904934 -0.36365 
0.796408 1 0.90604 1 0.905388 -0.363031 
0.797194 1 0.906508 1 0.905845 -0.362423 
0.798006 1 0.906979 1 0.906305 -0.361826 
0.798841 1 0.907452 1 0.906768 -0.361238 
0.799701 1 0.907928 1 0.907232 -0.360663 
0.800584 1 0.908405 1 0.9077 -0.3601 
0.801492 1 0.908883 1 0.908168 -0.359551 
0.802425 1 0.909362 1 0.908637 -0.359017 
0.803382 1 0.909841 1 0.909107 -0.358495 
0.804363 1 0.910319 1 0.909575 -0.357988 
0.805369 1 0.910797 1 0.910042 -0.357496 
0.806399 1 0.911273 1 0.910509 -0.35702 
0.807453 1 0.911747 1 0.910973 -0.356556 
0.80853 1 0.912217 1 0.911435 -0.356111 
0.809631 1 0.912684 1 0.911891 -0.355684 
0.810755 1 0.913146 1 0.912345 -0.355271 
0.811902 1 0.913603 1 0.912794 -0.354877 
0.813071 1 0.914055 1 0.913236 -0.3545 
0.814262 1 0.9145 1 0.913672 -0.354145 
0.815474 1 0.914937 1 0.914102 -0.353807 
0.816708 1 0.915366 1 0.914522 -0.353485 
0.817962 1 0.915786 1 0.914935 -0.353186 
0.819236 1 0.916196 1 0.915338 -0.352905 
0.820529 1 0.916595 1 0.91573 -0.352649 
0.821841 1 0.916983 1 0.916112 -0.352414 
0.823171 1 0.917359 1 0.91648 -0.3522 
0.824518 1 0.917722 1 0.916838 -0.352008 
0.825881 1 0.918071 1 0.91718 -0.351842 
0.827259 1 0.918405 1 0.91751 -0.351699 
0.828651 1 0.918724 1 0.917823 -0.351582 
0.828276 1 0.918573 1 0.917745 -0.351493 
0.827975 1 0.918498 1 0.917772 -0.351427 
0.827716 1 0.918447 1 0.917746 -0.35139 
0.827468 1 0.918377 1 0.917706 -0.351381 
0.827227 1 0.918306 1 0.917662 -0.351399 
0.826994 1 0.918236 1 0.917613 -0.351447 
0.826771 1 0.918168 1 0.917561 -0.351526 
0.826559 1 0.918105 1 0.917506 -0.351637 
0.826359 1 0.918044 1 0.917447 -0.351782 
0.82617 1 0.917986 1 0.917388 -0.351963 
0.825992 1 0.917928 1 0.917328 -0.352183 
0.825823 1 0.91787 1 0.91727 -0.352443 
0.825662 1 0.917811 1 0.91721 -0.352742 
0.82551 1 0.917751 1 0.917151 -0.353087 
0.825366 1 0.91769 1 0.917091 -0.353479 
0.825232 1 0.917627 1 0.91703 -0.353915 
0.825107 1 0.917563 1 0.916969 -0.354401 
0.824993 1 0.917499 1 0.916908 -0.354935 
0.824891 1 0.917434 1 0.916847 -0.35552 
0.824802 1 0.91737 1 0.916785 -0.356153 
0.824728 1 0.917307 1 0.916724 -0.356835 
0.824669 1 0.917246 1 0.916663 -0.357562 
0.824627 1 0.917187 1 0.916603 -0.358333 
0.824602 1 0.917131 1 0.916544 -0.359143 
0.824596 1 0.917079 1 0.916486 -0.359989 
0.824607 1 0.91703 1 0.91643 -0.360869 
0.824638 1 0.916984 1 0.916378 -0.361779 
0.824688 1 0.916942 1 0.916328 -0.362717 
0.824755 1 0.916905 1 0.916281 -0.363681 
0.824842 1 0.916872 1 0.916236 -0.364665 
0.824946 1 0.916843 1 0.916196 -0.365669 
0.825069 1 0.916818 1 0.916159 -0.366688 
0.82521 1 0.916798 1 0.916126 -0.36772 
0.825368 1 0.916782 1 0.916097 -0.368763 
0.825543 1 0.91677 1 0.916071 -0.369816 
0.825735 1 0.916763 1 0.916051 -0.370876 
0.825943 1 0.91676 1 0.916033 -0.371941 
0.826168 1 0.916762 1 0.916021 -0.373004 
0.826408 1 0.916768 1 0.916013 -0.37407 
0.826664 1 0.91678 1 0.916008 -0.375136 
0.826935 1 0.916795 1 0.916009 -0.376201 
0.827221 1 0.916814 1 0.916013 -0.377263 
0.827522 1 0.916839 1 0.916023 -0.37832 
0.827837 1 0.916867 1 0.916036 -0.379372 
0.828166 1 0.9169 1 0.916054 -0.380417 
0.82851 1 0.916937 1 0.916076 -0.381456 
0.828866 1 0.916977 1 0.916103 -0.382487 
0.829237 1 0.917022 1 0.916134 -0.383512 
0.829621 1 0.917071 1 0.916169 -0.384526 
0.830018 1 0.917123 1 0.916208 -0.385528 
0.830429 1 0.91718 1 0.916252 -0.386522 
0.830852 1 0.91724 1 0.916298 -0.387506 
0.831288 1 0.917304 1 0.916349 -0.388478 
0.831737 1 0.917372 1 0.916404 -0.38944 
0.832198 1 0.917443 1 0.916462 -0.390386 
0.832672 1 0.917517 1 0.916524 -0.391322 
0.833158 1 0.917595 1 0.916589 -0.392245 
0.833656 1 0.917676 1 0.916657 -0.393157 
0.834166 1 0.91776 1 0.916729 -0.394056 
0.834689 1 0.917847 1 0.916803 -0.394945 
0.835223 1 0.917936 1 0.916881 -0.395817 
0.835769 1 0.918028 1 0.916961 -0.396677 
0.836326 1 0.918122 1 0.917044 -0.397522 
0.836896 1 0.918218 1 0.917129 -0.398359 
0.837476 1 0.918316 1 0.917216 -0.399181 
0.838069 1 0.918417 1 0.917305 -0.399989 
0.838672 1 0.918518 1 0.917397 -0.400787 
0.839287 1 0.918622 1 0.91749 -0.401571 
0.839422 1 0.918536 1 0.917543 -0.402341 
0.839506 1 0.91849 1 0.917562 -0.403096 
0.839612 1 0.918467 1 0.917564 -0.403843 
0.839729 1 0.918445 1 0.917562 -0.404575 
0.839855 1 0.91843 1 0.917559 -0.405293 
0.839989 1 0.91842 1 0.917556 -0.406 
0.840134 1 0.918415 1 0.917551 -0.406696 
0.84029 1 0.918416 1 0.917546 -0.407377 
0.840458 1 0.918422 1 0.917544 -0.408046 
0.840637 1 0.918433 1 0.917544 -0.408702 
0.840827 1 0.918447 1 0.917546 -0.409346 
0.841028 1 0.918464 1 0.917552 -0.409981 
0.841239 1 0.918485 1 0.917561 -0.410599 
0.841362 1 0.918465 1 0.917568 -0.411212 
0.84148 1 0.918457 1 0.917569 -0.411813 
0.841608 1 0.918456 1 0.917568 -0.412401 
0.841739 1 0.918457 1 0.917567 -0.412981 
0.84187 1 0.918457 1 0.917566 -0.413544 
0.841999 1 0.918457 1 0.917564 -0.414097 
0.842125 1 0.918457 1 0.917563 -0.414642 
0.842248 1 0.918456 1 0.917561 -0.415175 
0.842369 1 0.918456 1 0.91756 -0.415701 
0.842487 1 0.918456 1 0.91756 -0.416216 
0.842603 1 0.918456 1 0.917557 -0.416722 
0.842717 1 0.918456 1 0.917556 -0.417214 
0.842828 1 0.918455 1 0.917555 -0.4177 
0.842938 1 0.918455 1 0.917554 -0.418176 
0.843046 1 0.918455 1 0.917552 -0.41864 
0.843152 1 0.918455 1 0.917552 -0.419097 
0.843255 1 0.918454 1 0.91755 -0.419544 
0.843356 1 0.918454 1 0.917549 -0.41998 
0.843455 1 0.918454 1 0.917547 -0.42041 
0.843552 1 0.918454 1 0.917547 -0.420831 
0.843648 1 0.918453 1 0.917545 -0.421242 
0.843741 1 0.918453 1 0.917544 -0.421645 
0.843832 1 0.918453 1 0.917543 -0.422041 
0.843922 1 0.918453 1 0.917542 -0.422429 
0.844009 1 0.918452 1 0.917541 -0.422807 
0.844096 1 0.918452 1 0.917539 -0.423179 
0.84418 1 0.918451 1 0.917538 -0.423541 
0.844263 1 0.918451 1 0.917537 -0.423896 
0.844344 1 0.918451 1 0.917537 -0.424244 
0.844423 1 0.91845 1 0.917535 -0.424586 
0.844501 1 0.91845 1 0.917534 -0.424922 
0.844577 1 0.91845 1 0.917532 -0.425253 
0.844652 1 0.918449 1 0.917531 -0.425574 
0.844725 1 0.918449 1 0.91753 -0.425889 
0.844796 1 0.918449 1 0.917529 -0.4262 
0.844866 1 0.918449 1 0.917528 -0.426501 
0.844935 1 0.918448 1 0.917527 -0.426797 
0.845003 1 0.918448 1 0.917526 -0.427089 
0.845068 1 0.918447 1 0.917525 -0.427372 
0.845133 1 0.918447 1 0.917524 -0.427648 
0.845196 1 0.918446 1 0.917522 -0.427921 
0.845258 1 0.918446 1 0.917522 -0.428185 
0.845319 1 0.918445 1 0.917521 -0.428444 
0.845378 1 0.918445 1 0.91752 -0.428696 
0.845436 1 0.918445 1 0.917518 -0.428946 
0.845493 1 0.918444 1 0.917517 -0.42919 
0.845548 1 0.918444 1 0.917516 -0.42943 
0.845603 1 0.918443 1 0.917515 -0.429664 
0.845657 1 0.918443 1 0.917514 -0.429893 
0.845709 1 0.918443 1 0.917513 -0.430118 
0.84576 1 0.918442 1 0.917512 -0.430335 
0.845809 1 0.918442 1 0.91751 -0.430552 
0.845859 1 0.918441 1 0.91751 -0.430762 
0.845907 1 0.918441 1 0.917508 -0.430968 
0.845954 1 0.91844 1 0.917508 -0.43117 
0.846 1 0.91844 1 0.917506 -0.431369 
0.846045 1 0.91844 1 0.917505 -0.431564 
0.846089 1 0.918439 1 0.917504 -0.431753 
0.846133 1 0.918439 1 0.917503 -0.431938 
0.846176 1 0.918438 1 0.917502 -0.432117 
0.846217 1 0.918438 1 0.917501 -0.432293 
0.846257 1 0.918437 1 0.9175 -0.432466 
0.846297 1 0.918437 1 0.917499 -0.432636 
0.846336 1 0.918436 1 0.917498 -0.4328 
0.846374 1 0.918436 1 0.917496 -0.432962 
0.846411 1 0.918435 1 0.917496 -0.433121 
0.846447 1 0.918435 1 0.917494 -0.433279 
0.846483 1 0.918434 1 0.917493 -0.433431 
0.846517 1 0.918434 1 0.917492 -0.43358 
0.846551 1 0.918434 1 0.917491 -0.433723 
0.846584 1 0.918433 1 0.91749 -0.433866 
0.846617 1 0.918433 1 0.917489 -0.434006 
0.846649 1 0.918432 1 0.917488 -0.434137 
0.846681 1 0.918431 1 0.917487 -0.43427 
0.846711 1 0.918431 1 0.917486 -0.434401 
0.846741 1 0.91843 1 0.917484 -0.434527 
0.84677 1 0.91843 1 0.917484 -0.434653 
0.846799 1 0.918429 1 0.917483 -0.434774 
0.846827 1 0.918429 1 0.917482 -0.434893 
0.846854 1 0.918428 1 0.917481 -0.435009 
0.846881 1 0.918428 1 0.917479 -0.435122 
0.846907 1 0.918427 1 0.917479 -0.435232 
0.846933 1 0.918427 1 0.917478 -0.435341 
0.846958 1 0.918426 1 0.917476 -0.435449 
0.846983 1 0.918426 1 0.917475 -0.435552 
0.847006 1 0.918425 1 0.917474 -0.435654 
0.84703 1 0.918425 1 0.917474 -0.435754 
0.847053 1 0.918424 1 0.917472 -0.435854 
0.847076 1 0.918424 1 0.917471 -0.43595 
0.847098 1 0.918423 1 0.917471 -0.436044 
0.84712 1 0.918423 1 0.917469 -0.436135 
0.847141 1 0.918422 1 0.917468 -0.436227 
0.847161 1 0.918422 1 0.917467 -0.436316 
0.847182 1 0.918421 1 0.917466 -0.436401 
0.847202 1 0.91842 1 0.917465 -0.436485 
0.847221 1 0.91842 1 0.917464 -0.436567 
0.847241 1 0.918419 1 0.917463 -0.436648 
0.847259 1 0.918419 1 0.917462 -0.436728 
0.847278 1 0.918418 1 0.917461 -0.436805 
0.847296 1 0.918418 1 0.91746 -0.436883 
0.847313 1 0.918417 1 0.917458 -0.436955 
0.84733 1 0.918417 1 0.917457 -0.437027 
0.847348 1 0.918416 1 0.917456 -0.437098 
0.847364 1 0.918415 1 0.917455 -0.437169 
0.84738 1 0.918415 1 0.917454 -0.437236 
0.847396 1 0.918414 1 0.917454 -0.437299 
0.847411 1 0.918414 1 0.917453 -0.437364 
0.847427 1 0.918413 1 0.917451 -0.437427 
0.847441 1 0.918413 1 0.91745 -0.43749 
0.847456 1 0.918412 1 0.917449 -0.43755 
0.84747 1 0.918412 1 0.917448 -0.437609 
0.847484 1 0.918411 1 0.917447 -0.437667 
0.847497 1 0.91841 1 0.917446 -0.437724 
0.847511 1 0.91841 1 0.917444 -0.437782 
0.847524 1 0.918409 1 0.917443 -0.437835 
0.847536 1 0.918409 1 0.917443 -0.437887 
0.847549 1 0.918408 1 0.917441 -0.437939 
0.847561 1 0.918408 1 0.917441 -0.437989 
0.847573 1 0.918407 1 0.91744 -0.43804 
0.847585 1 0.918406 1 0.917439 -0.43809 
0.847597 1 0.918406 1 0.917438 -0.438138 
0.847609 1 0.918405 1 0.917436 -0.438185 
0.84762 1 0.918405 1 0.917435 -0.438232 
0.84763 1 0.918404 1 0.917434 -0.438277 
0.847641 1 0.918404 1 0.917434 -0.438319 
0.847651 1 0.918403 1 0.917433 -0.438365 
0.847661 1 0.918402 1 0.917431 -0.438406 
0.847671 1 0.918402 1 0.917431 -0.438445 
0.84768 1 0.918401 1 0.917429 -0.438485 
0.847689 1 0.918401 1 0.917428 -0.438522 
0.847698 1 0.9184 1 0.917428 -0.43856 
0.847707 1 0.918399 1 0.917426 -0.438597 
0.847716 1 0.918399 1 0.917426 -0.438633 
0.847724 1 0.918398 1 0.917424 -0.438667 
0.847733 1 0.918397 1 0.917424 -0.4387 
0.847741 1 0.918397 1 0.917423 -0.438735 
0.847749 1 0.918396 1 0.917421 -0.438767 
0.847757 1 0.918396 1 0.917421 -0.438799 
0.847765 1 0.918395 1 0.91742 -0.438831 
0.847773 1 0.918394 1 0.917418 -0.43886 
0.847781 1 0.918394 1 0.917418 -0.438892 
0.847788 1 0.918393 1 0.917416 -0.438924 
0.847795 1 0.918393 1 0.917415 -0.438953 
0.847803 1 0.918392 1 0.917414 -0.438981 
0.847809 1 0.918392 1 0.917413 -0.439009 
0.847815 1 0.918391 1 0.917413 -0.439036 
0.847822 1 0.91839 1 0.917412 -0.439062 
0.847828 1 0.91839 1 0.917411 -0.43909 
0.847834 1 0.918389 1 0.91741 -0.439115 
0.847841 1 0.918388 1 0.917409 -0.439138 
0.847847 1 0.918388 1 0.917408 -0.439158 
0.847853 1 0.918387 1 0.917406 -0.439182 
0.847859 1 0.918386 1 0.917405 -0.439206 
0.847864 1 0.918386 1 0.917404 -0.439228 
0.84787 1 0.918385 1 0.917402 -0.439251 
0.847875 1 0.918385 1 0.917402 -0.439273 
0.847879 1 0.918384 1 0.917401 -0.439293 
0.847885 1 0.918383 1 0.9174 -0.439317 
0.84789 1 0.918383 1 0.917398 -0.439337 
0.847895 1 0.918382 1 0.917398 -0.439356 
0.8479 1 0.918382 1 0.917397 -0.439377 
0.847905 1 0.918381 1 0.917396 -0.439395 
0.84791 1 0.91838 1 0.917394 -0.439411 
0.847915 1 0.91838 1 0.917395 -0.439426 
0.847919 1 0.918379 1 0.917393 -0.439445 
0.847923 1 0.918379 1 0.917392 -0.439464 
0.847927 1 0.918378 1 0.917391 -0.439482 
0.847932 1 0.918377 1 0.91739 -0.439498 
0.847937 1 0.918377 1 0.917389 -0.439515 
0.847941 1 0.918376 1 0.917388 -0.439531 
0.847944 1 0.918375 1 0.917387 -0.439545 
0.847948 1 0.918375 1 0.917386 -0.43956 
0.847952 1 0.918374 1 0.917385 -0.439573 
0.847956 1 0.918373 1 0.917384 -0.439587 
0.847959 1 0.918373 1 0.917383 -0.439601 
0.847963 1 0.918372 1 0.917382 -0.439618 
0.847967 1 0.918372 1 0.917381 -0.439631 
0.84797 1 0.918371 1 0.91738 -0.439647 
0.847974 1 0.91837 1 0.917379 -0.439662 
0.847977 1 0.91837 1 0.917378 -0.439679 
0.847981 1 0.918369 1 0.917377 -0.439693 
0.847984 1 0.918368 1 0.917375 -0.439706 
0.847987 1 0.918368 1 0.917375 -0.439717 
0.847991 1 0.918367 1 0.917374 -0.43973 
0.847994 1 0.918366 1 0.917372 -0.439743 
0.847997 1 0.918366 1 0.917372 -0.439754 
0.848 1 0.918365 1 0.917371 -0.439765 
0.848003 1 0.918365 1 0.91737 -0.439776 
0.848006 1 0.918364 1 0.917369 -0.439786 
0.848008 1 0.918363 1 0.917367 -0.439795 
0.848011 1 0.918363 1 0.917366 -0.439804 
0.848014 1 0.918362 1 0.917366 -0.439814 
0.848016 1 0.918361 1 0.917365 -0.439822 
0.848019 1 0.918361 1 0.917364 -0.439833 
0.848021 1 0.91836 1 0.917363 -0.439843 
0.848023 1 0.918359 1 0.917362 -0.439855 
0.848025 1 0.918359 1 0.917361 -0.439861 
0.848027 1 0.918358 1 0.91736 -0.439871 
0.84803 1 0.918357 1 0.917358 -0.439881 
0.848032 1 0.918357 1 0.917358 -0.43989 
0.848034 1 0.918356 1 0.917357 -0.439894 
0.848037 1 0.918355 1 0.917356 -0.439902 
0.848039 1 0.918355 1 0.917355 -0.43991 
0.84804 1 0.918354 1 0.917354 -0.439917 
0.848043 1 0.918353 1 0.917353 -0.439924 
0.848045 1 0.918353 1 0.917353 -0.43993 
0.848047 1 0.918352 1 0.91735 -0.439936 
0.848049 1 0.918351 1 0.91735 -0.439942 
0.84805 1 0.918351 1 0.91735 -0.439949 
0.848052 1 0.91835 1 0.917348 -0.43996 
0.848054 1 0.91835 1 0.917347 -0.439963 
0.848056 1 0.918349 1 0.917346 -0.439969 
0.848057 1 0.918348 1 0.917345 -0.439975 
0.848059 1 0.918347 1 0.917344 -0.439982 
0.848061 1 0.918347 1 0.917343 -0.439985 
0.848062 1 0.918346 1 0.917342 -0.439988 
0.848064 1 0.918346 1 0.91734 -0.439993 
0.848065 1 0.918345 1 0.91734 -0.439999 
0.848067 1 0.918344 1 0.917339 -0.440003 
0.848069 1 0.918343 1 0.917338 -0.440008 
0.84807 1 0.918343 1 0.917337 -0.440012 
0.848071 1 0.918342 1 0.917336 -0.440018 
0.848072 1 0.918342 1 0.917336 -0.440023 
0.848074 1 0.918341 1 0.917334 -0.440028 
0.848076 1 0.91834 1 0.917333 -0.440033 
0.848077 1 0.918339 1 0.917332 -0.440037 
0.848078 1 0.918339 1 0.917331 -0.440044 
0.84808 1 0.918338 1 0.917329 -0.44005 
0.848081 1 0.918337 1 0.917329 -0.440053 
0.848083 1 0.918337 1 0.917328 -0.440057 
0.848084 1 0.918336 1 0.917327 -0.440062 
0.848085 1 0.918335 1 0.917326 -0.440065 
0.848086 1 0.918335 1 0.917325 -0.440067 
0.848088 1 0.918334 1 0.917324 -0.44007 
0.848088 1 0.918333 1 0.917323 -0.440073 
0.84809 1 0.918333 1 0.917321 -0.44008 
0.848091 1 0.918332 1 0.91732 -0.440086 
0.848092 1 0.918331 1 0.91732 -0.44009 
0.848094 1 0.918331 1 0.917318 -0.440092 
0.848095 1 0.91833 1 0.917317 -0.440096 
0.848096 1 0.918329 1 0.917316 -0.4401 
0.848098 1 0.918329 1 0.917316 -0.440104 
0.848099 1 0.918328 1 0.917314 -0.440108 
0.8481 1 0.918327 1 0.917314 -0.440112 
0.848101 1 0.918327 1 0.917312 -0.440113 
0.848102 1 0.918326 1 0.917312 -0.440117 
0.848103 1 0.918325 1 0.91731 -0.440118 
0.848105 1 0.918324 1 0.917309 -0.440121 
0.848105 1 0.918324 1 0.917309 -0.440123 
0.848106 1 0.918323 1 0.917307 -0.440125 
0.848107 1 0.918322 1 0.917307 -0.440127 
0.848108 1 0.918322 1 0.917305 -0.440131 
0.848109 1 0.918321 1 0.917304 -0.440132 
0.84811 1 0.91832 1 0.917303 -0.440133 
0.848111 1 0.91832 1 0.917303 -0.440135 
0.848111 1 0.918319 1 0.917301 -0.440138 
0.848112 1 0.918318 1 0.9173 -0.440142 
0.848113 1 0.918318 1 0.917299 -0.440144 
0.848114 1 0.918317 1 0.917299 -0.440148 
0.848114 1 0.918316 1 0.917297 -0.44015 
0.848115 1 0.918316 1 0.917297 -0.440154 
0.848116 1 0.918315 1 0.917295 -0.440153 
0.848118 1 0.918314 1 0.917295 -0.440155 
0.848118 1 0.918313 1 0.917293 -0.440155 
0.84812 1 0.918313 1 0.917292 -0.440158 
0.84812 1 0.918312 1 0.917291 -0.440158 
0.848121 1 0.918311 1 0.91729 -0.440157 
0.848121 1 0.918311 1 0.917289 -0.44016 
0.848122 1 0.91831 1 0.917288 -0.44016 
0.848122 1 0.918309 1 0.917288 -0.440165 
0.848123 1 0.918308 1 0.917286 -0.440167 
0.848124 1 0.918308 1 0.917285 -0.440166 
0.848125 1 0.918307 1 0.917284 -0.440169 
0.848126 1 0.918306 1 0.917283 -0.440168 
0.848126 1 0.918306 1 0.917283 -0.44017 
0.848126 1 0.918305 1 0.917281 -0.440174 
0.848127 1 0.918304 1 0.917281 -0.440175 
0.848128 1 0.918304 1 0.91728 -0.440176 
0.848128 1 0.918303 1 0.917278 -0.440177 
0.848129 1 0.918302 1 0.917277 -0.44018 
0.84813 1 0.918302 1 0.917276 -0.440184 
0.84813 1 0.918301 1 0.917275 -0.440184 
0.848131 1 0.9183 1 0.917274 -0.440187 
0.848132 1 0.918299 1 0.917273 -0.440188 
0.848133 1 0.918299 1 0.917272 -0.440188 
0.848133 1 0.918298 1 0.917271 -0.440192 
0.848134 1 0.918297 1 0.91727 -0.440192 
0.848134 1 0.918297 1 0.91727 -0.440192 
0.848135 1 0.918296 1 0.917268 -0.440191 
0.848136 1 0.918295 1 0.917268 -0.440194 
0.848137 1 0.918294 1 0.917265 -0.440193 
0.848137 1 0.918294 1 0.917265 -0.440195 
0.848138 1 0.918293 1 0.917263 -0.440198 
0.848139 1 0.918293 1 0.917263 -0.440198 
0.848139 1 0.918292 1 0.917262 -0.440199 
0.84814 1 0.918291 1 0.917262 -0.4402 
0.848141 1 0.91829 1 0.91726 -0.4402 
0.848141 1 0.91829 1 0.917259 -0.4402 
0.848142 1 0.918289 1 0.917258 -0.440203 
0.848142 1 0.918288 1 0.917257 -0.440201 
0.848143 1 0.918287 1 0.917256 -0.440204 
0.848143 1 0.918287 1 0.917255 -0.440204 
0.848144 1 0.918286 1 0.917254 -0.440207 
0.848144 1 0.918285 1 0.917253 -0.440211 
0.848145 1 0.918285 1 0.917252 -0.440213 
0.848146 1 0.918284 1 0.917251 -0.440211 
