0.523056 0 0.627607 0 0.627605 0.500001 
0.523064 0 0.629096 0 0.629212 0.499297 
0.52308 0 0.631203 0 0.631548 0.49865 
0.523341 0 0.633709 0 0.634786 0.498091 
0.523259 0 0.636412 0 0.637549 0.497632 
0.523513 0 0.639196 0 0.641021 0.497275 
0.523768 0 0.641978 0 0.644498 0.497012 
0.524029 0 0.644742 0 0.647957 0.496832 
0.524296 0 0.647473 0 0.651385 0.496726 
0.524564 0 0.650159 0 0.654774 0.496682 
0.52483 0 0.652796 0 0.658121 0.496689 
0.525104 0 0.655393 0 0.661429 0.49674 
0.525489 0 0.658452 0 0.664343 0.496825 
0.526151 0 0.661776 0 0.667384 0.496938 
0.526991 0 0.665237 0 0.670509 0.497074 
0.528037 0 0.668628 0 0.67399 0.497226 
0.529173 0 0.671984 0 0.677576 0.497391 
0.530338 0 0.675293 0 0.681172 0.497567 
0.531506 0 0.678547 0 0.684739 0.497749 
0.53267 0 0.681748 0 0.688265 0.497936 
0.533822 0 0.684893 0 0.69174 0.498127 
0.534951 0 0.687969 0 0.695163 0.49832 
0.536056 0 0.690977 0 0.698535 0.498514 
0.537145 0 0.693927 0 0.701859 0.498707 
0.538215 0 0.696816 0 0.705135 0.4989 
0.53926 0 0.699638 0 0.708365 0.499092 
0.54028 0 0.702392 0 0.71155 0.499282 
0.541285 0 0.705089 0 0.714695 0.499469 
0.542273 0 0.70773 0 0.717799 0.499654 
0.543237 0 0.710306 0 0.720864 0.499837 
0.54418 0 0.712818 0 0.723891 0.500017 
0.545109 0 0.715277 0 0.726885 0.500193 
0.546022 0 0.717683 0 0.729846 0.500367 
0.546915 0 0.720026 0 0.732772 0.500537 
0.547789 0 0.722307 0 0.735668 0.500705 
0.54865 0 0.724538 0 0.738536 0.500869 
0.549499 0 0.726717 0 0.741376 0.50103 
0.550328 0 0.728836 0 0.744187 0.501187 
0.55114 0 0.730896 0 0.746972 0.501342 
0.551942 0 0.732907 0 0.749734 0.501493 
0.552734 0 0.734868 0 0.752472 0.501641 
0.55335 0 0.736923 0 0.754783 0.501786 
0.553812 0 0.738903 0 0.756854 0.501928 
0.554221 0 0.740876 0 0.758787 0.502066 
0.554533 0 0.742659 0 0.760695 0.502202 
0.554845 0 0.744408 0 0.762578 0.502334 
0.555158 0 0.746123 0 0.764439 0.502463 
0.555479 0 0.747815 0 0.76628 0.50259 
0.555505 0 0.7496 0 0.767577 0.502713 
0.555339 0 0.751373 0 0.768568 0.502833 
0.555374 0 0.753347 0 0.769585 0.502951 
0.55535 0 0.755241 0 0.770539 0.503066 
0.55529 0 0.757084 0 0.771433 0.503178 
0.555203 0 0.758881 0 0.772279 0.503288 
0.555107 0 0.760639 0 0.773098 0.503395 
0.555023 0 0.762374 0 0.773913 0.503499 
0.554962 0 0.764088 0 0.774739 0.503601 
0.554923 0 0.765775 0 0.775584 0.503701 
0.554914 0 0.767438 0 0.776456 0.503799 
0.554948 0 0.769093 0 0.777363 0.503894 
0.55503 0 0.770742 0 0.778311 0.503987 
0.555159 0 0.772382 0 0.779304 0.504078 
0.55534 0 0.774018 0 0.780351 0.504167 
0.555585 0 0.775665 0 0.781459 0.504254 
0.555895 0 0.777324 0 0.782628 0.504339 
0.556263 0 0.778991 0 0.783857 0.504423 
0.556689 0 0.780668 0 0.785143 0.504504 
0.557177 0 0.782365 0 0.786483 0.504583 
0.557719 0 0.78408 0 0.787867 0.504661 
0.558304 0 0.785804 0 0.789284 0.504737 
0.558925 0 0.787534 0 0.790725 0.504811 
0.559583 0 0.789274 0 0.792182 0.504882 
0.560268 0 0.79102 0 0.793644 0.504952 
0.560969 0 0.792757 0 0.795101 0.50502 
0.56168 0 0.794481 0 0.79655 0.505085 
0.562407 0 0.796201 0 0.797989 0.505149 
0.563144 0 0.797911 0 0.799413 0.505211 
0.563884 0 0.799604 0 0.800821 0.50527 
0.564626 0 0.801277 0 0.802214 0.505328 
0.565377 0 0.802942 0 0.803591 0.505383 
0.566135 0 0.804596 0 0.804953 0.505437 
0.566892 0 0.80623 0 0.806298 0.505489 
0.567649 0 0.807846 0 0.807627 0.505539 
0.568412 0 0.809454 0 0.808942 0.505587 
0.569179 0 0.811053 0 0.810241 0.505633 
0.569944 0 0.812633 0 0.811524 0.505678 
0.570707 0 0.814195 0 0.81279 0.505721 
0.571474 0 0.81575 0 0.814042 0.505761 
0.572243 0 0.817297 0 0.815279 0.505801 
0.573009 0 0.818826 0 0.816498 0.505839 
0.57377 0 0.820339 0 0.817701 0.505875 
0.574534 0 0.821844 0 0.81889 0.505909 
0.5753 0 0.823342 0 0.820063 0.505942 
0.576059 0 0.824823 0 0.821218 0.505973 
0.576813 0 0.826288 0 0.822357 0.506003 
0.577569 0 0.827746 0 0.82348 0.506031 
0.578325 0 0.829196 0 0.824587 0.506058 
0.579074 0 0.83063 0 0.825675 0.506083 
0.579818 0 0.832048 0 0.826747 0.506107 
0.580562 0 0.833459 0 0.827803 0.506129 
0.581305 0 0.834864 0 0.828842 0.50615 
0.58204 0 0.836251 0 0.829862 0.506169 
0.582769 0 0.837623 0 0.830864 0.506187 
0.583499 0 0.838989 0 0.83185 0.506204 
0.584227 0 0.840347 0 0.832818 0.506219 
0.584947 0 0.841689 0 0.833767 0.506233 
0.585661 0 0.843016 0 0.834697 0.506245 
0.586374 0 0.844336 0 0.835611 0.506256 
0.587086 0 0.845649 0 0.836505 0.506266 
0.58779 0 0.846946 0 0.83738 0.506274 
0.588487 0 0.848227 0 0.838236 0.506282 
0.589184 0 0.849502 0 0.839075 0.506287 
0.589879 0 0.85077 0 0.839894 0.506292 
0.590567 0 0.852022 0 0.840692 0.506295 
0.591247 0 0.853258 0 0.841472 0.506297 
0.591928 0 0.854489 0 0.842232 0.506297 
0.592607 0 0.855713 0 0.842973 0.506297 
0.593278 0 0.85692 0 0.843693 0.506295 
0.593942 0 0.858113 0 0.844392 0.506292 
0.594607 0 0.8593 0 0.845073 0.506287 
0.59527 0 0.86048 0 0.845732 0.506282 
0.595925 0 0.861644 0 0.846371 0.506275 
0.596574 0 0.862793 0 0.846988 0.506267 
0.597223 0 0.863936 0 0.847585 0.506257 
0.597871 0 0.865073 0 0.848161 0.506247 
0.598512 0 0.866194 0 0.848714 0.506235 
0.599146 0 0.8673 0 0.849246 0.506222 
0.599781 0 0.8684 0 0.849757 0.506208 
0.600414 0 0.869494 0 0.850246 0.506192 
0.601041 0 0.870572 0 0.850711 0.506176 
0.601661 0 0.871634 0 0.851154 0.506158 
0.602282 0 0.872691 0 0.851574 0.506139 
0.602902 0 0.873742 0 0.851972 0.506119 
0.603516 0 0.874776 0 0.852344 0.506098 
0.604123 0 0.875795 0 0.852694 0.506075 
0.604731 0 0.876808 0 0.85302 0.506051 
0.605077 1 0.877046 0 0.85387 0.506032 
0.605335 1 0.876895 0 0.855019 0.505988 
0.605599 1 0.876741 0 0.85617 0.505907 
0.605895 1 0.87665 0 0.85725 0.505793 
0.60619 0 0.876554 0 0.858317 0.50563 
0.606485 0 0.87645 0 0.85937 0.505472 
0.60678 0 0.876338 0 0.860409 0.505316 
0.607074 0 0.876219 0 0.861432 0.505165 
0.607402 0 0.87613 0 0.86244 0.505017 
0.607752 0 0.876055 0 0.863432 0.504872 
0.608123 0 0.876013 0 0.864366 0.504731 
0.608504 0 0.87598 0 0.86526 0.504593 
0.608884 0 0.875944 0 0.86612 0.504458 
0.609264 0 0.875901 0 0.866943 0.504326 
0.609644 0 0.875853 0 0.867727 0.504198 
0.610027 0 0.875801 0 0.868471 0.504073 
0.610414 0 0.875745 0 0.869174 0.50395 
0.610805 0 0.875682 0 0.869836 0.503831 
0.611208 0 0.875619 0 0.870458 0.503714 
0.611626 0 0.875556 0 0.871043 0.503601 
0.612061 0 0.875493 0 0.871592 0.50349 
0.612515 0 0.87543 0 0.872103 0.503382 
0.612987 0 0.875364 0 0.872574 0.503276 
0.613475 0 0.875291 0 0.873001 0.503173 
0.613977 0 0.875208 0 0.873381 0.503073 
0.614491 0 0.87511 0 0.873709 0.502975 
0.615015 0 0.874995 0 0.873981 0.502879 
0.615176 0 0.875267 1 0.873864 0.502777 
0.615417 1 0.875421 1 0.874004 0.502655 
0.615653 1 0.875385 1 0.874046 0.50236 
0.615891 1 0.875344 1 0.874012 0.501839 
0.616127 1 0.875299 1 0.873971 0.50097 
0.616356 1 0.875231 1 0.873927 0.499583 
0.616569 1 0.875135 1 0.873863 0.497442 
0.616757 1 0.875004 1 0.873759 0.494222 
0.616914 1 0.874824 1 0.873599 0.4895 
0.617038 1 0.874584 1 0.873347 0.482779 
0.617133 1 0.874275 1 0.872979 0.47357 
0.617215 1 0.873888 1 0.872507 0.461547 
0.617317 1 0.873427 1 0.871944 0.446785 
0.617487 1 0.872911 1 0.871321 0.429732 
0.617778 1 0.872372 1 0.870677 0.411123 
0.618231 1 0.871847 1 0.870056 0.391661 
0.618871 1 0.871364 1 0.869494 0.371883 
0.619713 1 0.870944 1 0.869007 0.352136 
0.620758 1 0.870601 1 0.868603 0.332617 
0.621998 1 0.870342 1 0.868285 0.313441 
0.623423 1 0.870171 1 0.868046 0.294662 
0.625026 1 0.870095 1 0.867889 0.276305 
0.626786 1 0.870109 1 0.86781 0.258382 
0.628691 1 0.870206 1 0.867807 0.240888 
0.630726 1 0.870379 1 0.867875 0.223825 
0.63282 1 0.870636 1 0.868041 0.207185 
0.635026 1 0.870863 1 0.868331 0.190956 
0.637348 1 0.871274 1 0.868689 0.175127 
0.63981 1 0.871839 1 0.869096 0.159699 
0.642389 1 0.872459 1 0.869551 0.144655 
0.645074 1 0.873131 1 0.870062 0.129987 
0.647851 1 0.873864 1 0.870629 0.11569 
0.650711 1 0.874657 1 0.871244 0.101745 
0.653644 1 0.875504 1 0.871905 0.088152 
0.656638 1 0.876396 1 0.872604 0.0748958 
0.659687 1 0.877331 1 0.873338 0.0619727 
0.662782 1 0.8783 1 0.874104 0.0493741 
0.665917 1 0.879306 1 0.874896 0.0370867 
0.669084 1 0.88034 1 0.875711 0.025113 
0.672279 1 0.881403 1 0.876547 0.0134354 
0.675495 1 0.882488 1 0.877399 0.00205158 
0.678726 1 0.883594 1 0.878265 -0.00905426 
0.68197 1 0.884717 1 0.879144 -0.0198879 
0.685221 1 0.885859 1 0.880032 -0.0304384 
0.688477 1 0.887012 1 0.880928 -0.040731 
0.691733 1 0.888181 1 0.881829 -0.0507711 
0.694987 1 0.889358 1 0.882735 -0.0605573 
0.698237 1 0.890546 1 0.883643 -0.0700955 
0.701479 1 0.891742 1 0.884552 -0.0793936 
0.704712 1 0.892944 1 0.885462 -0.0884596 
0.707935 1 0.894152 1 0.886369 -0.0973081 
0.711145 1 0.895366 1 0.887269 -0.105931 
0.714341 1 0.896591 1 0.888148 -0.114341 
0.717522 1 0.897823 1 0.889012 -0.122536 
0.720687 1 0.899057 1 0.889862 -0.130525 
0.723836 1 0.900294 1 0.890698 -0.138317 
0.726966 1 0.901532 1 0.89152 -0.145912 
0.730079 1 0.902768 1 0.892328 -0.153316 
0.733172 1 0.904001 1 0.893123 -0.160536 
0.736247 1 0.905232 1 0.893902 -0.167575 
0.739301 1 0.906459 1 0.894666 -0.174433 
0.742335 1 0.907681 1 0.895414 -0.181125 
0.745349 1 0.908894 1 0.896147 -0.187649 
0.748144 1 0.909974 1 0.896769 -0.194009 
0.750846 1 0.911005 1 0.897315 -0.200213 
0.753503 1 0.911982 1 0.897864 -0.206263 
0.756135 1 0.912953 1 0.898415 -0.212159 
0.758743 1 0.91392 1 0.898957 -0.217907 
0.761326 1 0.91488 1 0.899487 -0.223513 
0.763885 1 0.915831 1 0.900005 -0.228978 
0.766421 1 0.916774 1 0.900512 -0.234308 
0.768934 1 0.91771 1 0.901005 -0.239502 
0.771424 1 0.918638 1 0.901485 -0.244568 
0.773893 1 0.919557 1 0.901952 -0.249507 
0.776334 1 0.920422 1 0.902426 -0.254322 
0.778759 1 0.921325 1 0.902849 -0.259017 
0.781172 1 0.92223 1 0.903291 -0.263597 
0.783568 1 0.92312 1 0.903721 -0.268063 
0.785878 1 0.92395 1 0.904123 -0.272416 
0.788186 1 0.924753 1 0.904516 -0.276659 
0.790482 1 0.925559 1 0.904903 -0.280795 
0.792759 1 0.926365 1 0.905274 -0.284829 
0.794975 1 0.927147 1 0.905617 -0.288767 
0.797185 1 0.927913 1 0.905944 -0.2926 
0.799377 1 0.928671 1 0.90626 -0.296337 
0.801553 1 0.929416 1 0.906562 -0.299979 
0.803715 1 0.930149 1 0.906851 -0.303531 
0.805862 1 0.930869 1 0.907128 -0.306996 
0.807942 1 0.931561 1 0.90738 -0.310375 
0.810195 1 0.932004 1 0.907748 -0.313672 
0.812439 1 0.932547 1 0.908145 -0.316885 
0.814725 1 0.933219 1 0.908499 -0.320008 
0.816867 1 0.934048 1 0.908691 -0.32306 
0.819023 1 0.934753 1 0.908863 -0.326034 
0.821168 1 0.935407 1 0.909032 -0.328938 
0.823299 1 0.936035 1 0.909188 -0.33177 
0.824545 1 0.936152 1 0.909687 -0.334533 
0.826141 1 0.936011 1 0.909916 -0.337229 
0.827697 1 0.936244 1 0.910122 -0.339849 
0.829222 1 0.936577 1 0.910272 -0.342407 
0.830728 1 0.936924 1 0.910392 -0.344896 
0.831704 1 0.937013 1 0.910812 -0.347328 
0.832905 1 0.936738 1 0.910995 -0.349703 
0.834053 1 0.936839 1 0.911147 -0.352007 
0.835165 1 0.937045 1 0.911255 -0.354259 
0.836204 1 0.937292 1 0.911304 -0.356456 
0.837333 1 0.93743 1 0.911435 -0.358601 
0.838138 1 0.937499 1 0.911808 -0.360692 
0.839119 1 0.937217 1 0.911964 -0.362713 
0.840023 1 0.93727 1 0.912099 -0.364698 
0.840846 1 0.937438 1 0.912176 -0.36663 
0.841667 1 0.937609 1 0.912237 -0.36852 
0.842478 1 0.937787 1 0.912293 -0.37036 
0.843399 1 0.937973 1 0.912306 -0.372159 
0.844105 1 0.938028 1 0.91264 -0.37391 
0.844869 1 0.937776 1 0.912786 -0.37562 
0.845581 1 0.937829 1 0.912878 -0.377286 
0.846267 1 0.93797 1 0.912946 -0.378911 
0.84697 1 0.938127 1 0.913009 -0.380494 
0.8475 1 0.938239 1 0.91326 -0.382035 
0.84817 1 0.937974 1 0.913345 -0.383538 
0.848705 1 0.938051 1 0.913431 -0.385007 
0.849263 1 0.938182 1 0.913472 -0.386437 
0.84982 1 0.938343 1 0.913518 -0.387828 
0.850322 1 0.938393 1 0.913794 -0.389186 
0.850862 1 0.938146 1 0.913898 -0.390504 
0.851368 1 0.938191 1 0.913986 -0.391799 
0.851842 1 0.938296 1 0.914067 -0.393061 
0.852302 1 0.938434 1 0.914127 -0.394287 
0.852748 1 0.938452 1 0.914404 -0.395483 
0.853157 1 0.938294 1 0.914452 -0.396653 
0.853572 1 0.938389 1 0.914479 -0.397789 
0.853948 1 0.938566 1 0.91453 -0.398902 
0.854364 1 0.938551 1 0.914813 -0.399985 
0.854758 1 0.938377 1 0.914875 -0.401036 
0.855089 1 0.938492 1 0.914913 -0.402058 
0.855462 1 0.938537 1 0.915125 -0.403063 
0.855815 1 0.938382 1 0.915201 -0.40404 
0.856115 1 0.938499 1 0.915238 -0.404991 
0.856422 1 0.938671 1 0.915289 -0.405917 
0.856779 1 0.938614 1 0.91557 -0.406824 
0.857104 1 0.9385 1 0.915602 -0.407709 
0.857369 1 0.938651 1 0.915624 -0.408569 
0.85771 1 0.938619 1 0.915863 -0.409408 
0.858005 1 0.938525 1 0.915911 -0.410232 
0.858246 1 0.938688 1 0.915929 -0.411031 
0.858563 1 0.938653 1 0.916157 -0.411807 
0.858839 1 0.938568 1 0.916204 -0.412568 
0.859062 1 0.938743 1 0.91622 -0.413307 
0.859372 1 0.93868 1 0.916451 -0.41403 
0.859629 1 0.938624 1 0.916491 -0.414731 
0.859834 1 0.938797 1 0.916493 -0.415421 
0.860137 1 0.938702 1 0.916736 -0.416086 
0.860375 1 0.938681 1 0.916772 -0.41674 
0.860566 1 0.938846 1 0.916766 -0.417374 
0.860862 1 0.938721 1 0.917018 -0.417996 
0.86108 1 0.938735 1 0.91705 -0.418597 
