0.279375 0 0.402253 0 0.402251 0.500001 
0.27957 0 0.407343 0 0.407207 0.49923 
0.279869 0 0.412621 0 0.412115 0.498269 
0.280167 0 0.417846 0 0.416958 0.497082 
0.280465 0 0.423003 0 0.421721 0.495621 
0.280768 0 0.428083 0 0.426402 0.493837 
0.281072 0 0.433072 0 0.430988 0.491678 
0.281373 0 0.438117 0 0.435422 0.489099 
0.281581 0 0.442941 0 0.439654 0.486059 
0.281743 0 0.447645 0 0.443731 0.482521 
0.281891 0 0.452259 0 0.447675 0.47845 
0.282045 0 0.456754 0 0.451505 0.473814 
0.282205 0 0.461124 0 0.455216 0.468582 
0.282364 0 0.465355 0 0.458798 0.462721 
0.282525 0 0.469438 0 0.462246 0.456191 
0.282692 0 0.473375 0 0.465557 0.448944 
0.282866 0 0.477153 0 0.46872 0.44092 
0.28304 0 0.480752 0 0.47172 0.43204 
0.283214 0 0.484156 0 0.474542 0.422211 
0.283396 0 0.487355 0 0.477173 0.411329 
0.283585 0 0.490324 0 0.47959 0.399306 
0.283775 0 0.49303 0 0.481764 0.386105 
0.283966 0 0.49545 0 0.483674 0.37177 
0.284167 0 0.497574 0 0.485304 0.356438 
0.284376 0 0.499386 0 0.48664 0.340317 
0.284871 0 0.501265 0 0.487757 0.323639 
0.285367 0 0.502801 0 0.488563 0.306627 
0.285873 0 0.504011 0 0.489068 0.289472 
0.286386 0 0.504906 0 0.489284 0.272322 
0.2869 0 0.505495 0 0.489222 0.255293 
0.287681 0 0.50592 0 0.489328 0.238466 
0.288677 0 0.506272 0 0.489437 0.221898 
0.289836 0 0.506448 0 0.489543 0.205627 
0.291079 0 0.506445 0 0.489548 0.18968 
0.292369 0 0.506267 0 0.489414 0.17407 
0.293685 0 0.505928 0 0.489133 0.158807 
0.295022 0 0.505446 0 0.488707 0.143894 
0.296407 0 0.504865 0 0.488174 0.12933 
0.297831 0 0.504204 0 0.487543 0.115113 
0.299204 0 0.503383 0 0.486771 0.101238 
0.300536 0 0.502429 0 0.485861 0.0877002 
0.301831 0 0.501364 0 0.484825 0.0744936 
0.303097 0 0.500214 0 0.483687 0.0616116 
0.304343 0 0.499008 0 0.48247 0.0490473 
0.305569 0 0.497761 0 0.481191 0.0367936 
0.30677 0 0.496479 0 0.479858 0.0248437 
0.307948 0 0.495173 0 0.478486 0.0131904 
0.309109 0 0.493862 0 0.477089 0.00182675 
0.310251 0 0.492554 0 0.475676 -0.00925414 
0.311368 0 0.49125 0 0.474252 -0.0200593 
0.312462 0 0.489957 0 0.472825 -0.0305951 
0.31354 0 0.488691 0 0.471407 -0.0408683 
0.3146 0 0.487454 0 0.470001 -0.0508853 
0.315637 0 0.486244 0 0.468608 -0.0606523 
0.316652 0 0.485065 0 0.467234 -0.0701755 
0.317651 0 0.483929 0 0.465886 -0.079461 
0.318635 0 0.482837 0 0.464565 -0.0885146 
0.319596 0 0.481782 0 0.46327 -0.0973421 
0.320537 0 0.480769 0 0.462002 -0.105949 
0.321464 0 0.479805 0 0.460769 -0.114341 
0.322376 0 0.478891 0 0.459568 -0.122523 
0.323268 0 0.478019 0 0.458398 -0.130501 
0.32414 0 0.477191 0 0.457258 -0.138279 
0.325 0 0.476415 0 0.456154 -0.145862 
0.325847 0 0.475689 0 0.455084 -0.153257 
0.326673 0 0.475007 0 0.454044 -0.160466 
0.327482 0 0.474368 0 0.453034 -0.167494 
0.328279 0 0.473781 0 0.452059 -0.174347 
0.329064 0 0.473243 0 0.451115 -0.181028 
0.32983 0 0.472747 0 0.450198 -0.187542 
0.330579 0 0.472292 0 0.449309 -0.193893 
0.331318 0 0.471887 0 0.448451 -0.200084 
0.332044 0 0.471528 0 0.44762 -0.206121 
0.332753 0 0.471208 0 0.446813 -0.212006 
0.333446 0 0.470928 0 0.44603 -0.217744 
0.334129 0 0.470693 0 0.445272 -0.223338 
0.334801 0 0.470503 0 0.444539 -0.228792 
0.335159 0 0.469495 0 0.443371 -0.234108 
0.335368 0 0.468152 0 0.442015 -0.239291 
0.335531 0 0.466803 0 0.440698 -0.244344 
0.335757 0 0.465561 0 0.439483 -0.24927 
0.336021 0 0.464409 0 0.438348 -0.254072 
0.336311 0 0.46334 0 0.43728 -0.258754 
0.336625 0 0.462354 0 0.436277 -0.263317 
0.336957 0 0.461443 0 0.435329 -0.267766 
0.337296 0 0.460598 0 0.434428 -0.272103 
0.337642 0 0.459817 0 0.433574 -0.27633 
0.337998 0 0.459105 0 0.432766 -0.280451 
0.338363 0 0.458458 0 0.432004 -0.284467 
0.33873 0 0.457869 0 0.43128 -0.288383 
0.3391 0 0.457338 0 0.430596 -0.292199 
0.339478 0 0.456871 0 0.429955 -0.295919 
0.339864 0 0.456465 0 0.429354 -0.299544 
0.340252 0 0.456113 0 0.428789 -0.303078 
0.340642 0 0.455814 0 0.42826 -0.306522 
0.34104 0 0.455575 0 0.427771 -0.309878 
0.341447 0 0.455395 0 0.427319 -0.313149 
0.341854 0 0.455264 0 0.426901 -0.316337 
0.342265 0 0.455183 0 0.426517 -0.319443 
0.342684 0 0.455158 0 0.426169 -0.322471 
0.34311 0 0.455187 0 0.425857 -0.32542 
0.343538 0 0.455262 0 0.425575 -0.328294 
0.343857 0 0.455103 0 0.425266 -0.331094 
0.344045 0 0.454697 0 0.424795 -0.333823 
0.344159 0 0.454154 0 0.424258 -0.33648 
0.34426 0 0.453591 0 0.423708 -0.339069 
0.34436 0 0.45305 0 0.423182 -0.341592 
0.344498 0 0.45258 0 0.422717 -0.344048 
0.344666 0 0.452178 0 0.422305 -0.346441 
0.344852 0 0.451835 0 0.421935 -0.348772 
0.345052 0 0.451545 0 0.421603 -0.351041 
0.345223 0 0.45123 0 0.421265 -0.353252 
0.345374 0 0.450895 0 0.420929 -0.355404 
0.345509 0 0.450551 0 0.420603 -0.357499 
0.345635 0 0.450211 0 0.420296 -0.359539 
0.345719 0 0.449822 0 0.419976 -0.361525 
0.34578 0 0.449414 0 0.41964 -0.363458 
0.345827 0 0.449004 0 0.419297 -0.365339 
0.345867 0 0.448606 0 0.418959 -0.36717 
0.34591 0 0.448227 0 0.418634 -0.368952 
0.345953 0 0.447863 0 0.41832 -0.370686 
0.345991 0 0.447504 0 0.418013 -0.372373 
0.346024 0 0.44715 0 0.417714 -0.374014 
0.346059 0 0.446809 0 0.417428 -0.37561 
0.346095 0 0.446479 0 0.417151 -0.377162 
0.346127 0 0.446154 0 0.416881 -0.378671 
0.346154 0 0.445836 0 0.416618 -0.380139 
0.346185 0 0.445531 0 0.416365 -0.381566 
0.346217 0 0.445238 0 0.416122 -0.382953 
0.346244 0 0.44495 0 0.415884 -0.384301 
0.346268 0 0.444666 0 0.415652 -0.385611 
0.346295 0 0.444395 0 0.41543 -0.386884 
0.346323 0 0.444135 0 0.415216 -0.388121 
0.346347 0 0.443879 0 0.415007 -0.389322 
0.346367 0 0.443626 0 0.414803 -0.390489 
0.346391 0 0.443386 0 0.414608 -0.391622 
0.346416 0 0.443156 0 0.414421 -0.392722 
0.346437 0 0.442928 0 0.414238 -0.39379 
0.346455 0 0.442704 0 0.414059 -0.394826 
0.346476 0 0.442492 0 0.413889 -0.395833 
0.346499 0 0.442289 0 0.413726 -0.396809 
0.346518 0 0.442088 0 0.413566 -0.397756 
0.346533 0 0.44189 0 0.413409 -0.398675 
0.346552 0 0.441702 0 0.413261 -0.399566 
0.346574 0 0.441524 0 0.413119 -0.40043 
0.346591 0 0.441347 0 0.412979 -0.401268 
0.346605 0 0.441173 0 0.412843 -0.40208 
0.346622 0 0.441008 0 0.412714 -0.402867 
0.346642 0 0.440852 0 0.412591 -0.403631 
0.346658 0 0.440697 0 0.41247 -0.40437 
0.346671 0 0.440543 0 0.412352 -0.405087 
0.346687 0 0.440399 0 0.41224 -0.405781 
0.346706 0 0.440263 0 0.412134 -0.406454 
0.346721 0 0.440128 0 0.412029 -0.407105 
0.346733 0 0.439994 0 0.411926 -0.407736 
0.346748 0 0.439868 0 0.41183 -0.408347 
0.346766 0 0.43975 0 0.411739 -0.408939 
0.346781 0 0.439632 0 0.411648 -0.409512 
0.346792 0 0.439515 0 0.411559 -0.410067 
0.346807 0 0.439407 0 0.411476 -0.410604 
0.346825 0 0.439305 0 0.411398 -0.411125 
0.346839 0 0.439203 0 0.41132 -0.411628 
0.34685 0 0.439101 0 0.411243 -0.412116 
0.346865 0 0.439007 0 0.411172 -0.412588 
0.346883 0 0.438919 0 0.411104 -0.413046 
0.346896 0 0.438831 0 0.411037 -0.413489 
0.346908 0 0.438743 0 0.410971 -0.413918 
0.346923 0 0.438662 0 0.41091 -0.414333 
0.34694 0 0.438587 0 0.410852 -0.414736 
0.346954 0 0.438511 0 0.410794 -0.415126 
0.346965 0 0.438435 0 0.410737 -0.415504 
0.34698 0 0.438365 0 0.410684 -0.41587 
0.346998 0 0.438302 0 0.410635 -0.416226 
0.347012 0 0.438236 0 0.410584 -0.41657 
0.347024 0 0.43817 0 0.410535 -0.416905 
0.347039 0 0.438111 0 0.410489 -0.417229 
0.347057 0 0.438057 0 0.410447 -0.417544 
0.347071 0 0.438001 0 0.410403 -0.41785 
0.347083 0 0.437944 0 0.410359 -0.418147 
0.347099 0 0.437893 0 0.41032 -0.418436 
0.347118 0 0.437847 0 0.410283 -0.418717 
0.347132 0 0.437799 0 0.410245 -0.41899 
0.347145 0 0.43775 0 0.410207 -0.419256 
0.347161 0 0.437707 0 0.410172 -0.419516 
0.34718 0 0.437668 0 0.41014 -0.419768 
0.347195 0 0.437627 0 0.410107 -0.420014 
0.347208 0 0.437584 0 0.410072 -0.420254 
0.347225 0 0.437547 0 0.410042 -0.420489 
0.347244 0 0.437514 0 0.410014 -0.420718 
0.34726 0 0.437479 0 0.409983 -0.420942 
0.347273 0 0.437441 0 0.409953 -0.421161 
0.34729 0 0.43741 0 0.409925 -0.421375 
0.34731 0 0.437382 0 0.4099 -0.421586 
0.347327 0 0.437351 0 0.409872 -0.421791 
0.347341 0 0.437318 0 0.409844 -0.421993 
0.347358 0 0.437291 0 0.409819 -0.422192 
0.347379 0 0.437268 0 0.409796 -0.422386 
0.347396 0 0.437241 0 0.409771 -0.422578 
0.34741 0 0.437212 0 0.409745 -0.422766 
0.347429 0 0.437188 0 0.409722 -0.422952 
0.34745 0 0.437168 0 0.4097 -0.423134 
0.347467 0 0.437145 0 0.409676 -0.423315 
0.347482 0 0.437119 0 0.409652 -0.423492 
0.347501 0 0.437098 0 0.40963 -0.423668 
0.347523 0 0.437081 0 0.40961 -0.423841 
0.347541 0 0.43706 0 0.409587 -0.424012 
0.347556 0 0.437037 0 0.409564 -0.424182 
0.347576 0 0.437018 0 0.409543 -0.424349 
0.347598 0 0.437003 0 0.409524 -0.424515 
0.347616 0 0.436985 0 0.409502 -0.42468 
0.347632 0 0.436963 0 0.409479 -0.424843 
0.347652 0 0.436947 0 0.409459 -0.425004 
0.347675 0 0.436934 0 0.40944 -0.425165 
0.347694 0 0.436917 0 0.409419 -0.425324 
0.34771 0 0.436897 0 0.409397 -0.425482 
0.347731 0 0.436882 0 0.409377 -0.425639 
0.347754 0 0.43687 0 0.409359 -0.425795 
0.347773 0 0.436855 0 0.409338 -0.42595 
0.34779 0 0.436837 0 0.409316 -0.426104 
0.347811 0 0.436823 0 0.409296 -0.426257 
0.347834 0 0.436812 0 0.409279 -0.42641 
0.347854 0 0.436798 0 0.409258 -0.426561 
0.347871 0 0.43678 0 0.409236 -0.426713 
0.347893 0 0.436768 0 0.409217 -0.426863 
0.347916 0 0.436758 0 0.409199 -0.427013 
0.347936 0 0.436745 0 0.409179 -0.427162 
0.347954 0 0.436728 0 0.409157 -0.42731 
0.347976 0 0.436716 0 0.409138 -0.427458 
0.348 0 0.436707 0 0.409121 -0.427606 
0.34802 0 0.436694 0 0.409101 -0.427752 
0.348038 0 0.436678 0 0.409079 -0.427899 
0.34806 0 0.436667 0 0.40906 -0.428044 
0.348084 0 0.436659 0 0.409043 -0.428189 
0.348105 0 0.436647 0 0.409023 -0.428334 
0.348123 0 0.436631 0 0.409002 -0.428478 
0.348145 0 0.43662 0 0.408983 -0.428621 
0.34817 0 0.436613 0 0.408966 -0.428764 
0.34819 0 0.436601 0 0.408946 -0.428907 
0.348209 0 0.436586 0 0.408925 -0.429049 
0.348231 0 0.436575 0 0.408907 -0.42919 
0.348256 0 0.436568 0 0.40889 -0.429331 
0.348277 0 0.436556 0 0.40887 -0.429471 
0.348295 0 0.436542 0 0.408849 -0.42961 
0.348318 0 0.436532 0 0.408831 -0.429749 
0.348342 0 0.436524 0 0.408815 -0.429888 
0.348363 0 0.436513 0 0.408795 -0.430026 
0.348382 0 0.436499 0 0.408775 -0.430163 
0.348405 0 0.436489 0 0.408757 -0.430299 
0.348429 0 0.436482 0 0.408741 -0.430435 
0.34845 0 0.436471 0 0.408722 -0.43057 
0.348469 0 0.436457 0 0.408702 -0.430704 
0.348492 0 0.436447 0 0.408685 -0.430838 
0.348517 0 0.43644 0 0.408669 -0.430971 
0.348538 0 0.436429 0 0.40865 -0.431103 
0.348556 0 0.436415 0 0.408631 -0.431234 
0.348579 0 0.436406 0 0.408614 -0.431365 
0.348604 0 0.436399 0 0.408599 -0.431495 
0.348625 0 0.436388 0 0.408581 -0.431624 
0.348643 0 0.436374 0 0.408562 -0.431752 
0.348666 0 0.436365 0 0.408546 -0.43188 
0.34869 0 0.436358 0 0.408531 -0.432006 
0.348711 0 0.436347 0 0.408514 -0.432132 
0.34873 0 0.436333 0 0.408495 -0.432257 
0.348752 0 0.436324 0 0.408479 -0.43238 
0.348777 0 0.436317 0 0.408465 -0.432503 
0.348798 0 0.436306 0 0.408449 -0.432625 
0.348816 0 0.436292 0 0.408431 -0.432747 
0.348838 0 0.436283 0 0.408416 -0.432867 
0.348863 0 0.436276 0 0.408403 -0.432986 
0.348884 0 0.436265 0 0.408387 -0.433104 
0.348902 0 0.436251 0 0.40837 -0.433221 
0.348924 0 0.436241 0 0.408356 -0.433338 
0.348948 0 0.436234 0 0.408343 -0.433453 
0.348969 0 0.436223 0 0.408328 -0.433567 
0.348987 0 0.436209 0 0.408312 -0.43368 
0.349008 0 0.436199 0 0.408299 -0.433792 
0.349033 0 0.436192 0 0.408287 -0.433904 
0.349053 0 0.436181 0 0.408273 -0.434014 
0.349071 0 0.436166 0 0.408257 -0.434123 
0.349092 0 0.436156 0 0.408245 -0.434231 
0.349116 0 0.436148 0 0.408234 -0.434338 
0.349136 0 0.436137 0 0.408221 -0.434443 
0.349154 0 0.436122 0 0.408206 -0.434548 
0.349175 0 0.436111 0 0.408195 -0.434652 
0.349199 0 0.436103 0 0.408185 -0.434754 
0.349218 0 0.436091 0 0.408172 -0.434856 
0.349236 0 0.436076 0 0.408159 -0.434956 
0.349256 0 0.436064 0 0.408148 -0.435056 
0.34928 0 0.436056 0 0.408139 -0.435154 
0.349299 0 0.436043 0 0.408128 -0.435251 
0.349316 0 0.436027 0 0.408115 -0.435347 
0.349337 0 0.436015 0 0.408105 -0.435442 
0.34936 0 0.436006 0 0.408097 -0.435536 
0.349379 0 0.435992 0 0.408087 -0.435628 
0.349395 0 0.435975 0 0.408075 -0.43572 
0.349416 0 0.435963 0 0.408066 -0.435811 
0.349438 0 0.435953 0 0.408059 -0.4359 
0.349457 0 0.435938 0 0.40805 -0.435988 
0.349473 0 0.43592 0 0.408039 -0.436076 
0.349493 0 0.435907 0 0.408032 -0.436162 
0.349516 0 0.435896 0 0.408026 -0.436247 
0.349534 0 0.43588 0 0.408017 -0.436331 
0.34955 0 0.435861 0 0.408008 -0.436414 
0.349569 0 0.435846 0 0.408001 -0.436495 
0.349591 0 0.435834 0 0.407996 -0.436576 
0.349609 0 0.435817 0 0.407989 -0.436656 
0.349625 0 0.435797 0 0.40798 -0.436734 
0.349644 0 0.435781 0 0.407974 -0.436812 
0.349665 0 0.435767 0 0.407971 -0.436888 
0.349683 0 0.435749 0 0.407964 -0.436964 
0.349698 0 0.435727 0 0.407957 -0.437038 
0.349716 0 0.435709 0 0.407952 -0.437111 
0.349737 0 0.435693 0 0.407949 -0.437184 
0.349755 0 0.435673 0 0.407944 -0.437255 
0.349769 0 0.43565 0 0.407938 -0.437325 
0.349787 0 0.43563 0 0.407935 -0.437394 
0.349808 0 0.435612 0 0.407933 -0.437462 
0.349825 0 0.43559 0 0.407929 -0.437529 
0.349839 0 0.435564 0 0.407923 -0.437596 
0.349856 0 0.435542 0 0.407921 -0.437661 
0.349877 0 0.435523 0 0.407921 -0.437725 
0.349893 0 0.435498 0 0.407918 -0.437788 
0.349906 0 0.43547 0 0.407914 -0.43785 
0.349924 0 0.435445 0 0.407913 -0.437912 
0.349943 0 0.435423 0 0.407913 -0.437972 
0.349959 0 0.435395 0 0.407912 -0.438031 
0.349972 0 0.435364 0 0.407909 -0.43809 
0.349989 0 0.435336 0 0.407909 -0.438147 
0.350008 0 0.435311 0 0.407911 -0.438204 
0.350023 0 0.43528 0 0.40791 -0.438259 
0.350036 0 0.435245 0 0.407909 -0.438314 
0.350052 0 0.435214 0 0.40791 -0.438368 
0.350071 0 0.435185 0 0.407914 -0.43842 
0.350085 0 0.435151 0 0.407915 -0.438472 
0.350097 0 0.435112 0 0.407914 -0.438523 
0.350113 0 0.435077 0 0.407917 -0.438574 
0.350131 0 0.435043 0 0.407922 -0.438623 
0.350145 0 0.435004 0 0.407924 -0.438671 
0.350156 0 0.434961 0 0.407926 -0.438719 
0.350172 0 0.43492 0 0.40793 -0.438765 
0.350189 0 0.434882 0 0.407936 -0.438811 
0.350203 0 0.434837 0 0.40794 -0.438856 
0.350213 0 0.434788 0 0.407943 -0.4389 
0.350228 0 0.434742 0 0.407949 -0.438943 
0.350245 0 0.434698 0 0.407957 -0.438986 
0.350258 0 0.434647 0 0.407963 -0.439027 
0.350268 0 0.434592 0 0.407967 -0.439068 
0.350282 0 0.434539 0 0.407975 -0.439108 
0.350298 0 0.434487 0 0.407985 -0.439147 
0.35031 0 0.434429 0 0.407992 -0.439185 
0.350319 0 0.434365 0 0.407999 -0.439222 
0.350333 0 0.434304 0 0.408009 -0.439259 
0.350348 0 0.434243 0 0.408021 -0.439294 
0.350359 0 0.434176 0 0.408031 -0.439329 
0.350368 0 0.434103 0 0.408039 -0.439363 
0.35038 0 0.434032 0 0.408052 -0.439396 
0.350395 0 0.433961 0 0.408066 -0.439429 
0.350406 0 0.433882 0 0.408078 -0.43946 
0.350413 0 0.433798 0 0.40809 -0.43949 
0.350425 0 0.433714 0 0.408105 -0.43952 
0.350439 0 0.43363 0 0.408122 -0.439549 
0.350448 0 0.433538 0 0.408137 -0.439577 
0.350455 0 0.433439 0 0.408152 -0.439604 
0.350465 0 0.433341 0 0.40817 -0.43963 
0.350478 0 0.433241 0 0.408191 -0.439655 
0.350486 0 0.433132 0 0.408209 -0.439679 
0.350492 0 0.433015 0 0.408228 -0.439702 
0.350501 0 0.432898 0 0.40825 -0.439725 
0.350512 0 0.432778 0 0.408275 -0.439746 
0.350519 0 0.432649 0 0.408298 -0.439766 
0.350522 0 0.43251 0 0.40832 -0.439785 
0.35053 0 0.432369 0 0.408347 -0.439802 
0.350615 0 0.432377 0 0.408494 -0.439819 
0.350731 0 0.432409 0 0.408665 -0.439834 
0.350853 0 0.432418 0 0.40883 -0.439848 
0.35098 0 0.432415 0 0.408998 -0.439861 
0.351114 0 0.432416 0 0.409174 -0.439872 
0.351252 0 0.43242 0 0.409358 -0.439881 
0.351395 0 0.432427 0 0.409552 -0.439889 
0.35155 0 0.43244 0 0.409756 -0.439895 
0.351714 0 0.432455 0 0.409968 -0.439899 
0.351882 0 0.432462 0 0.410184 -0.439901 
0.352054 0 0.432464 0 0.410405 -0.4399 
0.352237 0 0.432468 0 0.410636 -0.439897 
0.35243 0 0.432476 0 0.410877 -0.439891 
0.352627 0 0.432479 0 0.411124 -0.439883 
0.35283 0 0.43248 0 0.411379 -0.439871 
0.353046 0 0.432486 0 0.411645 -0.439856 
0.353272 0 0.432495 0 0.411922 -0.439836 
0.353502 0 0.432501 0 0.412205 -0.439813 
0.353739 0 0.432505 0 0.412497 -0.439784 
0.353988 0 0.432516 0 0.412801 -0.439751 
0.354248 0 0.432533 0 0.413116 -0.439711 
0.354512 0 0.432551 0 0.413438 -0.439666 
0.354784 0 0.432571 0 0.41377 -0.439613 
0.355068 0 0.432604 0 0.414115 -0.439552 
0.355365 0 0.432648 0 0.414474 -0.439482 
0.355669 0 0.4327 0 0.414841 -0.439402 
0.355983 0 0.432763 0 0.41522 -0.439311 
0.356313 0 0.432847 0 0.415617 -0.439207 
0.356662 0 0.432956 0 0.41603 -0.439089 
0.357024 0 0.433086 0 0.416458 -0.438953 
0.357405 0 0.433243 0 0.416904 -0.438798 
0.357814 0 0.433441 0 0.417376 -0.43862 
0.358254 0 0.433684 0 0.417875 -0.438414 
0.358724 0 0.433973 0 0.418401 -0.438175 
0.359229 0 0.434315 0 0.41896 -0.437894 
0.359781 0 0.434728 0 0.41956 -0.437563 
0.360382 0 0.435217 0 0.420206 -0.437167 
0.361032 0 0.435784 0 0.420899 -0.436691 
0.361732 0 0.436436 0 0.421645 -0.436112 
0.362492 0 0.437187 0 0.422456 -0.435402 
0.363308 0 0.438043 0 0.423335 -0.434524 
0.364172 0 0.439001 0 0.424285 -0.433431 
0.36508 0 0.440068 0 0.425316 -0.432067 
0.366033 0 0.441258 0 0.426441 -0.430362 
0.367024 0 0.442577 0 0.42767 -0.428232 
0.36804 0 0.44403 0 0.429013 -0.425582 
0.369074 0 0.44563 0 0.430488 -0.422304 
0.370128 0 0.447401 0 0.432117 -0.418284 
0.371196 0 0.449362 0 0.43392 -0.413404 
0.372266 0 0.451525 0 0.435915 -0.40755 
0.373336 0 0.453909 0 0.438121 -0.400622 
0.374411 0 0.456542 0 0.440563 -0.392542 
0.375487 0 0.459435 0 0.443253 -0.383262 
0.376557 0 0.462592 0 0.446195 -0.372767 
0.377622 0 0.466015 0 0.449392 -0.361084 
0.378687 0 0.469708 0 0.452845 -0.348276 
0.379752 0 0.473658 0 0.456539 -0.33444 
0.38081 0 0.47784 0 0.460452 -0.319701 
0.381862 0 0.48223 0 0.464559 -0.304204 
0.382916 0 0.486808 0 0.468838 -0.288102 
0.38397 0 0.491539 0 0.473253 -0.271551 
0.385018 0 0.496384 0 0.47777 -0.254699 
0.386061 0 0.501311 0 0.482359 -0.237681 
0.387104 0 0.506299 0 0.486992 -0.220615 
0.388146 0 0.511316 0 0.491644 -0.203602 
0.38918 0 0.516332 0 0.496287 -0.186722 
0.390206 0 0.521326 0 0.500903 -0.170039 
0.391229 0 0.526288 0 0.50548 -0.153602 
0.392248 0 0.531203 0 0.510003 -0.137447 
0.393255 0 0.536051 0 0.514461 -0.121599 
0.39425 0 0.540823 0 0.518845 -0.106076 
0.39524 0 0.545521 0 0.523155 -0.0908859 
0.396221 0 0.550137 0 0.527384 -0.0760363 
0.397188 0 0.55466 0 0.531528 -0.0615282 
0.398141 0 0.559087 0 0.535586 -0.0473608 
0.399087 0 0.563424 0 0.53956 -0.0335314 
0.400022 0 0.567668 0 0.543449 -0.0200356 
0.400942 0 0.571812 0 0.54725 -0.00686809 
0.401848 0 0.575855 0 0.550965 0.00597719 
0.402745 0 0.579806 0 0.554599 0.0185065 
0.403633 0 0.583663 0 0.558152 0.0307263 
0.404506 0 0.587421 0 0.561622 0.0426435 
0.405364 0 0.59108 0 0.565013 0.0542651 
0.406216 0 0.59465 0 0.568328 0.0655979 
0.407059 0 0.598131 0 0.571569 0.0766487 
0.407887 0 0.601517 0 0.574735 0.0874244 
0.408703 0 0.604809 0 0.577829 0.0979314 
0.409513 0 0.608018 0 0.580856 0.108176 
0.410317 0 0.611143 0 0.583818 0.118166 
0.411107 0 0.614179 0 0.586712 0.127906 
0.411887 0 0.617129 0 0.589542 0.137403 
0.412662 0 0.620001 0 0.592314 0.146662 
0.413431 0 0.622796 0 0.595028 0.155691 
0.41419 0 0.625508 0 0.597684 0.164494 
0.414939 0 0.62814 0 0.600284 0.173077 
0.415685 0 0.630701 0 0.602835 0.181445 
0.416427 0 0.633192 0 0.605336 0.189605 
0.417159 0 0.635606 0 0.607786 0.19756 
0.417883 0 0.637946 0 0.61019 0.205317 
0.418606 0 0.640223 0 0.612552 0.21288 
0.419325 0 0.642435 0 0.614873 0.220254 
0.420037 0 0.644578 0 0.617151 0.227443 
0.420741 0 0.646652 0 0.619391 0.234453 
0.421444 0 0.64867 0 0.621599 0.241288 
0.422146 0 0.65063 0 0.623773 0.247952 
0.422841 0 0.652527 0 0.625915 0.254449 
0.423529 0 0.654364 0 0.628027 0.260784 
0.424217 0 0.65615 0 0.630116 0.26696 
0.424905 0 0.657888 0 0.632182 0.272982 
0.425586 0 0.65957 0 0.634226 0.278854 
0.426261 0 0.661201 0 0.636252 0.284579 
0.426938 0 0.662791 0 0.638266 0.29016 
0.427614 0 0.664342 0 0.64027 0.295602 
0.428284 0 0.66585 0 0.642266 0.300908 
0.428948 0 0.667317 0 0.644258 0.306082 
0.429614 0 0.668756 0 0.646254 0.311126 
0.43028 0 0.670171 0 0.648257 0.316044 
0.43094 0 0.671556 0 0.650268 0.320839 
0.431595 0 0.672915 0 0.652293 0.325514 
0.432252 0 0.674263 0 0.654341 0.330073 
0.432908 0 0.675601 0 0.656414 0.334517 
0.43318 0 0.676673 0 0.657584 0.338852 
0.433213 0 0.677596 0 0.658296 0.343077 
0.433132 0 0.678491 0 0.658893 0.347196 
0.433055 0 0.679422 0 0.659534 0.351213 
0.432977 0 0.680381 0 0.660217 0.355129 
0.432897 0 0.681368 0 0.660942 0.358947 
0.432824 0 0.682393 0 0.661713 0.362669 
0.432755 0 0.683451 0 0.662528 0.366299 
0.432781 0 0.684479 0 0.663675 0.369837 
0.432886 0 0.685569 0 0.664992 0.373288 
0.433051 0 0.686728 0 0.66641 0.376652 
0.433256 0 0.687943 0 0.667892 0.379932 
0.433486 0 0.689191 0 0.669424 0.383129 
0.433735 0 0.690463 0 0.671 0.386247 
0.434007 0 0.691761 0 0.672618 0.389287 
0.434297 0 0.693074 0 0.674269 0.392251 
0.434596 0 0.69439 0 0.675944 0.395141 
0.434906 0 0.695702 0 0.677638 0.397959 
0.43523 0 0.697016 0 0.67935 0.400706 
0.435569 0 0.698326 0 0.681073 0.403385 
0.435818 0 0.699603 0 0.682523 0.405996 
0.435989 0 0.700785 0 0.68381 0.408543 
0.436123 0 0.70193 0 0.684982 0.411025 
0.436244 0 0.703062 0 0.686089 0.413446 
0.436362 0 0.70418 0 0.687157 0.415806 
0.436485 0 0.705284 0 0.688198 0.418107 
0.43662 0 0.706375 0 0.689214 0.42035 
0.436669 0 0.707387 0 0.690065 0.422537 
0.436664 0 0.708317 0 0.690817 0.42467 
0.436626 0 0.70919 0 0.691495 0.426749 
0.436569 0 0.710025 0 0.692105 0.428776 
0.436599 0 0.710866 0 0.69279 0.430753 
0.436687 0 0.711715 0 0.693511 0.43268 
0.436814 0 0.712567 0 0.694243 0.434559 
0.436974 0 0.713421 0 0.694967 0.43639 
0.437155 0 0.714268 0 0.695668 0.438176 
0.437345 0 0.715096 0 0.696336 0.439917 
0.437541 0 0.715905 0 0.69697 0.441615 
0.437751 0 0.716706 0 0.697573 0.44327 
0.437971 0 0.717497 0 0.698145 0.444883 
0.438195 0 0.718269 0 0.698684 0.446456 
0.438421 0 0.719025 0 0.699193 0.447989 
0.438656 0 0.719771 0 0.699676 0.449483 
0.438896 0 0.720507 0 0.700134 0.450939 
0.439135 0 0.721223 0 0.700563 0.452359 
0.439371 0 0.72192 0 0.700964 0.453741 
0.439611 0 0.722606 0 0.701343 0.455088 
0.439851 0 0.72328 0 0.701698 0.4564 
0.440085 0 0.723933 0 0.702027 0.457678 
0.440313 0 0.724566 0 0.702329 0.458921 
0.44054 0 0.725188 0 0.70261 0.460131 
0.440766 0 0.725798 0 0.702868 0.461306 
0.440983 0 0.726387 0 0.703099 0.462449 
0.441191 0 0.726957 0 0.703305 0.463557 
0.441397 0 0.727516 0 0.703491 0.464632 
0.441829 0 0.728492 0 0.703949 0.465672 
0.442296 0 0.729468 0 0.704402 0.466677 
0.442837 0 0.730484 0 0.704814 0.467645 
0.443383 0 0.73149 0 0.705215 0.468577 
0.443931 0 0.732485 0 0.705602 0.469468 
0.444477 0 0.733464 0 0.705972 0.470318 
0.44502 0 0.734426 0 0.706327 0.471124 
0.445568 0 0.73538 0 0.70667 0.471882 
0.446119 0 0.736324 0 0.706998 0.472588 
0.446666 0 0.737252 0 0.707309 0.473238 
0.447211 0 0.738163 0 0.707602 0.473826 
0.447761 0 0.739067 0 0.707881 0.474345 
0.448312 0 0.73996 0 0.708143 0.474787 
0.44886 0 0.740835 0 0.708386 0.475142 
0.449406 0 0.741694 0 0.708608 0.4754 
0.449955 0 0.742542 0 0.708813 0.475547 
0.450506 0 0.743377 0 0.708998 0.475568 
0.451053 0 0.744192 0 0.709158 0.475444 
0.451561 0 0.74492 0 0.709333 0.475153 
0.452043 0 0.745589 0 0.709466 0.474669 
0.452506 0 0.746215 0 0.709546 0.47396 
0.452953 0 0.746804 0 0.70958 0.472987 
0.453359 0 0.747327 0 0.709562 0.471704 
0.453812 0 0.747871 0 0.709528 0.470054 
0.454236 0 0.748359 0 0.709437 0.467968 
0.454674 0 0.748814 0 0.709322 0.465361 
0.455122 0 0.749225 0 0.709168 0.462131 
0.455368 0 0.749306 0 0.708818 0.458156 
0.455394 0 0.749027 0 0.708268 0.453294 
0.455265 0 0.748447 0 0.707549 0.447384 
0.455041 0 0.747618 0 0.706655 0.440259 
0.454766 0 0.746564 0 0.705576 0.431761 
0.454462 0 0.74527 0 0.70429 0.421773 
0.454136 0 0.743697 0 0.702772 0.410248 
0.453796 0 0.741814 0 0.701003 0.39724 
0.453452 0 0.739606 0 0.698968 0.382901 
0.453103 0 0.737067 0 0.696658 0.367462 
0.452745 0 0.734204 0 0.694076 0.351193 
0.452381 0 0.731043 0 0.691238 0.33436 
0.452015 0 0.727625 0 0.688169 0.317201 
0.451648 0 0.723986 0 0.684895 0.299908 
0.451271 0 0.720156 0 0.681439 0.28263 
0.450886 0 0.716171 0 0.677827 0.265477 
0.450499 0 0.71207 0 0.674087 0.248527 
0.450106 0 0.707879 0 0.670236 0.231837 
0.449703 0 0.703614 0 0.666289 0.215441 
0.449288 0 0.699296 0 0.662263 0.199366 
0.448869 0 0.694949 0 0.658175 0.183625 
0.448442 0 0.690582 0 0.654035 0.168227 
0.448002 0 0.686201 0 0.64985 0.153175 
0.447549 0 0.681814 0 0.645634 0.138471 
0.44737 0 0.677909 0 0.641749 0.124111 
0.447332 0 0.6742 0 0.638003 0.110092 
0.447345 0 0.670423 0 0.634134 0.09641 
0.447452 0 0.666693 0 0.6303 0.083059 
0.447619 0 0.663069 0 0.626532 0.0700329 
0.447822 0 0.659553 0 0.622835 0.0573254 
0.448037 0 0.656129 0 0.619208 0.0449298 
0.44828 0 0.65281 0 0.615664 0.0328393 
0.448521 0 0.649569 0 0.612187 0.0210471 
0.448761 0 0.646406 0 0.608775 0.00954668 
0.448994 0 0.64332 0 0.605428 -0.00166862 
0.449222 0 0.640314 0 0.602151 -0.0126059 
0.449452 0 0.6374 0 0.598952 -0.0232713 
0.449682 0 0.634577 0 0.595833 -0.0336715 
0.449907 0 0.631843 0 0.592792 -0.0438127 
0.450127 0 0.629198 0 0.589833 -0.0537012 
0.45035 0 0.62665 0 0.586959 -0.063343 
0.450461 0 0.624023 0 0.58403 -0.0727441 
0.450506 0 0.621358 0 0.581112 -0.0819105 
0.450518 0 0.618722 0 0.578255 -0.0908475 
0.450512 0 0.616158 0 0.575492 -0.0995613 
0.450499 0 0.61368 0 0.572827 -0.108057 
0.45049 0 0.61128 0 0.570234 -0.11634 
0.450483 0 0.608958 0 0.567719 -0.124415 
0.450481 0 0.606718 0 0.565284 -0.132288 
0.450481 0 0.604551 0 0.562924 -0.139963 
0.450477 0 0.602449 0 0.560635 -0.147445 
0.450468 0 0.600409 0 0.558419 -0.154739 
0.450461 0 0.598438 0 0.556276 -0.16185 
0.450455 0 0.596531 0 0.554205 -0.168781 
0.450444 0 0.594682 0 0.5522 -0.175538 
0.450429 0 0.592889 0 0.550261 -0.182125 
0.450416 0 0.591157 0 0.548389 -0.188545 
0.450404 0 0.589484 0 0.54658 -0.194803 
0.450387 0 0.587862 0 0.54483 -0.200902 
0.450367 0 0.586289 0 0.543138 -0.206847 
0.450349 0 0.584771 0 0.541506 -0.21264 
0.450332 0 0.583304 0 0.539931 -0.218287 
0.45031 0 0.581882 0 0.538407 -0.22379 
0.450285 0 0.580502 0 0.536935 -0.229152 
0.450262 0 0.579171 0 0.535516 -0.234377 
0.450241 0 0.577885 0 0.534147 -0.239468 
0.450215 0 0.576637 0 0.532824 -0.244429 
0.450185 0 0.575426 0 0.531546 -0.249262 
0.450159 0 0.574258 0 0.530314 -0.25397 
0.450133 0 0.57313 0 0.529127 -0.258556 
0.450103 0 0.572035 0 0.527979 -0.263023 
0.45007 0 0.570971 0 0.526871 -0.267374 
0.45004 0 0.569945 0 0.525804 -0.271611 
0.450011 0 0.568954 0 0.524776 -0.275737 
0.449978 0 0.567991 0 0.523782 -0.279754 
0.449942 0 0.567055 0 0.522823 -0.283665 
0.449909 0 0.566154 0 0.5219 -0.287472 
0.449878 0 0.565283 0 0.521011 -0.291176 
0.449843 0 0.564436 0 0.520152 -0.294782 
0.449805 0 0.563612 0 0.519323 -0.298289 
0.44977 0 0.562819 0 0.518527 -0.301701 
0.449737 0 0.562053 0 0.51776 -0.30502 
0.4497 0 0.561308 0 0.51702 -0.308247 
0.449661 0 0.560584 0 0.516306 -0.311383 
0.449625 0 0.559886 0 0.51562 -0.314432 
0.449591 0 0.559213 0 0.514961 -0.317394 
0.449553 0 0.558558 0 0.514325 -0.320271 
0.449513 0 0.557921 0 0.513712 -0.323065 
0.449476 0 0.557309 0 0.513124 -0.325777 
0.449441 0 0.556719 0 0.51256 -0.328409 
0.449403 0 0.556144 0 0.512016 -0.330961 
0.449362 0 0.555585 0 0.511493 -0.333435 
0.449325 0 0.555049 0 0.510992 -0.335833 
0.44929 0 0.554533 0 0.510513 -0.338156 
0.449252 0 0.554031 0 0.510052 -0.340404 
0.449211 0 0.553542 0 0.509608 -0.342578 
0.449174 0 0.553075 0 0.509186 -0.344681 
0.44914 0 0.552627 0 0.508782 -0.346712 
0.449101 0 0.55219 0 0.508395 -0.348672 
0.449061 0 0.551767 0 0.508024 -0.350563 
0.449024 0 0.551363 0 0.507672 -0.352385 
0.44899 0 0.550977 0 0.507338 -0.354138 
0.448952 0 0.550601 0 0.507018 -0.355825 
0.448912 0 0.550238 0 0.506712 -0.357444 
0.448875 0 0.549893 0 0.506425 -0.358997 
0.448842 0 0.549564 0 0.506154 -0.360483 
0.448804 0 0.549246 0 0.505897 -0.361905 
0.448765 0 0.548939 0 0.505652 -0.363262 
0.448729 0 0.54865 0 0.505425 -0.364554 
0.448696 0 0.548376 0 0.505213 -0.365782 
0.448659 0 0.548113 0 0.505014 -0.366945 
0.44862 0 0.547859 0 0.504827 -0.368046 
0.448584 0 0.547623 0 0.504656 -0.369083 
0.448552 0 0.547403 0 0.5045 -0.370056 
0.448515 0 0.547192 0 0.504355 -0.370967 
0.448477 0 0.54699 0 0.504223 -0.371814 
0.448442 0 0.546806 0 0.504106 -0.372599 
0.44841 0 0.546637 0 0.504003 -0.373321 
0.448375 0 0.546477 0 0.503911 -0.373981 
0.448337 0 0.546327 0 0.503831 -0.374578 
0.448303 0 0.546193 0 0.503766 -0.375112 
0.448271 0 0.546075 0 0.503715 -0.375583 
0.448236 0 0.545966 0 0.503674 -0.375992 
0.448198 0 0.545866 0 0.503645 -0.376339 
0.448165 0 0.545783 0 0.503631 -0.376623 
0.448134 0 0.545716 0 0.503631 -0.376844 
0.448099 0 0.545656 0 0.50364 -0.377003 
0.448062 0 0.545607 0 0.503662 -0.377099 
0.448029 0 0.545574 0 0.503697 -0.377133 
0.447999 0 0.545557 0 0.503747 -0.377104 
0.447965 0 0.545548 0 0.503806 -0.377012 
0.447928 0 0.545549 0 0.503877 -0.376858 
0.447896 0 0.545567 0 0.503962 -0.376641 
0.447866 0 0.5456 0 0.504061 -0.376362 
0.447832 0 0.545641 0 0.504169 -0.376021 
0.447796 0 0.545692 0 0.504289 -0.375618 
0.447764 0 0.54576 0 0.504423 -0.375153 
0.447734 0 0.545843 0 0.50457 -0.374626 
0.447701 0 0.545934 0 0.504727 -0.374038 
0.447665 0 0.546035 0 0.504895 -0.373389 
0.447633 0 0.546153 0 0.505078 -0.372679 
0.447604 0 0.546286 0 0.505273 -0.371909 
0.447571 0 0.546427 0 0.505478 -0.371078 
0.447536 0 0.546577 0 0.505693 -0.370188 
0.447504 0 0.546744 0 0.505923 -0.369239 
0.447475 0 0.546926 0 0.506165 -0.368232 
0.447443 0 0.547116 0 0.506417 -0.367167 
0.447408 0 0.547314 0 0.506678 -0.366044 
0.447377 0 0.547529 0 0.506954 -0.364865 
0.447348 0 0.547758 0 0.507242 -0.363631 
0.447316 0 0.547995 0 0.507538 -0.362341 
0.447282 0 0.54824 0 0.507845 -0.360998 
0.447251 0 0.548501 0 0.508164 -0.359601 
0.447223 0 0.548776 0 0.508496 -0.358152 
0.447191 0 0.549058 0 0.508835 -0.356652 
0.447157 0 0.549347 0 0.509184 -0.355102 
0.447127 0 0.549652 0 0.509546 -0.353502 
0.4471 0 0.54997 0 0.509918 -0.351855 
0.447068 0 0.550294 0 0.510298 -0.350161 
0.447035 0 0.550625 0 0.510686 -0.348421 
0.447006 0 0.55097 0 0.511087 -0.346636 
0.446979 0 0.551328 0 0.511497 -0.344809 
0.446948 0 0.551691 0 0.511915 -0.342939 
0.446915 0 0.55206 0 0.51234 -0.341029 
0.446886 0 0.552443 0 0.512776 -0.33908 
0.44686 0 0.552837 0 0.513221 -0.337092 
0.44683 0 0.553235 0 0.513673 -0.335067 
0.446798 0 0.553638 0 0.514131 -0.333007 
0.44677 0 0.554054 0 0.514599 -0.330913 
0.446745 0 0.55448 0 0.515076 -0.328786 
0.446716 0 0.554909 0 0.515557 -0.326627 
0.446685 0 0.555343 0 0.516045 -0.324437 
0.446658 0 0.555788 0 0.516542 -0.322219 
0.446633 0 0.556242 0 0.517046 -0.319972 
0.446605 0 0.556698 0 0.517555 -0.317699 
0.446575 0 0.557158 0 0.518069 -0.3154 
0.446549 0 0.557627 0 0.518591 -0.313077 
0.446525 0 0.558106 0 0.51912 -0.31073 
0.446498 0 0.558585 0 0.519652 -0.30836 
0.446469 0 0.559067 0 0.520189 -0.305969 
0.446444 0 0.559558 0 0.520733 -0.303557 
0.446421 0 0.560056 0 0.521283 -0.301125 
0.446395 0 0.560555 0 0.521837 -0.298673 
0.446367 0 0.561056 0 0.522394 -0.296203 
0.446342 0 0.561565 0 0.522959 -0.293715 
0.446321 0 0.562081 0 0.523529 -0.291209 
0.446296 0 0.562597 0 0.524102 -0.288686 
0.446268 0 0.563114 0 0.524678 -0.286146 
0.446245 0 0.563639 0 0.525262 -0.283589 
0.446224 0 0.56417 0 0.525851 -0.281016 
0.4462 0 0.564701 0 0.526443 -0.278425 
0.446173 0 0.565233 0 0.527039 -0.275817 
0.446151 0 0.565773 0 0.527642 -0.273192 
0.446131 0 0.566319 0 0.528251 -0.270549 
0.446107 0 0.566865 0 0.528863 -0.267887 
0.446082 0 0.567412 0 0.52948 -0.265206 
0.44606 0 0.567968 0 0.530105 -0.262504 
0.44604 0 0.56853 0 0.530736 -0.259781 
0.446017 0 0.569093 0 0.531372 -0.257035 
0.445992 0 0.569658 0 0.532014 -0.254264 
0.44597 0 0.570232 0 0.532666 -0.251468 
0.445951 0 0.570814 0 0.533326 -0.248643 
0.445928 0 0.571398 0 0.533992 -0.245789 
0.445902 0 0.571985 0 0.534666 -0.242901 
0.44588 0 0.572583 0 0.535351 -0.239978 
0.445861 0 0.573191 0 0.536048 -0.237017 
0.445838 0 0.573803 0 0.536754 -0.234014 
0.445812 0 0.574421 0 0.537471 -0.230966 
0.44579 0 0.575052 0 0.538203 -0.227868 
0.44577 0 0.575697 0 0.53895 -0.224717 
0.445745 0 0.576349 0 0.539711 -0.221508 
0.445719 0 0.577011 0 0.540486 -0.218234 
0.445695 0 0.57769 0 0.541282 -0.214892 
0.445674 0 0.578387 0 0.542098 -0.211473 
0.445648 0 0.579097 0 0.542934 -0.207972 
0.44562 0 0.579821 0 0.543791 -0.204381 
0.445595 0 0.58057 0 0.544675 -0.200692 
0.445572 0 0.581344 0 0.545588 -0.196896 
0.445544 0 0.582137 0 0.546528 -0.192982 
0.445513 0 0.582954 0 0.5475 -0.18894 
0.445486 0 0.583804 0 0.548509 -0.184758 
0.44546 0 0.58469 0 0.549557 -0.180423 
0.44543 0 0.585607 0 0.550645 -0.175921 
0.445396 0 0.58656 0 0.551778 -0.171234 
0.445366 0 0.587561 0 0.552964 -0.166346 
0.445337 0 0.588613 0 0.554205 -0.161237 
0.445304 0 0.589715 0 0.555504 -0.155885 
0.445267 0 0.590873 0 0.556868 -0.150267 
0.445234 0 0.592101 0 0.558307 -0.144355 
0.445203 0 0.593405 0 0.559825 -0.138122 
0.445167 0 0.594786 0 0.561428 -0.131535 
0.445129 0 0.596253 0 0.563123 -0.124563 
0.445095 0 0.597823 0 0.564923 -0.117171 
0.445064 0 0.599502 0 0.566833 -0.109325 
0.445029 0 0.601293 0 0.568857 -0.100997 
0.444994 0 0.603201 0 0.571 -0.0921616 
0.444964 0 0.605238 0 0.573269 -0.0828097 
0.44494 0 0.607403 0 0.575659 -0.0729476 
0.444914 0 0.60968 0 0.578159 -0.0626035 
0.44489 0 0.612058 0 0.580757 -0.0518287 
0.445303 0 0.615048 0 0.583633 -0.0406949 
0.445994 0 0.61845 0 0.586737 -0.0292869 
0.446844 0 0.622066 0 0.58996 -0.0176946 
0.44778 0 0.625779 0 0.593234 -0.00600455 
0.44866 0 0.62943 0 0.596523 0.00570574 
0.449453 0 0.632994 0 0.599725 0.0173711 
0.450176 0 0.636445 0 0.602836 0.0289391 
0.450848 0 0.639779 0 0.605864 0.0403689 
0.451489 0 0.64301 0 0.608818 0.0516302 
0.452108 0 0.646143 0 0.611699 0.0627006 
0.452703 0 0.649175 0 0.614508 0.0735645 
0.453282 0 0.652108 0 0.617247 0.0842115 
0.453854 0 0.65495 0 0.619919 0.0946349 
0.454419 0 0.657699 0 0.622524 0.104831 
0.455158 0 0.660564 0 0.625174 0.114798 
0.456 0 0.663486 0 0.627843 0.124537 
0.4569 0 0.666401 0 0.630492 0.134049 
0.457823 0 0.669266 0 0.633095 0.143336 
0.458749 0 0.672053 0 0.635643 0.152402 
0.45967 0 0.674761 0 0.638138 0.161249 
0.460593 0 0.677398 0 0.640582 0.169882 
0.461513 0 0.679961 0 0.642977 0.178305 
0.462424 0 0.682443 0 0.645322 0.186521 
0.463328 0 0.684846 0 0.647619 0.194536 
0.464231 0 0.68718 0 0.649873 0.202354 
0.465131 0 0.689446 0 0.652086 0.209978 
0.466024 0 0.691637 0 0.654257 0.217414 
0.46691 0 0.693756 0 0.656389 0.224666 
0.467796 0 0.695815 0 0.658487 0.231738 
0.468682 0 0.697814 0 0.660551 0.238634 
0.46956 0 0.699747 0 0.662581 0.245359 
0.470432 0 0.701616 0 0.66458 0.251916 
0.471305 0 0.703432 0 0.666552 0.258311 
0.472178 0 0.705195 0 0.668497 0.264546 
0.473043 0 0.706898 0 0.670414 0.270625 
0.473903 0 0.708545 0 0.672306 0.276554 
0.474764 0 0.710145 0 0.674176 0.282334 
0.475624 0 0.711698 0 0.676025 0.28797 
0.476477 0 0.713198 0 0.677851 0.293465 
0.477121 0 0.714389 0 0.679453 0.298824 
0.477617 0 0.715324 0 0.680954 0.304048 
0.477964 0 0.716081 0 0.682329 0.309142 
0.47821 0 0.71672 0 0.683607 0.314109 
0.478387 0 0.717272 0 0.68481 0.318952 
0.478522 0 0.717764 0 0.685948 0.323673 
0.478624 0 0.718207 0 0.687022 0.328277 
0.478696 0 0.718601 0 0.688032 0.332766 
0.478741 0 0.718953 0 0.688984 0.337143 
0.478772 0 0.719278 0 0.689884 0.34141 
0.478893 0 0.719519 0 0.690928 0.34557 
0.479045 0 0.719679 0 0.692059 0.349627 
0.479147 0 0.719781 0 0.693135 0.353582 
0.479214 0 0.719843 0 0.694151 0.357439 
0.479253 0 0.719878 0 0.695107 0.361199 
0.479262 0 0.719884 0 0.696008 0.364865 
0.479248 0 0.719871 0 0.696864 0.368439 
0.479338 0 0.720281 0 0.69751 0.371924 
0.479584 0 0.720854 0 0.698191 0.375322 
0.479902 0 0.721487 0 0.698914 0.378636 
0.480255 0 0.722147 0 0.699676 0.381866 
0.48063 0 0.722833 0 0.700474 0.385015 
0.481015 0 0.723545 0 0.701303 0.388086 
0.4814 0 0.724276 0 0.702162 0.39108 
0.481783 0 0.725029 0 0.703052 0.393999 
0.48217 0 0.725815 0 0.703982 0.396845 
0.48256 0 0.726634 0 0.704954 0.39962 
0.482945 0 0.727479 0 0.705971 0.402326 
0.483325 0 0.728355 0 0.707037 0.404964 
0.483708 0 0.729275 0 0.708161 0.407536 
0.484091 0 0.73024 0 0.709342 0.410044 
0.48447 0 0.731243 0 0.710582 0.412489 
0.484844 0 0.732287 0 0.711881 0.414873 
0.485221 0 0.73338 0 0.713243 0.417197 
0.4856 0 0.73452 0 0.714664 0.419463 
0.485973 0 0.735694 0 0.716139 0.421673 
0.486342 0 0.736899 0 0.717666 0.423827 
0.486714 0 0.738141 0 0.719242 0.425928 
0.487088 0 0.739412 0 0.720861 0.427976 
0.487456 0 0.740698 0 0.722513 0.429973 
0.48782 0 0.741994 0 0.724195 0.431919 
0.488086 0 0.743215 0 0.725718 0.433817 
0.488284 0 0.744425 0 0.72708 0.435668 
0.488432 0 0.745584 0 0.728392 0.437472 
0.488564 0 0.746738 0 0.729679 0.439232 
0.488702 0 0.747906 0 0.730958 0.440947 
0.488848 0 0.749081 0 0.732227 0.442619 
0.488996 0 0.750245 0 0.733473 0.44425 
0.489144 0 0.751395 0 0.73469 0.44584 
0.489298 0 0.752535 0 0.735873 0.44739 
0.489457 0 0.753665 0 0.737018 0.448901 
0.489615 0 0.754773 0 0.738122 0.450374 
0.489775 0 0.755862 0 0.739185 0.451811 
0.489943 0 0.756938 0 0.740209 0.453212 
0.49012 0 0.758001 0 0.741193 0.454577 
0.490298 0 0.759042 0 0.742134 0.455909 
0.490479 0 0.760061 0 0.743032 0.457207 
0.49067 0 0.761067 0 0.743891 0.458472 
0.490871 0 0.762061 0 0.744709 0.459706 
0.491074 0 0.763033 0 0.745483 0.460909 
0.491282 0 0.763986 0 0.746217 0.462082 
0.4915 0 0.764929 0 0.746914 0.463225 
0.491727 0 0.76586 0 0.747573 0.464339 
0.491956 0 0.766771 0 0.748194 0.465426 
0.492188 0 0.767663 0 0.748778 0.466484 
0.492427 0 0.768545 0 0.749331 0.467516 
0.492672 0 0.769414 0 0.749853 0.468522 
0.492916 0 0.770263 0 0.75034 0.469502 
0.493157 0 0.771092 0 0.750797 0.470457 
0.493402 0 0.77191 0 0.751226 0.471386 
0.493648 0 0.772714 0 0.751627 0.472292 
0.493888 0 0.773496 0 0.751997 0.473173 
0.494206 0 0.774511 0 0.75243 0.47403 
0.494559 0 0.775554 0 0.75286 0.474863 
0.494902 0 0.776552 0 0.753225 0.475673 
0.49535 0 0.777634 0 0.753613 0.476459 
0.495672 0 0.778598 0 0.753915 0.477221 
0.496102 0 0.779629 0 0.754258 0.477959 
0.496537 0 0.780647 0 0.754588 0.478672 
0.496969 0 0.781646 0 0.754905 0.479359 
0.4974 0 0.782626 0 0.755208 0.48002 
0.497742 0 0.783525 0 0.755451 0.480653 
0.498087 0 0.784412 0 0.75568 0.481257 
0.498487 0 0.785304 0 0.755897 0.481829 
0.498895 0 0.786182 0 0.756163 0.482368 
0.499306 0 0.787041 0 0.756427 0.48287 
0.499715 0 0.787877 0 0.756671 0.483332 
0.500117 0 0.78869 0 0.756894 0.48375 
0.500517 0 0.789488 0 0.757104 0.484118 
0.500927 0 0.790282 0 0.757308 0.48443 
0.501344 0 0.791069 0 0.757503 0.48468 
0.501762 0 0.791842 0 0.757686 0.484858 
0.502181 0 0.792601 0 0.757855 0.484953 
0.502609 0 0.793352 0 0.758012 0.484954 
0.503043 0 0.794095 0 0.758154 0.484845 
0.503476 0 0.794821 0 0.758279 0.484607 
0.503911 0 0.79553 0 0.758386 0.484219 
0.504354 0 0.796228 0 0.758476 0.483653 
0.504803 0 0.796912 0 0.758545 0.482875 
0.505252 0 0.797573 0 0.75859 0.481846 
0.505702 0 0.798208 0 0.758608 0.480514 
0.506161 0 0.79882 0 0.758597 0.478817 
0.506626 0 0.799402 0 0.758552 0.47668 
0.507091 0 0.79994 0 0.758463 0.474009 
0.507559 0 0.800424 0 0.758323 0.47069 
0.508035 0 0.800848 0 0.758122 0.46659 
0.50852 0 0.801193 0 0.757843 0.461555 
0.509006 0 0.801427 0 0.757466 0.455416 
0.509496 0 0.801523 0 0.756966 0.448003 
0.509996 0 0.801451 0 0.756317 0.439167 
0.510221 0 0.800693 0 0.755365 0.428811 
0.510223 0 0.799324 0 0.75409 0.416921 
0.510088 0 0.79747 0 0.75248 0.403578 
0.509963 0 0.795289 0 0.750582 0.388958 
0.509846 0 0.792779 0 0.748389 0.3733 
0.50973 0 0.789948 0 0.745907 0.356869 
0.509617 0 0.78683 0 0.743156 0.339921 
0.509511 0 0.783468 0 0.740166 0.322679 
0.509412 0 0.779905 0 0.736963 0.305323 
0.509311 0 0.776175 0 0.733576 0.287993 
0.509211 0 0.772318 0 0.730035 0.270792 
0.509117 0 0.768378 0 0.726367 0.253795 
0.509026 0 0.764381 0 0.722594 0.237055 
0.508934 0 0.760348 0 0.718734 0.220608 
0.508743 0 0.75615 0 0.714744 0.204477 
0.508643 0 0.752013 0 0.710774 0.188678 
0.508598 0 0.747926 0 0.706827 0.173219 
0.508575 0 0.743868 0 0.702885 0.158105 
0.508559 0 0.739843 0 0.698945 0.143335 
0.50855 0 0.73587 0 0.695019 0.12891 
0.508546 0 0.731955 0 0.691114 0.114825 
0.508537 0 0.728096 0 0.687238 0.101076 
0.508532 0 0.724208 0 0.683283 0.0876578 
0.508535 0 0.720373 0 0.67933 0.0745651 
0.508635 0 0.716669 0 0.675495 0.0617914 
0.508786 0 0.713099 0 0.67177 0.0493303 
0.508965 0 0.709649 0 0.668144 0.0371754 
0.509163 0 0.706312 0 0.664612 0.0253199 
0.509372 0 0.703079 0 0.661165 0.0137573 
0.50958 0 0.699941 0 0.6578 0.00248104 
0.509787 0 0.696899 0 0.654518 -0.00851546 
0.509882 0 0.693834 0 0.651198 -0.0192387 
0.509916 0 0.690759 0 0.647892 -0.0296949 
0.509916 0 0.687718 0 0.644645 -0.0398906 
0.509902 0 0.684749 0 0.641484 -0.0498318 
0.509888 0 0.681873 0 0.638418 -0.0595244 
0.509874 0 0.679088 0 0.635443 -0.0689746 
0.509857 0 0.676384 0 0.632554 -0.078188 
0.509836 0 0.67376 0 0.629747 -0.0871705 
0.509818 0 0.671218 0 0.627026 -0.0959272 
0.509802 0 0.668757 0 0.624387 -0.104464 
0.509781 0 0.666368 0 0.621829 -0.112786 
0.509758 0 0.664053 0 0.619351 -0.120898 
0.509738 0 0.661814 0 0.616956 -0.128805 
0.50972 0 0.65965 0 0.614638 -0.136512 
0.509698 0 0.657552 0 0.612396 -0.144024 
0.509673 0 0.655519 0 0.610228 -0.151346 
0.509652 0 0.653556 0 0.608134 -0.158482 
0.509633 0 0.651659 0 0.606112 -0.165436 
0.50961 0 0.649821 0 0.604157 -0.172213 
0.509584 0 0.648039 0 0.602268 -0.178816 
0.509562 0 0.64632 0 0.600446 -0.18525 
0.509541 0 0.644659 0 0.598688 -0.191519 
0.509517 0 0.643049 0 0.596991 -0.197626 
0.50949 0 0.641489 0 0.595352 -0.203575 
0.509465 0 0.639983 0 0.593773 -0.20937 
0.509443 0 0.638528 0 0.592251 -0.215014 
0.509416 0 0.637116 0 0.590783 -0.22051 
0.509386 0 0.635747 0 0.589366 -0.225861 
0.509359 0 0.634425 0 0.588003 -0.231071 
0.509333 0 0.633148 0 0.58669 -0.236143 
0.509303 0 0.631908 0 0.585424 -0.241079 
0.509269 0 0.630704 0 0.584204 -0.245881 
0.509239 0 0.629542 0 0.583032 -0.250554 
0.50921 0 0.628418 0 0.581904 -0.255098 
0.509176 0 0.627326 0 0.580817 -0.259516 
0.509139 0 0.626266 0 0.579771 -0.263811 
0.509104 0 0.625241 0 0.578768 -0.267985 
0.509071 0 0.624251 0 0.577804 -0.27204 
0.509033 0 0.623288 0 0.576877 -0.275976 
0.508992 0 0.622352 0 0.575986 -0.279797 
0.508954 0 0.621448 0 0.575133 -0.283503 
0.508916 0 0.620575 0 0.574316 -0.287096 
0.508875 0 0.619725 0 0.573532 -0.290577 
0.50883 0 0.618899 0 0.57278 -0.293947 
0.508788 0 0.618102 0 0.572064 -0.297208 
0.508747 0 0.617333 0 0.57138 -0.300358 
0.508701 0 0.616585 0 0.570725 -0.3034 
0.508653 0 0.615857 0 0.570101 -0.306333 
0.508607 0 0.615158 0 0.56951 -0.309158 
0.508563 0 0.614484 0 0.568949 -0.311874 
0.508514 0 0.613829 0 0.568417 -0.31448 
0.508462 0 0.613193 0 0.567912 -0.316977 
0.508413 0 0.612584 0 0.56744 -0.319363 
0.508365 0 0.612 0 0.566997 -0.321636 
0.508313 0 0.611435 0 0.566581 -0.323795 
0.508257 0 0.610888 0 0.566194 -0.325839 
0.508205 0 0.610369 0 0.565839 -0.327763 
0.508153 0 0.609875 0 0.565513 -0.329567 
0.508098 0 0.609399 0 0.565216 -0.331246 
0.508038 0 0.608945 0 0.564949 -0.332797 
0.507982 0 0.608518 0 0.564715 -0.334214 
0.507927 0 0.608119 0 0.564514 -0.335494 
0.507867 0 0.607741 0 0.564344 -0.33663 
0.507803 0 0.607387 0 0.564207 -0.337616 
0.507743 0 0.607064 0 0.564108 -0.338445 
0.507683 0 0.606773 0 0.564046 -0.339109 
0.507618 0 0.606508 0 0.564021 -0.339598 
0.507549 0 0.606272 0 0.564035 -0.339903 
0.507483 0 0.606075 0 0.564094 -0.340013 
0.507417 0 0.605916 0 0.564199 -0.339915 
0.507346 0 0.605792 0 0.56435 -0.339595 
0.507271 0 0.605706 0 0.564551 -0.339039 
0.507197 0 0.605668 0 0.564809 -0.338231 
0.507124 0 0.605681 0 0.565125 -0.337151 
0.507045 0 0.605742 0 0.565502 -0.335782 
0.506961 0 0.605855 0 0.565944 -0.334101 
0.506878 0 0.606033 0 0.566461 -0.332086 
0.506795 0 0.606279 0 0.567056 -0.329714 
0.506706 0 0.606592 0 0.567732 -0.326958 
0.50661 0 0.606978 0 0.568497 -0.323792 
0.506516 0 0.60745 0 0.56936 -0.320188 
0.50642 0 0.608014 0 0.570327 -0.316119 
0.506317 0 0.60867 0 0.571401 -0.311557 
0.506208 0 0.609424 0 0.572592 -0.306474 
0.506099 0 0.610291 0 0.57391 -0.300845 
0.505989 0 0.611275 0 0.575359 -0.294647 
0.505871 0 0.612376 0 0.576944 -0.287858 
0.505747 0 0.6136 0 0.578671 -0.280465 
0.505624 0 0.614959 0 0.580549 -0.272455 
0.505499 0 0.616455 0 0.582579 -0.263822 
0.505368 0 0.618083 0 0.584762 -0.254565 
0.505232 0 0.619846 0 0.587101 -0.244689 
0.505098 0 0.621753 0 0.589599 -0.234202 
0.504965 0 0.623803 0 0.592254 -0.223118 
0.504829 0 0.625988 0 0.595061 -0.211449 
0.504691 0 0.628307 0 0.598021 -0.199214 
0.50456 0 0.630767 0 0.601131 -0.186434 
0.5049 0 0.634005 0 0.604712 -0.173139 
0.50557 0 0.637761 0 0.608614 -0.15938 
0.506462 0 0.641823 0 0.612701 -0.145234 
0.507515 0 0.646102 0 0.616916 -0.130806 
0.508572 0 0.650445 0 0.621181 -0.116221 
0.509628 0 0.654812 0 0.625465 -0.101602 
0.510683 0 0.659173 0 0.629743 -0.0870568 
0.511743 0 0.663516 0 0.633997 -0.0726666 
0.512809 0 0.667821 0 0.638211 -0.058491 
0.513873 0 0.672068 0 0.642373 -0.044569 
0.514937 0 0.67625 0 0.646475 -0.0309254 
0.516008 0 0.680369 0 0.650516 -0.0175747 
0.51707 0 0.684334 0 0.654466 -0.0045242 
0.518113 0 0.68815 0 0.658325 0.00822359 
0.5193 0 0.692073 0 0.662199 0.0206692 
0.52056 0 0.695991 0 0.666036 0.0328157 
0.521846 0 0.699842 0 0.669804 0.044667 
0.523101 0 0.703574 0 0.673502 0.0562282 
0.524302 0 0.707185 0 0.677096 0.0675049 
0.525466 0 0.710676 0 0.680589 0.0785028 
0.5266 0 0.714046 0 0.683988 0.0892284 
0.527704 0 0.717293 0 0.687298 0.0996876 
0.528784 0 0.720427 0 0.690527 0.109887 
0.529848 0 0.723463 0 0.693682 0.119832 
0.530963 0 0.726468 0 0.696847 0.129529 
0.532099 0 0.729424 0 0.699987 0.138985 
0.53324 0 0.732308 0 0.703082 0.148204 
0.53438 0 0.735115 0 0.706123 0.157194 
0.535512 0 0.737841 0 0.70911 0.165959 
0.53663 0 0.740478 0 0.712044 0.174505 
0.537732 0 0.743026 0 0.714926 0.182838 
0.538827 0 0.745495 0 0.717762 0.190962 
0.539911 0 0.747885 0 0.720552 0.198884 
0.54098 0 0.750188 0 0.723296 0.206607 
0.542034 0 0.752405 0 0.725996 0.214138 
0.543079 0 0.754548 0 0.728657 0.22148 
0.544116 0 0.756616 0 0.73128 0.228639 
0.545137 0 0.758602 0 0.733865 0.235619 
0.546145 0 0.760507 0 0.736415 0.242425 
0.547145 0 0.762342 0 0.738934 0.24906 
0.547836 0 0.763746 0 0.74098 0.25553 
0.548273 0 0.764862 0 0.742622 0.261838 
0.548545 0 0.76583 0 0.744021 0.267988 
0.548727 0 0.766723 0 0.745315 0.273985 
0.548913 0 0.767595 0 0.746596 0.279831 
0.549098 0 0.768441 0 0.747865 0.285531 
0.549283 0 0.769263 0 0.749127 0.291089 
0.549474 0 0.770073 0 0.750385 0.296508 
0.549611 0 0.770839 0 0.751562 0.301792 
0.549693 0 0.771556 0 0.752638 0.306943 
0.549733 0 0.772239 0 0.753625 0.311966 
0.549745 0 0.772912 0 0.754547 0.316863 
0.549738 0 0.773583 0 0.755426 0.321637 
0.549709 0 0.77425 0 0.756275 0.326293 
0.549664 0 0.774922 0 0.757103 0.330832 
0.549611 0 0.775613 0 0.757916 0.335257 
0.549548 0 0.776326 0 0.758716 0.339572 
0.54947 0 0.777058 0 0.759506 0.343779 
0.549377 0 0.777815 0 0.760291 0.347881 
0.549278 0 0.778609 0 0.761076 0.35188 
0.54917 0 0.779442 0 0.761865 0.355779 
0.549047 0 0.780307 0 0.762657 0.359581 
0.54891 0 0.781206 0 0.763456 0.363288 
0.548966 0 0.782268 0 0.764508 0.366902 
0.549156 0 0.783467 0 0.765705 0.370425 
0.549406 0 0.784733 0 0.766983 0.373861 
0.549678 0 0.786038 0 0.768318 0.377211 
0.549964 0 0.787383 0 0.769703 0.380477 
0.550258 0 0.788764 0 0.771132 0.383661 
0.550552 0 0.790165 0 0.772599 0.386766 
0.550844 0 0.791581 0 0.7741 0.389793 
0.551141 0 0.793011 0 0.77563 0.392744 
0.551441 0 0.794448 0 0.777184 0.395622 
0.551735 0 0.795876 0 0.778757 0.398428 
0.552026 0 0.797293 0 0.780345 0.401163 
0.552248 0 0.798629 0 0.78183 0.40383 
0.552426 0 0.799931 0 0.783226 0.406431 
0.552576 0 0.801214 0 0.784567 0.408966 
0.552719 0 0.802483 0 0.785888 0.411438 
0.552859 0 0.803746 0 0.787181 0.413849 
0.552998 0 0.804995 0 0.78845 0.416199 
0.553129 0 0.806215 0 0.789688 0.41849 
0.553252 0 0.807405 0 0.790893 0.420724 
0.553374 0 0.808573 0 0.792062 0.422902 
0.553491 0 0.809718 0 0.793189 0.425026 
0.553598 0 0.810831 0 0.794269 0.427096 
0.553694 0 0.811913 0 0.795302 0.429115 
0.553786 0 0.812972 0 0.796288 0.431083 
0.553872 0 0.814008 0 0.797224 0.433002 
0.553946 0 0.815011 0 0.798107 0.434873 
0.554007 0 0.815981 0 0.798936 0.436698 
0.554061 0 0.81693 0 0.799712 0.438476 
0.554107 0 0.817856 0 0.800432 0.44021 
0.554135 0 0.81875 0 0.80109 0.441901 
0.554146 0 0.819614 0 0.801686 0.44355 
0.554144 0 0.820458 0 0.802219 0.445157 
0.554127 0 0.821281 0 0.802682 0.446724 
0.554182 0 0.82209 0 0.803204 0.448252 
0.55429 0 0.822907 0 0.803758 0.449742 
0.55444 0 0.823738 0 0.804322 0.451194 
0.554616 0 0.824573 0 0.804875 0.45261 
0.554804 0 0.825397 0 0.805402 0.45399 
0.554998 0 0.826208 0 0.805897 0.455336 
0.555204 0 0.827016 0 0.806359 0.456649 
0.555419 0 0.82782 0 0.806786 0.457928 
0.555636 0 0.828612 0 0.807178 0.459175 
0.555855 0 0.829394 0 0.807536 0.460391 
0.556083 0 0.830176 0 0.807866 0.461576 
0.556318 0 0.830955 0 0.808165 0.462731 
0.556552 0 0.831723 0 0.808434 0.463857 
0.556786 0 0.83248 0 0.808675 0.464955 
0.557025 0 0.833236 0 0.808891 0.466024 
0.557268 0 0.833988 0 0.809082 0.467067 
0.557506 0 0.834727 0 0.809246 0.468082 
0.557739 0 0.835455 0 0.809386 0.469071 
0.557975 0 0.836179 0 0.809503 0.470033 
0.55821 0 0.836899 0 0.809597 0.47097 
0.558438 0 0.837604 0 0.809666 0.471882 
0.558658 0 0.838297 0 0.809711 0.472769 
0.559077 0 0.839396 0 0.809999 0.47363 
0.55955 0 0.840516 0 0.810289 0.474465 
0.560032 0 0.841571 0 0.810524 0.475276 
0.560584 0 0.842681 0 0.810748 0.476061 
0.561142 0 0.843788 0 0.810965 0.476819 
0.561703 0 0.84489 0 0.811172 0.477551 
0.562262 0 0.84598 0 0.811368 0.478254 
0.562819 0 0.847059 0 0.811554 0.478928 
0.563382 0 0.848136 0 0.81173 0.479572 
0.563855 0 0.849157 0 0.811852 0.480182 
0.564326 0 0.850165 0 0.811959 0.480757 
0.564795 0 0.851162 0 0.812053 0.481294 
0.565269 0 0.852155 0 0.812132 0.481789 
0.565779 0 0.85314 0 0.812195 0.482239 
0.566294 0 0.854128 0 0.812296 0.482639 
0.566794 0 0.855073 0 0.812368 0.482982 
0.567279 0 0.855984 0 0.812395 0.483263 
0.567754 0 0.856874 0 0.812388 0.483474 
0.568222 0 0.857747 0 0.812357 0.483606 
0.568688 0 0.858607 0 0.812308 0.483649 
0.569158 0 0.859458 0 0.812243 0.483593 
0.569631 0 0.860299 0 0.812158 0.483423 
0.5701 0 0.861118 0 0.812049 0.483125 
0.570567 0 0.861916 0 0.811914 0.482682 
0.571037 0 0.8627 0 0.811754 0.482075 
0.571508 0 0.863465 0 0.811565 0.481282 
0.571974 0 0.864203 0 0.811345 0.480277 
0.572438 0 0.864912 0 0.811094 0.479033 
0.572904 0 0.865597 0 0.81081 0.477519 
0.573169 0 0.865968 0 0.810407 0.475698 
0.573211 0 0.865997 0 0.809914 0.47353 
0.573098 0 0.865768 0 0.809371 0.47097 
0.572892 0 0.865372 0 0.808772 0.467965 
0.57263 0 0.86486 0 0.80811 0.464458 
0.572329 0 0.864242 0 0.807381 0.460386 
0.572005 0 0.863513 0 0.806588 0.455676 
0.571669 0 0.862665 0 0.805729 0.45025 
0.571326 0 0.861676 0 0.804794 0.444025 
0.570971 0 0.860515 0 0.803769 0.436915 
0.570609 0 0.85916 0 0.802633 0.428832 
0.570247 0 0.857587 0 0.801361 0.419699 
0.569884 0 0.855764 0 0.799926 0.409456 
0.569515 0 0.853655 0 0.798299 0.398076 
0.569142 0 0.851235 0 0.796456 0.385574 
0.56877 0 0.848494 0 0.794378 0.37202 
0.568397 0 0.845428 0 0.792053 0.357535 
0.568015 0 0.842044 0 0.789478 0.342283 
0.567626 0 0.83837 0 0.786664 0.326449 
0.567233 0 0.834446 0 0.783628 0.310216 
0.567029 0 0.830582 0 0.780534 0.293754 
0.566933 0 0.826699 0 0.777362 0.277207 
0.566889 0 0.822746 0 0.774082 0.26069 
0.566837 0 0.818709 0 0.770667 0.244292 
0.566774 0 0.81461 0 0.767141 0.228081 
0.566749 0 0.810394 0 0.763411 0.212105 
0.566819 0 0.806182 0 0.759623 0.196398 
0.566951 0 0.802025 0 0.755798 0.180984 
0.567116 0 0.797931 0 0.751949 0.165878 
0.567294 0 0.793897 0 0.748089 0.15109 
0.567479 0 0.78993 0 0.744229 0.136626 
0.567671 0 0.78604 0 0.740382 0.122486 
0.567869 0 0.782226 0 0.736553 0.108671 
0.568064 0 0.778486 0 0.732748 0.0951777 
0.568257 0 0.774825 0 0.728978 0.0820038 
0.568453 0 0.771252 0 0.72525 0.0691445 
0.568651 0 0.767772 0 0.721574 0.0565951 
0.568845 0 0.764385 0 0.717957 0.0443501 
0.569036 0 0.761094 0 0.714407 0.0324038 
0.569101 0 0.757736 0 0.710797 0.0207505 
0.569099 0 0.754343 0 0.707196 0.00938388 
0.569061 0 0.750982 0 0.703656 -0.00170175 
0.568978 0 0.747686 0 0.700214 -0.0125128 
0.568878 0 0.74448 0 0.696874 -0.023055 
0.568803 0 0.741372 0 0.693604 -0.0333345 
0.56874 0 0.738371 0 0.690425 -0.0433572 
0.568683 0 0.735471 0 0.687339 -0.0531288 
0.568633 0 0.732667 0 0.684342 -0.0626551 
0.568588 0 0.729951 0 0.681432 -0.0719418 
0.568539 0 0.727316 0 0.678609 -0.0809944 
0.56849 0 0.72476 0 0.675874 -0.089818 
0.568445 0 0.722288 0 0.673228 -0.0984181 
0.568403 0 0.719898 0 0.670668 -0.1068 
0.568358 0 0.717581 0 0.668191 -0.114968 
0.568313 0 0.715338 0 0.665796 -0.122927 
0.568272 0 0.713171 0 0.663483 -0.130682 
0.568235 0 0.711078 0 0.661248 -0.138238 
0.568195 0 0.70905 0 0.659089 -0.145599 
0.568154 0 0.707085 0 0.657006 -0.152769 
0.568117 0 0.705189 0 0.654997 -0.159752 
0.568083 0 0.703357 0 0.653059 -0.166552 
0.568046 0 0.701581 0 0.651191 -0.173173 
0.568008 0 0.69986 0 0.649389 -0.179618 
0.567973 0 0.698198 0 0.647656 -0.185892 
0.56794 0 0.696592 0 0.645987 -0.191997 
0.567904 0 0.695033 0 0.644379 -0.197936 
0.567866 0 0.69352 0 0.642833 -0.203712 
0.567831 0 0.692059 0 0.641347 -0.209328 
0.567797 0 0.690645 0 0.63992 -0.214786 
0.567759 0 0.689271 0 0.638548 -0.220089 
0.567718 0 0.687935 0 0.637231 -0.225238 
0.567679 0 0.686643 0 0.635969 -0.230235 
0.567642 0 0.685392 0 0.634761 -0.235081 
0.567599 0 0.684174 0 0.633603 -0.239777 
0.567552 0 0.682988 0 0.632496 -0.244325 
0.567508 0 0.681841 0 0.631441 -0.248723 
0.567463 0 0.680727 0 0.630435 -0.252972 
0.567413 0 0.679642 0 0.629476 -0.257071 
0.567358 0 0.678585 0 0.628566 -0.261019 
0.567305 0 0.67756 0 0.627706 -0.264812 
0.567251 0 0.676567 0 0.626894 -0.268448 
0.567191 0 0.675599 0 0.626129 -0.271923 
0.567126 0 0.674656 0 0.625413 -0.275232 
0.567062 0 0.673744 0 0.624748 -0.278368 
0.566997 0 0.672864 0 0.624135 -0.281323 
0.566925 0 0.672008 0 0.623573 -0.284086 
0.566847 0 0.67118 0 0.623065 -0.286646 
0.566769 0 0.670387 0 0.622615 -0.288988 
0.566689 0 0.66963 0 0.622227 -0.291093 
0.566602 0 0.668906 0 0.621902 -0.292941 
0.566508 0 0.66822 0 0.621645 -0.294505 
0.566413 0 0.667584 0 0.621466 -0.295756 
0.566315 0 0.667002 0 0.621369 -0.296657 
0.566208 0 0.666476 0 0.62136 -0.297166 
0.56623 0 0.666171 0 0.621457 -0.297235 
0.566186 0 0.6659 0 0.621704 -0.296809 
0.566101 0 0.665674 0 0.622053 -0.295825 
0.566148 0 0.665697 0 0.622525 -0.294216 
0.566292 0 0.665986 0 0.623197 -0.29191 
0.566508 0 0.666533 0 0.624085 -0.288833 
0.566551 0 0.667064 0 0.625177 -0.284912 
0.566607 0 0.667638 0 0.626622 -0.280083 
0.566581 0 0.668228 0 0.628419 -0.274293 
0.566362 0 0.66883 0 0.630408 -0.267505 
0.566169 0 0.669518 0 0.632699 -0.259704 
0.565819 0 0.670276 0 0.635187 -0.250898 
0.565358 0 0.671165 0 0.637858 -0.241118 
0.56482 0 0.672211 0 0.640707 -0.230414 
0.564222 0 0.673412 0 0.643724 -0.218851 
0.563794 0 0.67471 0 0.64709 -0.206501 
0.56327 0 0.676074 0 0.650623 -0.193444 
0.562684 0 0.677526 0 0.654285 -0.179762 
0.562651 0 0.680257 0 0.658068 -0.165553 
0.56306 0 0.68345 0 0.661606 -0.150936 
0.563749 0 0.686889 0 0.665132 -0.136052 
0.564637 0 0.690541 0 0.668731 -0.121052 
0.565528 0 0.694208 0 0.672335 -0.106074 
0.566417 0 0.697859 0 0.675916 -0.0912258 
0.567305 0 0.701472 0 0.679459 -0.0765837 
0.568199 0 0.705044 0 0.682954 -0.0621981 
0.569098 0 0.708563 0 0.686393 -0.0480996 
0.569995 0 0.712019 0 0.689768 -0.0343054 
0.570893 0 0.715408 0 0.69308 -0.0208239 
0.571797 0 0.718737 0 0.696328 -0.00765763 
0.572707 0 0.722005 0 0.699512 0.00519432 
0.573617 0 0.725205 0 0.702631 0.0177351 
0.574528 0 0.728337 0 0.705687 0.0299694 
0.575446 0 0.731411 0 0.708684 0.0419028 
0.576476 0 0.734547 0 0.711749 0.0535415 
0.577569 0 0.737674 0 0.714815 0.0648915 
0.578694 0 0.740756 0 0.717844 0.0759597 
0.579839 0 0.743793 0 0.720832 0.0867526 
0.580994 0 0.74678 0 0.723781 0.0972767 
0.582146 0 0.749711 0 0.726696 0.107538 
0.583294 0 0.752584 0 0.729579 0.117544 
0.584441 0 0.755408 0 0.732433 0.1273 
0.585584 0 0.758182 0 0.735257 0.136812 
0.586717 0 0.7609 0 0.738053 0.146087 
0.58784 0 0.763563 0 0.740825 0.15513 
0.58896 0 0.766182 0 0.743575 0.163947 
0.590076 0 0.768758 0 0.746304 0.172544 
0.591181 0 0.771285 0 0.749014 0.180926 
0.592167 0 0.773684 0 0.751416 0.189099 
0.593086 0 0.775926 0 0.75367 0.197067 
0.593965 0 0.778051 0 0.755853 0.204836 
0.594815 0 0.780099 0 0.758002 0.212411 
0.595671 0 0.782117 0 0.760137 0.219797 
0.596535 0 0.784118 0 0.762269 0.226998 
0.597406 0 0.786104 0 0.764403 0.234019 
0.598275 0 0.78807 0 0.766546 0.240865 
0.599106 0 0.789998 0 0.768648 0.247539 
0.599915 0 0.791878 0 0.770719 0.254047 
0.600707 0 0.793711 0 0.772771 0.260392 
0.60148 0 0.795502 0 0.774816 0.266578 
0.60224 0 0.797259 0 0.776864 0.27261 
0.602994 0 0.799001 0 0.77892 0.278491 
0.603742 0 0.800734 0 0.780989 0.284225 
0.604479 0 0.802452 0 0.783074 0.289815 
0.605206 0 0.804161 0 0.78518 0.295266 
0.60593 0 0.805871 0 0.78731 0.300581 
0.60665 0 0.807583 0 0.789467 0.305762 
0.607359 0 0.809291 0 0.791653 0.310814 
0.608058 0 0.810998 0 0.793872 0.31574 
0.608755 0 0.812714 0 0.796125 0.320543 
0.609449 0 0.814437 0 0.798412 0.325225 
0.610133 0 0.816161 0 0.800735 0.329791 
0.610808 0 0.817885 0 0.803092 0.334242 
0.611482 0 0.819615 0 0.805485 0.338583 
0.612152 0 0.82135 0 0.807908 0.342814 
0.612813 0 0.823079 0 0.810363 0.34694 
0.613466 0 0.824798 0 0.812846 0.350963 
0.614117 0 0.826515 0 0.815356 0.354885 
0.614766 0 0.828225 0 0.817888 0.358709 
0.615405 0 0.829916 0 0.820441 0.362437 
0.616037 0 0.831585 0 0.823011 0.366073 
0.616667 0 0.833238 0 0.825598 0.369617 
0.617294 0 0.83487 0 0.828196 0.373073 
0.617912 0 0.83647 0 0.830803 0.376442 
0.618522 0 0.838035 0 0.833417 0.379727 
0.61913 0 0.83957 0 0.836037 0.38293 
0.619736 0 0.841071 0 0.838657 0.386053 
0.620332 0 0.842528 0 0.841277 0.389098 
0.62092 0 0.843937 0 0.843896 0.392067 
0.621506 0 0.845304 0 0.846511 0.394962 
0.622089 0 0.846627 0 0.849119 0.397784 
0.622663 0 0.847895 0 0.85172 0.400535 
0.623227 0 0.849104 0 0.854311 0.403218 
0.623574 0 0.850245 0 0.856101 0.405833 
0.623752 0 0.851327 0 0.857299 0.408383 
0.623822 0 0.852416 0 0.858198 0.41087 
0.6239 0 0.853251 0 0.859311 0.413294 
0.624008 0 0.854036 0 0.860512 0.415658 
0.624143 0 0.854809 0 0.861747 0.417963 
0.624291 0 0.855566 0 0.862998 0.42021 
0.624452 0 0.856309 0 0.864261 0.422401 
0.624632 0 0.857048 0 0.865537 0.424537 
0.624827 0 0.85778 0 0.866827 0.426619 
0.625031 0 0.858497 0 0.868131 0.42865 
0.625216 0 0.859278 0 0.869244 0.43063 
0.625383 0 0.860079 0 0.87021 0.43256 
0.625538 0 0.860892 0 0.871071 0.434442 
0.625682 0 0.861706 0 0.871866 0.436277 
0.625824 0 0.862521 0 0.87262 0.438066 
0.625974 0 0.863344 0 0.873346 0.43981 
0.626133 0 0.864171 0 0.874043 0.441511 
0.626293 0 0.864991 0 0.874708 0.443169 
0.626454 0 0.865804 0 0.875338 0.444786 
0.626624 0 0.86662 0 0.875933 0.446362 
0.626801 0 0.86744 0 0.876492 0.447899 
0.626978 0 0.868256 0 0.877016 0.449397 
0.627158 0 0.869069 0 0.877507 0.450858 
0.627348 0 0.869889 0 0.877966 0.452282 
0.627547 0 0.870716 0 0.878392 0.453671 
0.627747 0 0.871542 0 0.878786 0.455024 
0.627951 0 0.872368 0 0.879149 0.456344 
0.628166 0 0.873203 0 0.879481 0.457631 
0.62839 0 0.874049 0 0.879782 0.458885 
0.628616 0 0.874895 0 0.880052 0.460108 
0.628846 0 0.875744 0 0.880293 0.461301 
0.629087 0 0.876605 0 0.880506 0.462463 
0.629337 0 0.877477 0 0.88069 0.463596 
0.629589 0 0.878353 0 0.880847 0.4647 
0.629843 0 0.879232 0 0.880978 0.465776 
0.630106 0 0.880124 0 0.881085 0.466825 
0.630375 0 0.881028 0 0.881168 0.467847 
0.630644 0 0.881935 0 0.881229 0.468842 
0.630913 0 0.882845 0 0.881267 0.469812 
0.631187 0 0.883769 0 0.881285 0.470757 
0.631465 0 0.884703 0 0.881282 0.471676 
0.631738 0 0.88564 0 0.881259 0.472571 
0.632008 0 0.88658 0 0.881215 0.473441 
0.632281 0 0.887531 0 0.881153 0.474287 
0.632554 0 0.888493 0 0.881069 0.475108 
0.63282 0 0.889457 0 0.880965 0.475905 
0.633081 0 0.890422 0 0.880841 0.476678 
0.633377 1 0.890177 0 0.881732 0.477429 
0.633596 1 0.890041 0 0.882669 0.478131 
0.633893 1 0.890298 0 0.883714 0.478804 
0.634269 1 0.890532 0 0.88463 0.479426 
0.634683 0 0.890749 0 0.88547 0.479984 
0.635119 0 0.89097 0 0.886287 0.480498 
0.63551 0 0.891177 0 0.887073 0.480963 
0.635948 0 0.891379 0 0.887856 0.481374 
0.636343 0 0.891566 0 0.88862 0.481726 
0.636533 0 0.892484 1 0.888251 0.48201 
0.636879 1 0.892064 1 0.888321 0.482095 
0.637221 1 0.89201 1 0.888347 0.481714 
0.637616 1 0.892009 1 0.888383 0.480544 
0.638144 1 0.892043 1 0.888507 0.478089 
0.638857 1 0.892175 1 0.888709 0.473725 
0.639815 1 0.892437 1 0.889029 0.466787 
0.641077 1 0.892854 1 0.889489 0.456841 
0.642665 1 0.893433 1 0.890091 0.443896 
0.644568 1 0.89416 1 0.89082 0.428416 
0.646745 1 0.895002 1 0.891649 0.411064 
0.64914 1 0.895917 1 0.892537 0.392529 
0.651701 1 0.896864 1 0.893454 0.373372 
0.65438 1 0.89781 1 0.89437 0.353993 
0.65714 1 0.898729 1 0.895271 0.334666 
0.659964 1 0.899604 1 0.896153 0.31557 
0.662833 1 0.900436 1 0.897 0.29681 
0.665732 1 0.901228 1 0.89781 0.278438 
0.668675 1 0.901971 1 0.898501 0.260474 
0.671683 1 0.90257 1 0.899247 0.242943 
0.674706 1 0.903236 1 0.900053 0.225837 
0.677717 1 0.903926 1 0.900858 0.209155 
0.680703 1 0.904577 1 0.901617 0.19288 
0.683691 1 0.905166 1 0.902317 0.17701 
0.686667 1 0.905724 1 0.902973 0.161536 
0.689624 1 0.906251 1 0.903592 0.146448 
0.692559 1 0.906756 1 0.904177 0.131735 
0.69547 1 0.907236 1 0.904731 0.117389 
0.698354 1 0.907691 1 0.905257 0.103402 
0.701209 1 0.908121 1 0.905755 0.0897655 
0.704034 1 0.90853 1 0.906228 0.076469 
0.706826 1 0.908917 1 0.906677 0.0635061 
0.709585 1 0.909283 1 0.907104 0.0508659 
0.712308 1 0.909632 1 0.907508 0.0385418 
0.714995 1 0.909961 1 0.907893 0.0265254 
0.717644 1 0.910274 1 0.908259 0.014808 
0.720256 1 0.91057 1 0.908606 0.00338618 
0.722828 1 0.910852 1 0.908936 -0.00775184 
0.72536 1 0.911119 1 0.90925 -0.0186113 
0.727853 1 0.911371 1 0.909549 -0.0291991 
0.730304 1 0.911613 1 0.909834 -0.0395218 
0.732715 1 0.91184 1 0.910105 -0.0495872 
0.735085 1 0.912057 1 0.910362 -0.0594005 
0.737413 1 0.912262 1 0.910608 -0.0689694 
0.739699 1 0.912458 1 0.910842 -0.0782974 
0.741944 1 0.912643 1 0.911065 -0.0873927 
0.744147 1 0.912819 1 0.911277 -0.0962616 
0.746309 1 0.912986 1 0.91148 -0.104908 
0.748429 1 0.913145 1 0.911673 -0.113339 
0.750507 1 0.913295 1 0.911857 -0.121558 
0.752545 1 0.913438 1 0.912032 -0.129573 
0.754541 1 0.913574 1 0.912199 -0.137387 
0.756497 1 0.913703 1 0.912358 -0.145005 
0.758412 1 0.913824 1 0.91251 -0.152433 
0.760287 1 0.91394 1 0.912654 -0.159676 
0.762123 1 0.91405 1 0.912792 -0.166738 
0.763918 1 0.914154 1 0.912923 -0.173623 
0.765675 1 0.914253 1 0.913048 -0.180336 
0.767394 1 0.914345 1 0.913167 -0.186881 
0.769074 1 0.914434 1 0.91328 -0.193262 
0.770716 1 0.914516 1 0.913388 -0.199484 
0.772321 1 0.914594 1 0.91349 -0.20555 
0.773889 1 0.914668 1 0.913587 -0.211465 
0.775421 1 0.914738 1 0.913679 -0.217232 
0.776917 1 0.914803 1 0.913767 -0.222855 
0.778377 1 0.914865 1 0.91385 -0.228337 
0.779803 1 0.914921 1 0.913928 -0.233682 
0.781194 1 0.914975 1 0.914003 -0.238893 
0.782551 1 0.915026 1 0.914073 -0.243974 
0.783737 1 0.914928 1 0.914043 -0.248928 
0.784856 1 0.915011 1 0.913978 -0.253755 
0.785939 1 0.915049 1 0.913934 -0.258466 
0.786994 1 0.915022 1 0.913904 -0.263058 
0.788021 1 0.914983 1 0.91388 -0.267534 
0.789019 1 0.914939 1 0.913858 -0.271899 
0.789991 1 0.914893 1 0.913836 -0.276155 
0.790935 1 0.914843 1 0.913813 -0.280305 
0.791853 1 0.914792 1 0.913788 -0.284352 
0.792746 1 0.91474 1 0.913763 -0.288297 
0.793613 1 0.914686 1 0.913735 -0.292144 
0.794456 1 0.914631 1 0.913706 -0.295895 
0.795274 1 0.914574 1 0.913674 -0.299551 
0.796068 1 0.914517 1 0.913641 -0.303116 
0.796724 1 0.914411 1 0.913563 -0.306591 
0.79732 1 0.914263 1 0.913456 -0.30998 
0.797902 1 0.914126 1 0.913348 -0.313285 
0.798464 1 0.913994 1 0.913239 -0.316506 
0.799005 1 0.913862 1 0.913127 -0.319647 
0.799526 1 0.913729 1 0.913013 -0.322711 
0.800026 1 0.913595 1 0.912897 -0.325697 
0.800508 1 0.913459 1 0.912778 -0.328609 
0.80097 1 0.913322 1 0.912658 -0.331448 
0.801413 1 0.913184 1 0.912537 -0.334215 
0.801838 1 0.913044 1 0.912413 -0.336913 
0.802246 1 0.912903 1 0.912287 -0.339545 
0.802635 1 0.91276 1 0.91216 -0.342111 
0.803008 1 0.912615 1 0.912031 -0.344613 
0.803364 1 0.91247 1 0.9119 -0.347052 
0.803702 1 0.912323 1 0.911767 -0.349431 
0.804025 1 0.912174 1 0.911632 -0.351749 
0.804332 1 0.912023 1 0.911497 -0.354008 
0.804624 1 0.911871 1 0.91136 -0.356212 
0.8049 1 0.911718 1 0.911221 -0.358359 
0.805162 1 0.911563 1 0.911081 -0.360454 
0.805409 1 0.911406 1 0.91094 -0.362499 
0.805617 1 0.91124 1 0.910749 -0.364486 
0.805802 1 0.911063 1 0.910591 -0.366427 
0.806342 1 0.910946 1 0.910714 -0.368321 
0.807054 1 0.910886 1 0.910941 -0.370166 
0.807816 1 0.91098 1 0.911181 -0.371965 
0.808555 1 0.911132 1 0.911382 -0.373722 
0.80928 1 0.911261 1 0.911542 -0.375431 
0.809994 1 0.911385 1 0.911687 -0.3771 
0.810696 1 0.911514 1 0.911824 -0.378727 
0.811387 1 0.911644 1 0.911956 -0.380314 
0.812065 1 0.911775 1 0.912086 -0.381859 
0.812733 1 0.911905 1 0.912214 -0.383366 
0.813391 1 0.912035 1 0.912339 -0.384837 
0.814037 1 0.912165 1 0.912464 -0.386269 
0.81465 1 0.912283 1 0.912576 -0.387665 
0.815247 1 0.912394 1 0.912683 -0.389028 
0.815834 1 0.912504 1 0.912789 -0.390356 
0.816411 1 0.912614 1 0.912894 -0.391651 
0.816976 1 0.912722 1 0.912998 -0.392913 
0.817531 1 0.912829 1 0.913099 -0.394144 
0.818075 1 0.912934 1 0.913198 -0.395344 
0.81861 1 0.913037 1 0.913295 -0.396514 
0.819135 1 0.91314 1 0.913391 -0.397654 
0.819651 1 0.913241 1 0.913485 -0.398768 
0.820159 1 0.913341 1 0.913579 -0.399852 
0.820776 1 0.913469 1 0.913734 -0.400909 
0.821433 1 0.913615 1 0.913919 -0.401942 
0.822094 1 0.913796 1 0.914104 -0.402948 
0.822741 1 0.913977 1 0.914278 -0.403928 
0.823366 1 0.91414 1 0.914438 -0.404883 
0.823987 1 0.914302 1 0.914595 -0.405815 
0.824601 1 0.914463 1 0.914751 -0.406724 
0.825209 1 0.914623 1 0.914904 -0.40761 
0.825829 1 0.914786 1 0.915065 -0.408472 
0.826457 1 0.914953 1 0.915231 -0.409312 
0.82709 1 0.915121 1 0.915399 -0.410134 
0.827728 1 0.915292 1 0.91557 -0.410934 
0.828368 1 0.915467 1 0.915741 -0.411715 
0.829076 1 0.915693 1 0.915906 -0.412475 
0.829855 1 0.915965 1 0.916077 -0.413217 
0.830658 1 0.916242 1 0.916262 -0.413941 
0.831435 1 0.916479 1 0.916462 -0.414646 
0.832234 1 0.916723 1 0.916662 -0.415333 
0.832498 1 0.916807 1 0.916625 -0.41601 
0.832591 1 0.916756 1 0.916585 -0.416664 
0.832691 1 0.916738 1 0.916559 -0.417301 
0.832798 1 0.916715 1 0.916532 -0.417922 
0.832909 1 0.916699 1 0.916506 -0.418529 
0.833024 1 0.916687 1 0.916481 -0.419119 
0.83314 1 0.916677 1 0.916458 -0.419694 
0.833258 1 0.91667 1 0.916439 -0.420256 
0.833378 1 0.916665 1 0.916421 -0.420803 
0.833537 1 0.916665 1 0.916439 -0.421337 
0.83371 1 0.916671 1 0.916458 -0.421858 
0.833866 1 0.916662 1 0.916481 -0.422365 
0.834023 1 0.916655 1 0.916504 -0.422859 
0.834182 1 0.916652 1 0.916528 -0.423342 
0.834342 1 0.916653 1 0.91655 -0.423813 
0.834538 1 0.916686 1 0.916569 -0.424271 
0.834741 1 0.916725 1 0.916591 -0.424717 
0.834948 1 0.916763 1 0.916616 -0.425153 
0.835051 1 0.916741 1 0.916623 -0.425577 
0.835148 1 0.916732 1 0.916622 -0.425991 
0.835253 1 0.91673 1 0.916621 -0.426394 
0.835358 1 0.916731 1 0.91662 -0.426789 
0.835461 1 0.916731 1 0.916622 -0.427173 
0.835561 1 0.916731 1 0.916622 -0.427547 
0.835659 1 0.916731 1 0.916622 -0.427911 
0.835753 1 0.916731 1 0.916622 -0.428269 
0.835845 1 0.916731 1 0.916623 -0.428616 
0.835934 1 0.916732 1 0.916623 -0.428956 
