0.4372 0 0.550395 0 0.550393 0.500001 
0.437356 0 0.551739 0 0.551 0.499205 
0.437455 0 0.553147 0 0.551866 0.498309 
0.437515 0 0.55468 0 0.552924 0.497281 
0.437832 0 0.556622 0 0.554411 0.496074 
0.438385 0 0.55894 0 0.556291 0.494628 
0.439106 0 0.56157 0 0.558466 0.492868 
0.439945 0 0.564444 0 0.560866 0.490703 
0.440861 0 0.567496 0 0.563432 0.488023 
0.441818 0 0.570662 0 0.566112 0.484708 
0.442797 0 0.573891 0 0.568866 0.48063 
0.443791 0 0.577154 0 0.571665 0.47567 
0.44479 0 0.580412 0 0.574479 0.469727 
0.445779 0 0.583624 0 0.577278 0.462734 
0.446754 0 0.586764 0 0.58004 0.454672 
0.447718 0 0.589812 0 0.582747 0.445568 
0.448664 0 0.592745 0 0.585381 0.435493 
0.449322 0 0.595371 0 0.587617 0.424553 
0.449724 0 0.59765 0 0.589536 0.412873 
0.449864 0 0.599482 0 0.591212 0.40058 
0.449837 0 0.60101 0 0.592662 0.387799 
0.449809 0 0.602408 0 0.594006 0.374638 
0.449774 0 0.60368 0 0.59524 0.361192 
0.449727 0 0.604831 0 0.596364 0.347534 
0.449657 0 0.605855 0 0.597375 0.333723 
0.449557 0 0.606743 0 0.598274 0.319803 
0.449434 0 0.6075 0 0.599068 0.305808 
0.4493 0 0.608139 0 0.599766 0.291767 
0.449161 0 0.608658 0 0.600367 0.277705 
0.449012 0 0.60905 0 0.600866 0.263643 
0.448858 0 0.609312 0 0.601259 0.249606 
0.448707 0 0.609453 0 0.601544 0.235614 
0.448556 0 0.60947 0 0.601715 0.221692 
0.448401 0 0.609357 0 0.601766 0.207861 
0.448243 0 0.609114 0 0.601697 0.194144 
0.448088 0 0.608756 0 0.601516 0.180566 
0.447936 0 0.608286 0 0.601223 0.167148 
0.447781 0 0.607702 0 0.600824 0.153913 
0.447624 0 0.607011 0 0.600326 0.14088 
0.447473 0 0.60623 0 0.599742 0.128069 
0.447324 0 0.605363 0 0.599077 0.115494 
0.447182 0 0.604405 0 0.598349 0.103171 
0.447042 0 0.60337 0 0.597559 0.0911145 
0.446911 0 0.602279 0 0.596715 0.0793365 
0.446785 0 0.60114 0 0.595823 0.0678501 
0.446659 0 0.599954 0 0.594888 0.0566692 
0.446533 0 0.598731 0 0.59392 0.0458088 
0.446416 0 0.597489 0 0.592932 0.0352864 
0.446304 0 0.596238 0 0.591931 0.0251229 
0.446193 0 0.59498 0 0.590926 0.0153436 
0.446083 0 0.593727 0 0.589927 0.0059799 
0.445981 0 0.5925 0 0.588952 -0.00292989 
0.445887 0 0.591313 0 0.588012 -0.011339 
0.445793 0 0.590173 0 0.587121 -0.0191908 
0.445701 0 0.589097 0 0.586295 -0.026418 
0.445617 0 0.588116 0 0.585559 -0.0329432 
0.445541 0 0.587247 0 0.584932 -0.0386801 
0.445466 0 0.586507 0 0.584432 -0.0435365 
0.445393 0 0.585917 0 0.584084 -0.0474207 
0.445328 0 0.585508 0 0.583912 -0.0502489 
0.445271 0 0.585297 0 0.583933 -0.0519535 
0.445215 0 0.58529 0 0.584158 -0.0524923 
0.445161 0 0.585495 0 0.584596 -0.0518557 
0.445116 0 0.585922 0 0.585251 -0.0500682 
0.44508 0 0.586564 0 0.586117 -0.0471875 
0.445045 0 0.587402 0 0.587178 -0.0432993 
0.445014 0 0.588419 0 0.588421 -0.0385072 
0.444993 0 0.589607 0 0.58983 -0.0329269 
0.444982 0 0.590942 0 0.591383 -0.0266759 
0.444975 0 0.592397 0 0.593057 -0.0198682 
0.444972 0 0.593952 0 0.594833 -0.01261 
0.444982 0 0.595598 0 0.596697 -0.00499712 
0.445003 0 0.597316 0 0.59863 0.00288616 
0.445029 0 0.599085 0 0.600617 0.010967 
0.445062 0 0.600891 0 0.602643 0.0191832 
0.44511 0 0.602733 0 0.604704 0.027483 
0.445171 0 0.604599 0 0.606787 0.0358229 
0.445239 0 0.606474 0 0.608883 0.0441675 
0.445316 0 0.608351 0 0.610986 0.0524883 
0.44541 0 0.610235 0 0.613095 0.0607626 
0.445521 0 0.612118 0 0.615205 0.0689734 
0.445641 0 0.613991 0 0.617311 0.0771078 
0.445774 0 0.61585 0 0.619411 0.0851573 
0.445928 0 0.617705 0 0.621509 0.0931173 
0.446102 0 0.619551 0 0.623603 0.100986 
0.446292 0 0.621382 0 0.625693 0.108766 
0.446499 0 0.623199 0 0.627779 0.11646 
0.446734 0 0.625012 0 0.62987 0.124076 
0.446996 0 0.626821 0 0.631967 0.131621 
0.447282 0 0.628621 0 0.63407 0.139106 
0.447595 0 0.630415 0 0.636184 0.146541 
0.447945 0 0.632215 0 0.638318 0.153936 
0.448335 0 0.634022 0 0.640475 0.1613 
0.44876 0 0.63583 0 0.642656 0.168642 
0.449227 0 0.637643 0 0.644865 0.175964 
0.449745 0 0.639471 0 0.647109 0.183267 
0.450315 0 0.641314 0 0.649388 0.190547 
0.450933 0 0.643163 0 0.651699 0.197793 
0.451602 0 0.645019 0 0.65404 0.204994 
0.452328 0 0.646888 0 0.656411 0.212134 
0.453109 0 0.648766 0 0.658807 0.219196 
0.453935 0 0.650643 0 0.661217 0.226163 
0.454804 0 0.652514 0 0.663636 0.23302 
0.455718 0 0.654386 0 0.666059 0.239757 
0.45667 0 0.656253 0 0.668478 0.246362 
0.457648 0 0.658103 0 0.670884 0.25283 
0.458648 0 0.659933 0 0.673271 0.259156 
0.459672 0 0.661749 0 0.675639 0.265338 
0.460714 0 0.663547 0 0.677981 0.271376 
0.461764 0 0.665316 0 0.680292 0.277271 
0.462819 0 0.667055 0 0.68257 0.283023 
0.463882 0 0.668771 0 0.684817 0.288635 
0.464951 0 0.670461 0 0.687031 0.294109 
0.466017 0 0.672115 0 0.689208 0.299448 
0.467078 0 0.673733 0 0.691348 0.304655 
0.46814 0 0.675323 0 0.693456 0.309732 
0.4692 0 0.676884 0 0.69553 0.314683 
0.470251 0 0.678406 0 0.697567 0.319511 
0.471292 0 0.679889 0 0.69957 0.324219 
0.47233 0 0.681342 0 0.701541 0.328809 
0.473364 0 0.682763 0 0.703482 0.333284 
0.474384 0 0.684144 0 0.705388 0.337648 
0.475393 0 0.685485 0 0.707263 0.341903 
0.476396 0 0.686795 0 0.709111 0.346051 
0.477393 0 0.688072 0 0.710931 0.350096 
0.478376 0 0.689309 0 0.712721 0.35404 
0.479345 0 0.690504 0 0.714482 0.357885 
0.480309 0 0.691669 0 0.716221 0.361634 
0.481265 0 0.692801 0 0.717935 0.36529 
0.482206 0 0.693891 0 0.719623 0.368853 
0.483134 0 0.69494 0 0.721286 0.372328 
0.484056 0 0.695958 0 0.72293 0.375716 
0.48497 0 0.696943 0 0.724554 0.37902 
0.485869 0 0.697887 0 0.726154 0.38224 
0.486755 0 0.698789 0 0.727734 0.385381 
0.487635 0 0.69966 0 0.729297 0.388442 
0.488508 0 0.700499 0 0.730843 0.391428 
0.489366 0 0.701295 0 0.73237 0.394338 
0.490211 0 0.70205 0 0.733878 0.397176 
0.491051 0 0.702773 0 0.735374 0.399943 
0.491883 0 0.703462 0 0.736854 0.402641 
0.492701 0 0.70411 0 0.738318 0.405271 
0.493507 0 0.704716 0 0.739767 0.407835 
0.494307 0 0.705289 0 0.741205 0.410336 
0.495101 0 0.705828 0 0.74263 0.412774 
0.495881 0 0.706325 0 0.744041 0.415151 
0.496649 0 0.706778 0 0.745439 0.417468 
0.497412 0 0.707199 0 0.746828 0.419728 
0.498169 0 0.707585 0 0.748206 0.421931 
0.498912 0 0.707926 0 0.749572 0.424079 
0.499643 0 0.708224 0 0.750926 0.426173 
0.50037 0 0.708487 0 0.752273 0.428215 
0.50109 0 0.708715 0 0.75361 0.430206 
0.501798 0 0.708896 0 0.754936 0.432147 
0.502493 0 0.709033 0 0.756252 0.434039 
0.503184 0 0.709133 0 0.757561 0.435885 
0.503869 0 0.709196 0 0.758862 0.437684 
0.504541 0 0.709212 0 0.760151 0.439438 
0.504872 0 0.709198 0 0.760922 0.441148 
0.504988 0 0.709173 0 0.761366 0.442816 
0.505009 0 0.709151 0 0.761651 0.444442 
0.505097 0 0.709185 0 0.761988 0.446027 
0.505234 0 0.709247 0 0.762372 0.447573 
0.505415 0 0.709329 0 0.7628 0.44908 
0.50563 0 0.709422 0 0.763262 0.450549 
0.505864 0 0.709509 0 0.763751 0.451982 
0.506115 0 0.709587 0 0.764263 0.453379 
0.506387 0 0.709663 0 0.764801 0.45474 
0.506677 0 0.709732 0 0.765361 0.456068 
0.506976 0 0.709785 0 0.765938 0.457363 
0.507284 0 0.709819 0 0.766533 0.458625 
0.507609 0 0.709844 0 0.767149 0.459856 
0.507948 0 0.709859 0 0.767783 0.461055 
0.508294 0 0.709852 0 0.768431 0.462225 
0.508648 0 0.709824 0 0.769094 0.463366 
0.508888 0 0.70985 0 0.769544 0.464478 
0.50905 0 0.709926 0 0.769842 0.465562 
0.509166 0 0.710026 0 0.77005 0.466619 
0.509264 0 0.710138 0 0.770215 0.46765 
0.509367 0 0.710262 0 0.77037 0.468655 
0.509481 0 0.710398 0 0.770524 0.469635 
0.5096 0 0.710539 0 0.770676 0.470591 
0.509727 0 0.71069 0 0.770827 0.471522 
0.509869 0 0.710864 0 0.770981 0.47243 
0.510026 0 0.711061 0 0.771134 0.473316 
0.510192 0 0.711272 0 0.771286 0.474179 
0.510369 0 0.7115 0 0.771438 0.475021 
0.510565 0 0.711754 0 0.771595 0.475842 
0.510727 0 0.711991 0 0.771743 0.476642 
0.510872 0 0.712194 0 0.771902 0.477422 
0.511013 0 0.712386 0 0.772062 0.478182 
0.511163 0 0.712566 0 0.772236 0.478924 
0.511336 0 0.712756 0 0.772432 0.479647 
0.511523 0 0.712941 0 0.772647 0.480352 
0.511742 0 0.713168 0 0.77289 0.48104 
0.511954 0 0.713437 0 0.773093 0.48171 
0.512168 0 0.713733 0 0.773281 0.482364 
0.512382 0 0.71404 0 0.773463 0.483001 
0.512601 0 0.714356 0 0.773645 0.483622 
0.512832 0 0.714693 0 0.773832 0.484228 
0.513075 0 0.715051 0 0.774021 0.484818 
0.513321 0 0.715423 0 0.774209 0.485394 
0.513571 0 0.715809 0 0.774395 0.485956 
0.513833 0 0.716221 0 0.774583 0.486503 
0.514106 0 0.716657 0 0.774773 0.487037 
0.514382 0 0.717108 0 0.77496 0.487557 
0.514661 0 0.717574 0 0.775148 0.488065 
0.514952 0 0.718066 0 0.775339 0.488559 
0.515253 0 0.718583 0 0.775535 0.489042 
0.515555 0 0.719117 0 0.775731 0.489512 
0.51586 0 0.719669 0 0.775931 0.48997 
0.516174 0 0.72025 0 0.77614 0.490417 
0.516497 0 0.720862 0 0.776358 0.490853 
0.51682 0 0.721497 0 0.776585 0.491278 
0.517144 0 0.72216 0 0.776826 0.491692 
0.517476 0 0.722864 0 0.777086 0.492096 
0.517815 0 0.723612 0 0.77737 0.49249 
0.518154 0 0.724401 0 0.777678 0.492874 
0.518492 0 0.725235 0 0.778015 0.493249 
0.518951 0 0.726216 0 0.778479 0.493614 
0.519478 0 0.727312 0 0.779045 0.49397 
0.520027 0 0.728502 0 0.779667 0.494317 
0.520585 0 0.729773 0 0.780336 0.494655 
0.521332 0 0.731249 0 0.781233 0.494985 
0.521889 0 0.732682 0 0.781952 0.495307 
0.522634 0 0.734315 0 0.782905 0.49562 
0.523466 0 0.736071 0 0.783984 0.495926 
0.524097 0 0.737752 0 0.784881 0.496224 
0.524716 0 0.739458 0 0.785825 0.496515 
0.525318 0 0.7412 0 0.78678 0.496798 
0.525919 0 0.742972 0 0.787759 0.497074 
0.526535 0 0.744776 0 0.788771 0.497344 
0.527165 0 0.746607 0 0.789812 0.497607 
0.527801 0 0.74845 0 0.790868 0.497863 
0.528441 0 0.750303 0 0.791932 0.498112 
0.52909 0 0.752169 0 0.792997 0.498356 
0.529747 0 0.754041 0 0.794059 0.498593 
0.530403 0 0.755904 0 0.79511 0.498825 
0.53106 0 0.757754 0 0.796151 0.49905 
0.531728 0 0.759595 0 0.797183 0.49927 
0.532405 0 0.761423 0 0.798207 0.499485 
0.533085 0 0.763223 0 0.799218 0.499694 
0.533771 0 0.764994 0 0.800218 0.499898 
0.53447 0 0.766742 0 0.801211 0.500096 
0.535183 0 0.768463 0 0.802194 0.50029 
0.535903 0 0.770145 0 0.803167 0.500479 
0.536633 0 0.771787 0 0.804131 0.500663 
0.537381 0 0.773396 0 0.805091 0.500842 
0.538148 0 0.774968 0 0.806046 0.501017 
0.538927 0 0.776494 0 0.806996 0.501187 
0.539721 0 0.77797 0 0.807942 0.501353 
0.540538 0 0.779405 0 0.808888 0.501515 
0.541378 0 0.780797 0 0.809833 0.501672 
0.542233 0 0.782133 0 0.810773 0.501825 
0.543104 0 0.783414 0 0.81171 0.501974 
0.543998 0 0.784646 0 0.812645 0.502119 
0.544913 0 0.785829 0 0.813576 0.502259 
0.54584 0 0.786951 0 0.814496 0.502396 
0.546778 0 0.788012 0 0.815404 0.502529 
0.547731 0 0.78902 0 0.8163 0.502659 
0.548697 0 0.789976 0 0.81718 0.502784 
0.549665 0 0.790868 0 0.818036 0.502906 
0.550634 0 0.791698 0 0.818867 0.503025 
0.551607 0 0.792476 0 0.819672 0.50314 
0.552581 0 0.793201 0 0.820446 0.503251 
0.553547 0 0.793865 0 0.821184 0.50336 
0.554502 0 0.794468 0 0.821884 0.503465 
0.555453 0 0.79502 0 0.822548 0.503568 
0.556396 0 0.795522 0 0.82317 0.503668 
0.557324 0 0.795964 0 0.823747 0.503765 
0.558235 0 0.796347 0 0.824277 0.50386 
0.559136 0 0.796682 0 0.824763 0.503952 
0.560025 0 0.796966 0 0.825202 0.504042 
0.560896 0 0.797191 0 0.825588 0.504131 
0.561747 0 0.797357 0 0.825923 0.504217 
0.562587 0 0.797475 0 0.826209 0.504301 
0.563415 0 0.797543 0 0.826443 0.504384 
0.564222 0 0.797552 0 0.826622 0.504464 
0.565011 0 0.797503 0 0.826748 0.504544 
0.565789 0 0.797408 0 0.826824 0.504621 
0.566554 0 0.797266 0 0.826849 0.504697 
0.5673 0 0.797071 0 0.826822 0.504771 
0.568029 0 0.796823 0 0.826745 0.504844 
0.568749 0 0.796537 0 0.826623 0.504916 
0.569457 0 0.796212 0 0.826457 0.504986 
0.570148 0 0.795844 0 0.826247 0.505055 
0.570713 0 0.795433 0 0.826027 0.505122 
0.571195 0 0.794992 0 0.825689 0.505188 
0.571723 0 0.79463 0 0.825251 0.505253 
0.572167 0 0.794177 0 0.824771 0.505316 
0.572646 0 0.793769 0 0.824215 0.505378 
0.573074 0 0.793304 0 0.823683 0.505438 
0.573486 0 0.792832 0 0.823109 0.505497 
0.57389 0 0.792357 0 0.8225 0.505555 
0.574254 0 0.791849 0 0.821859 0.505611 
0.574596 0 0.791338 0 0.821186 0.505666 
0.574926 0 0.790833 0 0.820487 0.50572 
0.575242 0 0.790333 0 0.819771 0.505773 
0.57555 0 0.789844 0 0.819044 0.505824 
0.575858 0 0.789377 0 0.818313 0.505875 
0.576167 0 0.788935 0 0.817579 0.505924 
0.576615 0 0.788538 0 0.816979 0.505971 
0.577144 0 0.788178 0 0.816479 0.506018 
0.577722 0 0.787851 0 0.816042 0.506064 
0.578323 0 0.787548 0 0.815639 0.506108 
0.578925 0 0.78726 0 0.815256 0.506151 
0.579526 0 0.786989 0 0.814888 0.506194 
0.58013 0 0.786746 0 0.814539 0.506235 
0.580735 0 0.786531 0 0.814204 0.506275 
0.581334 0 0.786334 0 0.813883 0.506314 
0.581926 0 0.786158 0 0.813576 0.506353 
0.58252 0 0.786012 0 0.813287 0.50639 
0.583114 0 0.785898 0 0.813013 0.506426 
0.583702 0 0.785806 0 0.812757 0.506462 
0.584286 0 0.785738 0 0.812518 0.506496 
0.584872 0 0.785705 0 0.812301 0.50653 
0.585461 0 0.785705 0 0.812104 0.506563 
0.586045 0 0.785729 0 0.811926 0.506595 
0.586626 0 0.78578 0 0.811769 0.506626 
0.58721 0 0.785865 0 0.811634 0.506657 
0.587798 0 0.785986 0 0.811519 0.506687 
0.588382 0 0.786133 0 0.811426 0.506716 
0.588964 0 0.786307 0 0.811353 0.506744 
0.589551 0 0.786517 0 0.811304 0.506772 
0.590143 0 0.786763 0 0.811277 0.506799 
0.590731 0 0.787037 0 0.811271 0.506825 
0.591319 0 0.787337 0 0.811287 0.50685 
0.591913 0 0.787675 0 0.811326 0.506875 
0.592513 0 0.78805 0 0.811387 0.5069 
0.59311 0 0.788451 0 0.81147 0.506923 
0.593708 0 0.788881 0 0.811575 0.506947 
0.594314 0 0.789349 0 0.811703 0.506969 
0.594925 0 0.789853 0 0.811853 0.506991 
0.595536 0 0.790385 0 0.812025 0.507013 
0.596148 0 0.790946 0 0.812219 0.507033 
0.596769 0 0.791545 0 0.812436 0.507054 
0.597397 0 0.792181 0 0.812674 0.507074 
0.598025 0 0.792846 0 0.812934 0.507093 
0.598656 0 0.793539 0 0.813216 0.507112 
0.599296 0 0.794271 0 0.813521 0.50713 
0.599944 0 0.795041 0 0.813847 0.507148 
0.600595 0 0.79584 0 0.814195 0.507166 
0.601248 0 0.796668 0 0.814564 0.507183 
0.601912 0 0.797536 0 0.814956 0.5072 
0.602585 0 0.798442 0 0.815369 0.507216 
0.603261 0 0.799378 0 0.815803 0.507231 
0.603941 0 0.800345 0 0.816259 0.507247 
0.604374 0 0.800988 0 0.816576 0.507262 
0.604624 0 0.801329 0 0.816867 0.507277 
0.604763 0 0.801554 0 0.817133 0.507291 
0.604851 0 0.801753 0 0.817425 0.507305 
0.604948 0 0.80199 0 0.817753 0.507318 
0.605054 0 0.802266 0 0.818115 0.507332 
0.605161 0 0.802571 0 0.818511 0.507344 
0.605273 0 0.802905 0 0.818943 0.507357 
0.605394 0 0.803279 0 0.819411 0.507369 
0.605524 0 0.803691 0 0.819912 0.507381 
0.605657 0 0.804133 0 0.820448 0.507393 
0.605738 0 0.804531 0 0.820994 0.507404 
0.605776 0 0.80488 0 0.821553 0.507415 
0.605778 0 0.805186 0 0.822132 0.507426 
0.605746 0 0.805458 0 0.822738 0.507436 
0.605697 0 0.805777 0 0.823264 0.507446 
0.605636 0 0.806174 0 0.82372 0.507456 
0.605567 0 0.806637 0 0.824138 0.507465 
0.605485 0 0.807139 0 0.824542 0.507475 
0.605389 0 0.807659 0 0.824946 0.507484 
0.605281 0 0.808193 0 0.825351 0.507493 
0.605158 0 0.808735 0 0.825754 0.507501 
0.605013 0 0.809275 0 0.826153 0.507509 
0.604846 0 0.809815 0 0.826548 0.507517 
0.604666 0 0.810366 0 0.826937 0.507525 
0.604758 0 0.81093 0 0.827745 0.507533 
0.605013 0 0.811522 0 0.828795 0.50754 
0.605354 0 0.812128 0 0.829968 0.507547 
0.605744 0 0.812756 0 0.831203 0.507553 
0.606139 0 0.813415 0 0.832448 0.507559 
0.606557 0 0.814085 0 0.833736 0.507566 
0.606993 0 0.814774 0 0.835059 0.507571 
0.607449 0 0.815489 0 0.836409 0.507577 
0.60792 0 0.816227 0 0.837776 0.507582 
0.608396 0 0.816979 0 0.839153 0.507586 
0.608876 0 0.817743 0 0.840536 0.50759 
0.609366 0 0.81853 0 0.841926 0.507594 
0.609866 0 0.819337 0 0.843317 0.507598 
0.610366 0 0.820154 0 0.84471 0.5076 
0.610868 0 0.820982 0 0.846102 0.507603 
0.611378 0 0.821827 0 0.847493 0.507604 
0.611894 0 0.822688 0 0.848879 0.507605 
0.612409 0 0.823555 0 0.850257 0.507606 
0.612923 0 0.824428 0 0.851627 0.507605 
0.613443 0 0.825316 0 0.852988 0.507604 
0.613966 0 0.826216 0 0.854336 0.507602 
0.614486 0 0.827119 0 0.855671 0.507599 
0.615004 0 0.828026 0 0.856993 0.507595 
0.615526 0 0.828945 0 0.858299 0.50759 
0.616051 0 0.829874 0 0.859589 0.507584 
0.616571 0 0.830805 0 0.860862 0.507576 
0.617087 0 0.831737 0 0.862118 0.507567 
0.617607 0 0.83268 0 0.863356 0.507557 
0.618005 0 0.833613 0 0.864384 0.507545 
0.618226 0 0.834454 0 0.865248 0.507531 
0.618341 0 0.835214 0 0.866006 0.507515 
0.618405 0 0.835937 0 0.8667 0.507498 
0.618443 0 0.836647 0 0.86735 0.507479 
0.618458 0 0.837339 0 0.867963 0.507457 
0.618454 0 0.838011 0 0.868538 0.507434 
0.618438 0 0.838664 0 0.869074 0.507408 
0.618407 0 0.839294 0 0.869566 0.507379 
0.618353 0 0.839887 0 0.870017 0.507349 
0.618279 0 0.840445 0 0.870427 0.507315 
0.618192 0 0.840977 0 0.8708 0.507279 
0.618091 0 0.841481 0 0.871134 0.507241 
0.617969 0 0.841949 0 0.871429 0.507199 
0.617827 0 0.84238 0 0.871686 0.507155 
0.617672 0 0.842784 0 0.871905 0.507108 
0.617503 0 0.843158 0 0.872085 0.507058 
0.617541 0 0.843566 0 0.872564 0.507005 
0.617683 0 0.843968 0 0.873164 0.506948 
0.617873 0 0.84436 0 0.873788 0.506889 
0.618084 0 0.84475 0 0.874409 0.506827 
0.6183 0 0.84514 0 0.875025 0.506762 
0.61852 0 0.845533 0 0.875639 0.506694 
0.618749 0 0.845938 0 0.876249 0.506623 
0.618984 0 0.84635 0 0.87685 0.506549 
0.619217 0 0.846763 0 0.877436 0.506472 
0.619448 0 0.847176 0 0.878008 0.506392 
0.619684 0 0.8476 0 0.878568 0.50631 
0.619924 0 0.848035 0 0.879116 0.506225 
0.620162 0 0.848473 0 0.879653 0.506137 
0.620399 0 0.848915 0 0.880181 0.506047 
0.62053 0 0.849945 1 0.880016 0.505954 
0.620665 0 0.850953 1 0.879865 0.505771 
0.620857 0 0.851945 1 0.87985 0.505442 
0.62106 0 0.852886 0 0.879838 0.504886 
0.621259 0 0.853791 0 0.879821 0.504357 
0.621455 0 0.854664 0 0.879806 0.503851 
0.621653 0 0.855511 0 0.879804 0.503369 
0.621854 0 0.856332 0 0.879819 0.50291 
0.622059 0 0.85713 0 0.879854 0.502473 
0.622217 0 0.857837 0 0.87985 0.502058 
0.622357 0 0.858514 0 0.879816 0.501663 
0.622498 0 0.859188 0 0.879775 0.501288 
0.622646 0 0.859867 0 0.87974 0.500933 
0.622803 0 0.860547 0 0.879712 0.500596 
0.622965 0 0.861219 0 0.879688 0.500277 
0.623131 0 0.861876 0 0.879665 0.499976 
0.6233 0 0.862519 0 0.879643 0.499691 
0.623473 0 0.863148 0 0.879622 0.499422 
0.62365 0 0.863767 0 0.879603 0.499168 
0.623833 0 0.864378 0 0.879586 0.498928 
0.624022 0 0.864983 0 0.879572 0.498703 
0.624217 0 0.865583 0 0.879561 0.498492 
0.624418 0 0.866178 0 0.879552 0.498293 
0.624626 0 0.866767 0 0.879545 0.498107 
0.624841 0 0.867352 0 0.87954 0.497932 
0.625061 0 0.867931 0 0.879537 0.497769 
0.625288 0 0.868505 0 0.879537 0.497617 
0.625522 0 0.869075 0 0.87954 0.497475 
0.625762 0 0.86964 0 0.879545 0.497343 
0.626009 0 0.870201 0 0.879552 0.497221 
0.626124 1 0.870253 0 0.8798 0.497107 
0.626231 1 0.870157 0 0.880183 0.49705 
0.626336 1 0.870063 0 0.880492 0.497038 
0.626441 0 0.869955 0 0.880749 0.497065 
0.626456 0 0.87021 1 0.880598 0.497091 
0.626633 1 0.869979 1 0.880765 0.496961 
0.62681 1 0.86994 1 0.88073 0.496686 
0.627001 1 0.869947 1 0.880677 0.496227 
0.627222 1 0.870006 1 0.880594 0.495534 
0.627476 1 0.870079 1 0.880528 0.494565 
0.627738 1 0.870161 1 0.880502 0.493274 
0.628017 1 0.870218 1 0.880449 0.491619 
0.628337 1 0.870237 1 0.880364 0.489563 
0.628706 1 0.870212 1 0.880281 0.487084 
0.629108 1 0.870084 1 0.880096 0.48416 
0.629478 0 0.869808 0 0.879865 0.480776 
0.629872 0 0.869728 0 0.879795 0.478034 
0.630334 0 0.869819 0 0.879842 0.475792 
0.630811 0 0.870035 0 0.879968 0.473952 
0.63129 0 0.870336 0 0.880151 0.47244 
0.631762 0 0.870695 0 0.880369 0.471201 
0.632222 0 0.871095 0 0.880605 0.470193 
0.632554 0 0.871578 1 0.880666 0.469382 
0.632873 1 0.871851 1 0.880904 0.467836 
0.633269 1 0.87206 1 0.881058 0.465741 
0.633766 1 0.872298 1 0.881154 0.463042 
0.634366 1 0.87259 1 0.881304 0.459694 
0.635071 1 0.872935 1 0.88152 0.45568 
0.635879 1 0.873316 1 0.881801 0.450979 
0.636793 1 0.873724 1 0.882121 0.445592 
0.637811 1 0.874155 1 0.882484 0.439543 
0.63893 1 0.874606 1 0.882897 0.432863 
0.640147 1 0.875078 1 0.88336 0.425596 
0.641456 1 0.875568 1 0.883877 0.417791 
0.642691 1 0.875973 1 0.884362 0.409491 
0.643829 0 0.876182 1 0.884686 0.40076 
0.645054 0 0.876304 0 0.88485 0.390767 
0.646377 0 0.876974 1 0.885459 0.382429 
0.647947 1 0.877724 1 0.886314 0.372721 
0.649638 1 0.878522 1 0.887158 0.36258 
0.651434 1 0.879267 1 0.8879 0.352095 
0.653303 1 0.880033 1 0.888648 0.341341 
0.655224 1 0.880813 1 0.889404 0.330402 
0.657187 1 0.881598 1 0.890162 0.319335 
0.659178 1 0.882379 1 0.890914 0.308205 
0.661189 1 0.883151 1 0.891656 0.29707 
0.663213 1 0.883913 1 0.892383 0.285976 
0.665243 1 0.88466 1 0.893093 0.274967 
0.667272 1 0.885392 1 0.893784 0.264082 
0.669294 1 0.886107 1 0.894455 0.253356 
0.671303 1 0.886804 1 0.895103 0.242822 
0.673293 1 0.887482 1 0.895729 0.2325 
0.67526 1 0.88814 1 0.896331 0.222416 
0.677198 1 0.888778 1 0.896908 0.212591 
0.679106 1 0.889395 1 0.897462 0.203042 
0.680978 1 0.889992 1 0.897991 0.193787 
0.682811 1 0.890569 1 0.898497 0.184841 
0.684602 1 0.891126 1 0.898979 0.176218 
0.686349 1 0.891664 1 0.899439 0.167923 
0.68805 1 0.892183 1 0.899879 0.159966 
0.689701 1 0.892684 1 0.900296 0.152362 
0.691302 1 0.893168 1 0.900694 0.145106 
0.692851 1 0.893634 1 0.901072 0.138211 
0.694345 1 0.894085 1 0.901433 0.131675 
0.695785 1 0.894519 1 0.901776 0.125502 
0.697066 1 0.894878 1 0.902103 0.11969 
0.698262 1 0.895201 1 0.902364 0.114244 
0.699413 1 0.895524 1 0.902598 0.109157 
0.700551 1 0.895865 1 0.902834 0.104426 
0.701594 1 0.896174 1 0.903057 0.100046 
0.702572 1 0.896463 1 0.903257 0.0960095 
0.703492 1 0.896741 1 0.903442 0.0923099 
0.704362 1 0.897012 1 0.903615 0.0889356 
0.705184 1 0.897277 1 0.90378 0.0858775 
0.705962 1 0.897537 1 0.903937 0.0831255 
0.706698 1 0.897792 1 0.904089 0.0806651 
0.707394 1 0.898042 1 0.904235 0.078484 
0.708052 1 0.898289 1 0.904377 0.0765696 
0.708676 1 0.898531 1 0.904516 0.074904 
0.709266 1 0.898769 1 0.904652 0.073478 
0.709826 1 0.899002 1 0.904785 0.0722686 
0.710359 1 0.899233 1 0.904917 0.0712633 
0.710867 1 0.89946 1 0.905048 0.0704443 
0.711353 1 0.899686 1 0.905178 0.0697958 
0.71182 1 0.899909 1 0.905308 0.0692996 
0.71227 1 0.90013 1 0.905438 0.0689363 
0.712706 1 0.900347 1 0.905569 0.0686925 
0.713131 1 0.900566 1 0.905701 0.0685494 
0.713548 1 0.900783 1 0.905833 0.0684913 
0.713959 1 0.900998 1 0.905967 0.0684992 
0.714367 1 0.901212 1 0.906104 0.0685571 
0.714775 1 0.901427 1 0.906242 0.0686464 
0.715184 1 0.901642 1 0.906382 0.0687509 
0.715598 1 0.901856 1 0.906525 0.068855 
0.716019 1 0.902071 1 0.90667 0.0689407 
0.716484 1 0.902309 1 0.906813 0.068992 
0.71697 1 0.902555 1 0.906965 0.0689927 
0.717516 1 0.90283 1 0.907131 0.0689266 
0.718048 1 0.903092 1 0.907308 0.068777 
0.718635 1 0.903369 1 0.907488 0.0685234 
0.719207 1 0.903632 1 0.907675 0.0681548 
0.719838 1 0.903906 1 0.907865 0.0676537 
0.720459 1 0.904167 1 0.908061 0.0670024 
0.721098 1 0.904421 1 0.90825 0.0661832 
0.72181 1 0.904693 1 0.908449 0.0651833 
0.722568 1 0.904979 1 0.908663 0.0639845 
0.723315 1 0.905246 1 0.908878 0.0625677 
0.724137 1 0.905528 1 0.90909 0.0609228 
0.724957 1 0.905797 1 0.909308 0.0590277 
0.725859 1 0.906081 1 0.909525 0.0568699 
0.726817 1 0.90638 1 0.909755 0.0544385 
0.727827 1 0.906683 1 0.909992 0.0517153 
0.728887 1 0.906987 1 0.910233 0.0486897 
0.729999 1 0.907294 1 0.910477 0.0453522 
0.731163 1 0.9076 1 0.910725 0.0416943 
0.732381 1 0.907906 1 0.910975 0.037706 
0.733653 1 0.908213 1 0.911226 0.0333811 
0.734979 1 0.90852 1 0.911479 0.0287201 
0.736361 1 0.908827 1 0.911731 0.0237264 
0.737797 1 0.909133 1 0.911984 0.0184037 
0.739287 1 0.909437 1 0.912235 0.0127589 
0.740831 1 0.909741 1 0.912486 0.00680246 
0.742424 1 0.910042 1 0.912734 0.000554414 
0.744066 1 0.91034 1 0.91298 -0.00596458 
0.745752 1 0.910635 1 0.913224 -0.0127361 
0.747482 1 0.910919 1 0.913458 -0.0197319 
0.74925 1 0.911179 1 0.913673 -0.0269206 
0.751055 1 0.911415 1 0.913865 -0.0342769 
0.752891 1 0.911619 1 0.914031 -0.0417673 
0.754754 1 0.91179 1 0.914173 -0.0493614 
0.756639 1 0.911925 1 0.914289 -0.0570279 
0.757902 1 0.912164 1 0.913846 -0.0647356 
0.759177 0 0.912269 0 0.913409 -0.0724636 
0.760307 0 0.912415 0 0.913173 -0.0796121 
0.76139 0 0.912646 0 0.913102 -0.0861566 
0.762465 0 0.912988 0 0.91313 -0.0920668 
0.763529 0 0.913437 0 0.913241 -0.0973035 
0.764335 0 0.914219 1 0.912915 -0.101818 
0.764973 1 0.914442 1 0.91287 -0.107159 
0.765653 1 0.914472 1 0.912861 -0.11279 
0.766394 1 0.914393 1 0.912769 -0.118653 
0.76718 1 0.914297 1 0.912666 -0.124691 
0.767998 1 0.914197 1 0.912568 -0.130854 
0.768843 1 0.914052 1 0.91244 -0.137092 
0.769708 1 0.913848 1 0.912254 -0.143368 
0.770588 1 0.913584 1 0.912001 -0.149646 
0.771462 1 0.913245 1 0.911654 -0.155894 
0.772329 0 0.912825 0 0.911229 -0.162087 
0.773187 0 0.91251 0 0.910927 -0.167865 
0.774037 0 0.912282 0 0.910724 -0.173193 
0.774877 0 0.912129 0 0.910601 -0.178026 
0.775709 0 0.912047 0 0.910545 -0.18231 
0.776533 0 0.912031 0 0.910549 -0.185981 
0.77735 0 0.912084 0 0.910615 -0.188969 
0.778161 0 0.912205 0 0.910744 -0.191198 
0.778968 0 0.912397 0 0.910939 -0.192588 
0.779772 0 0.912659 0 0.911204 -0.193064 
0.780574 0 0.912991 0 0.911538 -0.192558 
0.781374 0 0.913389 0 0.911938 -0.191013 
0.782174 0 0.913846 0 0.912397 -0.18839 
0.782974 0 0.914348 0 0.912902 -0.184674 
0.783776 0 0.91488 0 0.913436 -0.179874 
0.78458 0 0.915421 0 0.913979 -0.174023 
0.785386 0 0.915946 0 0.914508 -0.167179 
0.786195 0 0.91643 0 0.914996 -0.15942 
0.787007 0 0.916849 0 0.915419 -0.150838 
0.787824 0 0.917177 0 0.915754 -0.141535 
0.788645 0 0.917397 0 0.915982 -0.131616 
0.789471 0 0.917491 0 0.916088 -0.121187 
0.790303 0 0.917449 0 0.91606 -0.110347 
0.791139 0 0.917267 0 0.915896 -0.0991898 
0.791981 0 0.916943 0 0.915593 -0.0877998 
0.792829 0 0.916483 0 0.915157 -0.0762521 
0.793682 0 0.915893 0 0.914596 -0.0646123 
0.79454 0 0.915185 0 0.913919 -0.0529367 
0.795403 0 0.914371 0 0.913141 -0.0412739 
0.796271 0 0.913465 0 0.912274 -0.0296645 
0.797143 0 0.912482 0 0.911333 -0.0181426 
0.798018 0 0.911435 0 0.910333 -0.00673657 
0.799274 0 0.910546 0 0.908791 0.00453038 
0.800791 0 0.909594 0 0.906994 0.0156381 
0.802438 0 0.908526 0 0.905088 0.0265707 
0.804009 0 0.907414 0 0.903148 0.0373142 
0.805537 0 0.906238 0 0.901218 0.0478581 
0.807037 0 0.904996 0 0.899326 0.0581933 
0.808151 0 0.903431 0 0.89795 0.0683128 
0.809156 0 0.901714 0 0.896788 0.0782105 
0.810156 0 0.899975 0 0.895688 0.0878818 
0.811147 0 0.898235 0 0.894643 0.0973233 
0.812126 0 0.896505 0 0.89365 0.106532 
0.813093 0 0.894791 0 0.892715 0.115504 
0.814048 0 0.893096 0 0.891839 0.124238 
0.81499 0 0.891425 0 0.891028 0.132731 
0.81592 0 0.88978 0 0.890284 0.140981 
0.816599 0 0.88849 0 0.889222 0.148988 
0.817247 0 0.887257 0 0.888131 0.156746 
0.817923 0 0.886 0 0.887087 0.164254 
0.818923 0 0.884765 0 0.885687 0.17151 
0.820107 0 0.883525 0 0.884071 0.17851 
0.821391 0 0.882273 0 0.882355 0.18525 
0.822678 0 0.880995 0 0.880685 0.191725 
0.82382 0 0.879798 0 0.879129 0.197931 
0.824871 0 0.878672 0 0.87771 0.203862 
0.825871 0 0.87759 0 0.876443 0.209512 
0.826836 0 0.876546 0 0.87531 0.214874 
0.827815 0 0.875614 0 0.874216 0.219943 
0.828796 0 0.874778 0 0.873147 0.224709 
0.829773 0 0.874017 0 0.872105 0.229167 
0.830747 0 0.873319 0 0.871098 0.233308 
0.831784 0 0.872514 0 0.869995 0.237122 
0.832766 0 0.871648 0 0.869048 0.240599 
0.833741 0 0.870811 0 0.868133 0.243727 
0.834722 0 0.870024 0 0.867226 0.246493 
0.835712 0 0.869277 0 0.866339 0.248886 
0.836712 0 0.868561 0 0.865484 0.25089 
0.837723 0 0.867873 0 0.864666 0.252487 
0.838744 0 0.867216 0 0.863887 0.253661 
0.839777 0 0.86659 0 0.863145 0.254391 
0.840822 0 0.865997 0 0.862441 0.254655 
0.841882 0 0.865437 0 0.861778 0.254429 
0.842959 0 0.864912 0 0.861155 0.253687 
0.844053 0 0.864422 0 0.860574 0.252401 
0.843742 0 0.864727 0 0.860752 0.250542 
0.843475 0 0.865179 0 0.861064 0.248084 
0.843207 0 0.865764 0 0.861495 0.245005 
0.842918 0 0.866348 0 0.861999 0.24128 
0.842932 0 0.866587 0 0.862491 0.23689 
0.843285 0 0.866616 0 0.862834 0.231817 
0.843825 0 0.866579 0 0.86314 0.226048 
0.844541 0 0.866526 0 0.8634 0.219578 
0.845453 0 0.866399 1 0.863326 0.212415 
0.846669 0 0.866405 1 0.863256 0.202161 
0.848087 0 0.866571 1 0.8632 0.189824 
0.849805 0 0.866755 1 0.863057 0.176291 
0.851776 0 0.866909 1 0.862843 0.16218 
0.853905 0 0.867029 1 0.862587 0.147882 
0.856098 0 0.867136 1 0.862316 0.133619 
0.85833 0 0.867236 1 0.862016 0.119522 
0.860491 0 0.867383 0 0.861772 0.105666 
0.862725 0 0.867472 1 0.861453 0.0921586 
0.864981 0 0.867536 1 0.861112 0.078919 
0.86721 0 0.86759 0 0.860797 0.0659674 
0.869466 0 0.867611 1 0.860456 0.0533435 
0.871705 0 0.867606 0 0.860126 0.041007 
0.872471 0 0.868851 1 0.86102 0.0289814 
0.873361 0 0.869963 1 0.861762 0.0172261 
0.874311 0 0.871069 1 0.862398 0.00576072 
0.875256 0 0.872172 1 0.86302 -0.00541303 
0.876174 0 0.873264 1 0.863653 -0.0162788 
0.877038 0 0.874369 1 0.864334 -0.0268916 
0.877702 0 0.875626 1 0.865227 -0.0372706 
0.877832 0 0.877314 1 0.866756 -0.0473889 
0.877957 0 0.878972 1 0.868252 -0.0572547 
0.878077 0 0.880599 0 0.869714 -0.0668747 
0.878193 0 0.882192 0 0.871149 -0.0762537 
0.87883 0 0.883742 1 0.871461 -0.0853987 
0.87954 0 0.885182 1 0.871786 -0.0943147 
0.880372 0 0.886548 0 0.87194 -0.103008 
0.881237 0 0.887877 0 0.871971 -0.111484 
0.882135 0 0.889139 0 0.871916 -0.119748 
0.883866 1 0.88921 0 0.871746 -0.127804 
0.885623 1 0.889277 0 0.871478 -0.135656 
0.887393 0 0.88933 0 0.871136 -0.14331 
0.889222 0 0.889088 0 0.87051 -0.150772 
0.891149 0 0.888658 0 0.869795 -0.158044 
0.893254 0 0.888075 0 0.869059 -0.165131 
0.895408 0 0.887449 0 0.868246 -0.172038 
0.897604 0 0.886749 0 0.867335 -0.178768 
0.899227 0 0.886675 1 0.866648 -0.185325 
0.900462 0 0.886968 1 0.866554 -0.191726 
0.901689 0 0.887231 0 0.866429 -0.197972 
0.901829 0 0.888253 0 0.867547 -0.204057 
0.90189 0 0.889388 0 0.868698 -0.209986 
0.901956 0 0.890539 0 0.869845 -0.215761 
0.901998 0 0.891706 0 0.870986 -0.221385 
0.902042 0 0.892838 0 0.872099 -0.22686 
0.902085 0 0.893938 0 0.873186 -0.232188 
0.902917 1 0.894138 0 0.873678 -0.237374 
0.903503 1 0.894578 0 0.87428 -0.24241 
0.904018 1 0.895045 0 0.874894 -0.247284 
0.904513 1 0.895495 0 0.875491 -0.251969 
0.904976 1 0.895957 1 0.875968 -0.256487 
0.90545 1 0.896395 1 0.876437 -0.260916 
0.90595 1 0.896802 1 0.876919 -0.26526 
0.906448 1 0.897188 1 0.8774 -0.269537 
0.90691 1 0.897575 1 0.877896 -0.273751 
0.907383 1 0.89793 1 0.878386 -0.27785 
0.907851 1 0.898277 1 0.878858 -0.281885 
0.908306 1 0.898621 1 0.879307 -0.285808 
