0.628787 0 0.715746 0 0.715743 0.500001 
0.628984 0 0.716787 0 0.717286 0.498935 
0.629327 0 0.717981 0 0.719223 0.497819 
0.629704 0 0.719299 0 0.721385 0.496634 
0.630278 0 0.721034 0 0.723734 0.495364 
0.630857 0 0.722922 0 0.726244 0.493999 
0.631434 0 0.724979 0 0.728934 0.492534 
0.632015 0 0.727236 0 0.731826 0.490971 
0.6326 0 0.729706 0 0.734937 0.489318 
0.633182 0 0.73238 0 0.738268 0.487583 
0.633763 0 0.735245 0 0.741806 0.48578 
0.634349 0 0.738287 0 0.745529 0.483924 
0.634941 0 0.741472 0 0.749403 0.482029 
0.635532 0 0.744757 0 0.753393 0.480111 
0.636125 0 0.748108 0 0.757467 0.478188 
0.636727 0 0.751506 0 0.761594 0.476275 
0.637337 0 0.754924 0 0.765746 0.474387 
0.637949 0 0.758335 0 0.769902 0.472537 
0.638564 0 0.761721 0 0.774047 0.470736 
0.639189 0 0.765081 0 0.778167 0.468993 
0.639824 0 0.768405 0 0.782249 0.467317 
0.640668 0 0.772235 0 0.786044 0.465713 
0.641621 0 0.776257 0 0.789676 0.464185 
0.642577 0 0.780301 0 0.793125 0.462737 
0.643508 0 0.78429 0 0.796465 0.461369 
0.644575 0 0.788347 0 0.799772 0.460083 
0.645643 0 0.792334 0 0.803003 0.458878 
0.646721 0 0.796261 0 0.806157 0.457754 
0.647807 0 0.800126 0 0.809233 0.45671 
0.648894 0 0.803921 0 0.812233 0.455743 
0.649985 0 0.807647 0 0.815161 0.454852 
0.651085 0 0.811314 0 0.818014 0.454033 
0.652194 0 0.814923 0 0.820794 0.453286 
0.653305 0 0.818466 0 0.823504 0.452607 
0.65425 0 0.821897 0 0.826023 0.451993 
0.655205 0 0.825279 0 0.828478 0.451442 
0.656213 0 0.828573 0 0.830939 0.45095 
0.657237 0 0.831823 0 0.833325 0.450515 
0.658264 0 0.835024 0 0.835634 0.450134 
0.659189 0 0.838024 0 0.837931 0.449805 
0.660041 0 0.840908 0 0.840146 0.449523 
0.660832 0 0.843707 0 0.842262 0.449288 
0.661583 0 0.846442 0 0.844289 0.449096 
0.662317 0 0.849133 0 0.846239 0.448945 
0.663042 0 0.85178 0 0.848122 0.448832 
0.663756 0 0.854375 0 0.849949 0.448755 
0.664461 0 0.856918 0 0.851722 0.448712 
0.665163 0 0.859419 0 0.85344 0.4487 
0.665861 0 0.86188 0 0.8551 0.448718 
0.666547 0 0.864293 0 0.856706 0.448763 
0.667224 0 0.866661 0 0.85826 0.448833 
0.667899 0 0.868993 0 0.85976 0.448927 
0.668569 0 0.871291 0 0.861205 0.449041 
0.66923 0 0.873548 0 0.8626 0.449176 
0.669882 0 0.875764 0 0.863946 0.449328 
0.670532 0 0.877949 0 0.865241 0.449497 
0.67118 0 0.880105 0 0.866485 0.449681 
0.671818 0 0.882224 0 0.86768 0.449877 
0.672447 0 0.884307 0 0.868828 0.450085 
0.673076 0 0.886364 0 0.869927 0.450303 
0.673702 0 0.888396 0 0.870975 0.450529 
0.67432 0 0.890394 0 0.871978 0.450763 
0.67493 0 0.89236 0 0.872934 0.451003 
0.675539 0 0.894304 0 0.873843 0.451247 
0.676146 0 0.896225 0 0.874702 0.451495 
0.676745 0 0.898117 0 0.875516 0.451744 
0.677337 0 0.899979 0 0.876285 0.451994 
0.677928 0 0.901822 0 0.877007 0.452244 
0.678519 0 0.903645 0 0.877679 0.452492 
0.679101 0 0.905441 0 0.878307 0.452737 
0.679676 0 0.907209 0 0.878891 0.452978 
0.680252 0 0.90896 0 0.879428 0.453213 
0.680827 0 0.910693 0 0.879915 0.453441 
0.681394 0 0.912399 0 0.880358 0.453661 
0.681954 0 0.91408 0 0.880758 0.453872 
0.682515 0 0.915744 0 0.881109 0.454071 
0.683075 0 0.917392 0 0.881412 0.454258 
0.683627 0 0.919013 0 0.881669 0.45443 
0.684174 0 0.920609 0 0.881884 0.454587 
0.68472 0 0.922189 0 0.88205 0.454725 
0.685266 0 0.923751 0 0.882167 0.454844 
0.685804 0 0.925287 0 0.88224 0.454941 
0.686087 1 0.925357 0 0.883426 0.455006 
0.686311 1 0.925038 0 0.885167 0.454811 
0.686509 1 0.924604 0 0.886973 0.454306 
0.686723 1 0.924243 0 0.888631 0.45341 
0.686935 1 0.923877 0 0.890269 0.452033 
0.687146 0 0.92351 0 0.891891 0.450063 
0.687355 0 0.923133 0 0.89349 0.44794 
0.687563 0 0.922747 0 0.895067 0.445646 
0.687769 0 0.922354 0 0.896625 0.443157 
0.687973 0 0.921954 0 0.898162 0.440451 
0.688176 0 0.921547 0 0.899681 0.437502 
0.688378 0 0.921135 0 0.901181 0.434282 
0.688642 0 0.920817 0 0.90253 0.430763 
0.688933 0 0.92054 0 0.903809 0.426914 
0.68923 0 0.920272 0 0.905057 0.422703 
0.689533 0 0.920013 0 0.906279 0.418095 
0.689849 0 0.919769 0 0.907465 0.413055 
0.690183 0 0.919546 0 0.90861 0.407546 
0.690537 0 0.919346 0 0.909715 0.401533 
0.690911 0 0.919167 0 0.910778 0.394976 
0.691304 0 0.919007 0 0.9118 0.387842 
0.691716 0 0.918864 0 0.912777 0.380097 
0.692146 0 0.918735 0 0.913707 0.371713 
0.692595 0 0.918617 0 0.914584 0.362667 
0.693464 1 0.918296 0 0.915669 0.352937 
0.694467 1 0.917961 0 0.9167 0.341542 
0.694954 1 0.917106 0 0.918143 0.328625 
0.695065 0 0.915682 0 0.919823 0.314444 
0.696189 0 0.916157 1 0.919682 0.299908 
0.697601 0 0.917154 1 0.919313 0.285278 
0.699373 1 0.916963 1 0.919371 0.270576 
0.70127 1 0.916916 1 0.919387 0.255416 
0.703285 1 0.916901 1 0.91943 0.239958 
0.705374 1 0.916886 1 0.919469 0.224375 
0.707548 1 0.916879 1 0.919448 0.208797 
0.70979 1 0.916876 1 0.919416 0.193323 
0.712088 1 0.916874 1 0.919381 0.178022 
0.714429 1 0.916873 1 0.919346 0.162942 
0.716804 1 0.916871 1 0.919309 0.148133 
0.719202 1 0.916869 1 0.919272 0.133608 
0.721618 1 0.916867 1 0.919233 0.119386 
0.724043 1 0.916864 1 0.919194 0.105474 
0.726472 1 0.916861 1 0.919154 0.0918798 
0.7289 1 0.916858 1 0.919114 0.0785962 
0.731322 1 0.916854 1 0.919073 0.0656283 
0.733735 1 0.916851 1 0.919032 0.0529753 
0.736135 1 0.916848 1 0.918991 0.0406241 
0.738519 1 0.916844 1 0.91895 0.0285749 
0.740885 1 0.916841 1 0.91891 0.0168237 
0.74323 1 0.916837 1 0.918869 0.00536123 
0.745552 1 0.916834 1 0.918829 -0.00581742 
0.74785 1 0.916831 1 0.918789 -0.0167209 
0.750121 1 0.916828 1 0.918749 -0.0273502 
0.752364 1 0.916825 1 0.91871 -0.0377166 
0.754579 1 0.916822 1 0.918671 -0.0478243 
0.756763 1 0.91682 1 0.918633 -0.0576818 
0.758916 1 0.916817 1 0.918595 -0.0672931 
0.761038 1 0.916815 1 0.918557 -0.0766631 
0.763126 1 0.916813 1 0.918521 -0.0857994 
0.765182 1 0.916811 1 0.918485 -0.0947055 
0.767205 1 0.916809 1 0.918449 -0.103392 
0.769193 1 0.916808 1 0.918414 -0.111859 
0.771147 1 0.916807 1 0.91838 -0.120115 
0.773067 1 0.916806 1 0.918347 -0.128165 
0.774952 1 0.916805 1 0.918314 -0.136015 
0.776803 1 0.916804 1 0.918281 -0.143668 
0.778619 1 0.916804 1 0.91825 -0.151129 
0.7804 1 0.916803 1 0.918219 -0.158401 
0.782146 1 0.916803 1 0.918188 -0.165495 
0.783858 1 0.916803 1 0.918159 -0.172411 
0.785522 1 0.916758 1 0.918107 -0.17915 
0.787178 1 0.916773 1 0.918084 -0.185727 
0.78879 1 0.916777 1 0.918081 -0.192137 
0.790352 1 0.916788 1 0.91807 -0.198388 
0.791868 1 0.916794 1 0.918051 -0.204481 
0.793349 1 0.916797 1 0.918027 -0.210424 
0.794796 1 0.916801 1 0.918003 -0.216216 
0.79621 1 0.916805 1 0.917979 -0.221866 
0.797592 1 0.916809 1 0.917955 -0.227373 
0.798942 1 0.916813 1 0.917932 -0.232743 
0.800259 1 0.916817 1 0.91791 -0.237979 
0.801546 1 0.916821 1 0.917888 -0.243084 
0.802802 1 0.916825 1 0.917866 -0.248061 
0.804027 1 0.916828 1 0.917844 -0.252914 
0.805222 1 0.916832 1 0.917823 -0.257645 
0.806388 1 0.916835 1 0.917803 -0.262257 
0.807513 1 0.916835 1 0.917779 -0.266755 
0.808609 1 0.916836 1 0.917753 -0.27114 
0.809706 1 0.916839 1 0.91774 -0.275415 
0.810773 1 0.91685 1 0.917733 -0.279583 
0.811806 1 0.916861 1 0.917722 -0.283647 
0.812805 1 0.916869 1 0.917707 -0.287609 
0.813774 1 0.916875 1 0.917689 -0.291472 
0.814716 1 0.916878 1 0.91767 -0.295238 
0.815632 1 0.91688 1 0.917651 -0.29891 
0.816525 1 0.916882 1 0.917632 -0.302492 
0.817394 1 0.916884 1 0.917614 -0.305984 
0.81824 1 0.916886 1 0.917597 -0.309387 
0.819062 1 0.916888 1 0.91758 -0.312706 
0.819861 1 0.91689 1 0.917562 -0.315943 
0.820637 1 0.916891 1 0.917545 -0.319098 
0.821391 1 0.916892 1 0.917527 -0.322174 
0.822122 1 0.916892 1 0.917509 -0.325174 
0.822832 1 0.916892 1 0.917492 -0.328098 
0.82352 1 0.916891 1 0.917474 -0.330948 
0.824188 1 0.91689 1 0.917455 -0.333728 
0.824836 1 0.916888 1 0.917437 -0.336438 
0.825464 1 0.916886 1 0.917419 -0.33908 
