0.249399 0 0.37358 0 0.373579 0.500001 
0.249377 0 0.37494 0 0.374549 0.49869 
0.249384 0 0.376718 0 0.375689 0.495891 
0.249465 0 0.37904 0 0.377019 0.490341 
0.249603 0 0.3818 0 0.378623 0.480798 
0.249786 0 0.384922 0 0.380515 0.467033 
0.249675 0 0.387808 0 0.382492 0.449987 
0.250019 0 0.391535 0 0.384916 0.43095 
0.24993 0 0.394882 0 0.386921 0.410946 
0.249838 0 0.398211 0 0.388906 0.390626 
0.249744 0 0.401455 0 0.390805 0.370361 
0.250083 0 0.405104 0 0.392936 0.350355 
0.250426 0 0.408574 0 0.394894 0.330713 
0.250441 0 0.411502 0 0.396297 0.311486 
0.250456 0 0.414225 0 0.397502 0.292698 
0.250478 0 0.416748 0 0.398512 0.274357 
0.250853 0 0.419421 0 0.39966 0.256463 
0.251226 0 0.421872 0 0.400603 0.239008 
0.251416 0 0.423905 0 0.401212 0.221986 
0.251765 0 0.425732 0 0.401969 0.205387 
0.252224 0 0.427403 0 0.402737 0.189202 
0.252757 0 0.428919 0 0.403467 0.17342 
0.253161 0 0.43017 0 0.403913 0.158033 
0.253805 0 0.431505 0 0.404394 0.14303 
0.254363 0 0.432602 0 0.404704 0.128401 
0.255059 0 0.433605 0 0.405108 0.114139 
0.25585 0 0.434526 0 0.405541 0.100232 
0.256715 0 0.435373 0 0.405971 0.0866737 
0.25763 0 0.436139 0 0.406373 0.073454 
0.258572 0 0.436812 0 0.406729 0.0605646 
0.25953 0 0.437396 0 0.407032 0.0479974 
0.260503 0 0.4379 0 0.407282 0.0357444 
0.261484 0 0.438328 0 0.407476 0.0237976 
0.262461 0 0.438675 0 0.40761 0.0121494 
0.263432 0 0.438949 0 0.407686 0.000792454 
0.2644 0 0.439161 0 0.40771 -0.0102806 
0.265363 0 0.439316 0 0.407683 -0.0210769 
0.266312 0 0.43941 0 0.407604 -0.0316034 
0.267248 0 0.439451 0 0.407477 -0.0418667 
0.268175 0 0.43945 0 0.407311 -0.0518734 
0.269093 0 0.439411 0 0.407106 -0.06163 
0.269994 0 0.439331 0 0.406864 -0.0711428 
0.27088 0 0.439216 0 0.406588 -0.0804177 
0.271758 0 0.439077 0 0.406285 -0.0894607 
0.272625 0 0.438918 0 0.405959 -0.0982778 
0.273475 0 0.438734 0 0.405608 -0.106874 
0.274311 0 0.438531 0 0.405236 -0.115256 
0.275139 0 0.438318 0 0.40485 -0.123428 
0.275957 0 0.438099 0 0.404452 -0.131396 
0.27676 0 0.437868 0 0.404039 -0.139165 
0.277549 0 0.437629 0 0.403616 -0.146739 
0.278331 0 0.437393 0 0.403189 -0.154125 
0.279105 0 0.43716 0 0.402758 -0.161325 
0.279864 0 0.436924 0 0.402321 -0.168346 
0.280611 0 0.43669 0 0.401881 -0.175191 
0.281352 0 0.436466 0 0.401444 -0.181865 
0.282086 0 0.436253 0 0.401009 -0.188372 
0.282807 0 0.436045 0 0.400573 -0.194716 
0.283517 0 0.435844 0 0.40014 -0.200902 
0.284222 0 0.435658 0 0.399713 -0.206933 
0.284921 0 0.435489 0 0.399294 -0.212813 
0.285607 0 0.435329 0 0.398877 -0.218547 
0.286284 0 0.43518 0 0.398465 -0.224137 
0.286956 0 0.435052 0 0.398064 -0.229587 
0.287624 0 0.434942 0 0.397671 -0.234901 
0.28828 0 0.434844 0 0.397284 -0.240082 
0.288927 0 0.434761 0 0.396903 -0.245134 
0.289571 0 0.4347 0 0.396534 -0.250059 
0.290211 0 0.434659 0 0.396174 -0.254861 
0.290841 0 0.434633 0 0.395821 -0.259543 
0.291461 0 0.434622 0 0.395475 -0.264108 
0.29208 0 0.434635 0 0.395141 -0.26856 
0.292695 0 0.43467 0 0.394817 -0.272899 
0.2933 0 0.43472 0 0.394499 -0.27713 
0.293897 0 0.434786 0 0.394189 -0.281256 
0.294493 0 0.434876 0 0.393889 -0.285278 
0.295085 0 0.434988 0 0.393599 -0.2892 
0.295668 0 0.435116 0 0.393314 -0.293024 
0.296244 0 0.43526 0 0.393036 -0.296752 
0.296818 0 0.435427 0 0.392768 -0.300387 
0.29739 0 0.435618 0 0.392508 -0.303931 
0.297952 0 0.435823 0 0.392253 -0.307386 
0.298508 0 0.436044 0 0.392002 -0.310755 
0.299062 0 0.436289 0 0.39176 -0.31404 
0.299388 0 0.436005 0 0.391266 -0.317243 
0.299536 0 0.435382 0 0.390582 -0.320366 
0.29959 0 0.434623 0 0.389843 -0.32341 
0.299669 0 0.433921 0 0.389141 -0.326379 
0.299769 0 0.433268 0 0.388474 -0.329273 
0.299881 0 0.432657 0 0.387836 -0.332095 
0.300006 0 0.43209 0 0.387229 -0.334846 
0.30015 0 0.431573 0 0.386655 -0.337529 
0.300311 0 0.431105 0 0.386114 -0.340144 
0.300482 0 0.430678 0 0.385599 -0.342694 
0.300664 0 0.430294 0 0.385113 -0.345181 
0.300865 0 0.429958 0 0.38466 -0.347605 
0.301082 0 0.429671 0 0.384237 -0.349968 
0.301309 0 0.429424 0 0.383841 -0.352273 
0.301548 0 0.429218 0 0.383472 -0.35452 
0.301805 0 0.429062 0 0.383135 -0.35671 
0.302079 0 0.428953 0 0.382828 -0.358846 
0.302364 0 0.428883 0 0.382546 -0.360929 
0.30266 0 0.428855 0 0.382291 -0.36296 
0.302974 0 0.428874 0 0.382066 -0.364939 
0.303231 0 0.428765 0 0.381829 -0.366869 
0.303431 0 0.428536 0 0.381562 -0.368752 
0.303594 0 0.428237 0 0.381283 -0.370586 
0.303744 0 0.427924 0 0.381016 -0.372375 
0.303894 0 0.427625 0 0.380772 -0.37412 
0.304045 0 0.427345 0 0.380548 -0.37582 
0.3042 0 0.427086 0 0.380346 -0.377479 
0.304366 0 0.426852 0 0.380166 -0.379095 
0.304541 0 0.426637 0 0.380006 -0.380672 
0.304718 0 0.426433 0 0.379861 -0.382209 
0.304899 0 0.426239 0 0.379732 -0.383707 
0.305089 0 0.426065 0 0.379624 -0.385168 
0.305287 0 0.425908 0 0.379535 -0.386593 
0.305488 0 0.425763 0 0.379461 -0.387982 
0.305693 0 0.425629 0 0.379404 -0.389336 
0.305907 0 0.425516 0 0.379367 -0.390656 
0.30613 0 0.425419 0 0.379349 -0.391943 
0.306354 0 0.425332 0 0.379345 -0.393199 
0.306582 0 0.425256 0 0.379357 -0.394422 
0.306819 0 0.425198 0 0.379388 -0.395615 
0.307064 0 0.425156 0 0.379438 -0.396779 
0.30731 0 0.425122 0 0.3795 -0.397913 
0.307558 0 0.425098 0 0.379578 -0.399019 
0.307752 0 0.424978 0 0.379587 -0.400097 
0.307902 0 0.424784 0 0.379525 -0.401149 
0.30803 0 0.424547 0 0.379447 -0.402174 
0.308149 0 0.424312 0 0.379363 -0.403173 
0.308271 0 0.424102 0 0.379285 -0.404147 
0.308399 0 0.423921 0 0.379218 -0.405097 
0.308527 0 0.423757 0 0.379158 -0.406024 
0.308657 0 0.423611 0 0.379107 -0.406927 
0.308795 0 0.423485 0 0.379067 -0.407807 
0.308938 0 0.423377 0 0.379034 -0.408666 
0.30908 0 0.42328 0 0.379004 -0.409503 
0.309223 0 0.423194 0 0.378977 -0.410319 
0.309372 0 0.423128 0 0.378957 -0.411115 
0.309527 0 0.42308 0 0.378944 -0.411891 
0.309658 0 0.422975 0 0.378895 -0.412647 
0.309775 0 0.422844 0 0.378837 -0.413385 
0.309893 0 0.422718 0 0.378788 -0.414104 
0.310014 0 0.422608 0 0.378749 -0.414805 
0.310134 0 0.422505 0 0.378714 -0.415489 
0.310252 0 0.422407 0 0.378681 -0.416155 
0.310373 0 0.422316 0 0.378652 -0.416805 
0.310495 0 0.422232 0 0.378624 -0.417439 
0.310612 0 0.422145 0 0.378595 -0.418056 
0.310725 0 0.422058 0 0.378565 -0.418659 
0.310841 0 0.421976 0 0.378541 -0.419246 
0.310958 0 0.4219 0 0.378519 -0.419818 
0.311069 0 0.421822 0 0.378497 -0.420377 
0.311177 0 0.421742 0 0.378475 -0.420921 
0.311288 0 0.421669 0 0.378457 -0.421452 
0.311399 0 0.4216 0 0.378441 -0.421969 
0.311505 0 0.421529 0 0.378424 -0.422474 
0.311607 0 0.421456 0 0.378407 -0.422966 
0.311712 0 0.421389 0 0.378393 -0.423445 
0.311818 0 0.421327 0 0.378382 -0.423913 
0.311918 0 0.421261 0 0.378369 -0.424369 
0.312015 0 0.421194 0 0.378355 -0.424813 
0.312114 0 0.421133 0 0.378344 -0.425247 
0.312213 0 0.421075 0 0.378335 -0.425669 
0.312308 0 0.421015 0 0.378324 -0.426081 
0.312398 0 0.420952 0 0.378313 -0.426483 
0.312491 0 0.420894 0 0.378304 -0.426875 
0.312584 0 0.42084 0 0.378297 -0.427256 
0.312672 0 0.420783 0 0.378287 -0.427629 
0.312757 0 0.420723 0 0.378276 -0.427992 
0.312843 0 0.420668 0 0.378268 -0.428346 
0.31293 0 0.420616 0 0.378261 -0.428691 
0.313012 0 0.42056 0 0.378252 -0.429027 
0.313089 0 0.420502 0 0.378241 -0.429355 
0.313169 0 0.420448 0 0.378233 -0.429675 
0.313249 0 0.420398 0 0.378225 -0.429987 
0.313324 0 0.420343 0 0.378215 -0.430291 
0.313395 0 0.420285 0 0.378203 -0.430587 
0.313467 0 0.420232 0 0.378193 -0.430876 
0.313541 0 0.420181 0 0.378184 -0.431158 
0.313608 0 0.420126 0 0.378172 -0.431433 
0.313672 0 0.420067 0 0.378158 -0.431701 
0.313737 0 0.420012 0 0.378146 -0.431962 
0.313803 0 0.41996 0 0.378134 -0.432217 
0.313864 0 0.419903 0 0.378119 -0.432465 
0.31392 0 0.419842 0 0.378102 -0.432707 
0.313977 0 0.419785 0 0.378086 -0.432943 
0.314036 0 0.41973 0 0.378071 -0.433173 
0.314088 0 0.41967 0 0.378052 -0.433397 
0.314136 0 0.419606 0 0.37803 -0.433616 
0.314185 0 0.419546 0 0.37801 -0.43383 
0.314235 0 0.419487 0 0.37799 -0.434037 
0.314279 0 0.419422 0 0.377966 -0.43424 
0.314318 0 0.419353 0 0.37794 -0.434438 
0.314358 0 0.419287 0 0.377914 -0.434631 
0.314399 0 0.419222 0 0.377888 -0.434819 
0.314434 0 0.419152 0 0.377858 -0.435002 
0.314463 0 0.419077 0 0.377825 -0.435181 
0.314494 0 0.419004 0 0.377792 -0.435355 
0.314525 0 0.418932 0 0.377759 -0.435525 
0.314549 0 0.418854 0 0.377721 -0.43569 
0.314568 0 0.41877 0 0.37768 -0.435852 
0.314588 0 0.418689 0 0.37764 -0.436009 
0.314608 0 0.418608 0 0.377598 -0.436163 
0.314621 0 0.418521 0 0.377552 -0.436312 
0.314629 0 0.418427 0 0.377502 -0.436458 
0.314637 0 0.418336 0 0.377452 -0.436601 
0.314645 0 0.418244 0 0.3774 -0.436739 
0.314646 0 0.418145 0 0.377344 -0.436874 
0.314641 0 0.41804 0 0.377283 -0.437006 
0.314636 0 0.417936 0 0.377222 -0.437135 
0.31463 0 0.417832 0 0.37716 -0.43726 
0.314617 0 0.417719 0 0.377091 -0.437382 
0.314598 0 0.417601 0 0.377019 -0.437502 
0.314579 0 0.417482 0 0.376945 -0.437618 
0.314559 0 0.417363 0 0.37687 -0.437731 
0.314531 0 0.417235 0 0.376789 -0.437841 
0.314496 0 0.417101 0 0.376703 -0.437949 
0.314462 0 0.416966 0 0.376616 -0.438054 
0.314425 0 0.41683 0 0.376526 -0.438156 
0.31438 0 0.416685 0 0.37643 -0.438256 
0.314329 0 0.416532 0 0.37633 -0.438354 
0.314277 0 0.416379 0 0.376227 -0.438448 
0.314223 0 0.416224 0 0.376123 -0.438541 
0.31416 0 0.416059 0 0.376011 -0.438631 
0.314091 0 0.415887 0 0.375894 -0.438719 
0.31402 0 0.415713 0 0.375776 -0.438805 
0.313947 0 0.415537 0 0.375655 -0.438888 
0.313865 0 0.415351 0 0.375527 -0.43897 
0.313776 0 0.415157 0 0.375394 -0.439049 
0.313686 0 0.414962 0 0.375258 -0.439127 
0.313593 0 0.414763 0 0.37512 -0.439202 
0.313491 0 0.414555 0 0.374975 -0.439276 
0.313381 0 0.414338 0 0.374824 -0.439348 
0.31327 0 0.414119 0 0.374672 -0.439418 
0.313156 0 0.413897 0 0.374516 -0.439486 
0.313033 0 0.413665 0 0.374353 -0.439553 
0.312902 0 0.413424 0 0.374185 -0.439617 
0.31277 0 0.413181 0 0.374015 -0.439681 
0.312635 0 0.412934 0 0.373842 -0.439743 
0.31249 0 0.412677 0 0.373662 -0.439803 
0.312338 0 0.412412 0 0.373477 -0.439861 
0.312184 0 0.412144 0 0.37329 -0.439919 
0.312027 0 0.411873 0 0.373101 -0.439974 
0.311861 0 0.411592 0 0.372904 -0.440029 
0.311688 0 0.411302 0 0.372703 -0.440082 
0.311513 0 0.41101 0 0.3725 -0.440133 
0.311335 0 0.410715 0 0.372295 -0.440184 
0.311149 0 0.41041 0 0.372083 -0.440233 
0.310955 0 0.410096 0 0.371867 -0.440281 
0.31076 0 0.40978 0 0.371649 -0.440327 
0.310562 0 0.409462 0 0.37143 -0.440373 
0.310356 0 0.409134 0 0.371204 -0.440417 
0.310143 0 0.408798 0 0.370975 -0.44046 
0.309929 0 0.408461 0 0.370744 -0.440503 
0.309713 0 0.408121 0 0.370513 -0.440544 
0.309489 0 0.407772 0 0.370275 -0.440583 
0.309258 0 0.407415 0 0.370034 -0.440622 
0.309028 0 0.407057 0 0.369793 -0.44066 
0.308795 0 0.406698 0 0.369551 -0.440697 
0.308555 0 0.40633 0 0.369304 -0.440733 
0.308309 0 0.405955 0 0.369053 -0.440768 
0.308064 0 0.40558 0 0.368803 -0.440802 
0.307817 0 0.405204 0 0.368553 -0.440835 
0.307564 0 0.40482 0 0.368298 -0.440867 
0.307305 0 0.404429 0 0.36804 -0.440899 
0.307047 0 0.404039 0 0.367784 -0.440929 
0.306789 0 0.403648 0 0.367527 -0.440958 
0.306524 0 0.40325 0 0.367267 -0.440987 
0.306255 0 0.402846 0 0.367004 -0.441014 
0.305986 0 0.402443 0 0.366743 -0.44104 
0.305719 0 0.40204 0 0.366483 -0.441066 
0.305445 0 0.401631 0 0.366219 -0.44109 
0.305167 0 0.401216 0 0.365953 -0.441113 
0.30489 0 0.400803 0 0.36569 -0.441135 
0.304615 0 0.400391 0 0.365427 -0.441155 
0.304333 0 0.399973 0 0.365162 -0.441174 
0.304048 0 0.399549 0 0.364895 -0.441191 
0.303765 0 0.399128 0 0.364631 -0.441207 
0.303483 0 0.398708 0 0.364369 -0.44122 
0.303196 0 0.398283 0 0.364104 -0.44123 
0.302905 0 0.397853 0 0.363839 -0.441238 
0.302617 0 0.397426 0 0.363577 -0.441243 
0.30233 0 0.397001 0 0.363318 -0.441243 
0.302038 0 0.396571 0 0.363057 -0.441239 
0.301742 0 0.396137 0 0.362796 -0.441229 
0.301449 0 0.395707 0 0.36254 -0.441212 
0.301158 0 0.395279 0 0.362287 -0.441187 
0.300862 0 0.394848 0 0.362035 -0.441153 
0.300562 0 0.394414 0 0.361784 -0.441106 
0.300266 0 0.393986 0 0.36154 -0.441046 
0.299971 0 0.393561 0 0.361302 -0.440968 
0.299672 0 0.393136 0 0.361066 -0.44087 
0.29937 0 0.39271 0 0.360836 -0.440747 
0.299071 0 0.392292 0 0.360616 -0.440593 
0.298773 0 0.391883 0 0.360407 -0.440402 
0.298471 0 0.391476 0 0.360207 -0.440167 
0.298167 0 0.391075 0 0.360018 -0.439876 
0.297865 0 0.390689 0 0.359848 -0.43952 
0.297566 0 0.390319 0 0.359698 -0.439084 
0.297262 0 0.389962 0 0.359569 -0.43855 
0.296956 0 0.389622 0 0.359465 -0.437899 
0.296652 0 0.389312 0 0.359397 -0.437106 
0.296351 0 0.389036 0 0.359369 -0.436142 
0.296046 0 0.388793 0 0.359386 -0.434974 
0.295738 0 0.388593 0 0.359457 -0.43356 
0.295433 0 0.388453 0 0.359596 -0.431856 
0.29513 0 0.388381 0 0.359815 -0.429808 
0.294823 0 0.388383 0 0.360122 -0.427357 
0.294513 0 0.388473 0 0.360535 -0.424438 
0.294379 0 0.388873 0 0.361139 -0.420983 
0.294365 0 0.389558 0 0.361961 -0.416918 
0.294427 0 0.390489 0 0.362993 -0.412174 
0.294311 0 0.391372 0 0.364156 -0.406683 
0.294103 0 0.392233 0 0.365572 -0.400388 
0.293803 0 0.393092 0 0.367245 -0.393245 
0.293445 0 0.393993 0 0.369178 -0.385225 
0.292939 0 0.394945 0 0.371267 -0.376325 
0.292338 0 0.396026 0 0.373527 -0.366558 
0.2919 0 0.397354 0 0.376157 -0.355964 
0.291433 0 0.398843 0 0.379 -0.3446 
0.290958 0 0.400509 0 0.382023 -0.332539 
0.290655 0 0.402414 0 0.385339 -0.319865 
0.290469 0 0.404504 0 0.388903 -0.306668 
0.290272 0 0.406708 0 0.392586 -0.29304 
0.290067 0 0.409006 0 0.396367 -0.27907 
0.28986 0 0.411384 0 0.400232 -0.264842 
0.289649 0 0.413821 0 0.404159 -0.250434 
0.289654 0 0.416935 0 0.407805 -0.235916 
0.289818 0 0.420278 0 0.411482 -0.221348 
0.290073 0 0.423676 0 0.415199 -0.206785 
0.290482 0 0.427113 0 0.419119 -0.192272 
0.290753 0 0.430552 0 0.422829 -0.177849 
0.291179 0 0.433973 0 0.426694 -0.163549 
0.291468 0 0.437379 0 0.430365 -0.149401 
0.291905 0 0.440784 0 0.434144 -0.135429 
0.292332 0 0.444142 0 0.437873 -0.121652 
0.292754 0 0.44743 0 0.441554 -0.108088 
0.293178 0 0.450652 0 0.445187 -0.0947512 
0.293604 0 0.453807 0 0.448769 -0.0816526 
0.294027 0 0.456888 0 0.452295 -0.0688018 
0.294448 0 0.459895 0 0.455764 -0.0562065 
0.294872 0 0.462832 0 0.459177 -0.0438727 
0.295296 0 0.465694 0 0.462529 -0.0318056 
0.295715 0 0.468473 0 0.465815 -0.0200085 
0.296127 0 0.471168 0 0.469034 -0.00848459 
0.296539 0 0.473787 0 0.472191 0.00276412 
0.296949 0 0.476328 0 0.475283 0.0137361 
0.297552 0 0.479208 0 0.478865 0.0244306 
0.29827 0 0.482157 0 0.482546 0.0348462 
0.299019 0 0.485 0 0.486142 0.0449828 
0.299901 0 0.487808 0 0.48977 0.0548404 
0.300779 0 0.490538 0 0.493334 0.0644182 
0.301655 0 0.493194 0 0.496838 0.0737152 
0.302534 0 0.49579 0 0.500291 0.0827301 
0.303416 0 0.49833 0 0.503697 0.0914609 
0.304294 0 0.500811 0 0.507057 0.099905 
0.30517 0 0.503241 0 0.510376 0.108059 
0.305891 0 0.505557 0 0.513588 0.115919 
0.306614 0 0.507836 0 0.51677 0.123479 
0.307334 0 0.510073 0 0.519921 0.130735 
0.30805 0 0.512269 0 0.523041 0.137681 
0.308769 0 0.514434 0 0.526134 0.144308 
0.309491 0 0.516565 0 0.529197 0.150613 
0.310208 0 0.51865 0 0.532221 0.156587 
0.310922 0 0.520688 0 0.535203 0.162226 
0.311639 0 0.522682 0 0.538143 0.167524 
0.312394 0 0.524591 0 0.540987 0.172478 
0.313163 0 0.526428 0 0.543775 0.177084 
0.313923 0 0.528355 0 0.546593 0.181342 
0.314657 0 0.530207 0 0.549298 0.185253 
0.315452 0 0.531994 0 0.551971 0.188818 
0.316242 0 0.533703 0 0.554573 0.192043 
0.317028 0 0.535335 0 0.557101 0.194933 
0.317816 0 0.536897 0 0.559561 0.197496 
0.318491 0 0.538334 0 0.561886 0.199742 
0.31906 0 0.539618 0 0.563645 0.201683 
0.319483 0 0.540742 0 0.564982 0.203329 
0.319814 0 0.541756 0 0.566093 0.204695 
0.320059 0 0.542583 0 0.567151 0.205793 
0.320246 0 0.543281 0 0.568135 0.206638 
0.320432 0 0.543919 0 0.569057 0.207246 
0.320623 0 0.544507 0 0.569926 0.207631 
0.320792 0 0.54502 0 0.570753 0.20781 
0.320949 0 0.545543 0 0.571445 0.207798 
0.321087 0 0.546027 0 0.572021 0.207611 
0.321215 0 0.54647 0 0.572507 0.207265 
0.321337 0 0.546875 0 0.572923 0.206774 
0.321449 0 0.54724 0 0.573281 0.206155 
0.321556 0 0.547569 0 0.573593 0.20542 
0.321668 0 0.547874 0 0.573871 0.204585 
0.321782 0 0.548156 0 0.574115 0.203662 
0.321892 0 0.548408 0 0.574323 0.202664 
0.322 0 0.548634 0 0.574498 0.201605 
0.322113 0 0.548847 0 0.574651 0.200497 
0.322229 0 0.549049 0 0.574784 0.199352 
0.322344 0 0.549235 0 0.574896 0.198181 
0.322457 0 0.549409 0 0.574991 0.196995 
0.322578 0 0.549584 0 0.575081 0.195808 
0.322705 0 0.549762 0 0.575166 0.194629 
0.322833 0 0.549939 0 0.575247 0.19347 
0.322963 0 0.55012 0 0.575328 0.192345 
0.323104 0 0.550318 0 0.575421 0.191265 
0.323256 0 0.550537 0 0.575529 0.190243 
0.323413 0 0.550774 0 0.575651 0.189294 
0.3236 0 0.550983 0 0.575791 0.188433 
0.323806 0 0.551189 0 0.575952 0.187677 
0.324047 0 0.551431 0 0.576158 0.187042 
0.324311 0 0.551713 0 0.576417 0.186548 
0.324599 0 0.552049 0 0.576737 0.186217 
0.324917 0 0.552461 0 0.577132 0.186072 
0.325268 0 0.552959 0 0.577607 0.186136 
0.325649 0 0.553546 0 0.578166 0.186436 
0.326064 0 0.554232 0 0.578816 0.186999 
0.326523 0 0.555036 0 0.579574 0.187853 
0.327029 0 0.555967 0 0.580446 0.189023 
0.327578 0 0.557024 0 0.581432 0.190533 
0.328172 0 0.558215 0 0.58254 0.192405 
0.328821 0 0.559553 0 0.58378 0.194652 
0.329524 0 0.561037 0 0.58515 0.197282 
0.330271 0 0.562655 0 0.586642 0.200292 
0.330907 0 0.564188 0 0.588087 0.203672 
0.331424 0 0.565653 0 0.589479 0.207402 
0.331788 0 0.567024 0 0.590802 0.211453 
0.33206 0 0.568336 0 0.592089 0.215791 
0.332275 0 0.569612 0 0.593361 0.220378 
0.332459 0 0.570872 0 0.594629 0.225174 
0.33262 0 0.572117 0 0.595887 0.23014 
0.332754 0 0.573333 0 0.597121 0.235239 
0.332864 0 0.574517 0 0.598324 0.240435 
0.332959 0 0.575672 0 0.599494 0.245699 
0.333037 0 0.576791 0 0.600625 0.251001 
0.333093 0 0.577863 0 0.601708 0.256319 
0.333127 0 0.578887 0 0.602739 0.261633 
0.333147 0 0.579868 0 0.603723 0.266924 
0.333152 0 0.580804 0 0.604657 0.272179 
0.33342 0 0.582066 0 0.605797 0.277386 
0.333902 0 0.583564 0 0.607103 0.282534 
0.334502 0 0.58517 0 0.608489 0.287617 
0.335156 0 0.586807 0 0.609896 0.292627 
0.335824 0 0.588427 0 0.611289 0.29756 
0.336493 0 0.590012 0 0.612659 0.302411 
0.337162 0 0.591563 0 0.614006 0.307178 
0.337827 0 0.593074 0 0.615327 0.311858 
0.338478 0 0.594532 0 0.616614 0.316449 
0.339117 0 0.595939 0 0.617867 0.320951 
0.339611 0 0.597121 0 0.618957 0.325363 
0.339911 0 0.598077 0 0.619835 0.329684 
0.340095 0 0.598881 0 0.620569 0.333916 
0.340212 0 0.599582 0 0.621214 0.338057 
0.340297 0 0.600218 0 0.621803 0.342109 
0.340359 0 0.600801 0 0.622347 0.346072 
0.340397 0 0.601331 0 0.622841 0.349948 
0.340414 0 0.601812 0 0.623288 0.353738 
0.340417 0 0.602256 0 0.623693 0.357441 
0.340405 0 0.602664 0 0.624058 0.361061 
0.340371 0 0.603028 0 0.624378 0.364598 
0.340495 0 0.603564 0 0.624835 0.368054 
0.340703 0 0.60417 0 0.625368 0.371429 
0.340946 0 0.60479 0 0.62592 0.374726 
0.34119 0 0.605388 0 0.626457 0.377946 
0.341426 0 0.60596 0 0.62697 0.38109 
0.341659 0 0.606514 0 0.627464 0.38416 
0.341888 0 0.607051 0 0.627938 0.387157 
0.342106 0 0.607563 0 0.628389 0.390083 
0.342315 0 0.608051 0 0.628818 0.39294 
0.342523 0 0.608525 0 0.629234 0.395729 
0.342727 0 0.608985 0 0.629634 0.398451 
0.342922 0 0.609422 0 0.630015 0.401108 
0.343109 0 0.609838 0 0.630378 0.403702 
0.343294 0 0.610243 0 0.63073 0.406233 
0.343478 0 0.610636 0 0.63107 0.408704 
0.343653 0 0.61101 0 0.631393 0.411115 
0.34382 0 0.611365 0 0.6317 0.413468 
0.343986 0 0.611712 0 0.631999 0.415765 
0.344151 0 0.612049 0 0.632288 0.418007 
0.344308 0 0.612369 0 0.632562 0.420195 
0.344458 0 0.612673 0 0.632823 0.42233 
0.344608 0 0.612971 0 0.633078 0.424415 
0.344757 0 0.613262 0 0.633325 0.426449 
0.344899 0 0.613537 0 0.633558 0.428435 
0.345034 0 0.613798 0 0.633781 0.430373 
0.345169 0 0.614055 0 0.633999 0.432265 
0.345305 0 0.614306 0 0.634211 0.434112 
0.345433 0 0.614544 0 0.634411 0.435914 
0.345556 0 0.61477 0 0.634602 0.437674 
0.34568 0 0.614992 0 0.63479 0.439392 
0.345804 0 0.615211 0 0.634973 0.441069 
0.345922 0 0.615417 0 0.635147 0.442706 
0.346034 0 0.615613 0 0.635312 0.444304 
0.346148 0 0.615807 0 0.635475 0.445864 
0.346263 0 0.615998 0 0.635635 0.447387 
0.346372 0 0.616178 0 0.635786 0.448874 
0.346476 0 0.616348 0 0.635929 0.450325 
0.346583 0 0.616518 0 0.636072 0.451741 
0.346691 0 0.616686 0 0.636212 0.453123 
0.346792 0 0.616843 0 0.636344 0.454472 
0.34689 0 0.616992 0 0.636469 0.455789 
0.34699 0 0.617141 0 0.636594 0.457074 
0.347091 0 0.617288 0 0.636716 0.458328 
0.347186 0 0.617425 0 0.63683 0.459551 
0.347276 0 0.617554 0 0.636937 0.460744 
0.347369 0 0.617682 0 0.637042 0.461909 
0.347462 0 0.617809 0 0.637145 0.463045 
0.347547 0 0.617926 0 0.637237 0.464153 
0.347627 0 0.618033 0 0.63732 0.465234 
0.347707 0 0.618138 0 0.637399 0.466288 
0.347784 0 0.618241 0 0.637472 0.467317 
0.347852 0 0.618332 0 0.63753 0.46832 
0.34791 0 0.618411 0 0.637575 0.469298 
0.347963 0 0.618486 0 0.63761 0.470251 
0.348009 0 0.618555 0 0.637631 0.471181 
0.348038 0 0.618608 0 0.637629 0.472088 
0.34805 0 0.618645 0 0.637604 0.472972 
0.348048 0 0.618674 0 0.637557 0.473834 
0.348029 0 0.618692 0 0.637484 0.474674 
0.347982 0 0.618688 0 0.637375 0.475492 
0.347906 0 0.618662 0 0.637225 0.476289 
0.347803 0 0.618621 0 0.637037 0.477066 
0.34767 0 0.618563 0 0.636806 0.477823 
0.347594 0 0.618534 0 0.636646 0.47856 
0.347558 0 0.618527 0 0.63653 0.479277 
0.347558 0 0.618546 0 0.636448 0.479975 
0.347582 0 0.61859 0 0.636389 0.480653 
0.347619 0 0.618652 0 0.636344 0.481312 
0.347673 0 0.618741 0 0.636316 0.481951 
0.347753 0 0.618874 0 0.636316 0.482569 
0.347865 0 0.619062 0 0.636353 0.483165 
0.348006 0 0.619306 0 0.636426 0.483736 
0.348188 0 0.619616 0 0.636546 0.484279 
0.348415 0 0.620001 0 0.63672 0.484787 
0.348704 0 0.620472 0 0.636959 0.48525 
0.349026 0 0.620991 0 0.637236 0.485652 
0.349446 0 0.621625 0 0.637612 0.48597 
0.34986 0 0.62225 0 0.637987 0.486166 
0.350482 0 0.623158 0 0.638527 0.486184 
0.350861 0 0.623685 0 0.638873 0.485939 
0.351451 0 0.624553 0 0.639383 0.485307 
0.352179 0 0.625606 0 0.640001 0.484108 
0.352642 0 0.626217 0 0.640407 0.482101 
0.353285 0 0.627097 0 0.640928 0.478986 
0.354038 0 0.628088 0 0.641496 0.474435 
0.354539 0 0.628602 0 0.64182 0.468158 
0.35522 0 0.629291 0 0.642171 0.45998 
0.35601 0 0.629982 0 0.642456 0.449888 
0.356758 0 0.630373 0 0.642555 0.438029 
0.357592 0 0.630652 0 0.642484 0.424661 
0.358476 0 0.630734 0 0.642188 0.410087 
0.359381 0 0.630545 0 0.641639 0.394609 
0.360265 0 0.630013 0 0.640814 0.378492 
0.361169 0 0.629221 0 0.639713 0.36196 
0.362064 0 0.628128 0 0.638333 0.345192 
0.362911 0 0.626726 0 0.636657 0.328328 
0.363766 0 0.625084 0 0.634733 0.311475 
0.364622 0 0.623214 0 0.632583 0.294715 
0.36538 0 0.621689 0 0.630531 0.278108 
0.366012 0 0.619972 0 0.628208 0.261701 
0.366856 0 0.618281 0 0.625783 0.245528 
0.367701 0 0.616491 0 0.623244 0.229612 
0.368545 0 0.614617 0 0.620602 0.213971 
0.369381 0 0.612665 0 0.617867 0.198616 
0.370211 0 0.610651 0 0.615051 0.183553 
0.371042 0 0.608595 0 0.612175 0.168787 
0.371872 0 0.606509 0 0.609248 0.154318 
0.372695 0 0.604398 0 0.606278 0.140146 
0.373511 0 0.602273 0 0.603277 0.126267 
0.374329 0 0.600153 0 0.600261 0.112677 
0.375147 0 0.598046 0 0.597238 0.0993707 
0.375958 0 0.595953 0 0.594211 0.0863428 
0.376763 0 0.593881 0 0.59119 0.0735866 
0.377569 0 0.591846 0 0.588188 0.0610962 
0.378375 0 0.589851 0 0.585208 0.0488659 
0.379174 0 0.587896 0 0.582252 0.0368906 
0.379967 0 0.585986 0 0.579328 0.0251668 
0.380762 0 0.584134 0 0.576444 0.0136914 
0.381556 0 0.582343 0 0.573605 0.00246241 
0.382343 0 0.580608 0 0.570809 -0.008521 
0.383124 0 0.578936 0 0.568062 -0.0192597 
0.383905 0 0.577336 0 0.565371 -0.0297545 
0.384686 0 0.575809 0 0.562737 -0.0400064 
0.385459 0 0.57435 0 0.560158 -0.0500174 
0.386226 0 0.572962 0 0.557635 -0.0597896 
0.386993 0 0.571652 0 0.555175 -0.0693261 
0.387759 0 0.570418 0 0.552774 -0.0786305 
0.388517 0 0.569255 0 0.550429 -0.0877068 
0.389268 0 0.568162 0 0.54814 -0.0965595 
0.390019 0 0.567146 0 0.54591 -0.105193 
0.390768 0 0.566204 0 0.543735 -0.113613 
0.391509 0 0.565328 0 0.541612 -0.121823 
0.392242 0 0.564519 0 0.53954 -0.129829 
0.392744 0 0.563161 0 0.537234 -0.137635 
0.39305 0 0.561414 0 0.534795 -0.145247 
0.393215 0 0.559505 0 0.532311 -0.152668 
0.393507 0 0.557706 0 0.53019 -0.159905 
0.393882 0 0.556046 0 0.52825 -0.16696 
0.394312 0 0.554509 0 0.526435 -0.173839 
0.394772 0 0.553076 0 0.524718 -0.180547 
0.395254 0 0.551738 0 0.523086 -0.187087 
0.395754 0 0.550494 0 0.521535 -0.193463 
0.396269 0 0.54934 0 0.520058 -0.19968 
0.396787 0 0.548266 0 0.518649 -0.205742 
0.397308 0 0.54727 0 0.517304 -0.211652 
0.397838 0 0.546358 0 0.516027 -0.217414 
0.398375 0 0.545526 0 0.514812 -0.223032 
0.398911 0 0.544766 0 0.513655 -0.22851 
0.399449 0 0.544077 0 0.512555 -0.233851 
0.399993 0 0.543464 0 0.511515 -0.239058 
0.400544 0 0.542926 0 0.510531 -0.244136 
0.401094 0 0.542455 0 0.5096 -0.249086 
0.401646 0 0.542048 0 0.508721 -0.253912 
0.402205 0 0.541714 0 0.507896 -0.258618 
0.40277 0 0.541448 0 0.507123 -0.263206 
0.403336 0 0.541242 0 0.506397 -0.26768 
0.403902 0 0.541097 0 0.505718 -0.272042 
0.404477 0 0.541018 0 0.505088 -0.276294 
0.405058 0 0.541002 0 0.504505 -0.280441 
0.405639 0 0.541041 0 0.503964 -0.284483 
0.406222 0 0.541135 0 0.503465 -0.288425 
0.406812 0 0.541289 0 0.50301 -0.292268 
0.407186 0 0.540865 0 0.502299 -0.296015 
0.407418 0 0.540156 0 0.501435 -0.299668 
0.407592 0 0.539401 0 0.500558 -0.30323 
0.407799 0 0.538704 0 0.499757 -0.306703 
0.408025 0 0.538064 0 0.499011 -0.310089 
0.408262 0 0.537481 0 0.498313 -0.313391 
0.40851 0 0.536956 0 0.497661 -0.31661 
0.408773 0 0.536496 0 0.497058 -0.319748 
0.409049 0 0.536096 0 0.4965 -0.322808 
0.409333 0 0.535748 0 0.495981 -0.325792 
0.409623 0 0.535453 0 0.495502 -0.328701 
0.409927 0 0.535215 0 0.495065 -0.331537 
0.410243 0 0.535033 0 0.494667 -0.334302 
0.410453 0 0.534674 0 0.494152 -0.336998 
0.410599 0 0.534221 0 0.493583 -0.339627 
0.410722 0 0.533755 0 0.493014 -0.34219 
0.410835 0 0.533305 0 0.492464 -0.344689 
0.410929 0 0.532862 0 0.491935 -0.347125 
0.411011 0 0.532429 0 0.491426 -0.349501 
0.411093 0 0.532014 0 0.490941 -0.351817 
0.411183 0 0.531613 0 0.490463 -0.354076 
0.41127 0 0.531223 0 0.489997 -0.356277 
0.411355 0 0.530846 0 0.489543 -0.358424 
0.411442 0 0.530487 0 0.489106 -0.360517 
0.411529 0 0.530142 0 0.488683 -0.362558 
0.411608 0 0.529802 0 0.488269 -0.364548 
0.411681 0 0.529467 0 0.487865 -0.366488 
0.411755 0 0.529142 0 0.487474 -0.368379 
0.411827 0 0.528828 0 0.487094 -0.370223 
0.411892 0 0.528516 0 0.486723 -0.372022 
0.411952 0 0.528209 0 0.486361 -0.373775 
0.412013 0 0.527912 0 0.486011 -0.375484 
0.412073 0 0.527626 0 0.485672 -0.377151 
0.412127 0 0.527341 0 0.48534 -0.378776 
0.412176 0 0.527061 0 0.485015 -0.38036 
0.412226 0 0.52679 0 0.484702 -0.381905 
0.412277 0 0.526529 0 0.484398 -0.383411 
0.412322 0 0.52627 0 0.484101 -0.384879 
0.412362 0 0.526013 0 0.48381 -0.386311 
0.412405 0 0.525766 0 0.483531 -0.387707 
0.412448 0 0.525527 0 0.483259 -0.389068 
0.412486 0 0.52529 0 0.482994 -0.390395 
0.41252 0 0.525055 0 0.482734 -0.391689 
0.412556 0 0.524829 0 0.482485 -0.39295 
0.412594 0 0.524611 0 0.482243 -0.39418 
0.412627 0 0.524394 0 0.482006 -0.395379 
0.412657 0 0.524179 0 0.481775 -0.396549 
0.412689 0 0.523973 0 0.481553 -0.397689 
0.412723 0 0.523775 0 0.481338 -0.3988 
0.412753 0 0.523577 0 0.481127 -0.399884 
0.41278 0 0.52338 0 0.480922 -0.40094 
0.412811 0 0.523192 0 0.480724 -0.401971 
0.412843 0 0.523011 0 0.480534 -0.402975 
0.412872 0 0.522831 0 0.480348 -0.403954 
0.412897 0 0.522651 0 0.480165 -0.404909 
0.412927 0 0.52248 0 0.479991 -0.40584 
0.412959 0 0.522316 0 0.479823 -0.406748 
0.412987 0 0.522152 0 0.479658 -0.407633 
0.413013 0 0.521988 0 0.479497 -0.408496 
0.413043 0 0.521832 0 0.479343 -0.409337 
0.413076 0 0.521683 0 0.479195 -0.410158 
0.413105 0 0.521534 0 0.47905 -0.410957 
0.413132 0 0.521385 0 0.478908 -0.411737 
0.413164 0 0.521243 0 0.478773 -0.412498 
0.413198 0 0.521108 0 0.478644 -0.413239 
0.413229 0 0.520973 0 0.478516 -0.413962 
0.413259 0 0.520837 0 0.478391 -0.414666 
0.413292 0 0.520709 0 0.478273 -0.415353 
0.413329 0 0.520586 0 0.47816 -0.416023 
0.413362 0 0.520463 0 0.478049 -0.416676 
0.413394 0 0.520339 0 0.47794 -0.417313 
0.413431 0 0.520223 0 0.477837 -0.417934 
0.41347 0 0.520112 0 0.477738 -0.418539 
0.413507 0 0.52 0 0.477641 -0.41913 
0.413542 0 0.519887 0 0.477546 -0.419705 
0.413581 0 0.519781 0 0.477456 -0.420266 
0.413624 0 0.519681 0 0.477371 -0.420813 
0.413663 0 0.519579 0 0.477286 -0.421347 
0.413702 0 0.519476 0 0.477203 -0.421867 
0.413744 0 0.519379 0 0.477125 -0.422374 
0.41379 0 0.519288 0 0.477051 -0.422868 
0.413833 0 0.519194 0 0.476978 -0.42335 
0.413875 0 0.519099 0 0.476905 -0.42382 
0.413921 0 0.519011 0 0.476838 -0.424278 
0.41397 0 0.518927 0 0.476773 -0.424725 
0.414016 0 0.518841 0 0.476709 -0.425161 
0.414061 0 0.518753 0 0.476646 -0.425585 
0.41411 0 0.518671 0 0.476587 -0.425999 
0.414162 0 0.518594 0 0.476531 -0.426403 
0.414212 0 0.518514 0 0.476475 -0.426797 
0.41426 0 0.518432 0 0.476419 -0.427181 
0.414312 0 0.518356 0 0.476367 -0.427555 
0.414367 0 0.518283 0 0.476318 -0.42792 
0.414419 0 0.518208 0 0.476268 -0.428275 
0.41447 0 0.518131 0 0.476219 -0.428622 
0.414525 0 0.518058 0 0.476173 -0.42896 
0.414583 0 0.51799 0 0.476129 -0.42929 
0.414637 0 0.517918 0 0.476084 -0.429611 
0.41469 0 0.517844 0 0.476039 -0.429925 
0.414747 0 0.517774 0 0.475998 -0.43023 
0.414807 0 0.517708 0 0.475958 -0.430528 
0.414864 0 0.517638 0 0.475917 -0.430819 
0.414918 0 0.517565 0 0.475875 -0.431102 
0.414977 0 0.517497 0 0.475836 -0.431378 
0.415039 0 0.517432 0 0.475799 -0.431648 
0.415096 0 0.517363 0 0.47576 -0.43191 
0.415152 0 0.517291 0 0.47572 -0.432166 
0.415212 0 0.517222 0 0.475683 -0.432416 
0.415274 0 0.517157 0 0.475647 -0.432659 
0.415333 0 0.517087 0 0.475608 -0.432896 
0.415389 0 0.517013 0 0.475568 -0.433128 
0.415449 0 0.516943 0 0.475531 -0.433353 
0.415511 0 0.516876 0 0.475494 -0.433573 
0.415569 0 0.516803 0 0.475455 -0.433787 
0.415624 0 0.516727 0 0.475413 -0.433996 
0.415683 0 0.516654 0 0.475374 -0.4342 
0.415743 0 0.516583 0 0.475335 -0.434399 
0.4158 0 0.516506 0 0.475293 -0.434593 
0.415853 0 0.516425 0 0.475248 -0.434781 
0.415909 0 0.516347 0 0.475205 -0.434966 
0.415967 0 0.51627 0 0.475162 -0.435145 
0.41602 0 0.516187 0 0.475115 -0.43532 
0.41607 0 0.516099 0 0.475065 -0.435491 
0.416121 0 0.516013 0 0.475016 -0.435657 
0.416174 0 0.515927 0 0.474966 -0.43582 
0.416221 0 0.515835 0 0.474912 -0.435978 
0.416264 0 0.515737 0 0.474854 -0.436132 
0.416309 0 0.515641 0 0.474795 -0.436283 
0.416354 0 0.515544 0 0.474736 -0.436429 
0.416392 0 0.515439 0 0.47467 -0.436572 
0.416425 0 0.515327 0 0.4746 -0.436712 
0.416458 0 0.515215 0 0.474529 -0.436848 
0.41649 0 0.515101 0 0.474455 -0.43698 
0.416515 0 0.514978 0 0.474375 -0.43711 
0.416532 0 0.514847 0 0.474288 -0.437236 
0.416549 0 0.514713 0 0.474198 -0.437358 
0.416563 0 0.514576 0 0.474104 -0.437478 
0.416567 0 0.514428 0 0.474002 -0.437595 
0.416562 0 0.514268 0 0.473891 -0.437709 
0.416554 0 0.514104 0 0.473776 -0.43782 
0.41654 0 0.513934 0 0.473654 -0.437928 
0.416515 0 0.51375 0 0.473521 -0.438033 
0.416478 0 0.513552 0 0.473378 -0.438136 
0.416435 0 0.513347 0 0.473228 -0.438237 
0.416383 0 0.513132 0 0.473068 -0.438334 
0.416317 0 0.5129 0 0.472896 -0.43843 
0.416237 0 0.512651 0 0.47271 -0.438523 
0.416148 0 0.512391 0 0.472516 -0.438613 
0.416047 0 0.512119 0 0.47231 -0.438702 
0.415929 0 0.511826 0 0.472089 -0.438788 
0.415794 0 0.511514 0 0.471853 -0.438872 
0.415648 0 0.511189 0 0.471607 -0.438954 
0.415488 0 0.510849 0 0.471348 -0.439033 
0.41531 0 0.510487 0 0.471074 -0.439111 
0.415112 0 0.510104 0 0.470786 -0.439187 
0.414903 0 0.509707 0 0.470487 -0.439261 
0.414679 0 0.509294 0 0.470177 -0.439333 
0.414437 0 0.50886 0 0.469854 -0.439403 
0.414176 0 0.508406 0 0.469518 -0.439472 
0.413903 0 0.507938 0 0.469174 -0.439538 
0.413618 0 0.507457 0 0.468822 -0.439603 
0.413315 0 0.506957 0 0.46846 -0.439666 
0.412995 0 0.506438 0 0.46809 -0.439728 
0.412666 0 0.505909 0 0.467716 -0.439788 
0.412327 0 0.505369 0 0.467338 -0.439845 
0.411973 0 0.504812 0 0.466954 -0.439902 
0.411605 0 0.504241 0 0.466566 -0.439956 
0.411231 0 0.503664 0 0.466179 -0.440009 
0.41085 0 0.50308 0 0.465792 -0.440059 
0.410457 0 0.502482 0 0.465404 -0.440107 
0.410054 0 0.501874 0 0.465016 -0.440153 
0.409649 0 0.501264 0 0.464633 -0.440196 
0.40924 0 0.50065 0 0.464255 -0.440235 
0.408822 0 0.500028 0 0.463878 -0.44027 
0.408398 0 0.499399 0 0.463506 -0.4403 
0.407974 0 0.498771 0 0.463142 -0.440323 
0.407551 0 0.498144 0 0.462786 -0.440338 
0.407122 0 0.497513 0 0.462436 -0.440342 
0.406689 0 0.496879 0 0.462094 -0.440331 
0.406259 0 0.496251 0 0.461766 -0.440302 
0.405833 0 0.495629 0 0.46145 -0.440248 
0.405402 0 0.495007 0 0.461146 -0.44016 
0.404971 0 0.49439 0 0.460857 -0.44003 
0.404544 0 0.493787 0 0.46059 -0.439842 
0.404122 0 0.4932 0 0.460347 -0.439579 
0.403698 0 0.492626 0 0.460131 -0.439215 
0.403273 0 0.492073 0 0.459948 -0.438719 
0.402854 0 0.491555 0 0.459812 -0.43805 
0.402655 0 0.491319 0 0.459815 -0.437156 
0.402596 0 0.491322 0 0.459976 -0.43597 
0.402624 0 0.491511 0 0.460292 -0.434411 
0.40271 0 0.491863 0 0.460741 -0.432378 
0.402563 0 0.492067 0 0.461259 -0.429755 
0.402226 0 0.492095 0 0.461986 -0.42641 
0.401785 0 0.492073 0 0.462941 -0.422205 
0.401289 0 0.492091 0 0.464163 -0.417001 
0.40064 0 0.492193 0 0.465572 -0.410675 
0.399897 0 0.492482 0 0.467204 -0.403135 
0.399144 0 0.493052 0 0.46911 -0.394332 
0.398613 0 0.49397 0 0.471465 -0.384266 
0.398234 0 0.49522 0 0.474234 -0.37299 
0.397843 0 0.496729 0 0.477259 -0.360602 
0.397442 0 0.498474 0 0.48052 -0.347234 
0.397037 0 0.500436 0 0.483995 -0.333038 
0.396628 0 0.502579 0 0.487654 -0.318174 
0.396364 0 0.504815 0 0.491604 -0.302797 
0.396197 0 0.507134 0 0.495768 -0.287053 
0.396102 0 0.509534 0 0.50009 -0.271068 
0.396001 0 0.511977 0 0.504461 -0.254955 
0.395949 0 0.514411 0 0.508913 -0.238806 
0.396067 0 0.517799 0 0.512989 -0.2227 
0.396328 0 0.521387 0 0.517017 -0.206697 
0.396738 0 0.524877 0 0.521215 -0.190849 
0.397224 0 0.528325 0 0.525479 -0.175196 
0.397672 0 0.531802 0 0.529584 -0.159767 
0.397976 0 0.535283 0 0.53345 -0.144588 
0.398425 0 0.538672 0 0.53741 -0.129676 
0.398838 0 0.542035 0 0.541261 -0.115045 
0.399232 0 0.545324 0 0.545039 -0.100705 
0.399619 0 0.548528 0 0.54875 -0.0866637 
0.399998 0 0.551645 0 0.552393 -0.0729256 
0.400366 0 0.554674 0 0.555967 -0.0594938 
0.400726 0 0.557617 0 0.559477 -0.0463692 
0.401086 0 0.560484 0 0.562924 -0.0335527 
0.401443 0 0.56327 0 0.566307 -0.0210436 
0.401791 0 0.565968 0 0.56962 -0.00884077 
0.402131 0 0.568578 0 0.572864 0.00305754 
0.402469 0 0.57111 0 0.576046 0.0146531 
0.402803 0 0.573563 0 0.579165 0.0259481 
0.403406 0 0.576551 0 0.582949 0.0369443 
0.404101 0 0.579527 0 0.586739 0.0476441 
0.404907 0 0.582368 0 0.590493 0.0580496 
0.405716 0 0.585147 0 0.594196 0.0681621 
0.406521 0 0.587863 0 0.59785 0.0779824 
0.407324 0 0.590522 0 0.601463 0.0875109 
0.408131 0 0.593142 0 0.605045 0.0967471 
0.40894 0 0.595726 0 0.6086 0.10569 
0.409746 0 0.598272 0 0.612127 0.114337 
0.41055 0 0.600784 0 0.615632 0.122685 
0.411358 0 0.603273 0 0.619118 0.130732 
0.412168 0 0.605737 0 0.622583 0.138472 
0.412975 0 0.608165 0 0.626022 0.145901 
0.413779 0 0.610557 0 0.62943 0.153015 
0.414587 0 0.612916 0 0.632808 0.159808 
0.415398 0 0.615235 0 0.636148 0.166276 
0.416205 0 0.617503 0 0.639441 0.172413 
0.417009 0 0.619712 0 0.642681 0.178217 
0.417817 0 0.621869 0 0.645869 0.183684 
0.418627 0 0.623966 0 0.648997 0.188812 
0.419433 0 0.625991 0 0.652056 0.1936 
0.420235 0 0.627942 0 0.655045 0.198048 
0.421041 0 0.629823 0 0.657964 0.202158 
0.421753 0 0.631659 0 0.660859 0.205932 
0.422459 0 0.63341 0 0.663674 0.209377 
0.423127 0 0.634896 0 0.666202 0.212498 
0.42376 0 0.636376 0 0.66862 0.215302 
0.424361 0 0.637756 0 0.670906 0.217801 
0.425004 0 0.639053 0 0.673148 0.220002 
0.425642 0 0.64027 0 0.675312 0.221919 
0.426147 0 0.641338 0 0.677008 0.223564 
0.426523 0 0.642284 0 0.678274 0.22495 
0.426794 0 0.643123 0 0.679251 0.22609 
0.426996 0 0.64387 0 0.68007 0.226999 
0.427141 0 0.644473 0 0.680841 0.22769 
0.427256 0 0.644986 0 0.681559 0.228179 
0.427349 0 0.645479 0 0.682177 0.22848 
0.427428 0 0.645933 0 0.682708 0.228609 
0.427501 0 0.646352 0 0.683164 0.22858 
0.427572 0 0.646737 0 0.683556 0.228409 
0.427636 0 0.647085 0 0.683891 0.228111 
0.427698 0 0.647403 0 0.68418 0.227701 
0.427767 0 0.647702 0 0.684437 0.227194 
0.427841 0 0.647986 0 0.684665 0.226606 
0.427916 0 0.64825 0 0.684863 0.225952 
0.427993 0 0.648497 0 0.685038 0.225248 
0.428081 0 0.648743 0 0.6852 0.22451 
0.428178 0 0.648991 0 0.685353 0.223754 
0.42828 0 0.649236 0 0.6855 0.222998 
0.42839 0 0.649487 0 0.685646 0.22226 
0.428516 0 0.649758 0 0.685806 0.221559 
0.428658 0 0.650055 0 0.685985 0.220915 
0.428813 0 0.650376 0 0.686186 0.22035 
0.428983 0 0.65073 0 0.686418 0.219887 
0.429179 0 0.651135 0 0.686696 0.21955 
0.429402 0 0.651597 0 0.687029 0.219366 
0.429649 0 0.652119 0 0.68742 0.219363 
0.429924 0 0.65271 0 0.687882 0.219569 
0.430238 0 0.653389 0 0.688431 0.220014 
0.430593 0 0.654164 0 0.689075 0.220725 
0.430986 0 0.655036 0 0.689818 0.221731 
0.431419 0 0.656011 0 0.69067 0.223057 
0.431903 0 0.657105 0 0.691641 0.224721 
0.432438 0 0.658319 0 0.692734 0.226739 
0.433016 0 0.659644 0 0.693943 0.229115 
0.433637 0 0.661076 0 0.695267 0.231848 
0.434307 0 0.662617 0 0.696703 0.234926 
0.435019 0 0.664257 0 0.698241 0.238329 
0.435762 0 0.665974 0 0.699861 0.242029 
0.436532 0 0.667754 0 0.70155 0.245993 
0.437328 0 0.669591 0 0.703298 0.250185 
0.437997 0 0.67129 0 0.704849 0.254567 
0.438747 0 0.673117 0 0.706404 0.259103 
0.439553 0 0.675019 0 0.708023 0.263756 
0.440562 0 0.677097 0 0.709824 0.268496 
0.441714 0 0.679304 0 0.711767 0.273293 
0.442958 0 0.681586 0 0.713802 0.278123 
0.444262 0 0.683906 0 0.715894 0.282963 
0.445608 0 0.686248 0 0.718022 0.287794 
0.446979 0 0.68859 0 0.720169 0.292602 
0.448354 0 0.690911 0 0.722318 0.297374 
0.449728 0 0.693202 0 0.724461 0.302098 
0.451103 0 0.695463 0 0.726599 0.306766 
0.452471 0 0.697689 0 0.728723 0.311372 
0.453557 0 0.69952 0 0.730643 0.315908 
0.45437 0 0.701022 0 0.732303 0.320371 
0.454873 0 0.702193 0 0.733564 0.324758 
0.455195 0 0.703125 0 0.734588 0.329066 
0.455417 0 0.703915 0 0.735491 0.333292 
0.455591 0 0.704629 0 0.736334 0.337436 
0.455748 0 0.705304 0 0.737139 0.341497 
0.455891 0 0.705946 0 0.737898 0.345474 
0.456012 0 0.706545 0 0.738599 0.349368 
0.456113 0 0.7071 0 0.739242 0.353179 
0.4562 0 0.707621 0 0.739836 0.356906 
0.456272 0 0.708108 0 0.740383 0.360552 
0.456324 0 0.708554 0 0.740881 0.364116 
0.456357 0 0.708961 0 0.741334 0.367599 
0.456379 0 0.70934 0 0.741747 0.371004 
0.456387 0 0.709691 0 0.742121 0.37433 
0.456375 0 0.710005 0 0.742451 0.37758 
0.456345 0 0.710286 0 0.74274 0.380754 
0.456303 0 0.710544 0 0.742995 0.383854 
0.456247 0 0.710777 0 0.743215 0.386881 
0.456172 0 0.710978 0 0.743396 0.389837 
0.456078 0 0.71115 0 0.74354 0.392723 
0.455973 0 0.711302 0 0.743655 0.39554 
0.455854 0 0.711433 0 0.743739 0.398291 
0.455716 0 0.711536 0 0.743788 0.400975 
0.455559 0 0.711612 0 0.743803 0.403595 
0.455391 0 0.711671 0 0.743792 0.406152 
0.455421 0 0.711959 0 0.743993 0.408648 
0.455561 0 0.71234 0 0.744313 0.411084 
0.455743 0 0.712739 0 0.744666 0.413461 
0.455934 0 0.713132 0 0.745017 0.41578 
0.456109 0 0.713496 0 0.745343 0.418044 
0.45621 0 0.713775 0 0.745594 0.420252 
0.456264 0 0.714 0 0.745786 0.422408 
0.45629 0 0.714195 0 0.745938 0.424511 
0.456393 0 0.71447 0 0.746156 0.426563 
0.456528 0 0.714766 0 0.746401 0.428565 
0.456672 0 0.715062 0 0.74665 0.430519 
0.456823 0 0.715355 0 0.7469 0.432426 
0.456974 0 0.715642 0 0.747144 0.434286 
0.457117 0 0.715915 0 0.747375 0.436101 
0.457254 0 0.716174 0 0.747595 0.437873 
0.457392 0 0.71643 0 0.747811 0.439601 
0.45753 0 0.716681 0 0.748021 0.441288 
0.45766 0 0.716918 0 0.74822 0.442933 
0.457784 0 0.717144 0 0.748409 0.444539 
0.45791 0 0.717368 0 0.748597 0.446106 
0.458037 0 0.717588 0 0.74878 0.447635 
0.458156 0 0.717796 0 0.748954 0.449126 
0.458271 0 0.717993 0 0.749119 0.450582 
0.458387 0 0.718189 0 0.749284 0.452002 
0.458505 0 0.718383 0 0.749446 0.453387 
0.458617 0 0.718566 0 0.7496 0.454739 
0.458724 0 0.71874 0 0.749747 0.456058 
0.458834 0 0.718914 0 0.749894 0.457344 
0.458946 0 0.719087 0 0.750039 0.458599 
0.459052 0 0.71925 0 0.750177 0.459823 
0.459155 0 0.719404 0 0.75031 0.461018 
0.45926 0 0.719559 0 0.750443 0.462182 
0.459369 0 0.719714 0 0.750576 0.463319 
0.459472 0 0.719859 0 0.750703 0.464427 
0.459572 0 0.719997 0 0.750824 0.465508 
0.459676 0 0.720135 0 0.750946 0.466562 
0.459783 0 0.720274 0 0.751068 0.46759 
0.459884 0 0.720404 0 0.751184 0.468592 
0.459983 0 0.720526 0 0.751295 0.46957 
0.460086 0 0.720649 0 0.751406 0.470523 
0.46019 0 0.720771 0 0.751516 0.471453 
0.46029 0 0.720885 0 0.75162 0.47236 
0.460386 0 0.72099 0 0.751717 0.473244 
0.460484 0 0.721095 0 0.751813 0.474106 
0.460584 0 0.7212 0 0.751906 0.474947 
0.460678 0 0.721294 0 0.751991 0.475767 
0.460765 0 0.721378 0 0.752066 0.476566 
0.460853 0 0.721462 0 0.752137 0.477345 
0.46094 0 0.721543 0 0.752202 0.478105 
0.461017 0 0.721612 0 0.752252 0.478846 
0.461084 0 0.72167 0 0.752289 0.479568 
0.461148 0 0.721726 0 0.752317 0.480272 
0.461204 0 0.721777 0 0.752331 0.480958 
0.461246 0 0.721814 0 0.752323 0.481627 
0.461271 0 0.721838 0 0.752293 0.482279 
0.461285 0 0.721857 0 0.752243 0.482915 
0.461283 0 0.72187 0 0.752169 0.483535 
0.461257 0 0.721867 0 0.75206 0.484139 
0.461204 0 0.721849 0 0.751915 0.484727 
0.461129 0 0.721826 0 0.751736 0.4853 
0.461026 0 0.721796 0 0.751516 0.485859 
0.460956 0 0.721771 0 0.751338 0.486403 
0.460911 0 0.721758 0 0.751187 0.486933 
0.460894 0 0.721769 0 0.751063 0.487448 
0.460902 0 0.72181 0 0.750963 0.487949 
0.460927 0 0.721882 0 0.750883 0.488437 
0.460985 0 0.722008 0 0.750841 0.488909 
0.461073 0 0.722191 0 0.750837 0.489367 
0.461229 0 0.722476 0 0.75091 0.489809 
0.461406 0 0.722812 0 0.751017 0.490232 
0.461682 0 0.723286 0 0.751235 0.490635 
0.461972 0 0.723789 0 0.751477 0.491012 
0.462425 0 0.724492 0 0.751891 0.491355 
0.46284 0 0.725146 0 0.752275 0.491652 
0.46348 0 0.726136 0 0.752845 0.491887 
0.463829 0 0.726642 0 0.753183 0.492033 
0.464439 0 0.727591 0 0.753743 0.492053 
0.465111 0 0.728631 0 0.754362 0.491891 
0.465489 0 0.729168 0 0.754741 0.491471 
0.466112 0 0.730142 0 0.755324 0.490689 
0.466881 0 0.731336 0 0.75603 0.489407 
0.467355 0 0.731952 0 0.756504 0.487455 
0.468059 0 0.732958 0 0.75714 0.484638 
0.468914 0 0.734164 0 0.757869 0.480749 
0.469569 0 0.734945 0 0.758443 0.475605 
0.470378 0 0.735927 0 0.759072 0.469075 
0.471277 0 0.736943 0 0.75968 0.461102 
0.472183 0 0.737826 0 0.760167 0.451715 
0.472803 0 0.738094 0 0.760308 0.441018 
0.473568 0 0.738434 0 0.760325 0.429162 
0.474414 0 0.738672 0 0.76015 0.416322 
0.475268 0 0.738658 0 0.759719 0.402678 
0.476127 0 0.738376 0 0.759013 0.388401 
0.476986 0 0.737814 0 0.758016 0.37364 
0.477844 0 0.736973 0 0.756729 0.358528 
0.478709 0 0.735869 0 0.755163 0.343176 
0.479589 0 0.734527 0 0.753305 0.327679 
0.480464 0 0.732936 0 0.751164 0.312115 
0.481327 0 0.731107 0 0.748765 0.296549 
0.482183 0 0.729066 0 0.746135 0.281035 
0.483025 0 0.726832 0 0.743296 0.265617 
0.483846 0 0.724416 0 0.740266 0.250332 
0.484645 0 0.721842 0 0.73707 0.23521 
0.485352 0 0.719054 0 0.733728 0.220272 
0.486067 0 0.716184 0 0.730258 0.205538 
0.486772 0 0.713234 0 0.726688 0.191021 
0.487509 0 0.711262 0 0.723783 0.176729 
0.488186 0 0.709262 0 0.720756 0.162667 
0.489047 0 0.707311 0 0.717607 0.148838 
0.489898 0 0.705368 0 0.714447 0.13524 
0.490741 0 0.703441 0 0.711284 0.121869 
0.491582 0 0.701544 0 0.70813 0.108719 
0.492419 0 0.699681 0 0.704988 0.0957833 
0.493247 0 0.697848 0 0.701861 0.0830569 
0.494066 0 0.69605 0 0.698754 0.0705371 
0.494883 0 0.694302 0 0.695677 0.0582246 
0.495697 0 0.692607 0 0.692634 0.0461233 
0.496502 0 0.690963 0 0.689628 0.0342397 
0.4973 0 0.689378 0 0.686664 0.0225813 
0.498097 0 0.687862 0 0.683752 0.0111552 
0.498892 0 0.686421 0 0.680893 -3.24187e-05 
0.499679 0 0.68505 0 0.678089 -0.0109774 
0.50046 0 0.683752 0 0.675342 -0.021677 
0.50124 0 0.682538 0 0.672658 -0.0321307 
0.502018 0 0.681406 0 0.670035 -0.042339 
0.502788 0 0.680351 0 0.66747 -0.0523038 
0.503341 0 0.678725 0 0.664698 -0.062028 
0.503725 0 0.676747 0 0.661839 -0.0715153 
0.503997 0 0.674668 0 0.658982 -0.0807697 
0.504266 0 0.672673 0 0.656206 -0.0897959 
0.504531 0 0.670761 0 0.653511 -0.0985988 
0.5048 0 0.668939 0 0.650896 -0.107183 
0.505071 0 0.667204 0 0.64836 -0.115554 
0.505338 0 0.66555 0 0.645899 -0.123716 
0.505602 0 0.663974 0 0.643511 -0.131675 
0.50587 0 0.662484 0 0.641198 -0.139436 
0.506139 0 0.661076 0 0.638956 -0.147003 
0.506405 0 0.659741 0 0.636781 -0.15438 
0.506668 0 0.65848 0 0.634671 -0.161574 
0.506869 0 0.657144 0 0.632579 -0.168588 
0.507012 0 0.655725 0 0.630499 -0.175426 
0.507103 0 0.654253 0 0.628441 -0.182094 
0.507156 0 0.652774 0 0.62642 -0.188595 
0.507189 0 0.651324 0 0.624443 -0.194934 
0.507207 0 0.649912 0 0.622514 -0.201114 
0.507209 0 0.648528 0 0.620631 -0.20714 
0.507196 0 0.647169 0 0.618792 -0.213015 
0.507176 0 0.645837 0 0.617001 -0.218743 
0.507148 0 0.644526 0 0.615254 -0.224328 
0.507105 0 0.643231 0 0.613548 -0.229774 
0.50705 0 0.641951 0 0.611884 -0.235083 
0.506987 0 0.640693 0 0.610262 -0.240259 
0.506917 0 0.639455 0 0.608682 -0.245307 
0.506834 0 0.63823 0 0.607138 -0.250228 
0.506738 0 0.637017 0 0.605632 -0.255025 
0.506636 0 0.635822 0 0.604164 -0.259704 
0.506527 0 0.634644 0 0.602732 -0.264265 
0.506404 0 0.633473 0 0.601334 -0.268712 
0.506269 0 0.632311 0 0.599967 -0.273048 
0.506128 0 0.631163 0 0.598636 -0.277275 
0.505979 0 0.630027 0 0.597336 -0.281397 
0.505817 0 0.628896 0 0.596064 -0.285416 
0.505643 0 0.62777 0 0.594822 -0.289334 
0.505463 0 0.626655 0 0.59361 -0.293154 
0.505275 0 0.625548 0 0.592426 -0.296879 
0.505074 0 0.624444 0 0.591266 -0.300511 
0.504861 0 0.62334 0 0.590132 -0.304052 
0.504641 0 0.622245 0 0.589025 -0.307504 
0.504674 0 0.621592 0 0.588389 -0.31087 
0.504848 0 0.621134 0 0.587959 -0.314152 
0.50498 0 0.620667 0 0.587522 -0.317352 
0.505085 0 0.620185 0 0.587087 -0.320472 
0.505167 0 0.619684 0 0.586659 -0.323514 
0.505225 0 0.619161 0 0.586238 -0.32648 
0.505263 0 0.618623 0 0.585829 -0.329371 
0.505289 0 0.618082 0 0.585437 -0.332191 
0.505306 0 0.617538 0 0.585059 -0.33494 
0.505307 0 0.616985 0 0.584695 -0.33762 
0.505294 0 0.616422 0 0.584344 -0.340233 
0.505274 0 0.615857 0 0.584011 -0.342781 
0.505246 0 0.615287 0 0.583692 -0.345265 
0.505203 0 0.614704 0 0.583386 -0.347687 
0.505147 0 0.61411 0 0.583091 -0.350049 
0.505085 0 0.613511 0 0.582812 -0.352351 
0.505013 0 0.612905 0 0.582546 -0.354596 
0.504928 0 0.612285 0 0.58229 -0.356785 
0.504829 0 0.611652 0 0.582045 -0.358919 
0.504723 0 0.611013 0 0.581812 -0.361 
0.504609 0 0.610365 0 0.581591 -0.363029 
0.50448 0 0.609701 0 0.581377 -0.365007 
0.504338 0 0.609023 0 0.581172 -0.366935 
0.504289 0 0.608337 0 0.580776 -0.368816 
0.504345 0 0.607696 0 0.580429 -0.370649 
0.50446 0 0.607127 0 0.580132 -0.372436 
0.504574 0 0.606582 0 0.579852 -0.374179 
0.504693 0 0.606067 0 0.579593 -0.375879 
0.504816 0 0.60558 0 0.579353 -0.377535 
0.504937 0 0.605115 0 0.579129 -0.379151 
0.505057 0 0.604671 0 0.578921 -0.380726 
0.505182 0 0.604256 0 0.578732 -0.382261 
0.505311 0 0.603868 0 0.578561 -0.383758 
0.505439 0 0.603501 0 0.578405 -0.385218 
0.505565 0 0.603153 0 0.578263 -0.386641 
0.505823 0 0.602956 0 0.578262 -0.388029 
0.50618 0 0.602881 0 0.578372 -0.389382 
0.506606 0 0.602889 0 0.57856 -0.390701 
0.507083 0 0.602959 0 0.578811 -0.391987 
0.507606 0 0.603089 0 0.579115 -0.393241 
0.508165 0 0.603274 0 0.579466 -0.394464 
0.508748 0 0.603505 0 0.579855 -0.395656 
0.509355 0 0.603779 0 0.580282 -0.396818 
0.50983 0 0.603921 0 0.580592 -0.397952 
0.510157 0 0.603927 0 0.580751 -0.399057 
0.510372 0 0.603836 0 0.580785 -0.400134 
0.510511 0 0.60369 0 0.580738 -0.401184 
0.510605 0 0.603524 0 0.580646 -0.402208 
0.510668 0 0.603349 0 0.580526 -0.403207 
0.510703 0 0.603164 0 0.580382 -0.40418 
0.510716 0 0.602972 0 0.580216 -0.40513 
0.510715 0 0.602783 0 0.580031 -0.406055 
0.51065 0 0.602456 0 0.579771 -0.406957 
0.510524 0 0.601994 0 0.579466 -0.407837 
0.510356 0 0.601451 0 0.579131 -0.408695 
0.510159 0 0.600884 0 0.578779 -0.409531 
0.509945 0 0.600314 0 0.57842 -0.410347 
0.509719 0 0.599739 0 0.578033 -0.411142 
0.509478 0 0.599153 0 0.577618 -0.411917 
0.509226 0 0.598554 0 0.577179 -0.412673 
0.508959 0 0.597937 0 0.576718 -0.41341 
0.508672 0 0.597293 0 0.576234 -0.414128 
0.508366 0 0.596623 0 0.575729 -0.414829 
0.508264 0 0.596233 0 0.575413 -0.415511 
0.508267 0 0.595972 0 0.575204 -0.416177 
0.508304 0 0.595736 0 0.575026 -0.416827 
0.508242 0 0.595448 0 0.574741 -0.41746 
0.50811 0 0.595083 0 0.57441 -0.418077 
0.50793 0 0.594656 0 0.574041 -0.418679 
0.507714 0 0.594181 0 0.573639 -0.419265 
0.507469 0 0.593671 0 0.573215 -0.419837 
0.507208 0 0.593139 0 0.572778 -0.420395 
0.506929 0 0.592582 0 0.572326 -0.420939 
0.506627 0 0.591988 0 0.571859 -0.421469 
0.506301 0 0.591357 0 0.571376 -0.421986 
0.505957 0 0.590694 0 0.57088 -0.42249 
0.505783 0 0.590257 0 0.570515 -0.422981 
0.505688 0 0.589919 0 0.570232 -0.423461 
0.505616 0 0.589599 0 0.569974 -0.423928 
0.505544 0 0.589269 0 0.569715 -0.424383 
0.50546 0 0.588923 0 0.569445 -0.424827 
0.505356 0 0.588556 0 0.569161 -0.42526 
0.505234 0 0.588171 0 0.568863 -0.425682 
0.505098 0 0.587775 0 0.568554 -0.426093 
0.504948 0 0.587366 0 0.568232 -0.426494 
0.504775 0 0.586935 0 0.567895 -0.426885 
0.504581 0 0.586482 0 0.567542 -0.427266 
0.504372 0 0.586015 0 0.567179 -0.427638 
0.504145 0 0.585531 0 0.566804 -0.427999 
0.503896 0 0.585022 0 0.566415 -0.428352 
0.503624 0 0.58449 0 0.566015 -0.428696 
0.503337 0 0.583942 0 0.565607 -0.42903 
0.503034 0 0.583376 0 0.565192 -0.429356 
0.502709 0 0.582786 0 0.564768 -0.429672 
0.502364 0 0.582173 0 0.564337 -0.42998 
0.502006 0 0.581544 0 0.563905 -0.430278 
0.501634 0 0.580898 0 0.563472 -0.430567 
0.501243 0 0.580228 0 0.563036 -0.430847 
0.500835 0 0.579535 0 0.562601 -0.431115 
0.500416 0 0.578826 0 0.56217 -0.431372 
0.499987 0 0.578099 0 0.561746 -0.431616 
0.499549 0 0.577356 0 0.561329 -0.431844 
0.499341 0 0.576847 0 0.561016 -0.432052 
0.499288 0 0.576537 0 0.560822 -0.432235 
0.499335 0 0.576355 0 0.56073 -0.432386 
0.499433 0 0.576224 0 0.560675 -0.432493 
0.49956 0 0.576116 0 0.560649 -0.43254 
0.499712 0 0.57603 0 0.560656 -0.432503 
0.499884 0 0.575965 0 0.5607 -0.432345 
0.50007 0 0.57592 0 0.560788 -0.432013 
0.500269 0 0.575909 0 0.560935 -0.431426 
0.500491 0 0.575958 0 0.561167 -0.430466 
0.500733 0 0.576098 0 0.561515 -0.428962 
0.500993 0 0.576367 0 0.56202 -0.426675 
0.501271 0 0.576827 0 0.562744 -0.423298 
0.501573 0 0.577558 0 0.563758 -0.418479 
0.501897 0 0.578628 0 0.565127 -0.411883 
0.502236 0 0.580083 0 0.566897 -0.403287 
0.502588 0 0.581943 0 0.569088 -0.392652 
0.502959 0 0.584202 0 0.571683 -0.380133 
0.503345 0 0.586812 0 0.574638 -0.366023 
0.503737 0 0.589711 0 0.577892 -0.350673 
0.504134 0 0.592837 0 0.581386 -0.334424 
0.504541 0 0.596144 0 0.58507 -0.317573 
0.504954 0 0.599582 0 0.588894 -0.30036 
0.505365 0 0.603103 0 0.592819 -0.282973 
0.505775 0 0.606677 0 0.596812 -0.265554 
0.506188 0 0.610284 0 0.600853 -0.248208 
0.506601 0 0.613902 0 0.604919 -0.231015 
0.507009 0 0.617507 0 0.608992 -0.21403 
0.507411 0 0.621085 0 0.613059 -0.197297 
0.507814 0 0.624632 0 0.617113 -0.180844 
0.508215 0 0.628137 0 0.621142 -0.164693 
0.508608 0 0.631586 0 0.625139 -0.148859 
0.508994 0 0.634971 0 0.629097 -0.133351 
0.509379 0 0.638296 0 0.633015 -0.118176 
0.509761 0 0.641555 0 0.636887 -0.103336 
0.510133 0 0.644735 0 0.640709 -0.088834 
0.510497 0 0.647835 0 0.644478 -0.0746681 
0.510859 0 0.65086 0 0.648196 -0.0608373 
0.511218 0 0.653807 0 0.651859 -0.0473385 
0.511566 0 0.656666 0 0.655465 -0.0341692 
0.511905 0 0.659438 0 0.659015 -0.0213255 
0.512241 0 0.66213 0 0.662511 -0.00880335 
0.512573 0 0.664742 0 0.665955 0.00340108 
0.512894 0 0.667267 0 0.669344 0.0152919 
0.513493 0 0.67038 0 0.67343 0.0268732 
0.5142 0 0.673496 0 0.677525 0.0381484 
0.514998 0 0.676443 0 0.681555 0.0491218 
0.515793 0 0.679321 0 0.685546 0.0597963 
0.516586 0 0.682139 0 0.689505 0.0701744 
0.517383 0 0.684912 0 0.693442 0.0802583 
0.518182 0 0.687646 0 0.697362 0.0900493 
0.518978 0 0.690338 0 0.701267 0.099548 
0.519771 0 0.692995 0 0.705163 0.108754 
0.520568 0 0.695628 0 0.709056 0.117668 
0.521367 0 0.698236 0 0.712943 0.126286 
0.522163 0 0.700811 0 0.716821 0.134608 
0.522955 0 0.703351 0 0.720688 0.142631 
0.52375 0 0.705861 0 0.724544 0.150353 
0.524548 0 0.708335 0 0.72838 0.157769 
0.525342 0 0.710759 0 0.732189 0.164878 
0.526131 0 0.713128 0 0.735966 0.171676 
0.526924 0 0.715446 0 0.739707 0.178161 
0.527719 0 0.717705 0 0.743406 0.184329 
0.528508 0 0.719893 0 0.747054 0.190178 
0.529293 0 0.722004 0 0.750646 0.195708 
0.530081 0 0.724044 0 0.754181 0.200917 
0.530869 0 0.726007 0 0.757654 0.205806 
0.531572 0 0.72794 0 0.760965 0.210376 
0.532212 0 0.729725 0 0.7641 0.214628 
0.532813 0 0.731358 0 0.767088 0.218568 
0.533387 0 0.732864 0 0.769969 0.2222 
0.533937 0 0.734277 0 0.772756 0.225529 
0.53448 0 0.735598 0 0.775468 0.228562 
0.535024 0 0.736838 0 0.778107 0.231309 
0.535371 0 0.737955 0 0.779788 0.233779 
0.535557 0 0.73901 0 0.78089 0.235981 
0.535612 0 0.739809 0 0.781838 0.237927 
0.535643 0 0.740492 0 0.782769 0.239627 
0.535664 0 0.741105 0 0.783662 0.241094 
0.535678 0 0.741656 0 0.78451 0.242343 
0.535692 0 0.742156 0 0.78532 0.243385 
0.535719 0 0.742625 0 0.786108 0.244238 
0.535763 0 0.743066 0 0.786878 0.244917 
0.535818 0 0.743478 0 0.787633 0.245439 
0.53589 0 0.743865 0 0.788378 0.245822 
0.535987 0 0.744245 0 0.789126 0.246084 
0.536111 0 0.74462 0 0.789882 0.246244 
0.536257 0 0.74499 0 0.790647 0.246325 
0.536393 0 0.745412 0 0.791251 0.246347 
0.536521 0 0.745853 0 0.791734 0.246333 
0.536647 0 0.74631 0 0.792148 0.246309 
0.536776 0 0.746786 0 0.792542 0.246299 
0.536919 0 0.747288 0 0.79295 0.24633 
0.53709 0 0.747834 0 0.793398 0.246432 
0.537291 0 0.748428 0 0.793892 0.246633 
0.537518 0 0.749067 0 0.794434 0.246966 
0.537776 0 0.74976 0 0.795033 0.247462 
0.538074 0 0.750527 0 0.795704 0.248152 
0.538415 0 0.751374 0 0.796456 0.249068 
0.538794 0 0.752301 0 0.797296 0.250236 
0.539215 0 0.753314 0 0.798232 0.251682 
0.539688 0 0.754428 0 0.799277 0.253424 
0.540211 0 0.755642 0 0.800431 0.255475 
0.540777 0 0.756945 0 0.80169 0.257838 
0.541385 0 0.758335 0 0.803049 0.26051 
0.54204 0 0.759813 0 0.804509 0.263478 
0.542735 0 0.76137 0 0.806056 0.266721 
0.54346 0 0.762986 0 0.807675 0.270214 
0.544208 0 0.764648 0 0.809352 0.273925 
0.544975 0 0.766349 0 0.811073 0.277822 
0.545723 0 0.76805 0 0.812801 0.281873 
0.546366 0 0.769677 0 0.814472 0.286044 
0.546719 0 0.770858 0 0.815783 0.290305 
0.546909 0 0.771777 0 0.816915 0.29463 
0.54728 0 0.773006 0 0.818106 0.298993 
0.547849 0 0.774501 0 0.819427 0.303374 
0.548662 0 0.776187 0 0.820938 0.307754 
0.549652 0 0.778009 0 0.822606 0.312118 
0.550759 0 0.779911 0 0.824377 0.316453 
0.551934 0 0.781847 0 0.826206 0.320748 
0.553149 0 0.783789 0 0.828066 0.324995 
0.554393 0 0.785731 0 0.829952 0.329187 
0.555651 0 0.787658 0 0.831851 0.333318 
0.556907 0 0.789554 0 0.833751 0.337383 
0.558158 0 0.791412 0 0.83565 0.34138 
0.559405 0 0.793237 0 0.837547 0.345305 
0.560421 0 0.794908 0 0.839198 0.349156 
0.561219 0 0.796398 0 0.840613 0.352934 
0.561866 0 0.797719 0 0.841856 0.356635 
0.562416 0 0.798915 0 0.842987 0.360261 
0.562768 0 0.799851 0 0.8439 0.36381 
0.562998 0 0.800655 0 0.844644 0.367284 
0.563159 0 0.801375 0 0.845285 0.370682 
0.56327 0 0.802039 0 0.845859 0.374005 
0.563348 0 0.802664 0 0.846381 0.377255 
0.563396 0 0.80325 0 0.846855 0.38043 
0.563438 0 0.803765 0 0.847298 0.383534 
0.563475 0 0.804229 0 0.847713 0.386566 
0.563502 0 0.804652 0 0.848096 0.389528 
0.563509 0 0.805032 0 0.84844 0.392421 
0.563497 0 0.805373 0 0.848744 0.395247 
0.563473 0 0.805686 0 0.849014 0.398006 
0.563436 0 0.805968 0 0.84925 0.4007 
0.563376 0 0.806214 0 0.849447 0.40333 
0.563297 0 0.806424 0 0.849607 0.405898 
0.563206 0 0.806611 0 0.849737 0.408404 
0.563101 0 0.806775 0 0.849837 0.41085 
0.562975 0 0.806908 0 0.849901 0.413238 
0.563033 0 0.807233 0 0.850164 0.415569 
0.563194 0 0.807636 0 0.850531 0.417843 
0.563392 0 0.808051 0 0.850921 0.420062 
0.563587 0 0.808443 0 0.851298 0.422228 
0.563774 0 0.808814 0 0.851656 0.424342 
0.563959 0 0.809178 0 0.852004 0.426405 
0.564142 0 0.809536 0 0.852339 0.428417 
0.564316 0 0.80988 0 0.852656 0.430381 
0.564482 0 0.810209 0 0.852957 0.432297 
0.564648 0 0.810532 0 0.85325 0.434167 
0.564813 0 0.810848 0 0.853535 0.435992 
0.56497 0 0.811147 0 0.853806 0.437772 
0.56512 0 0.811431 0 0.854066 0.439509 
0.565271 0 0.81171 0 0.85432 0.441203 
0.565421 0 0.811984 0 0.854567 0.442857 
0.565563 0 0.812244 0 0.854802 0.44447 
0.5657 0 0.812491 0 0.855027 0.446044 
0.565838 0 0.812735 0 0.855248 0.447579 
0.565976 0 0.812976 0 0.855464 0.449077 
0.566107 0 0.813203 0 0.855669 0.450538 
0.566233 0 0.81342 0 0.855866 0.451964 
0.566361 0 0.813634 0 0.856061 0.453354 
0.56649 0 0.813847 0 0.856252 0.45471 
0.566613 0 0.814047 0 0.856435 0.456033 
0.566732 0 0.814238 0 0.85661 0.457324 
0.566853 0 0.814427 0 0.856784 0.458582 
0.566976 0 0.814616 0 0.856957 0.45981 
0.567094 0 0.814794 0 0.857121 0.461007 
0.567208 0 0.814962 0 0.85728 0.462174 
0.567325 0 0.81513 0 0.857438 0.463313 
0.567445 0 0.815297 0 0.857595 0.464424 
0.56756 0 0.815455 0 0.857745 0.465507 
0.567671 0 0.815603 0 0.857889 0.466563 
0.567786 0 0.815751 0 0.858034 0.467592 
0.567904 0 0.815899 0 0.858177 0.468597 
0.568018 0 0.816037 0 0.858314 0.469576 
0.568128 0 0.816165 0 0.858444 0.470531 
0.568242 0 0.816294 0 0.858575 0.471462 
0.568358 0 0.816421 0 0.858703 0.47237 
0.56847 0 0.816538 0 0.858824 0.473255 
0.568577 0 0.816645 0 0.858937 0.474118 
0.568688 0 0.816751 0 0.85905 0.47496 
0.568801 0 0.816856 0 0.859158 0.475781 
0.568908 0 0.816949 0 0.859258 0.476581 
0.569009 0 0.817032 0 0.859348 0.477361 
0.569113 0 0.817113 0 0.859435 0.478122 
0.569217 0 0.817192 0 0.859516 0.478863 
0.569314 0 0.817259 0 0.859586 0.479586 
0.569404 0 0.817314 0 0.859643 0.480291 
0.569493 0 0.817368 0 0.859694 0.480979 
0.569581 0 0.817419 0 0.859736 0.481649 
0.569658 0 0.817457 0 0.859762 0.482302 
0.569726 0 0.817484 0 0.859772 0.482939 
0.56979 0 0.81751 0 0.85977 0.48356 
0.569848 0 0.817533 0 0.859754 0.484165 
0.569891 0 0.817544 0 0.859717 0.484755 
0.56992 0 0.817545 0 0.859656 0.48533 
0.569941 0 0.817546 0 0.859577 0.48589 
0.569949 0 0.817547 0 0.859474 0.486437 
0.569936 0 0.817538 0 0.85934 0.486969 
0.569901 0 0.817524 0 0.859172 0.487488 
0.56985 0 0.817513 0 0.858973 0.487994 
0.569778 0 0.817509 0 0.858738 0.488486 
0.569676 0 0.817503 0 0.858457 0.488966 
0.569595 0 0.817495 0 0.858211 0.489433 
0.569543 0 0.817502 0 0.857993 0.489888 
0.569514 0 0.817537 0 0.857798 0.49033 
0.569504 0 0.817599 0 0.857623 0.490761 
0.569513 0 0.817703 0 0.857473 0.491179 
0.569569 0 0.817886 0 0.857377 0.491584 
0.569652 0 0.818133 0 0.857319 0.491976 
0.569811 0 0.8185 0 0.857352 0.492353 
0.569985 0 0.818913 0 0.857417 0.492714 
0.570298 0 0.819515 0 0.857634 0.493054 
0.570603 0 0.820119 0 0.857855 0.49337 
0.57112 0 0.821004 0 0.858277 0.493653 
0.571561 0 0.82176 0 0.858646 0.493891 
0.572233 0 0.822876 0 0.859183 0.494066 
0.572589 0 0.82343 0 0.85949 0.494151 
0.573205 0 0.824471 0 0.859994 0.494108 
0.573858 0 0.825564 0 0.860527 0.493884 
0.574516 0 0.82664 0 0.861064 0.493405 
0.574885 0 0.827176 0 0.861388 0.492575 
0.575497 0 0.828219 0 0.861879 0.491273 
0.576019 0 0.829059 0 0.862322 0.489356 
0.576507 0 0.829842 0 0.862722 0.486669 
0.577211 0 0.830899 0 0.863255 0.483062 
0.577632 0 0.831427 0 0.863554 0.478409 
0.578287 0 0.8323 0 0.863935 0.472633 
0.578949 0 0.833073 0 0.864231 0.465712 
0.579618 0 0.833718 0 0.864403 0.457686 
0.580286 0 0.834197 0 0.864413 0.448639 
0.580954 0 0.834486 0 0.864228 0.43869 
0.581739 0 0.834756 0 0.863845 0.427971 
0.58224 0 0.834335 0 0.863132 0.416613 
0.582917 0 0.834018 0 0.862164 0.404741 
0.583412 0 0.833248 0 0.860843 0.392463 
0.584066 0 0.83249 0 0.85926 0.379872 
0.584725 0 0.831511 0 0.857411 0.367049 
0.585162 0 0.83005 0 0.855319 0.354057 
0.585752 0 0.82863 0 0.852939 0.34095 
0.586435 0 0.827142 0 0.850332 0.32777 
0.586901 0 0.825237 0 0.847615 0.314553 
0.5875 0 0.823389 0 0.844657 0.301327 
0.588055 0 0.821334 0 0.841564 0.288113 
0.588704 0 0.819245 0 0.838374 0.274929 
0.589162 0 0.816902 0 0.835128 0.261789 
0.589739 0 0.814629 0 0.831712 0.248703 
0.590379 0 0.812348 0 0.828194 0.235679 
0.591022 0 0.810014 0 0.824625 0.222721 
0.591667 0 0.807637 0 0.821015 0.20983 
0.592329 0 0.805222 0 0.817351 0.197007 
0.592818 0 0.802657 0 0.813681 0.184247 
0.59337 0 0.800132 0 0.809923 0.171547 
0.59385 0 0.797533 0 0.806154 0.158899 
0.594374 0 0.794949 0 0.802327 0.146299 
0.594642 0 0.792245 0 0.798521 0.133741 
0.595015 0 0.789616 0 0.794606 0.121226 
0.595445 0 0.787027 0 0.790666 0.108758 
0.595502 0 0.783859 0 0.78631 0.0963506 
0.595356 0 0.780867 0 0.782384 0.0840214 
0.59534 0 0.777912 0 0.778624 0.0717955 
0.595417 0 0.775078 0 0.774882 0.0596983 
0.595693 0 0.772402 0 0.771203 0.0477561 
0.595965 0 0.769787 0 0.767597 0.0359918 
0.59624 0 0.76725 0 0.764071 0.0244244 
0.596518 0 0.764794 0 0.760629 0.0130688 
0.59679 0 0.762419 0 0.757273 0.00193592 
0.59706 0 0.760126 0 0.754007 -0.00896722 
0.597334 0 0.757929 0 0.750834 -0.0196362 
0.597483 0 0.755808 0 0.747799 -0.0300691 
0.597628 0 0.753776 0 0.744855 -0.0402656 
0.597771 0 0.751834 0 0.742001 -0.0502268 
0.597918 0 0.749987 0 0.739239 -0.0599548 
0.598068 0 0.748235 0 0.736564 -0.0694528 
0.598321 0 0.746495 0 0.733892 -0.0787238 
0.598637 0 0.744849 0 0.731286 -0.0877716 
0.59912 0 0.743574 0 0.729192 -0.0966004 
0.599737 0 0.742231 0 0.727305 -0.105214 
0.600442 0 0.740914 0 0.725578 -0.113617 
0.601185 0 0.739684 0 0.72397 -0.121814 
0.601933 0 0.738546 0 0.72244 -0.129809 
0.602684 0 0.737498 0 0.720986 -0.137607 
0.603431 0 0.73653 0 0.719603 -0.145212 
0.604177 0 0.735641 0 0.71829 -0.152628 
0.604926 0 0.734838 0 0.717046 -0.15986 
0.605627 0 0.733929 0 0.715793 -0.166912 
0.606131 0 0.732896 0 0.714428 -0.173789 
0.60647 0 0.731765 0 0.712993 -0.180494 
0.606704 0 0.730584 0 0.711536 -0.187032 
0.606868 0 0.72939 0 0.710086 -0.193408 
0.606978 0 0.728199 0 0.708657 -0.199624 
0.607052 0 0.72702 0 0.707258 -0.205685 
0.607105 0 0.725861 0 0.705893 -0.211595 
0.607141 0 0.724718 0 0.704564 -0.217357 
0.607156 0 0.723585 0 0.70327 -0.222976 
0.607156 0 0.72246 0 0.702012 -0.228454 
0.607146 0 0.721351 0 0.700793 -0.233795 
0.607127 0 0.720258 0 0.699609 -0.239003 
0.607094 0 0.719172 0 0.69846 -0.244081 
0.607048 0 0.718093 0 0.697345 -0.249031 
0.607053 0 0.717074 0 0.696134 -0.253858 
0.607071 0 0.716111 0 0.694871 -0.258565 
0.607083 0 0.715186 0 0.693592 -0.263154 
0.607082 0 0.714277 0 0.69231 -0.267628 
0.607053 0 0.713355 0 0.691051 -0.27199 
0.607 0 0.712417 0 0.689812 -0.276244 
0.606923 0 0.711462 0 0.688595 -0.280391 
0.606825 0 0.7105 0 0.687402 -0.284434 
0.606733 0 0.70956 0 0.686195 -0.288376 
0.606633 0 0.708636 0 0.684976 -0.29222 
0.606517 0 0.707715 0 0.683752 -0.295968 
0.606384 0 0.706791 0 0.682528 -0.299622 
0.606239 0 0.705866 0 0.681312 -0.303184 
0.606081 0 0.704935 0 0.680102 -0.306658 
0.605904 0 0.70399 0 0.678899 -0.310044 
0.605708 0 0.70303 0 0.677701 -0.313346 
0.6055 0 0.702064 0 0.676512 -0.316566 
0.60528 0 0.701089 0 0.67533 -0.319705 
0.60504 0 0.700097 0 0.674151 -0.322765 
0.604783 0 0.699089 0 0.672979 -0.325749 
0.604824 0 0.698352 0 0.672307 -0.328659 
0.605076 0 0.697763 0 0.671899 -0.331495 
0.605425 0 0.697232 0 0.671607 -0.334261 
0.605684 0 0.696671 0 0.671296 -0.336957 
0.605886 0 0.696094 0 0.670959 -0.339586 
0.606043 0 0.695506 0 0.670592 -0.342149 
0.606161 0 0.69491 0 0.670196 -0.344648 
0.606247 0 0.694311 0 0.669778 -0.347085 
0.606312 0 0.693722 0 0.669345 -0.34946 
0.606357 0 0.693141 0 0.668897 -0.351776 
0.606377 0 0.692562 0 0.668433 -0.354034 
0.606373 0 0.691985 0 0.667953 -0.356236 
0.60631 0 0.691319 0 0.667403 -0.358382 
0.606199 0 0.690553 0 0.666816 -0.360475 
0.606046 0 0.689715 0 0.666212 -0.362515 
0.605862 0 0.688835 0 0.665604 -0.364504 
0.605659 0 0.687936 0 0.664992 -0.366442 
0.605435 0 0.687013 0 0.664373 -0.368333 
0.60536 0 0.68631 0 0.663836 -0.370175 
0.605366 0 0.685722 0 0.663394 -0.371971 
0.605402 0 0.68516 0 0.662994 -0.373722 
0.605434 0 0.684578 0 0.662596 -0.375428 
0.60544 0 0.68396 0 0.662187 -0.377091 
0.605419 0 0.68331 0 0.661768 -0.378712 
0.605376 0 0.682635 0 0.661341 -0.380291 
0.605308 0 0.681931 0 0.660903 -0.381829 
0.605206 0 0.681185 0 0.660453 -0.383326 
0.60507 0 0.680393 0 0.659991 -0.384784 
0.604903 0 0.679558 0 0.659521 -0.386201 
0.604701 0 0.678672 0 0.659045 -0.387578 
0.604456 0 0.67772 0 0.658566 -0.388913 
0.604192 0 0.676721 0 0.658089 -0.390205 
0.604162 0 0.675937 0 0.657674 -0.391449 
0.604296 0 0.675343 0 0.657369 -0.392638 
0.604534 0 0.674866 0 0.657153 -0.393761 
0.604839 0 0.674446 0 0.656995 -0.394798 
0.605193 0 0.674055 0 0.656884 -0.395713 
0.60558 0 0.673687 0 0.65682 -0.396448 
0.605987 0 0.673349 0 0.656819 -0.396905 
0.606411 0 0.673076 0 0.656911 -0.396925 
0.606853 0 0.672925 0 0.657142 -0.396266 
0.60731 0 0.67296 0 0.657568 -0.39459 
0.607771 0 0.673249 0 0.658256 -0.391485 
0.608235 0 0.673865 0 0.659273 -0.386546 
0.608704 0 0.674866 0 0.660669 -0.379496 
0.609177 0 0.676264 0 0.662456 -0.370281 
0.609644 0 0.678029 0 0.664612 -0.359074 
0.610107 0 0.680114 0 0.667091 -0.346193 
0.610571 0 0.682469 0 0.669843 -0.33201 
0.611035 0 0.685038 0 0.672813 -0.316874 
0.611491 0 0.687763 0 0.675953 -0.301086 
0.61194 0 0.690603 0 0.679225 -0.284889 
0.612389 0 0.693533 0 0.682598 -0.268468 
0.612835 0 0.696522 0 0.686044 -0.251967 
0.613273 0 0.699541 0 0.689543 -0.235493 
0.613702 0 0.702572 0 0.693077 -0.219125 
0.61413 0 0.705607 0 0.696636 -0.202923 
0.614554 0 0.708633 0 0.700205 -0.186933 
0.614969 0 0.711632 0 0.703777 -0.171185 
0.615375 0 0.714595 0 0.707342 -0.155705 
0.615779 0 0.717524 0 0.710898 -0.140509 
0.616179 0 0.720409 0 0.714438 -0.12561 
0.616569 0 0.723239 0 0.717956 -0.111016 
0.616949 0 0.72601 0 0.72145 -0.0967327 
0.617328 0 0.728724 0 0.724919 -0.0827626 
0.617701 0 0.731378 0 0.728359 -0.0691074 
0.618065 0 0.733962 0 0.731768 -0.0557674 
0.618419 0 0.736473 0 0.735146 -0.0427415 
0.618769 0 0.738919 0 0.738494 -0.0300283 
0.619343 0 0.741877 0 0.742442 -0.0176254 
0.619981 0 0.74477 0 0.746347 -0.00553106 
0.620689 0 0.747456 0 0.750154 0.00625768 
0.621404 0 0.750088 0 0.753935 0.0177436 
0.622124 0 0.752668 0 0.757691 0.0289285 
0.622841 0 0.755191 0 0.761427 0.0398141 
0.623558 0 0.757664 0 0.765148 0.0504017 
0.624281 0 0.760102 0 0.768862 0.060692 
0.625008 0 0.762507 0 0.772571 0.0706846 
0.625733 0 0.764878 0 0.776282 0.0803786 
0.626456 0 0.767219 0 0.779998 0.0897726 
0.627185 0 0.769543 0 0.783724 0.0988641 
0.627919 0 0.771848 0 0.787459 0.10765 
0.628649 0 0.774127 0 0.791204 0.116128 
0.629378 0 0.776378 0 0.794956 0.124293 
0.630112 0 0.778607 0 0.798714 0.132142 
0.630849 0 0.780808 0 0.802473 0.13967 
0.631583 0 0.782968 0 0.806229 0.146874 
0.632217 0 0.785136 0 0.810065 0.15375 
0.632776 0 0.787082 0 0.813582 0.160295 
0.633297 0 0.788881 0 0.816978 0.166506 
0.633799 0 0.790591 0 0.82034 0.172381 
0.634233 0 0.792231 0 0.823693 0.177917 
0.634671 0 0.793814 0 0.827013 0.183117 
0.63511 0 0.795337 0 0.830295 0.18798 
0.635545 0 0.796786 0 0.833535 0.192509 
0.635975 0 0.798161 0 0.836731 0.196708 
0.636463 0 0.799437 0 0.839848 0.200583 
0.636985 0 0.800628 0 0.84291 0.204141 
0.637474 0 0.801841 0 0.846116 0.207391 
0.637957 0 0.802948 0 0.849111 0.210345 
0.638438 0 0.80396 0 0.851986 0.213015 
0.638919 0 0.804899 0 0.854799 0.215414 
0.639374 0 0.805783 0 0.857557 0.217561 
0.639838 0 0.806597 0 0.86028 0.219472 
0.640316 0 0.807359 0 0.862968 0.221166 
0.640639 0 0.807978 0 0.864898 0.222668 
0.640808 0 0.808568 0 0.866123 0.223997 
0.640813 0 0.810641 1 0.86525 0.225181 
0.640842 0 0.812523 1 0.865096 0.225245 
0.640901 0 0.81411 1 0.864834 0.224208 
0.640982 0 0.81546 0 0.864349 0.222119 
0.641086 0 0.816832 0 0.863929 0.220251 
0.64122 0 0.818243 0 0.863579 0.218621 
0.641391 0 0.819707 0 0.86331 0.217243 
0.641605 0 0.821237 0 0.863131 0.216136 
0.641869 0 0.822842 0 0.86305 0.215319 
0.642189 0 0.824533 0 0.86307 0.214814 
0.642602 0 0.826363 0 0.863307 0.214641 
0.6431 0 0.828321 0 0.863714 0.214822 
0.643678 0 0.830406 0 0.864259 0.215377 
0.64434 0 0.832625 0 0.864941 0.216324 
0.645091 0 0.834989 0 0.865767 0.217676 
0.645937 0 0.837502 0 0.86674 0.219442 
0.646879 0 0.840168 0 0.867859 0.221621 
0.647918 0 0.842985 0 0.869114 0.224207 
0.649051 0 0.845945 0 0.870496 0.227183 
0.650274 0 0.849041 0 0.87199 0.230526 
0.651581 0 0.852259 0 0.87358 0.234203 
0.652964 0 0.855586 0 0.875251 0.238179 
0.654416 0 0.859005 0 0.876984 0.242413 
0.655927 0 0.862498 0 0.878761 0.246864 
0.657487 0 0.86605 0 0.880564 0.251491 
0.659088 0 0.869643 0 0.882378 0.256255 
0.66072 0 0.873262 0 0.884185 0.261122 
0.662346 0 0.87688 0 0.886011 0.266059 
0.663968 0 0.880486 0 0.887804 0.271038 
0.665585 0 0.884067 0 0.88954 0.276035 
0.666755 0 0.887198 0 0.891047 0.281029 
0.667606 0 0.890107 0 0.892224 0.286003 
0.668085 0 0.892454 0 0.893024 0.290941 
0.668363 0 0.894467 0 0.893755 0.295833 
0.668574 0 0.896416 0 0.89444 0.300668 
0.668773 0 0.898335 0 0.895092 0.305438 
0.668962 0 0.90022 0 0.895707 0.310138 
0.66914 0 0.90207 0 0.896285 0.314761 
0.669307 0 0.903883 0 0.896824 0.319306 
0.669463 0 0.905657 0 0.897324 0.323767 
0.669609 0 0.907391 0 0.897783 0.328145 
0.669687 0 0.909076 0 0.89807 0.332436 
0.669754 1 0.908304 0 0.899915 0.336632 
0.669704 1 0.907805 0 0.901499 0.340696 
0.669595 0 0.90733 0 0.902954 0.344615 
0.669453 0 0.906855 0 0.904308 0.348463 
0.669286 0 0.906374 0 0.90558 0.352238 
0.669093 0 0.905884 0 0.906783 0.35594 
0.668866 0 0.90544 0 0.907911 0.359568 
0.668932 0 0.90596 0 0.908756 0.363122 
0.66921 0 0.906731 0 0.909531 0.366601 
0.669496 0 0.907484 0 0.910298 0.370006 
0.669792 0 0.908218 0 0.911057 0.373338 
0.670099 0 0.908936 0 0.911812 0.376596 
0.670417 0 0.909636 0 0.912562 0.379783 
0.670746 0 0.910318 0 0.913307 0.382898 
0.670924 1 0.910345 0 0.914111 0.385939 
0.67101 1 0.910483 1 0.913681 0.388891 
0.671115 1 0.910421 1 0.913627 0.391712 
0.67124 1 0.910257 1 0.913606 0.394397 
0.671371 1 0.910103 1 0.913571 0.396911 
0.671508 1 0.909981 1 0.913524 0.39921 
0.671658 1 0.909877 1 0.913472 0.401236 
0.671831 1 0.90982 1 0.913405 0.4029 
0.672035 1 0.909787 1 0.913338 0.404099 
0.672281 1 0.909771 1 0.91328 0.404686 
0.672581 1 0.909774 1 0.913236 0.404505 
0.672953 1 0.909802 1 0.913215 0.40336 
0.673412 1 0.909849 1 0.913221 0.401066 
0.673971 1 0.90992 1 0.913259 0.397468 
0.674642 1 0.910016 1 0.913329 0.39246 
0.675435 1 0.910137 1 0.913433 0.386009 
0.676328 1 0.910267 1 0.913456 0.378143 
0.677324 1 0.910416 1 0.913543 0.368984 
0.678427 1 0.910585 1 0.913685 0.358658 
0.679645 1 0.910755 1 0.91386 0.347342 
0.680978 1 0.910924 1 0.914049 0.335204 
0.682419 1 0.911091 1 0.914243 0.322391 
0.68396 1 0.911261 1 0.914436 0.309064 
0.685591 1 0.911434 1 0.914626 0.295351 
0.687304 1 0.911608 1 0.91481 0.281358 
0.689062 1 0.911759 1 0.914971 0.267182 
0.690866 1 0.911891 1 0.915088 0.252913 
0.692717 1 0.912031 1 0.915177 0.23861 
0.694602 1 0.912167 1 0.915314 0.224328 
0.696523 1 0.912299 1 0.91545 0.210111 
0.698495 1 0.912423 1 0.915545 0.196002 
0.700504 1 0.912542 1 0.915627 0.182031 
0.702541 1 0.912655 1 0.915699 0.168223 
0.704601 1 0.91276 1 0.915764 0.1546 
0.706678 1 0.912857 1 0.915822 0.141175 
0.708767 1 0.912948 1 0.915874 0.127964 
0.710864 1 0.913032 1 0.915916 0.114974 
0.712963 1 0.91311 1 0.915952 0.102217 
0.71506 1 0.913181 1 0.915982 0.0896972 
0.717152 1 0.913247 1 0.916004 0.0774169 
0.719234 1 0.913308 1 0.91602 0.0653797 
0.721303 1 0.913364 1 0.916032 0.0535869 
0.723355 1 0.913415 1 0.916038 0.0420427 
0.725387 1 0.913461 1 0.91604 0.0307419 
0.727398 1 0.913504 1 0.916037 0.0196873 
0.729382 1 0.913544 1 0.91603 0.00887912 
0.731338 1 0.91358 1 0.916021 -0.00168606 
0.733263 1 0.913613 1 0.916009 -0.0120147 
0.735154 1 0.913645 1 0.915994 -0.0221043 
0.737009 1 0.913675 1 0.915977 -0.031957 
0.738826 1 0.913703 1 0.91596 -0.0415811 
0.740602 1 0.91373 1 0.915941 -0.0509742 
0.742301 1 0.913764 1 0.915895 -0.0601417 
0.743946 1 0.913786 1 0.915841 -0.0690838 
0.745539 1 0.9138 1 0.915792 -0.0778088 
0.747081 1 0.91381 1 0.915748 -0.0863145 
0.74857 1 0.913818 1 0.915709 -0.0946037 
0.750008 1 0.913826 1 0.915673 -0.102684 
0.751415 1 0.913854 1 0.915565 -0.110554 
0.752775 1 0.913892 1 0.915521 -0.118219 
0.754085 1 0.913862 1 0.915468 -0.125681 
0.755338 1 0.913791 1 0.915377 -0.132942 
0.756531 1 0.913669 1 0.915237 -0.140002 
0.757764 1 0.913517 1 0.915101 -0.146869 
0.758978 0 0.913337 0 0.914935 -0.153543 
0.76017 0 0.913147 0 0.914774 -0.159563 
0.761393 0 0.91286 0 0.91481 -0.16465 
0.76265 0 0.912748 0 0.914846 -0.168411 
0.763907 0 0.912802 0 0.914902 -0.170371 
0.765151 0 0.912983 0 0.915023 -0.170084 
0.766379 0 0.913249 0 0.915198 -0.167281 
0.76759 0 0.913539 0 0.915363 -0.161973 
0.768788 0 0.913776 0 0.915417 -0.154428 
0.769988 0 0.91383 0 0.915333 -0.145051 
0.771188 0 0.913633 0 0.91501 -0.13428 
0.772385 0 0.913133 0 0.914374 -0.122509 
0.77358 0 0.912301 0 0.913386 -0.110057 
0.774773 0 0.911131 0 0.912035 -0.0971771 
0.775966 0 0.909629 0 0.910334 -0.0840571 
0.777161 0 0.907817 0 0.908312 -0.0708377 
0.778359 0 0.905725 0 0.906004 -0.0576219 
0.779561 0 0.903387 0 0.903449 -0.0444851 
0.780866 0 0.90077 0 0.900532 -0.0314821 
0.780422 0 0.901062 1 0.900107 -0.0186275 
0.780116 0 0.901224 0 0.89927 -0.00612258 
0.77992 0 0.901334 0 0.898376 0.00618938 
0.779137 1 0.901108 0 0.900246 0.0183022 
0.778388 1 0.901211 0 0.901911 0.0300546 
0.777642 0 0.901337 0 0.903553 0.0414632 
0.77657 0 0.902819 1 0.903844 0.0526774 
0.775171 1 0.903351 1 0.904756 0.0635966 
0.773794 1 0.903926 1 0.905659 0.074082 
0.77251 1 0.904509 1 0.906435 0.0840784 
0.771332 1 0.90508 1 0.907145 0.0935266 
0.770271 1 0.90563 1 0.907807 0.102348 
0.769339 1 0.90615 1 0.908426 0.110449 
0.768553 1 0.906641 1 0.909001 0.117716 
0.767928 1 0.907099 1 0.909534 0.12403 
0.767481 1 0.907522 1 0.910024 0.129263 
0.767226 1 0.907908 1 0.910471 0.133306 
0.767175 1 0.908258 1 0.910875 0.136072 
0.767379 1 0.908522 1 0.911445 0.137511 
0.767818 1 0.908763 1 0.911999 0.137627 
0.768462 1 0.909047 1 0.912472 0.136445 
0.769299 1 0.909337 1 0.912872 0.134044 
0.770314 1 0.909609 1 0.91323 0.130529 
0.771492 1 0.909865 1 0.913568 0.126016 
0.772815 1 0.910109 1 0.913897 0.12063 
0.774263 1 0.910351 1 0.914216 0.114491 
0.775815 1 0.910589 1 0.914529 0.107709 
0.777452 1 0.910828 1 0.91483 0.100397 
0.779157 1 0.911069 1 0.915121 0.0926466 
0.780913 1 0.911311 1 0.915401 0.0845419 
0.782707 1 0.911555 1 0.915671 0.0761608 
0.784526 1 0.911799 1 0.915934 0.0675645 
0.786358 1 0.912044 1 0.91619 0.0588123 
0.788193 1 0.912291 1 0.91644 0.0499517 
0.790022 1 0.912537 1 0.916685 0.0410252 
0.791836 1 0.912784 1 0.916926 0.0320667 
0.793627 1 0.913032 1 0.917164 0.0231105 
0.79539 1 0.913281 1 0.917398 0.014181 
0.797118 1 0.91353 1 0.91763 0.00530078 
0.798805 1 0.91378 1 0.91786 -0.00350871 
0.800447 1 0.91403 1 0.918087 -0.0122357 
0.802038 1 0.914282 1 0.918313 -0.0208594 
0.803574 1 0.914534 1 0.918537 -0.0293739 
0.805028 1 0.91495 1 0.918675 -0.0377717 
0.806363 1 0.915451 1 0.918786 -0.046029 
0.807565 1 0.915892 1 0.919068 -0.0541567 
0.808685 1 0.915972 1 0.91921 -0.0621532 
0.809769 1 0.916035 1 0.919365 -0.0700067 
0.81085 1 0.916083 1 0.919535 -0.0776711 
0.811926 1 0.916125 1 0.919696 -0.0852087 
0.812983 1 0.916166 1 0.919847 -0.0925774 
0.814015 1 0.916209 1 0.919994 -0.0997703 
0.815017 1 0.916256 1 0.920143 -0.106805 
0.815982 1 0.916319 1 0.920291 -0.113689 
0.81692 1 0.916386 1 0.920418 -0.120387 
0.817836 1 0.916446 1 0.920533 -0.126942 
0.818726 1 0.916483 1 0.920624 -0.13333 
0.819588 1 0.916499 1 0.920693 -0.139559 
0.820421 1 0.916491 1 0.92074 -0.145604 
0.821027 1 0.916585 1 0.920763 -0.151475 
0.821615 1 0.916713 0 0.920713 -0.157187 
0.822169 1 0.91684 0 0.920685 -0.162377 
0.822671 1 0.916946 0 0.920697 -0.16702 
0.823105 1 0.917024 0 0.920755 -0.171026 
0.82346 1 0.917074 0 0.920856 -0.174333 
0.823731 1 0.917094 0 0.920998 -0.176894 
0.823909 1 0.917088 0 0.921176 -0.178665 
0.823988 1 0.917057 0 0.921389 -0.179609 
0.823968 1 0.917003 0 0.921631 -0.179704 
0.82388 1 0.916893 0 0.921872 -0.178948 
0.823548 1 0.917011 1 0.92199 -0.177363 
0.823251 1 0.917167 1 0.922084 -0.176108 
0.823039 1 0.917232 1 0.922075 -0.175159 
0.822899 1 0.917255 1 0.922024 -0.174482 
0.822817 1 0.917281 1 0.921971 -0.17405 
0.822779 1 0.917324 1 0.921921 -0.173837 
0.822775 1 0.917383 1 0.92188 -0.173822 
0.822799 1 0.917452 1 0.921845 -0.173984 
0.822851 1 0.917522 1 0.921818 -0.174299 
0.822927 1 0.917595 1 0.921797 -0.174752 
0.823026 1 0.917669 1 0.921782 -0.175322 
0.823142 1 0.917746 1 0.921772 -0.175997 
0.823271 1 0.917828 1 0.921766 -0.17676 
0.823411 1 0.917917 1 0.921764 -0.1776 
0.823557 1 0.918011 1 0.921768 -0.178505 
0.82367 1 0.918065 1 0.921793 -0.17946 
0.82379 1 0.918096 1 0.921808 -0.18046 
0.823919 1 0.918131 1 0.921824 -0.181494 
0.824049 1 0.91817 1 0.921844 -0.18255 
0.82418 1 0.918209 1 0.921867 -0.183615 
0.824309 1 0.91825 1 0.921892 -0.184688 
0.824436 1 0.918289 1 0.921915 -0.185761 
0.82456 1 0.91832 1 0.921928 -0.186828 
0.824681 1 0.918343 1 0.921934 -0.187883 
0.824796 1 0.918361 1 0.921934 -0.188915 
0.824907 1 0.91837 1 0.921926 -0.189933 
0.825012 1 0.918373 1 0.921912 -0.190921 
0.825111 1 0.918369 1 0.921891 -0.191874 
0.825202 1 0.918359 1 0.921865 -0.192792 
0.825218 1 0.918348 1 0.921864 -0.193669 
0.825237 0 0.918344 0 0.921853 -0.194502 
0.825265 0 0.918113 0 0.9216 -0.192961 
0.825292 0 0.917633 0 0.921086 -0.188859 
0.825313 0 0.916894 0 0.920305 -0.182299 
0.82533 0 0.915903 0 0.919261 -0.173611 
0.825343 0 0.914675 0 0.917969 -0.163229 
0.82535 0 0.913231 0 0.916454 -0.151589 
0.823358 1 0.912751 0 0.915912 -0.139086 
0.821466 1 0.91232 0 0.915281 -0.126832 
0.819645 0 0.911907 0 0.914655 -0.114862 
0.817032 0 0.912924 1 0.913913 -0.102334 
0.814283 1 0.912728 1 0.913773 -0.0899498 
0.811706 1 0.912825 1 0.913714 -0.0785201 
0.809392 1 0.912891 1 0.913629 -0.0681021 
0.80735 1 0.91291 1 0.913553 -0.0587653 
0.805588 1 0.912891 1 0.913486 -0.0505452 
0.804108 1 0.912843 1 0.913423 -0.0434684 
0.802898 1 0.912771 1 0.913363 -0.0375413 
0.801949 1 0.912682 1 0.913302 -0.0327455 
0.801247 1 0.912579 1 0.913237 -0.02904 
0.800776 1 0.912467 1 0.913168 -0.0263652 
0.800519 1 0.912346 1 0.913094 -0.0246545 
0.800457 1 0.91222 1 0.913016 -0.0238319 
0.800584 1 0.912174 1 0.912933 -0.0238009 
0.800872 1 0.912186 1 0.912863 -0.0244938 
0.801297 1 0.912215 1 0.912809 -0.0258241 
0.801843 1 0.912238 1 0.912767 -0.027718 
0.802494 1 0.912246 1 0.912735 -0.0301033 
0.80324 1 0.912245 1 0.91271 -0.0329169 
0.804068 1 0.912244 1 0.912692 -0.0360962 
0.804966 1 0.912249 1 0.91268 -0.0395878 
0.805923 1 0.912263 1 0.912676 -0.0433405 
0.806928 1 0.912288 1 0.912678 -0.0473176 
0.807973 1 0.912321 1 0.912688 -0.0514772 
0.809048 1 0.912363 1 0.912702 -0.0557863 
