0.558979 0 0.658678 0 0.658676 0.500001 
0.559281 0 0.660154 0 0.660672 0.499187 
0.559754 0 0.662125 0 0.663356 0.49843 
0.560307 0 0.664637 0 0.666667 0.497773 
0.560899 0 0.667665 0 0.670536 0.497254 
0.561491 0 0.671095 0 0.674825 0.496883 
0.562078 0 0.674806 0 0.679413 0.496651 
0.562669 0 0.678701 0 0.684195 0.496534 
0.563264 0 0.682697 0 0.689088 0.496509 
0.563858 0 0.686727 0 0.694033 0.496554 
0.564451 0 0.690752 0 0.698987 0.49665 
0.565051 0 0.694755 0 0.703925 0.496785 
0.565658 0 0.698716 0 0.708828 0.496946 
0.566264 0 0.702613 0 0.713679 0.497127 
0.566872 0 0.70644 0 0.718472 0.497321 
0.567489 0 0.710199 0 0.723201 0.497523 
0.568114 0 0.713886 0 0.727859 0.497729 
0.56874 0 0.717489 0 0.732441 0.497938 
0.569368 0 0.721009 0 0.736947 0.498146 
0.570006 0 0.724453 0 0.741375 0.498353 
0.570653 0 0.72782 0 0.745724 0.498555 
0.571302 0 0.731102 0 0.749993 0.498754 
0.571954 0 0.734299 0 0.754181 0.498947 
0.572616 0 0.737423 0 0.758292 0.499134 
0.573286 0 0.740473 0 0.762324 0.499315 
0.573959 0 0.74344 0 0.766276 0.49949 
0.574635 0 0.746328 0 0.770151 0.499658 
0.575315 0 0.749308 0 0.773744 0.49982 
0.575982 0 0.752256 0 0.777184 0.499976 
0.576651 0 0.755126 0 0.780544 0.500125 
0.577322 0 0.75792 0 0.783825 0.500268 
0.578002 0 0.760647 0 0.787032 0.500405 
0.578689 0 0.763307 0 0.790161 0.500535 
0.579377 0 0.765891 0 0.793214 0.50066 
0.580066 0 0.768401 0 0.796191 0.500778 
0.580764 0 0.770846 0 0.799095 0.50089 
0.581468 0 0.773227 0 0.801924 0.500997 
0.582172 0 0.775534 0 0.804679 0.501098 
0.582877 0 0.777768 0 0.807361 0.501193 
0.583589 0 0.77994 0 0.809971 0.501283 
0.584306 0 0.782048 0 0.812509 0.501368 
0.58514 0 0.784644 0 0.81482 0.501447 
0.585978 0 0.787517 0 0.816896 0.501521 
0.586859 0 0.790242 0 0.818986 0.501589 
0.587726 0 0.792904 0 0.821039 0.501653 
0.58867 0 0.795649 0 0.823067 0.501711 
0.589615 0 0.79834 0 0.825044 0.501765 
0.590568 0 0.800986 0 0.826974 0.501813 
0.591528 0 0.80359 0 0.828857 0.501857 
0.592487 0 0.806142 0 0.830691 0.501896 
0.593448 0 0.808645 0 0.832481 0.50193 
0.594417 0 0.81111 0 0.834228 0.50196 
0.595394 0 0.813538 0 0.835933 0.501985 
0.59637 0 0.815921 0 0.837594 0.502005 
0.597349 0 0.81826 0 0.839215 0.502022 
0.598336 0 0.820566 0 0.840798 0.502033 
0.599331 0 0.82284 0 0.842342 0.502041 
0.600326 0 0.825072 0 0.843846 0.502044 
0.601323 0 0.827266 0 0.845312 0.502043 
0.602329 0 0.82943 0 0.846742 0.502038 
0.603191 0 0.831453 0 0.847958 0.502029 
0.604054 0 0.833435 0 0.849134 0.502015 
0.604919 0 0.835378 0 0.850272 0.501998 
0.605732 0 0.837337 0 0.851357 0.501977 
0.60647 0 0.839126 0 0.852405 0.501952 
0.607152 0 0.840842 0 0.853394 0.501923 
0.607876 0 0.842594 0 0.854367 0.50189 
0.608578 0 0.844261 0 0.85531 0.501853 
0.609287 0 0.845906 0 0.856221 0.501813 
0.609996 0 0.847518 0 0.857099 0.501769 
0.610727 0 0.849122 0 0.857976 0.501722 
0.611473 0 0.850719 0 0.858829 0.50167 
0.612156 0 0.852229 0 0.859581 0.501616 
0.612798 0 0.853687 0 0.860263 0.501557 
0.613409 0 0.855108 0 0.86089 0.501496 
0.614007 0 0.856509 0 0.861469 0.501431 
0.614596 0 0.85789 0 0.862002 0.501363 
0.615175 0 0.859242 0 0.862493 0.501291 
0.615747 0 0.860567 0 0.862945 0.501216 
0.61632 0 0.861873 0 0.863362 0.501137 
0.616894 0 0.863161 0 0.863743 0.501055 
0.617461 0 0.864421 0 0.864088 0.50097 
0.618022 0 0.865655 0 0.864399 0.500882 
0.618585 0 0.866873 0 0.864675 0.50079 
0.619149 0 0.868074 0 0.864916 0.500696 
0.619705 0 0.869248 0 0.86512 0.500598 
0.620257 0 0.870398 0 0.865289 0.500496 
0.620811 0 0.871531 0 0.865423 0.500392 
0.621365 0 0.872648 0 0.86552 0.500284 
0.621913 0 0.873738 0 0.865581 0.500173 
0.622456 0 0.874803 0 0.865605 0.500059 
0.623001 0 0.875852 0 0.865593 0.499942 
0.623546 0 0.876883 0 0.865543 0.499821 
0.624085 0 0.877888 0 0.865455 0.499697 
0.624619 0 0.878867 0 0.86533 0.49957 
0.625155 0 0.879829 0 0.865167 0.499439 
0.62511 1 0.879958 0 0.865311 0.499302 
0.6251 1 0.879846 0 0.865851 0.499061 
0.625201 1 0.879735 0 0.866554 0.498694 
0.625339 1 0.879657 0 0.86729 0.498168 
0.625482 1 0.879587 0 0.867958 0.497441 
0.625625 1 0.879531 0 0.868629 0.496465 
0.625767 0 0.879494 0 0.869307 0.495184 
0.625923 0 0.879455 0 0.86995 0.493946 
0.626092 0 0.879414 0 0.870557 0.492748 
0.626275 0 0.879371 0 0.871128 0.491591 
0.626031 0 0.879809 1 0.870656 0.490473 
0.626275 1 0.879138 1 0.870739 0.48951 
0.626513 1 0.879019 1 0.870735 0.488353 
0.626722 1 0.878951 1 0.870735 0.486954 
0.626913 1 0.878863 1 0.870742 0.485308 
0.627093 1 0.878757 1 0.870749 0.483364 
0.627268 1 0.878636 1 0.870753 0.481101 
0.627438 1 0.878503 1 0.870741 0.478477 
0.627604 1 0.878358 1 0.870713 0.475443 
0.627765 1 0.878194 1 0.870667 0.471951 
0.627921 1 0.878012 1 0.870598 0.467952 
0.628073 1 0.877808 1 0.870504 0.463374 
0.628223 1 0.877579 1 0.87038 0.458148 
0.628373 1 0.877324 1 0.870225 0.452204 
0.628405 1 0.876925 1 0.870077 0.445452 
0.628277 1 0.876531 1 0.869812 0.437809 
0.628031 1 0.876111 1 0.86941 0.42918 
0.627762 1 0.875603 1 0.868907 0.419501 
0.627539 1 0.875032 1 0.868357 0.408732 
0.627378 1 0.874435 1 0.867782 0.396853 
0.627296 1 0.873827 1 0.867192 0.383891 
0.627285 1 0.87321 1 0.866592 0.369917 
0.627369 1 0.872597 1 0.865995 0.355065 
0.627567 1 0.872004 1 0.865418 0.339486 
0.627905 1 0.871448 1 0.864877 0.323344 
0.628408 1 0.870947 1 0.864391 0.306832 
0.629092 1 0.870514 1 0.863977 0.290107 
0.629966 1 0.870164 1 0.863648 0.27331 
0.631033 1 0.869902 1 0.863411 0.256559 
0.63229 1 0.869735 1 0.863273 0.239939 
0.633729 1 0.869661 1 0.863234 0.22352 
0.635342 1 0.869681 1 0.863292 0.207355 
0.637119 1 0.86979 1 0.863445 0.191473 
0.639049 1 0.869987 1 0.86369 0.175899 
0.641123 1 0.870265 1 0.864021 0.160647 
0.643327 1 0.87062 1 0.86443 0.145725 
0.645648 1 0.871047 1 0.864909 0.131141 
0.648075 1 0.871541 1 0.865451 0.116893 
0.650599 1 0.872097 1 0.866051 0.102981 
0.653208 1 0.872708 1 0.866704 0.0894016 
0.655895 1 0.873372 1 0.867406 0.0761481 
0.65865 1 0.874081 1 0.868151 0.0632202 
0.661464 1 0.874832 1 0.868935 0.0506107 
0.664331 1 0.875621 1 0.869755 0.0383104 
0.667242 1 0.876443 1 0.870607 0.0263142 
0.670191 1 0.877297 1 0.871487 0.0146147 
0.673173 1 0.878176 1 0.872391 0.00320577 
0.67618 1 0.879079 1 0.873318 -0.00792056 
0.67921 1 0.880003 1 0.874263 -0.0187708 
0.682256 1 0.880944 1 0.875225 -0.0293484 
0.685315 1 0.881902 1 0.876201 -0.0396661 
0.688384 1 0.882872 1 0.87719 -0.0497258 
0.691458 1 0.883854 1 0.878189 -0.0595356 
0.694535 1 0.884845 1 0.879196 -0.0691003 
0.697612 1 0.885845 1 0.88021 -0.078424 
0.700687 1 0.88685 1 0.881231 -0.0875153 
0.703759 1 0.88786 1 0.882255 -0.096382 
0.706823 1 0.888874 1 0.883282 -0.105024 
0.709881 1 0.88989 1 0.884312 -0.113451 
0.71293 1 0.890908 1 0.885342 -0.121667 
0.715968 1 0.891925 1 0.886372 -0.129679 
0.718926 1 0.892806 1 0.887377 -0.13749 
0.721817 1 0.893691 1 0.88834 -0.145104 
0.724678 1 0.894592 1 0.889287 -0.15253 
0.727507 1 0.895489 1 0.890214 -0.15977 
0.730316 1 0.896372 1 0.891131 -0.166829 
0.733103 1 0.897247 1 0.89204 -0.173712 
0.735912 1 0.898137 1 0.892977 -0.180422 
0.738724 1 0.899047 1 0.893922 -0.186968 
0.741526 1 0.899956 1 0.89486 -0.193345 
0.744309 1 0.900861 1 0.89579 -0.199564 
0.747069 1 0.901755 1 0.896709 -0.205628 
0.749807 1 0.902638 1 0.897617 -0.211541 
0.752524 1 0.903506 1 0.898516 -0.217305 
0.755218 1 0.904362 1 0.899404 -0.222927 
0.757897 1 0.905212 1 0.900284 -0.228406 
0.760562 1 0.906054 1 0.901156 -0.233749 
0.763212 1 0.906888 1 0.90202 -0.238958 
0.765849 1 0.907714 1 0.902873 -0.244038 
0.768472 1 0.90853 1 0.903715 -0.248991 
0.771081 1 0.909335 1 0.904547 -0.25382 
0.773677 1 0.91013 1 0.905367 -0.258529 
0.776261 1 0.910912 1 0.906174 -0.26312 
0.778831 1 0.911681 1 0.906968 -0.267595 
0.78139 1 0.912437 1 0.907748 -0.271958 
0.783958 1 0.913156 1 0.908535 -0.276212 
0.786532 1 0.913863 1 0.909329 -0.280361 
0.789105 1 0.914568 1 0.910114 -0.284406 
0.791674 1 0.915272 1 0.910877 -0.288351 
0.794232 1 0.915963 1 0.911614 -0.292196 
0.796777 1 0.916633 1 0.912325 -0.295945 
0.799308 1 0.917282 1 0.91301 -0.299599 
0.801826 1 0.917905 1 0.91367 -0.303163 
0.804342 1 0.918514 1 0.914306 -0.306638 
0.806852 1 0.9191 1 0.914917 -0.310026 
0.809355 1 0.919663 1 0.915501 -0.313329 
0.811848 1 0.920197 1 0.916059 -0.31655 
0.814331 1 0.920705 1 0.916588 -0.319689 
0.816802 1 0.921182 1 0.917087 -0.322751 
0.819261 1 0.921629 1 0.917554 -0.325735 
0.821707 1 0.922041 1 0.917989 -0.328646 
0.82414 1 0.922423 1 0.91839 -0.331483 
0.826557 1 0.922771 1 0.918755 -0.334248 
0.828959 1 0.923082 1 0.919084 -0.336947 
0.831342 1 0.923357 1 0.919375 -0.339577 
0.833707 1 0.923595 1 0.919626 -0.34214 
0.83605 1 0.923795 1 0.919837 -0.34464 
0.838372 1 0.923955 1 0.920007 -0.347077 
0.840669 1 0.924077 1 0.920135 -0.349454 
0.84294 1 0.924157 1 0.92022 -0.351771 
0.845183 1 0.924196 1 0.920264 -0.35403 
0.847397 1 0.924195 1 0.920263 -0.356234 
0.849578 1 0.924152 1 0.92022 -0.358381 
0.851725 1 0.924067 1 0.920133 -0.360475 
