0.343314 0 0.462936 0 0.462935 0.500001 
0.343726 0 0.466447 0 0.466172 0.499182 
0.344426 0 0.470423 0 0.469862 0.498125 
0.345306 0 0.474713 0 0.473901 0.496808 
0.346197 0 0.479124 0 0.478074 0.495205 
0.34709 0 0.48363 0 0.482346 0.493283 
0.34798 0 0.488205 0 0.486692 0.490998 
0.348874 0 0.492838 0 0.491095 0.488296 
0.349772 0 0.497507 0 0.495537 0.485114 
0.350668 0 0.502187 0 0.499993 0.481389 
0.351563 0 0.506859 0 0.504446 0.477053 
0.352463 0 0.511512 0 0.508882 0.472041 
0.35337 0 0.516128 0 0.51328 0.466298 
0.354275 0 0.520678 0 0.517618 0.459776 
0.355182 0 0.525145 0 0.521879 0.452441 
0.356097 0 0.529517 0 0.526047 0.444279 
0.35702 0 0.533773 0 0.530099 0.435289 
0.357943 0 0.537885 0 0.534014 0.425493 
0.358869 0 0.541833 0 0.537771 0.414925 
0.359805 0 0.545607 0 0.541357 0.403637 
0.360749 0 0.549188 0 0.544752 0.391689 
0.361695 0 0.55255 0 0.547936 0.37915 
0.362619 0 0.555688 0 0.550815 0.366093 
0.363521 0 0.558578 0 0.553384 0.352592 
0.364352 0 0.561168 0 0.555658 0.33872 
0.365119 0 0.563436 0 0.55762 0.324548 
0.365822 0 0.565379 0 0.559255 0.31014 
0.366603 0 0.567136 0 0.560675 0.29556 
0.36725 0 0.568535 0 0.561726 0.280862 
0.367971 0 0.569731 0 0.562578 0.266099 
0.368696 0 0.570673 0 0.563194 0.251315 
0.369311 0 0.571332 0 0.563489 0.236552 
0.369976 0 0.571758 0 0.563564 0.221847 
0.370602 0 0.571926 0 0.563441 0.207231 
0.371201 0 0.571857 0 0.563109 0.192733 
0.371784 0 0.571578 0 0.56258 0.178379 
0.372356 0 0.571113 0 0.561875 0.164189 
0.372917 0 0.570478 0 0.561012 0.150182 
0.373473 0 0.569693 0 0.560016 0.136374 
0.374033 0 0.568782 0 0.558905 0.122779 
0.374595 0 0.567757 0 0.557693 0.109407 
0.375154 0 0.566625 0 0.556389 0.0962672 
0.375712 0 0.565401 0 0.555007 0.0833673 
0.376274 0 0.564105 0 0.553564 0.0707126 
0.37684 0 0.56275 0 0.552072 0.0583072 
0.377404 0 0.561338 0 0.550537 0.0461538 
0.377966 0 0.559882 0 0.54897 0.0342539 
0.378533 0 0.558398 0 0.547384 0.0226082 
0.379102 0 0.556892 0 0.545785 0.0112162 
0.379665 0 0.555366 0 0.544176 7.69209e-05 
0.380224 0 0.553826 0 0.542564 -0.0108115 
0.380783 0 0.552286 0 0.540958 -0.0214513 
0.381339 0 0.550748 0 0.53936 -0.0318454 
0.381884 0 0.54921 0 0.537769 -0.041997 
0.382418 0 0.547675 0 0.536189 -0.0519097 
0.382944 0 0.546154 0 0.534626 -0.0615872 
0.383461 0 0.544647 0 0.53308 -0.0710335 
0.383958 0 0.543148 0 0.531547 -0.0802529 
0.384436 0 0.541659 0 0.53003 -0.0892497 
0.384899 0 0.540189 0 0.528531 -0.0980283 
0.385343 0 0.538737 0 0.527049 -0.106593 
0.385761 0 0.537296 0 0.525581 -0.114949 
0.386152 0 0.535868 0 0.524126 -0.1231 
0.386522 0 0.53446 0 0.522689 -0.131051 
0.386869 0 0.533072 0 0.521268 -0.138806 
0.387185 0 0.531698 0 0.519859 -0.146369 
0.387471 0 0.530339 0 0.518463 -0.153747 
0.387736 0 0.529004 0 0.517085 -0.160941 
0.387976 0 0.527694 0 0.515724 -0.167958 
0.388188 0 0.526402 0 0.514376 -0.1748 
0.388374 0 0.525131 0 0.513044 -0.181473 
0.388541 0 0.523892 0 0.511732 -0.18798 
0.38869 0 0.522683 0 0.510442 -0.194325 
0.388816 0 0.521501 0 0.50917 -0.200512 
0.388922 0 0.520347 0 0.507918 -0.206546 
0.389017 0 0.519232 0 0.506692 -0.212429 
0.389101 0 0.518156 0 0.505491 -0.218166 
0.38917 0 0.517113 0 0.504314 -0.22376 
0.389226 0 0.516106 0 0.503161 -0.229214 
0.389279 0 0.515144 0 0.502039 -0.234533 
0.389327 0 0.514227 0 0.500946 -0.239719 
0.389367 0 0.513348 0 0.499878 -0.244775 
0.389401 0 0.51251 0 0.498839 -0.249705 
0.389437 0 0.51172 0 0.497831 -0.254513 
0.389474 0 0.510977 0 0.496854 -0.2592 
0.389506 0 0.510277 0 0.495904 -0.263771 
0.389538 0 0.509618 0 0.494981 -0.268227 
0.389574 0 0.50901 0 0.494089 -0.272572 
0.389615 0 0.508449 0 0.493228 -0.276808 
0.389655 0 0.507931 0 0.492391 -0.280939 
0.389696 0 0.507454 0 0.491579 -0.284967 
0.389744 0 0.507026 0 0.490797 -0.288894 
0.389798 0 0.506645 0 0.490041 -0.292723 
0.389852 0 0.506303 0 0.489306 -0.296456 
0.389908 0 0.506 0 0.488593 -0.300096 
0.389971 0 0.505743 0 0.487905 -0.303645 
0.390041 0 0.505528 0 0.487239 -0.307106 
0.390112 0 0.505349 0 0.48659 -0.31048 
0.390183 0 0.505204 0 0.485958 -0.313769 
0.390263 0 0.505099 0 0.485346 -0.316977 
0.390348 0 0.505031 0 0.484751 -0.320104 
0.390284 0 0.504284 0 0.483825 -0.323153 
0.390242 0 0.503183 0 0.482721 -0.326126 
0.390235 0 0.502014 0 0.481633 -0.329025 
0.39027 0 0.500916 0 0.480623 -0.331851 
0.390314 0 0.499858 0 0.479634 -0.334607 
0.390354 0 0.498821 0 0.478664 -0.337294 
0.390396 0 0.497813 0 0.477716 -0.339914 
0.390438 0 0.496829 0 0.476788 -0.342468 
0.390487 0 0.495904 0 0.475892 -0.344958 
0.390579 0 0.49496 0 0.475018 -0.347387 
0.390699 0 0.494008 0 0.474164 -0.349754 
0.390838 0 0.49306 0 0.473333 -0.352063 
0.390986 0 0.492117 0 0.472522 -0.354313 
0.391142 0 0.491185 0 0.47173 -0.356508 
0.39131 0 0.490269 0 0.47096 -0.358647 
0.391488 0 0.489367 0 0.47021 -0.360734 
0.391668 0 0.488474 0 0.469476 -0.362768 
0.391851 0 0.48759 0 0.468758 -0.364751 
0.392042 0 0.486723 0 0.468061 -0.366685 
0.392239 0 0.485873 0 0.467385 -0.368571 
0.392436 0 0.485036 0 0.466727 -0.370409 
0.392634 0 0.484213 0 0.466087 -0.372201 
0.392839 0 0.483414 0 0.465471 -0.373949 
0.393049 0 0.482636 0 0.464877 -0.375653 
0.393257 0 0.481875 0 0.464302 -0.377315 
0.393466 0 0.481132 0 0.463746 -0.378935 
0.39368 0 0.480414 0 0.463214 -0.380515 
0.393897 0 0.47972 0 0.462705 -0.382055 
0.394113 0 0.479044 0 0.462214 -0.383556 
0.394328 0 0.478387 0 0.461743 -0.385021 
0.394548 0 0.477755 0 0.461295 -0.386448 
0.394771 0 0.477148 0 0.460869 -0.38784 
0.394991 0 0.476558 0 0.460462 -0.389197 
0.395211 0 0.475987 0 0.460072 -0.39052 
0.395434 0 0.475441 0 0.459706 -0.391811 
0.395661 0 0.474918 0 0.45936 -0.393069 
0.395884 0 0.474412 0 0.459031 -0.394295 
0.396106 0 0.473923 0 0.458719 -0.395491 
0.396333 0 0.473458 0 0.458429 -0.396657 
0.396562 0 0.473015 0 0.458158 -0.397794 
0.396788 0 0.472587 0 0.457902 -0.398902 
0.397012 0 0.472175 0 0.457663 -0.399983 
0.397241 0 0.471785 0 0.457443 -0.401037 
0.397472 0 0.471415 0 0.457241 -0.402064 
0.3977 0 0.471058 0 0.457053 -0.403066 
0.397926 0 0.470716 0 0.456879 -0.404043 
0.398156 0 0.470393 0 0.456723 -0.404995 
0.398389 0 0.470088 0 0.456584 -0.405924 
0.398618 0 0.469795 0 0.456456 -0.406829 
0.398846 0 0.469513 0 0.456341 -0.407712 
0.399077 0 0.469249 0 0.456242 -0.408572 
0.399311 0 0.469001 0 0.456158 -0.409411 
0.399542 0 0.468763 0 0.456083 -0.41023 
0.39977 0 0.468533 0 0.456019 -0.411027 
0.400002 0 0.46832 0 0.45597 -0.411805 
0.400237 0 0.46812 0 0.455933 -0.412563 
0.400468 0 0.467926 0 0.455904 -0.413303 
0.400697 0 0.46774 0 0.455884 -0.414024 
0.40093 0 0.467568 0 0.455877 -0.414727 
0.401165 0 0.467406 0 0.45588 -0.415412 
0.401396 0 0.467249 0 0.45589 -0.41608 
0.401625 0 0.467097 0 0.455906 -0.416732 
0.401857 0 0.466955 0 0.455934 -0.417367 
0.402091 0 0.466823 0 0.455971 -0.417986 
0.402322 0 0.466693 0 0.456012 -0.41859 
0.402549 0 0.466565 0 0.456058 -0.419179 
0.40278 0 0.466446 0 0.456114 -0.419753 
0.403013 0 0.466334 0 0.456178 -0.420312 
0.403241 0 0.466222 0 0.456246 -0.420858 
0.403466 0 0.46611 0 0.456317 -0.42139 
0.403695 0 0.466005 0 0.456397 -0.421909 
0.403925 0 0.465905 0 0.456484 -0.422415 
0.40415 0 0.465803 0 0.456574 -0.422908 
0.404371 0 0.465699 0 0.456666 -0.423389 
0.404595 0 0.465601 0 0.456768 -0.423857 
0.40482 0 0.465505 0 0.456876 -0.424314 
0.40504 0 0.465406 0 0.456987 -0.42476 
0.404949 0 0.464706 0 0.456547 -0.425195 
0.404708 0 0.46378 0 0.455846 -0.425618 
0.404411 0 0.462813 0 0.455066 -0.426031 
0.404172 0 0.461974 0 0.454451 -0.426434 
0.403984 0 0.46122 0 0.45394 -0.426827 
0.403832 0 0.460513 0 0.45348 -0.427209 
0.403706 0 0.459839 0 0.453048 -0.427583 
0.403595 0 0.459192 0 0.452645 -0.427946 
0.403501 0 0.458577 0 0.452276 -0.428301 
0.403433 0 0.458003 0 0.451952 -0.428647 
0.403388 0 0.457469 0 0.451671 -0.428984 
0.403361 0 0.456968 0 0.451429 -0.429313 
0.40335 0 0.456501 0 0.451227 -0.429634 
0.403365 0 0.456076 0 0.451072 -0.429946 
0.403402 0 0.455692 0 0.450963 -0.430251 
0.403457 0 0.455344 0 0.450896 -0.430548 
0.403529 0 0.455031 0 0.450873 -0.430837 
0.403626 0 0.454762 0 0.450901 -0.431119 
0.403746 0 0.454536 0 0.450978 -0.431395 
0.403883 0 0.454347 0 0.451101 -0.431663 
0.404038 0 0.454196 0 0.451271 -0.431925 
0.404218 0 0.45409 0 0.451494 -0.43218 
0.404422 0 0.454029 0 0.451769 -0.432428 
0.404642 0 0.454005 0 0.452093 -0.43267 
0.404881 0 0.454021 0 0.452465 -0.432907 
0.405144 0 0.454082 0 0.452893 -0.433137 
0.40543 0 0.454189 0 0.453374 -0.433361 
0.405661 0 0.454263 0 0.453635 -0.43358 
0.405865 0 0.454301 0 0.453823 -0.433793 
0.405987 0 0.454203 0 0.453863 -0.434001 
0.406041 0 0.454029 0 0.453816 -0.434203 
0.406053 0 0.453826 0 0.453725 -0.434401 
0.40604 0 0.453619 0 0.453623 -0.434593 
0.406016 0 0.453421 0 0.453525 -0.43478 
0.40598 0 0.453227 0 0.453425 -0.434963 
0.405927 0 0.453025 0 0.453313 -0.435141 
0.405891 0 0.452874 0 0.453239 -0.435314 
0.405874 0 0.452766 0 0.453196 -0.435483 
0.405866 0 0.452685 0 0.45317 -0.435647 
0.405858 0 0.452618 0 0.453153 -0.435807 
0.405851 0 0.452566 0 0.453146 -0.435963 
0.405851 0 0.452537 0 0.453155 -0.436115 
0.405857 0 0.452532 0 0.453178 -0.436263 
0.405863 0 0.452542 0 0.453211 -0.436406 
0.40587 0 0.452569 0 0.453254 -0.436546 
0.405885 0 0.45262 0 0.453311 -0.436682 
0.405906 0 0.452692 0 0.453382 -0.436814 
0.405927 0 0.452779 0 0.453459 -0.436943 
0.405926 0 0.452795 0 0.453482 -0.437067 
0.405935 0 0.452802 0 0.453495 -0.437189 
0.405956 0 0.452824 0 0.453526 -0.437306 
0.405983 0 0.452864 0 0.453576 -0.43742 
0.406018 0 0.452925 0 0.453648 -0.43753 
0.406063 0 0.45301 0 0.453743 -0.437637 
0.406118 0 0.453116 0 0.453856 -0.43774 
0.406173 0 0.453231 0 0.453978 -0.43784 
0.406228 0 0.45335 0 0.454109 -0.437936 
0.40629 0 0.453482 0 0.45425 -0.438029 
0.406357 0 0.453624 0 0.454402 -0.438118 
0.406423 0 0.453769 0 0.454559 -0.438204 
0.406489 0 0.453919 0 0.454723 -0.438285 
0.406562 0 0.454081 0 0.454899 -0.438363 
0.406642 0 0.454253 0 0.455085 -0.438437 
0.40672 0 0.454429 0 0.455277 -0.438507 
0.4068 0 0.454607 0 0.455473 -0.438573 
0.406886 0 0.454795 0 0.45568 -0.438635 
0.406978 0 0.454992 0 0.455894 -0.438692 
0.407069 0 0.455189 0 0.456112 -0.438745 
0.40716 0 0.455387 0 0.456333 -0.438793 
0.407259 0 0.455594 0 0.456564 -0.438835 
0.407364 0 0.455809 0 0.456801 -0.438872 
0.407467 0 0.456023 0 0.45704 -0.438904 
0.407571 0 0.456237 0 0.457282 -0.438929 
0.407683 0 0.456458 0 0.457532 -0.438948 
0.4078 0 0.456686 0 0.457788 -0.43896 
0.407916 0 0.456913 0 0.458045 -0.438964 
0.408033 0 0.457138 0 0.458305 -0.438961 
0.408158 0 0.457371 0 0.458572 -0.438948 
0.408288 0 0.45761 0 0.458844 -0.438926 
0.408418 0 0.457847 0 0.459118 -0.438894 
0.408548 0 0.458083 0 0.459395 -0.43885 
0.408685 0 0.458327 0 0.459679 -0.438795 
0.408829 0 0.458577 0 0.459968 -0.438726 
0.408972 0 0.458825 0 0.46026 -0.438643 
0.409067 0 0.458996 0 0.460479 -0.438543 
0.409137 0 0.459134 0 0.460651 -0.438427 
0.409196 0 0.459265 0 0.4608 -0.438291 
0.409253 0 0.459398 0 0.460952 -0.438134 
0.409305 0 0.459536 0 0.461096 -0.437955 
0.409361 0 0.45968 0 0.461244 -0.43775 
0.40942 0 0.459829 0 0.461395 -0.437517 
0.409478 0 0.459977 0 0.461547 -0.437254 
0.409534 0 0.460125 0 0.461704 -0.436957 
0.409612 0 0.4603 0 0.461876 -0.436623 
0.409705 0 0.460498 0 0.462067 -0.436248 
0.409783 0 0.460682 0 0.462258 -0.435828 
0.409851 0 0.460857 0 0.462444 -0.435358 
0.409919 0 0.461039 0 0.462633 -0.434833 
0.409989 0 0.46123 0 0.46283 -0.434248 
0.410054 0 0.461427 0 0.463031 -0.433595 
0.410118 0 0.461632 0 0.463241 -0.432869 
0.410186 0 0.461854 0 0.463466 -0.432061 
0.410258 0 0.462094 0 0.463706 -0.431164 
0.410327 0 0.462345 0 0.463958 -0.430168 
0.410394 0 0.46261 0 0.464226 -0.429064 
0.410467 0 0.462901 0 0.464517 -0.42784 
0.410544 0 0.463216 0 0.464831 -0.426486 
0.410617 0 0.463552 0 0.465166 -0.424987 
0.41069 0 0.463912 0 0.465526 -0.423331 
0.410767 0 0.464307 0 0.465919 -0.421503 
0.410849 0 0.464738 0 0.466346 -0.419487 
0.410928 0 0.465202 0 0.466806 -0.417266 
0.411007 0 0.465702 0 0.467304 -0.414823 
0.41109 0 0.466251 0 0.467848 -0.412138 
0.411179 0 0.466852 0 0.468442 -0.409194 
0.411265 0 0.467501 0 0.469085 -0.405969 
0.411351 0 0.468205 0 0.469782 -0.402442 
0.411444 0 0.468975 0 0.470544 -0.398593 
0.411541 0 0.469815 0 0.471374 -0.394401 
0.411637 0 0.470724 0 0.472273 -0.389845 
0.411734 0 0.471706 0 0.473247 -0.384905 
0.411837 0 0.472777 0 0.474306 -0.379561 
0.411947 0 0.473939 0 0.475454 -0.373796 
0.412057 0 0.475191 0 0.476692 -0.367593 
0.412167 0 0.476538 0 0.478027 -0.360939 
0.412286 0 0.477994 0 0.479466 -0.353822 
0.412412 0 0.479561 0 0.481014 -0.346235 
0.412539 0 0.481236 0 0.48267 -0.338172 
0.412668 0 0.483023 0 0.484439 -0.329633 
0.412807 0 0.484932 0 0.486327 -0.320621 
0.412954 0 0.486965 0 0.488335 -0.311143 
0.413102 0 0.489114 0 0.490459 -0.301211 
0.413254 0 0.491381 0 0.492701 -0.290841 
0.413417 0 0.493771 0 0.495063 -0.280054 
0.413588 0 0.496282 0 0.497541 -0.268872 
0.413761 0 0.498902 0 0.500128 -0.257325 
0.413939 0 0.501627 0 0.502821 -0.245443 
0.414127 0 0.50446 0 0.505617 -0.233258 
0.414323 0 0.507393 0 0.508509 -0.220807 
0.414523 0 0.51041 0 0.511485 -0.208126 
0.414725 0 0.513504 0 0.514538 -0.195253 
0.414937 0 0.516673 0 0.517662 -0.182225 
0.415158 0 0.519908 0 0.520847 -0.16908 
0.415379 0 0.52319 0 0.52408 -0.155853 
0.415603 0 0.526511 0 0.527351 -0.14258 
0.415835 0 0.529869 0 0.530655 -0.129294 
0.416073 0 0.533252 0 0.53398 -0.116026 
0.416312 0 0.536643 0 0.537314 -0.102805 
0.41655 0 0.540035 0 0.540648 -0.0896562 
0.416795 0 0.543427 0 0.543978 -0.0766047 
0.417044 0 0.546809 0 0.547295 -0.0636712 
0.417291 0 0.550166 0 0.550588 -0.0508749 
0.417537 0 0.553492 0 0.553851 -0.0382323 
0.417787 0 0.55679 0 0.557081 -0.0257577 
0.418041 0 0.560052 0 0.560273 -0.0134633 
0.41829 0 0.563266 0 0.563417 -0.00135928 
0.418537 0 0.566428 0 0.566511 0.0105458 
0.418787 0 0.569543 0 0.569555 0.0222451 
0.419038 0 0.572606 0 0.572545 0.0337336 
0.419285 0 0.575608 0 0.575474 0.0450066 
0.419528 0 0.578546 0 0.578341 0.0560615 
0.419773 0 0.581427 0 0.581149 0.0668965 
0.42002 0 0.58425 0 0.583895 0.0775104 
0.420262 0 0.587005 0 0.586576 0.0879031 
0.420499 0 0.589692 0 0.589191 0.0980751 
0.420739 0 0.59232 0 0.591744 0.108027 
0.42098 0 0.594888 0 0.594234 0.117762 
0.421216 0 0.597388 0 0.596659 0.127279 
0.421448 0 0.599821 0 0.599019 0.136584 
0.421684 0 0.602198 0 0.60132 0.145677 
0.421922 0 0.604517 0 0.60356 0.154561 
0.422156 0 0.606772 0 0.605739 0.163241 
0.422387 0 0.608965 0 0.607858 0.171719 
0.422623 0 0.611107 0 0.609923 0.179998 
0.422862 0 0.613197 0 0.611933 0.188082 
0.423099 0 0.615229 0 0.613888 0.195975 
0.423335 0 0.617207 0 0.61579 0.20368 
0.423578 0 0.61914 0 0.617645 0.211202 
0.423827 0 0.621029 0 0.619454 0.218542 
0.424076 0 0.622869 0 0.621216 0.225707 
0.424327 0 0.624662 0 0.622933 0.232698 
0.424588 0 0.626419 0 0.624613 0.239521 
0.424858 0 0.628141 0 0.626256 0.246177 
0.425131 0 0.629823 0 0.627861 0.252673 
0.425411 0 0.631468 0 0.629433 0.259009 
0.425704 0 0.633087 0 0.630979 0.265192 
0.426012 0 0.634681 0 0.632499 0.271223 
0.426328 0 0.636245 0 0.633995 0.277106 
0.426657 0 0.637783 0 0.635471 0.282845 
0.427006 0 0.639306 0 0.636935 0.288444 
0.427378 0 0.640816 0 0.638388 0.293904 
0.427768 0 0.64231 0 0.639834 0.299231 
0.428181 0 0.643791 0 0.641278 0.304426 
0.428628 0 0.645273 0 0.642729 0.309494 
0.429081 0 0.646726 0 0.644184 0.314436 
0.429581 0 0.64819 0 0.645645 0.319257 
0.430091 0 0.649622 0 0.647125 0.323958 
0.430629 0 0.65104 0 0.648622 0.328544 
0.431205 0 0.652453 0 0.650143 0.333016 
0.431822 0 0.653863 0 0.651696 0.337377 
0.432486 0 0.655279 0 0.653289 0.34163 
0.43321 0 0.656716 0 0.654931 0.345779 
0.433994 0 0.658179 0 0.656623 0.349824 
0.434828 0 0.659661 0 0.658362 0.353769 
0.43571 0 0.661168 0 0.660147 0.357616 
0.436639 0 0.662709 0 0.661977 0.361368 
0.437605 0 0.664282 0 0.663844 0.365026 
0.438592 0 0.66588 0 0.665738 0.368594 
0.439591 0 0.667503 0 0.667655 0.372073 
0.4406 0 0.669159 0 0.669593 0.375465 
0.441568 0 0.670852 0 0.671503 0.378772 
0.442554 0 0.672598 0 0.673412 0.381997 
0.443452 0 0.674315 0 0.675359 0.385142 
0.44436 0 0.676068 0 0.67734 0.388208 
0.445276 0 0.677857 0 0.679356 0.391198 
0.446193 0 0.679679 0 0.681407 0.394113 
0.447113 0 0.681535 0 0.683498 0.396955 
0.448126 0 0.683543 0 0.685387 0.399727 
0.44918 0 0.685633 0 0.687193 0.402429 
0.450249 0 0.687783 0 0.688986 0.405064 
0.451201 0 0.689748 0 0.691031 0.407632 
0.452182 0 0.691833 0 0.693036 0.410137 
0.453141 0 0.694213 0 0.695 0.412579 
0.454032 0 0.696563 0 0.696852 0.41496 
0.454854 0 0.698843 0 0.698593 0.417282 
0.45578 0 0.70119 0 0.700354 0.419545 
0.456555 0 0.703554 0 0.702019 0.421752 
0.457428 0 0.7059 0 0.703727 0.423904 
0.458302 0 0.708238 0 0.705431 0.426002 
0.459185 0 0.710574 0 0.707131 0.428048 
0.45994 0 0.712896 0 0.70874 0.430042 
0.460737 0 0.715092 0 0.710282 0.431987 
0.461502 0 0.71725 0 0.711856 0.433883 
0.462246 0 0.71935 0 0.713402 0.435731 
0.46297 0 0.721391 0 0.714901 0.437534 
0.463751 0 0.723401 0 0.716451 0.439291 
0.464495 0 0.725388 0 0.717941 0.441005 
0.465224 0 0.72734 0 0.719388 0.442675 
0.465945 0 0.729253 0 0.720796 0.444304 
0.466657 0 0.731122 0 0.722169 0.445892 
0.467368 0 0.732954 0 0.723512 0.44744 
0.468087 0 0.73476 0 0.724835 0.44895 
0.468816 0 0.736541 0 0.72614 0.450422 
0.469552 0 0.738294 0 0.727429 0.451857 
0.470298 0 0.740019 0 0.728707 0.453256 
0.471064 0 0.741729 0 0.729979 0.454621 
0.47185 0 0.743423 0 0.731247 0.455951 
0.472652 0 0.745096 0 0.732512 0.457247 
0.473474 0 0.74675 0 0.733777 0.458512 
0.474322 0 0.748398 0 0.735048 0.459744 
0.475199 0 0.750038 0 0.736326 0.460946 
0.476098 0 0.751666 0 0.737611 0.462118 
0.477021 0 0.753283 0 0.738903 0.46326 
0.477976 0 0.7549 0 0.740209 0.464374 
0.478962 0 0.756516 0 0.741526 0.46546 
0.479971 0 0.758125 0 0.742851 0.466518 
0.481004 0 0.759727 0 0.744184 0.46755 
0.482065 0 0.761332 0 0.745528 0.468556 
0.483153 0 0.762937 0 0.746878 0.469537 
0.484258 0 0.764536 0 0.74823 0.470493 
0.485379 0 0.766127 0 0.749582 0.471425 
0.486521 0 0.76772 0 0.750933 0.472334 
0.48768 0 0.769312 0 0.75228 0.473219 
0.488847 0 0.770894 0 0.753615 0.474082 
0.49002 0 0.772466 0 0.754938 0.474923 
0.491203 0 0.774036 0 0.756247 0.475743 
0.492393 0 0.775601 0 0.757539 0.476541 
0.493581 0 0.777154 0 0.758807 0.477319 
0.494767 0 0.778693 0 0.76005 0.478077 
0.495954 0 0.780226 0 0.761267 0.478815 
0.49714 0 0.781752 0 0.762456 0.479534 
0.498317 0 0.783261 0 0.76361 0.480234 
0.499484 0 0.784754 0 0.764729 0.480915 
0.500646 0 0.786239 0 0.765813 0.481578 
0.501802 0 0.787713 0 0.76686 0.482222 
0.502944 0 0.789168 0 0.767865 0.482848 
0.504072 0 0.790605 0 0.768827 0.483457 
0.505192 0 0.79203 0 0.769748 0.484047 
0.506301 0 0.793443 0 0.770624 0.48462 
0.507393 0 0.794834 0 0.771453 0.485174 
0.508469 0 0.796205 0 0.772233 0.485711 
0.509535 0 0.797562 0 0.772966 0.486229 
0.510588 0 0.798904 0 0.77365 0.486729 
0.511339 0 0.799858 0 0.77415 0.48721 
0.511816 0 0.800434 0 0.774552 0.487672 
0.512109 0 0.800763 0 0.774884 0.488113 
0.51229 0 0.800968 0 0.775132 0.488532 
0.51247 0 0.801172 0 0.77537 0.48893 
0.512649 0 0.801375 0 0.775599 0.489304 
0.512834 0 0.801585 0 0.775821 0.489653 
0.513022 0 0.8018 0 0.776036 0.489975 
0.513209 0 0.802013 0 0.77624 0.490269 
0.513395 0 0.802224 0 0.776435 0.49053 
0.513586 0 0.802442 0 0.776624 0.490758 
0.513781 0 0.802665 0 0.776804 0.490948 
0.514068 0 0.802985 0 0.777044 0.491097 
0.514407 0 0.803344 0 0.77734 0.491201 
0.514772 0 0.803714 0 0.777674 0.491254 
0.515145 0 0.804081 0 0.778023 0.49125 
0.515514 0 0.804436 0 0.778373 0.491185 
0.515877 0 0.80478 0 0.778719 0.49105 
0.516242 0 0.80512 0 0.779063 0.490838 
0.516604 0 0.805451 0 0.779405 0.49054 
0.516956 0 0.805764 0 0.779742 0.490145 
0.5173 0 0.806059 0 0.780075 0.489644 
0.517641 0 0.806342 0 0.780407 0.489023 
0.517917 0 0.806554 0 0.780683 0.488271 
0.518159 0 0.806735 0 0.780906 0.487371 
0.518447 0 0.806944 0 0.781182 0.486309 
0.518769 0 0.807182 0 0.781472 0.485068 
0.51911 0 0.807435 0 0.781761 0.48363 
0.519455 0 0.807687 0 0.782035 0.481975 
0.519719 0 0.807854 0 0.782211 0.480085 
0.519941 0 0.807963 0 0.78234 0.477938 
0.520143 0 0.808032 0 0.782437 0.475512 
0.52033 0 0.808066 0 0.782501 0.472786 
0.520509 0 0.80807 0 0.782534 0.469738 
0.520687 0 0.808047 0 0.782536 0.466347 
0.520863 0 0.807991 0 0.782503 0.462591 
0.521029 0 0.807887 0 0.782426 0.458451 
0.521187 0 0.807731 0 0.782304 0.453909 
0.521344 0 0.807524 0 0.782132 0.448947 
0.521497 0 0.807256 0 0.781902 0.443552 
0.521641 0 0.806913 0 0.781606 0.437711 
0.521776 0 0.806487 0 0.781237 0.431417 
0.521909 0 0.805978 0 0.780789 0.424663 
0.522038 0 0.805375 0 0.780252 0.417445 
0.522156 0 0.804661 0 0.779616 0.409765 
0.522263 0 0.803828 0 0.778871 0.401624 
0.522365 0 0.802874 0 0.778012 0.393028 
0.522459 0 0.801788 0 0.777027 0.383983 
0.522536 0 0.800553 0 0.775905 0.374496 
0.522595 0 0.799159 0 0.774636 0.364575 
0.52264 0 0.797605 0 0.773212 0.354226 
0.522663 0 0.795878 0 0.771619 0.343452 
0.522652 0 0.793958 0 0.769842 0.332254 
0.522602 0 0.791834 0 0.767867 0.320629 
0.52251 0 0.789499 0 0.765679 0.308569 
0.522363 0 0.786935 0 0.76326 0.296067 
0.522147 0 0.784126 0 0.760594 0.28312 
0.521859 0 0.781066 0 0.757676 0.26974 
0.521506 0 0.777772 0 0.754514 0.255961 
0.521097 0 0.774262 0 0.75113 0.241845 
0.520656 0 0.770575 0 0.747572 0.227474 
0.52026 0 0.766798 0 0.743945 0.212941 
0.520018 0 0.763039 0 0.740383 0.198339 
0.519955 0 0.759352 0 0.736917 0.183749 
0.519988 0 0.755711 0 0.733498 0.169241 
0.520074 0 0.752097 0 0.7301 0.154868 
0.520192 0 0.748513 0 0.726718 0.140675 
0.520328 0 0.744962 0 0.723352 0.126695 
0.520469 0 0.741451 0 0.720007 0.11295 
0.520614 0 0.73799 0 0.716694 0.0994586 
0.520767 0 0.734595 0 0.713421 0.0862328 
0.520926 0 0.731271 0 0.710195 0.0732804 
0.521084 0 0.728018 0 0.707019 0.0606057 
0.521242 0 0.724842 0 0.703899 0.0482109 
0.521406 0 0.721754 0 0.700842 0.0360963 
0.521575 0 0.718756 0 0.697849 0.0242602 
0.521742 0 0.715845 0 0.694921 0.0127005 
0.521909 0 0.713021 0 0.69206 0.00141378 
0.522082 0 0.710295 0 0.689271 -0.00960401 
0.522003 0 0.707382 0 0.686277 -0.0203569 
0.521697 0 0.704304 0 0.683032 -0.0308501 
0.521174 0 0.70109 0 0.679677 -0.0410885 
0.520515 0 0.697812 0 0.67628 -0.0510769 
0.519768 0 0.694524 0 0.672886 -0.0608207 
0.518964 0 0.691258 0 0.66952 -0.0703253 
0.518125 0 0.688033 0 0.6662 -0.0795959 
0.517273 0 0.684863 0 0.662936 -0.0886378 
0.516416 0 0.681751 0 0.659733 -0.0974563 
0.515552 0 0.678693 0 0.656591 -0.106057 
0.514687 0 0.675692 0 0.653513 -0.114444 
0.51383 0 0.672755 0 0.650503 -0.122623 
0.51298 0 0.669882 0 0.647561 -0.130599 
0.512408 0 0.667444 0 0.645148 -0.138376 
0.512094 0 0.665168 0 0.642904 -0.14596 
0.511904 0 0.663 0 0.640759 -0.153356 
0.511763 0 0.660916 0 0.638682 -0.160567 
0.511624 0 0.658896 0 0.636653 -0.167599 
0.511466 0 0.656927 0 0.634661 -0.174455 
0.511281 0 0.655001 0 0.632698 -0.18114 
0.511059 0 0.653104 0 0.630752 -0.187659 
0.510786 0 0.651221 0 0.628809 -0.194015 
0.510461 0 0.649347 0 0.626864 -0.200212 
0.510089 0 0.647485 0 0.624916 -0.206254 
0.509669 0 0.645635 0 0.622966 -0.212146 
0.509197 0 0.643795 0 0.621013 -0.21789 
0.508681 0 0.641971 0 0.619064 -0.223491 
0.508133 0 0.640176 0 0.617127 -0.228951 
0.507558 0 0.638414 0 0.615209 -0.234275 
0.506956 0 0.636687 0 0.613313 -0.239466 
0.506335 0 0.635001 0 0.611444 -0.244527 
0.505708 0 0.633367 0 0.609611 -0.249462 
0.505078 0 0.631788 0 0.607816 -0.254273 
0.504443 0 0.630261 0 0.60606 -0.258964 
0.50381 0 0.628789 0 0.604347 -0.263537 
0.503186 0 0.627381 0 0.60268 -0.267995 
0.502573 0 0.626037 0 0.601059 -0.272342 
0.501968 0 0.624751 0 0.599482 -0.276581 
0.50136 0 0.623323 0 0.597908 -0.280712 
0.500915 0 0.621995 0 0.596456 -0.284741 
0.500579 0 0.620818 0 0.595143 -0.288668 
0.50035 0 0.619791 0 0.593966 -0.292498 
0.500194 0 0.618877 0 0.592894 -0.296231 
0.500096 0 0.618063 0 0.59191 -0.29987 
0.500041 0 0.617338 0 0.591 -0.303418 
0.500013 0 0.61669 0 0.590151 -0.306877 
0.499928 0 0.616005 0 0.589272 -0.31025 
0.499815 0 0.615296 0 0.588394 -0.313537 
0.49969 0 0.614585 0 0.587535 -0.316743 
0.499557 0 0.613887 0 0.586703 -0.319867 
0.499423 0 0.613211 0 0.585903 -0.322913 
0.499299 0 0.612563 0 0.585138 -0.325883 
0.499182 0 0.611941 0 0.584405 -0.328778 
0.499069 0 0.611336 0 0.583701 -0.3316 
0.49896 0 0.610746 0 0.583025 -0.334351 
0.498863 0 0.610177 0 0.58238 -0.337033 
0.498776 0 0.609624 0 0.581763 -0.339647 
0.498692 0 0.609079 0 0.58117 -0.342195 
0.498615 0 0.608542 0 0.580601 -0.34468 
0.49855 0 0.608016 0 0.580057 -0.347101 
0.49832 0 0.607272 0 0.579414 -0.349462 
0.498013 0 0.606422 0 0.578706 -0.351763 
0.497676 0 0.605533 0 0.577987 -0.354006 
0.497352 0 0.604646 0 0.577284 -0.356193 
0.497148 0 0.603869 0 0.576633 -0.358325 
0.497021 0 0.603175 0 0.57604 -0.360402 
0.496944 0 0.602524 0 0.575491 -0.362428 
0.496747 0 0.601705 0 0.574926 -0.364403 
0.496488 0 0.600768 0 0.574325 -0.366328 
0.496195 0 0.599748 0 0.573701 -0.368205 
0.496022 0 0.59883 0 0.573093 -0.370035 
0.495942 0 0.598011 0 0.572543 -0.371819 
0.495764 0 0.597056 0 0.572011 -0.373559 
0.495529 0 0.595985 0 0.571443 -0.375255 
0.495403 0 0.594994 0 0.570863 -0.37691 
0.495209 0 0.593909 0 0.570316 -0.378523 
0.495125 0 0.592919 0 0.569764 -0.380096 
0.494953 0 0.591806 0 0.569228 -0.381631 
0.494735 0 0.59061 0 0.568663 -0.383127 
0.494644 0 0.589534 0 0.568095 -0.384587 
0.494485 0 0.588381 0 0.567563 -0.386011 
0.494286 0 0.587163 0 0.567009 -0.3874 
0.49421 0 0.586073 0 0.566455 -0.388755 
0.49396 0 0.584819 0 0.56585 -0.390077 
0.493727 0 0.583543 0 0.565255 -0.391366 
0.493637 0 0.582423 0 0.56469 -0.392623 
0.493367 0 0.581183 0 0.56411 -0.39385 
0.493125 0 0.579898 0 0.563505 -0.395047 
0.492902 0 0.57863 0 0.562913 -0.396214 
0.492583 0 0.577314 0 0.562237 -0.397353 
0.492324 0 0.576046 0 0.561614 -0.398464 
0.491966 0 0.574744 0 0.560962 -0.399547 
0.491696 0 0.573486 0 0.560334 -0.400604 
0.491435 0 0.572262 0 0.559709 -0.401635 
0.491067 0 0.570969 0 0.559031 -0.40264 
0.490801 0 0.569758 0 0.558407 -0.403621 
0.490448 0 0.568523 0 0.557749 -0.404578 
0.490188 0 0.567358 0 0.557135 -0.405511 
0.48984 0 0.566163 0 0.556481 -0.406421 
0.48959 0 0.565043 0 0.555876 -0.407309 
0.489258 0 0.563899 0 0.555234 -0.408174 
0.489015 0 0.56282 0 0.554636 -0.409019 
0.488687 0 0.561713 0 0.553998 -0.409842 
0.488453 0 0.560676 0 0.55341 -0.410645 
0.488142 0 0.559618 0 0.552786 -0.411429 
0.487914 0 0.558618 0 0.552207 -0.412193 
0.487607 0 0.557594 0 0.551588 -0.412938 
0.487262 0 0.556557 0 0.55094 -0.413664 
0.487026 0 0.555595 0 0.550355 -0.414373 
0.486725 0 0.55462 0 0.549742 -0.415064 
0.486508 0 0.553702 0 0.549179 -0.415738 
0.486227 0 0.552772 0 0.548586 -0.416395 
0.485911 0 0.551826 0 0.547963 -0.417036 
0.485573 0 0.550871 0 0.547318 -0.417661 
0.485343 0 0.549988 0 0.546744 -0.41827 
0.485067 0 0.549109 0 0.546155 -0.418864 
0.484767 0 0.548222 0 0.545545 -0.419444 
0.484558 0 0.54739 0 0.544991 -0.420009 
0.484297 0 0.546549 0 0.544414 -0.42056 
0.484013 0 0.5457 0 0.543816 -0.421098 
0.483718 0 0.544849 0 0.543204 -0.421622 
0.483414 0 0.543997 0 0.542583 -0.422133 
0.48321 0 0.543208 0 0.542031 -0.422631 
0.482972 0 0.542426 0 0.541469 -0.423117 
0.482715 0 0.541636 0 0.540889 -0.423591 
0.482444 0 0.540836 0 0.540292 -0.424053 
0.482166 0 0.540034 0 0.539687 -0.424503 
0.481895 0 0.539243 0 0.539085 -0.424942 
0.481719 0 0.538514 0 0.53855 -0.425371 
0.481509 0 0.537784 0 0.538003 -0.425788 
0.481278 0 0.537041 0 0.537436 -0.426195 
0.481043 0 0.536295 0 0.53686 -0.426592 
0.480807 0 0.535552 0 0.53628 -0.426979 
0.48065 0 0.534857 0 0.535756 -0.427357 
0.480462 0 0.534162 0 0.535221 -0.427725 
0.480262 0 0.533461 0 0.534674 -0.428083 
0.480057 0 0.532758 0 0.534118 -0.428433 
0.479919 0 0.532093 0 0.533609 -0.428774 
0.479752 0 0.531427 0 0.53309 -0.429107 
0.479574 0 0.530759 0 0.532562 -0.429431 
0.479458 0 0.530127 0 0.532076 -0.429747 
0.47931 0 0.529491 0 0.531578 -0.430055 
0.479205 0 0.528878 0 0.531109 -0.430355 
0.479127 0 0.528296 0 0.530669 -0.430648 
0.479013 0 0.527707 0 0.530211 -0.430933 
0.478927 0 0.527127 0 0.529769 -0.431211 
0.478857 0 0.526569 0 0.52935 -0.431482 
0.478754 0 0.526009 0 0.528917 -0.431747 
0.478678 0 0.525456 0 0.528497 -0.432004 
0.478614 0 0.524922 0 0.528098 -0.432255 
0.47864 0 0.524526 0 0.527836 -0.4325 
0.478718 0 0.524197 0 0.527633 -0.432738 
0.478817 0 0.523884 0 0.527444 -0.432971 
0.478917 0 0.523575 0 0.527261 -0.433197 
0.479018 0 0.523277 0 0.527093 -0.433418 
0.479127 0 0.523002 0 0.526948 -0.433632 
0.479243 0 0.522751 0 0.526827 -0.433842 
0.479358 0 0.522511 0 0.52672 -0.434046 
0.479472 0 0.522283 0 0.526628 -0.434244 
0.479591 0 0.522072 0 0.526554 -0.434438 
0.479714 0 0.521877 0 0.526496 -0.434626 
0.479835 0 0.521693 0 0.526453 -0.434809 
0.479954 0 0.521521 0 0.526425 -0.434988 
0.480079 0 0.521369 0 0.526418 -0.435162 
0.480209 0 0.521236 0 0.526431 -0.435331 
0.480337 0 0.521115 0 0.526459 -0.435495 
0.480417 0 0.520943 0 0.526438 -0.435655 
0.480475 0 0.520756 0 0.526394 -0.43581 
0.480524 0 0.520575 0 0.526347 -0.435962 
0.480565 0 0.520404 0 0.526305 -0.436108 
0.480601 0 0.520245 0 0.526271 -0.436251 
0.480642 0 0.520104 0 0.526251 -0.43639 
0.480685 0 0.519978 0 0.526245 -0.436524 
0.480725 0 0.51986 0 0.526248 -0.436655 
0.480764 0 0.51975 0 0.526262 -0.436781 
0.480806 0 0.519657 0 0.52629 -0.436904 
0.480852 0 0.519578 0 0.526332 -0.437023 
0.480895 0 0.519505 0 0.52638 -0.437137 
0.480934 0 0.51944 0 0.526436 -0.437248 
0.480976 0 0.519389 0 0.526503 -0.437356 
0.481022 0 0.519352 0 0.526579 -0.437459 
0.481062 0 0.51932 0 0.52666 -0.437559 
0.4811 0 0.519294 0 0.526748 -0.437655 
0.481142 0 0.519282 0 0.526846 -0.437747 
0.481187 0 0.519283 0 0.526953 -0.437835 
0.481228 0 0.519288 0 0.527065 -0.43792 
0.481266 0 0.519299 0 0.527183 -0.438 
0.481309 0 0.519322 0 0.52731 -0.438077 
0.481354 0 0.519357 0 0.527446 -0.43815 
0.481396 0 0.519396 0 0.527586 -0.438219 
0.481435 0 0.519439 0 0.52773 -0.438284 
0.481478 0 0.519493 0 0.527882 -0.438345 
0.481524 0 0.519558 0 0.528042 -0.438401 
0.481567 0 0.519625 0 0.528204 -0.438453 
0.481607 0 0.519696 0 0.528369 -0.4385 
0.481651 0 0.519777 0 0.528542 -0.438543 
0.481698 0 0.519867 0 0.52872 -0.438581 
0.481741 0 0.519959 0 0.528901 -0.438614 
0.481782 0 0.520053 0 0.529083 -0.438642 
0.481828 0 0.520156 0 0.529272 -0.438664 
0.481876 0 0.520268 0 0.529465 -0.438681 
0.481921 0 0.52038 0 0.529659 -0.438691 
0.481963 0 0.520493 0 0.529854 -0.438695 
0.48201 0 0.520614 0 0.530054 -0.438693 
0.482059 0 0.520743 0 0.530258 -0.438683 
0.482105 0 0.52087 0 0.530461 -0.438666 
0.482148 0 0.520998 0 0.530664 -0.43864 
0.482196 0 0.521133 0 0.530872 -0.438606 
0.482247 0 0.521275 0 0.531082 -0.438563 
0.482294 0 0.521414 0 0.531291 -0.438511 
0.482339 0 0.521553 0 0.531498 -0.438448 
0.482388 0 0.521699 0 0.53171 -0.438374 
0.48244 0 0.52185 0 0.531923 -0.438288 
0.482489 0 0.521999 0 0.532133 -0.438189 
0.482535 0 0.522146 0 0.532342 -0.438076 
0.482586 0 0.522299 0 0.532555 -0.437949 
0.482639 0 0.522457 0 0.532768 -0.437806 
0.482689 0 0.522613 0 0.532979 -0.437646 
0.482737 0 0.522767 0 0.533188 -0.437468 
0.482789 0 0.522927 0 0.5334 -0.43727 
0.482844 0 0.523092 0 0.533613 -0.437051 
0.482896 0 0.523254 0 0.533823 -0.436809 
0.482945 0 0.523414 0 0.534032 -0.436542 
0.482999 0 0.523581 0 0.534244 -0.436249 
0.483056 0 0.523754 0 0.534458 -0.435928 
0.48311 0 0.523924 0 0.53467 -0.435575 
0.483161 0 0.524094 0 0.534881 -0.435189 
0.483217 0 0.524271 0 0.535096 -0.434767 
0.483277 0 0.524455 0 0.535315 -0.434306 
0.483333 0 0.524638 0 0.535533 -0.433804 
0.483386 0 0.524822 0 0.535752 -0.433256 
0.483445 0 0.525015 0 0.535977 -0.432659 
0.483507 0 0.525217 0 0.536207 -0.43201 
0.483565 0 0.525421 0 0.53644 -0.431303 
0.483622 0 0.525628 0 0.536676 -0.430535 
0.483684 0 0.525847 0 0.536921 -0.4297 
0.483749 0 0.526079 0 0.537176 -0.428793 
0.483811 0 0.526316 0 0.537436 -0.427808 
0.483872 0 0.52656 0 0.537704 -0.426739 
0.483937 0 0.526821 0 0.537985 -0.425579 
0.484006 0 0.527099 0 0.538281 -0.424321 
0.484073 0 0.527387 0 0.538587 -0.422956 
0.484138 0 0.527689 0 0.538908 -0.421476 
0.484209 0 0.528014 0 0.539249 -0.419872 
0.484283 0 0.528362 0 0.539611 -0.418133 
0.484355 0 0.528728 0 0.539992 -0.416249 
0.484426 0 0.529116 0 0.540395 -0.414209 
0.484503 0 0.529536 0 0.540828 -0.411999 
0.484584 0 0.529988 0 0.541291 -0.409607 
0.484663 0 0.53047 0 0.541784 -0.407018 
0.484741 0 0.530983 0 0.54231 -0.404218 
0.484826 0 0.53154 0 0.542878 -0.40119 
0.484916 0 0.532143 0 0.54349 -0.397919 
0.485004 0 0.532789 0 0.544146 -0.394387 
0.485092 0 0.533481 0 0.54485 -0.390576 
0.485187 0 0.534233 0 0.545612 -0.386468 
0.485287 0 0.535047 0 0.546434 -0.382044 
0.485387 0 0.53592 0 0.547318 -0.377285 
0.485488 0 0.536859 0 0.548269 -0.372172 
0.485596 0 0.537876 0 0.549297 -0.366687 
0.485711 0 0.538975 0 0.550406 -0.360812 
0.485826 0 0.540153 0 0.551596 -0.35453 
0.485943 0 0.541417 0 0.552874 -0.347827 
0.486068 0 0.542779 0 0.554249 -0.340688 
0.486202 0 0.544242 0 0.555724 -0.333104 
0.486336 0 0.545804 0 0.557301 -0.325066 
0.486474 0 0.547468 0 0.558983 -0.316569 
0.486621 0 0.549247 0 0.56078 -0.307613 
0.486777 0 0.551142 0 0.56269 -0.2982 
0.486936 0 0.553147 0 0.564714 -0.288339 
0.487098 0 0.555263 0 0.566852 -0.27804 
0.487272 0 0.557498 0 0.569108 -0.26732 
0.487455 0 0.55985 0 0.57148 -0.2562 
0.487641 0 0.562308 0 0.573962 -0.244706 
0.487831 0 0.564869 0 0.576549 -0.232867 
0.488033 0 0.567537 0 0.579242 -0.220714 
0.488245 0 0.570305 0 0.582033 -0.208285 
0.488459 0 0.573156 0 0.584911 -0.195615 
0.488678 0 0.576085 0 0.587869 -0.182745 
0.488907 0 0.57909 0 0.590902 -0.169713 
0.489145 0 0.582161 0 0.593999 -0.156559 
0.489385 0 0.585281 0 0.597146 -0.143322 
0.489628 0 0.588441 0 0.600336 -0.130039 
0.489879 0 0.591638 0 0.603562 -0.116746 
0.490138 0 0.594863 0 0.606811 -0.103475 
0.490397 0 0.598097 0 0.610073 -0.0902592 
0.490657 0 0.601333 0 0.613338 -0.0771245 
0.490924 0 0.60457 0 0.616601 -0.0640967 
0.491196 0 0.607799 0 0.619854 -0.0511982 
0.491466 0 0.611006 0 0.623085 -0.0384483 
0.491735 0 0.614184 0 0.626289 -0.025864 
0.49201 0 0.617335 0 0.629464 -0.0134596 
0.492288 0 0.620454 0 0.632602 -0.00124729 
0.492563 0 0.623528 0 0.635696 0.0107633 
0.492836 0 0.626554 0 0.638744 0.0225639 
0.493113 0 0.629537 0 0.641744 0.0341486 
0.493393 0 0.632472 0 0.644694 0.0455126 
0.493669 0 0.63535 0 0.647587 0.0566526 
0.493942 0 0.63817 0 0.650423 0.0675665 
0.49422 0 0.640939 0 0.653203 0.0782531 
0.494501 0 0.643655 0 0.655926 0.0887123 
0.494778 0 0.646309 0 0.658588 0.0989448 
0.495053 0 0.648903 0 0.66119 0.108952 
0.495333 0 0.651444 0 0.663735 0.118735 
0.495617 0 0.653933 0 0.666221 0.128296 
0.495899 0 0.656361 0 0.668648 0.137638 
0.496181 0 0.658731 0 0.671015 0.146764 
0.496469 0 0.661053 0 0.673329 0.155678 
0.496763 0 0.663325 0 0.675587 0.164382 
0.497056 0 0.665543 0 0.67779 0.17288 
0.497352 0 0.667707 0 0.679938 0.181175 
0.497656 0 0.669829 0 0.682038 0.189273 
0.497968 0 0.671908 0 0.684088 0.197176 
0.498282 0 0.673938 0 0.686089 0.204888 
0.498599 0 0.675923 0 0.688042 0.212413 
0.498928 0 0.677871 0 0.689954 0.219755 
0.499266 0 0.679785 0 0.691823 0.226919 
0.499608 0 0.681657 0 0.693651 0.233908 
0.499956 0 0.68349 0 0.695439 0.240726 
0.500316 0 0.685294 0 0.697194 0.247376 
0.500687 0 0.687071 0 0.698915 0.253863 
0.501064 0 0.688813 0 0.700603 0.260191 
0.501448 0 0.690524 0 0.702261 0.266362 
0.501847 0 0.692214 0 0.703895 0.272381 
0.502259 0 0.693883 0 0.705505 0.278252 
0.502679 0 0.695527 0 0.707093 0.283977 
0.503108 0 0.697146 0 0.708663 0.289561 
0.503555 0 0.698754 0 0.710219 0.295006 
0.504019 0 0.70035 0 0.711765 0.300316 
0.504495 0 0.701929 0 0.713302 0.305495 
0.504986 0 0.703495 0 0.714834 0.310545 
0.505501 0 0.705059 0 0.71637 0.31547 
0.505973 0 0.706564 0 0.717899 0.320272 
0.506491 0 0.708073 0 0.719408 0.324955 
0.507052 0 0.709604 0 0.720941 0.329521 
0.507583 0 0.711087 0 0.722498 0.333974 
0.508106 0 0.712529 0 0.724052 0.338316 
0.508725 0 0.714037 0 0.725621 0.34255 
0.509333 0 0.715505 0 0.727246 0.346679 
0.509959 0 0.716954 0 0.728896 0.350704 
0.510616 0 0.718396 0 0.730578 0.35463 
0.511312 0 0.719839 0 0.732303 0.358457 
0.512055 0 0.721296 0 0.734078 0.36219 
0.512856 0 0.722783 0 0.735911 0.365829 
0.513712 0 0.724305 0 0.737798 0.369377 
0.51461 0 0.725857 0 0.739734 0.372837 
0.515545 0 0.727443 0 0.741713 0.376211 
0.516474 0 0.729076 0 0.743694 0.379501 
0.517421 0 0.730761 0 0.745691 0.382708 
0.518285 0 0.732429 0 0.74775 0.385836 
0.519259 0 0.734129 0 0.749822 0.388885 
0.520244 0 0.735866 0 0.751928 0.391859 
0.521238 0 0.737638 0 0.754068 0.394758 
0.522157 0 0.739425 0 0.756262 0.397584 
0.52308 0 0.741246 0 0.758495 0.40034 
0.524014 0 0.743112 0 0.760769 0.403027 
0.524957 0 0.74502 0 0.763083 0.405648 
0.525934 0 0.747032 0 0.765089 0.408202 
0.526911 0 0.749084 0 0.766936 0.410693 
0.527889 0 0.751178 0 0.768727 0.413122 
0.528788 0 0.753143 0 0.770754 0.415489 
0.52974 0 0.755241 0 0.77272 0.417798 
0.53064 0 0.757313 0 0.774643 0.420049 
0.531573 0 0.759442 0 0.776506 0.422244 
0.532448 0 0.761512 0 0.778348 0.424383 
0.533336 0 0.763592 0 0.780125 0.42647 
0.534172 0 0.76563 0 0.781899 0.428504 
0.534991 0 0.76765 0 0.783624 0.430488 
0.535786 0 0.769924 0 0.785345 0.432421 
0.536556 0 0.772203 0 0.787011 0.434307 
0.537287 0 0.774412 0 0.788581 0.436145 
0.537996 0 0.776575 0 0.790075 0.437937 
0.53878 0 0.778754 0 0.791551 0.439685 
0.539461 0 0.780934 0 0.792955 0.441389 
0.540216 0 0.783083 0 0.794378 0.44305 
0.540901 0 0.78525 0 0.795752 0.44467 
0.541583 0 0.787285 0 0.797093 0.446249 
0.542265 0 0.789269 0 0.798406 0.447789 
0.542958 0 0.791233 0 0.799706 0.44929 
0.543671 0 0.793188 0 0.801007 0.450754 
0.544405 0 0.795131 0 0.802307 0.452181 
0.545151 0 0.797051 0 0.803605 0.453572 
0.545913 0 0.798949 0 0.8049 0.454929 
0.546698 0 0.800832 0 0.806195 0.456252 
0.547506 0 0.8027 0 0.807488 0.457541 
0.548332 0 0.804546 0 0.80878 0.458799 
0.549179 0 0.806374 0 0.810074 0.460025 
0.550056 0 0.808194 0 0.811375 0.46122 
0.550962 0 0.810006 0 0.812684 0.462386 
0.551891 0 0.811803 0 0.814 0.463522 
0.552846 0 0.813587 0 0.815324 0.46463 
0.553832 0 0.815369 0 0.81666 0.46571 
0.554848 0 0.817146 0 0.818004 0.466763 
0.555886 0 0.818913 0 0.819354 0.46779 
0.556947 0 0.820669 0 0.820709 0.468791 
0.558034 0 0.822424 0 0.822069 0.469766 
0.559146 0 0.824177 0 0.82343 0.470718 
0.560273 0 0.82592 0 0.824787 0.471646 
0.561414 0 0.827654 0 0.826139 0.47255 
0.562574 0 0.829387 0 0.827483 0.473432 
0.563748 0 0.831118 0 0.828816 0.474291 
0.564928 0 0.832838 0 0.830132 0.475129 
0.566113 0 0.834549 0 0.831429 0.475946 
0.567307 0 0.836258 0 0.832704 0.476742 
0.568507 0 0.837964 0 0.833954 0.477519 
0.569704 0 0.839658 0 0.835174 0.478275 
0.570897 0 0.841342 0 0.836361 0.479013 
0.572092 0 0.843023 0 0.837514 0.479732 
0.573285 0 0.8447 0 0.83863 0.480433 
0.574469 0 0.846364 0 0.839703 0.481116 
0.575644 0 0.848016 0 0.840733 0.481781 
0.576814 0 0.849664 0 0.841718 0.48243 
0.577978 0 0.851306 0 0.842655 0.483061 
0.579128 0 0.852934 0 0.84354 0.483677 
0.580266 0 0.854548 0 0.844372 0.484277 
0.581395 0 0.856157 0 0.845151 0.48486 
0.582515 0 0.857757 0 0.845872 0.485429 
0.583619 0 0.859341 0 0.846534 0.485982 
0.584707 0 0.860908 0 0.847134 0.486521 
0.585785 0 0.862466 0 0.847672 0.487045 
0.586528 0 0.863533 0 0.848091 0.487555 
0.586987 0 0.864162 0 0.848469 0.48805 
0.587264 0 0.864541 0 0.848791 0.488532 
0.587547 0 0.864929 0 0.849105 0.488999 
0.587835 0 0.865324 0 0.849409 0.489452 
0.588121 0 0.865718 0 0.849703 0.489892 
0.588407 0 0.866112 0 0.849987 0.490317 
0.588699 0 0.866516 0 0.850263 0.490728 
0.588995 0 0.866927 0 0.85053 0.491126 
0.58947 0 0.867553 0 0.850866 0.491508 
0.590077 0 0.868314 0 0.851279 0.491877 
0.590777 0 0.869165 0 0.851751 0.49223 
0.591536 0 0.87007 0 0.852258 0.492567 
0.592327 0 0.871004 0 0.852779 0.492889 
0.592402 1 0.87093 0 0.853169 0.493202 
0.592402 1 0.870769 0 0.853518 0.493469 
0.592478 1 0.870769 0 0.853799 0.493706 
0.592574 1 0.870792 0 0.854084 0.493897 
0.59267 0 0.87081 0 0.854363 0.494032 
0.592766 0 0.870825 0 0.854637 0.494137 
0.592861 0 0.870836 0 0.854906 0.494209 
0.59296 0 0.870864 0 0.855153 0.494246 
0.593061 0 0.870901 0 0.855384 0.494245 
0.593163 0 0.870944 0 0.8556 0.494201 
0.593297 0 0.871047 0 0.855785 0.494111 
0.593448 0 0.871186 0 0.855943 0.493971 
0.593605 0 0.87134 0 0.85608 0.493775 
0.593766 0 0.871505 0 0.856195 0.493519 
0.593932 0 0.87168 0 0.856287 0.493196 
0.594102 0 0.871867 0 0.856355 0.4928 
0.593992 0 0.871767 0 0.856301 0.492324 
0.593748 0 0.871542 0 0.85617 0.491761 
0.593465 0 0.871292 0 0.85598 0.4911 
0.59326 0 0.871102 0 0.855858 0.490335 
0.593113 0 0.870965 0 0.855769 0.489454 
0.59301 0 0.870871 0 0.855695 0.488446 
0.592939 0 0.870814 0 0.855625 0.487302 
0.592893 0 0.870784 0 0.855551 0.486007 
0.592866 0 0.870779 0 0.85547 0.484551 
0.592786 0 0.870714 0 0.855341 0.482919 
0.592676 0 0.870629 0 0.855167 0.481097 
0.592474 0 0.870463 0 0.854905 0.479072 
0.592224 0 0.870234 0 0.854608 0.476827 
0.591954 0 0.869971 0 0.854285 0.474347 
0.591681 0 0.869691 0 0.85394 0.471619 
0.591409 0 0.869399 0 0.85357 0.468625 
0.59114 0 0.869091 0 0.853175 0.465351 
0.590872 0 0.868763 0 0.85275 0.461781 
0.590604 0 0.868409 0 0.852294 0.457903 
0.590337 0 0.868022 0 0.851801 0.453703 
0.590071 0 0.867597 0 0.851268 0.449168 
0.589804 0 0.867127 0 0.850688 0.444288 
0.589538 0 0.866606 0 0.850057 0.439054 
0.589307 0 0.866061 0 0.849409 0.433458 
0.589087 0 0.865459 0 0.848719 0.427494 
0.58887 0 0.864782 0 0.847972 0.421159 
0.588652 0 0.864021 0 0.84716 0.414452 
0.588436 0 0.863169 0 0.846275 0.407372 
0.58822 0 0.86222 0 0.845311 0.399923 
0.588005 0 0.861168 0 0.844261 0.392107 
0.587791 0 0.860005 0 0.843119 0.383931 
0.587576 0 0.858725 0 0.841878 0.375401 
0.587358 0 0.857321 0 0.84053 0.366524 
0.587138 0 0.855786 0 0.839068 0.357308 
0.586912 0 0.854116 0 0.837487 0.34776 
0.586678 0 0.852303 0 0.835777 0.337885 
0.586432 0 0.850342 0 0.833932 0.327685 
0.586171 0 0.848226 0 0.831943 0.317161 
0.585888 0 0.845945 0 0.829797 0.306308 
0.585576 0 0.843491 0 0.827483 0.295116 
0.585226 0 0.840852 0 0.824986 0.283573 
0.584829 0 0.838016 0 0.822291 0.27166 
0.584376 0 0.834973 0 0.819383 0.259364 
0.58386 0 0.831717 0 0.816254 0.246682 
0.583282 0 0.828253 0 0.812907 0.233628 
0.582648 0 0.824596 0 0.809359 0.220244 
0.581974 0 0.820776 0 0.805642 0.206596 
0.581316 0 0.816854 0 0.801834 0.192765 
0.580765 0 0.812915 0 0.79805 0.178835 
0.580424 0 0.809046 0 0.794398 0.164883 
0.580207 0 0.805248 0 0.790831 0.15098 
0.580062 0 0.801503 0 0.787315 0.137181 
0.579957 0 0.797801 0 0.783836 0.123531 
0.579877 0 0.794146 0 0.780393 0.110066 
0.579813 0 0.790547 0 0.77699 0.0968112 
0.579762 0 0.787013 0 0.773634 0.0837869 
0.579722 0 0.783553 0 0.770333 0.071007 
0.579691 0 0.780172 0 0.767092 0.0584813 
0.57967 0 0.776874 0 0.763916 0.0462158 
0.579657 0 0.773665 0 0.76081 0.0342142 
0.579659 0 0.770601 0 0.757792 0.022478 
0.579669 0 0.767643 0 0.754845 0.0110066 
0.579685 0 0.764774 0 0.751963 -0.000201029 
0.579704 0 0.761992 0 0.749146 -0.0111476 
0.579729 0 0.759303 0 0.746397 -0.0218361 
0.579512 0 0.756459 0 0.743461 -0.0322703 
0.579082 0 0.753463 0 0.740277 -0.0424543 
0.578437 0 0.750319 0 0.73698 -0.0523927 
0.577651 0 0.747092 0 0.733634 -0.0620904 
0.576775 0 0.743845 0 0.730284 -0.0715518 
0.575845 0 0.740617 0 0.726962 -0.0807819 
0.574884 0 0.73743 0 0.723681 -0.0897857 
0.573907 0 0.734289 0 0.720451 -0.0985683 
0.572924 0 0.731197 0 0.717276 -0.107135 
0.571938 0 0.728155 0 0.714157 -0.115489 
0.570955 0 0.725165 0 0.711096 -0.123637 
0.569977 0 0.722228 0 0.708095 -0.131584 
0.569246 0 0.719601 0 0.705543 -0.139333 
0.568744 0 0.717244 0 0.703297 -0.14689 
0.568441 0 0.715024 0 0.701145 -0.15426 
0.568244 0 0.712919 0 0.699075 -0.161447 
0.568101 0 0.710912 0 0.697075 -0.168454 
0.567983 0 0.708994 0 0.695138 -0.175288 
0.567874 0 0.707154 0 0.693257 -0.181951 
0.567766 0 0.705389 0 0.691428 -0.188449 
0.567654 0 0.70369 0 0.689644 -0.194784 
0.567534 0 0.702052 0 0.687899 -0.200962 
0.567402 0 0.700465 0 0.686183 -0.206986 
0.567254 0 0.698924 0 0.684489 -0.212859 
0.567083 0 0.697422 0 0.682812 -0.218586 
0.566886 0 0.695952 0 0.681143 -0.22417 
0.566683 0 0.69456 0 0.679532 -0.229614 
0.56645 0 0.6932 0 0.677938 -0.234923 
0.566181 0 0.691851 0 0.676342 -0.240099 
0.565874 0 0.690509 0 0.674741 -0.245145 
0.565528 0 0.689176 0 0.673135 -0.250066 
0.565143 0 0.687854 0 0.671527 -0.254863 
0.564722 0 0.686546 0 0.669917 -0.259541 
0.564268 0 0.685252 0 0.668309 -0.264101 
0.563783 0 0.683978 0 0.666706 -0.268548 
0.563274 0 0.682726 0 0.665112 -0.272883 
0.562726 0 0.681346 0 0.663488 -0.27711 
0.562151 0 0.6799 0 0.661875 -0.281231 
0.561562 0 0.678451 0 0.660301 -0.285249 
0.561134 0 0.677169 0 0.65887 -0.289166 
0.560811 0 0.676048 0 0.657575 -0.292985 
0.560555 0 0.67504 0 0.656383 -0.296709 
0.560338 0 0.674102 0 0.655263 -0.300339 
0.560146 0 0.673212 0 0.654201 -0.303878 
0.559971 0 0.672361 0 0.653191 -0.307329 
0.559811 0 0.671546 0 0.65223 -0.310693 
0.559459 0 0.670583 0 0.651193 -0.313972 
0.558936 0 0.669451 0 0.65012 -0.31717 
0.558328 0 0.66822 0 0.649031 -0.320287 
0.557607 0 0.666909 0 0.647874 -0.323326 
0.556818 0 0.665566 0 0.646678 -0.326288 
0.55599 0 0.664216 0 0.645466 -0.329176 
0.555251 0 0.662896 0 0.644395 -0.331992 
0.55457 0 0.661633 0 0.643428 -0.334737 
0.553855 0 0.660375 0 0.642457 -0.337413 
0.553122 0 0.659118 0 0.64148 -0.340021 
0.552451 0 0.657882 0 0.640577 -0.342564 
0.551814 0 0.656661 0 0.639728 -0.345043 
0.551199 0 0.655452 0 0.638919 -0.347459 
0.550727 0 0.654583 0 0.637995 -0.349815 
0.550451 0 0.653886 0 0.63716 -0.352111 
0.550281 0 0.653252 0 0.636401 -0.354349 
0.550165 0 0.652658 0 0.635693 -0.356531 
0.550083 0 0.652105 0 0.635023 -0.358657 
0.550022 0 0.651588 0 0.634383 -0.36073 
0.549978 0 0.651093 0 0.633767 -0.362751 
0.549946 0 0.650609 0 0.633171 -0.36472 
0.549923 0 0.650125 0 0.632591 -0.36664 
0.549909 0 0.649638 0 0.632024 -0.368511 
0.549903 0 0.649147 0 0.631471 -0.370334 
0.549904 0 0.648649 0 0.630929 -0.372112 
0.549913 0 0.648143 0 0.630396 -0.373845 
0.549931 0 0.647626 0 0.629872 -0.375534 
0.549958 0 0.647097 0 0.629355 -0.37718 
0.549993 0 0.646553 0 0.628843 -0.378785 
0.550037 0 0.645992 0 0.628336 -0.380349 
0.550108 0 0.64544 0 0.627862 -0.381874 
0.550195 0 0.644877 0 0.627407 -0.383361 
0.550296 0 0.644295 0 0.626963 -0.384811 
0.55041 0 0.64369 0 0.626529 -0.386224 
0.550537 0 0.643064 0 0.626103 -0.387602 
0.550679 0 0.642419 0 0.625687 -0.388946 
0.550834 0 0.641757 0 0.625281 -0.390257 
0.551003 0 0.641079 0 0.624885 -0.391535 
0.551187 0 0.640387 0 0.624499 -0.392781 
0.551383 0 0.639684 0 0.624124 -0.393997 
0.551593 0 0.638972 0 0.62376 -0.395183 
0.551815 0 0.638255 0 0.623408 -0.39634 
0.55205 0 0.637535 0 0.623068 -0.397468 
0.552297 0 0.636815 0 0.622743 -0.398569 
0.552555 0 0.636098 0 0.622432 -0.399643 
0.552825 0 0.635386 0 0.622137 -0.400691 
0.553105 0 0.634682 0 0.621858 -0.401713 
0.553395 0 0.633988 0 0.621596 -0.40271 
0.553694 0 0.633306 0 0.621353 -0.403683 
0.554009 0 0.632659 0 0.621129 -0.404632 
0.554332 0 0.632034 0 0.62092 -0.405558 
0.55466 0 0.631425 0 0.620723 -0.406461 
0.554993 0 0.630831 0 0.620536 -0.407343 
0.55533 0 0.630253 0 0.620361 -0.408202 
0.555671 0 0.629693 0 0.620198 -0.409041 
0.556018 0 0.629153 0 0.620049 -0.409859 
0.556368 0 0.628632 0 0.619914 -0.410657 
0.556722 0 0.628131 0 0.619792 -0.411436 
0.55708 0 0.627649 0 0.619684 -0.412195 
0.557442 0 0.627187 0 0.619591 -0.412936 
0.557808 0 0.626745 0 0.619511 -0.413659 
0.558177 0 0.626322 0 0.619445 -0.414364 
0.558549 0 0.625919 0 0.619393 -0.415051 
0.558925 0 0.625534 0 0.619356 -0.415722 
0.559316 0 0.625185 0 0.619355 -0.416376 
0.559717 0 0.62486 0 0.619383 -0.417014 
0.560124 0 0.624552 0 0.619432 -0.417637 
0.560535 0 0.624259 0 0.619501 -0.418244 
0.560952 0 0.623981 0 0.619589 -0.418836 
0.561375 0 0.623718 0 0.619696 -0.419413 
0.561612 0 0.623172 0 0.619586 -0.419976 
0.561665 0 0.622449 0 0.619304 -0.420526 
0.561629 0 0.621657 0 0.618927 -0.421061 
0.561558 0 0.620862 0 0.618521 -0.421584 
0.561495 0 0.620087 0 0.61813 -0.422093 
0.561445 0 0.619344 0 0.617758 -0.42259 
0.561402 0 0.618626 0 0.617397 -0.423075 
0.561402 0 0.617993 0 0.617095 -0.423548 
0.561383 0 0.617332 0 0.616754 -0.424009 
0.561352 0 0.616652 0 0.616381 -0.424458 
0.561319 0 0.615972 0 0.615989 -0.424896 
0.561291 0 0.615302 0 0.615591 -0.425324 
0.561275 0 0.614652 0 0.615201 -0.42574 
0.561271 0 0.614019 0 0.614822 -0.426147 
0.56128 0 0.6134 0 0.614451 -0.426543 
0.561302 0 0.612794 0 0.614088 -0.42693 
0.561336 0 0.6122 0 0.613733 -0.427306 
0.561383 0 0.611617 0 0.613385 -0.427674 
0.561443 0 0.611045 0 0.613043 -0.428032 
0.561515 0 0.610484 0 0.612707 -0.428381 
0.561599 0 0.609935 0 0.612376 -0.428722 
0.561696 0 0.609396 0 0.61205 -0.429054 
0.561805 0 0.608869 0 0.61173 -0.429377 
0.561926 0 0.608354 0 0.611416 -0.429693 
0.56206 0 0.607849 0 0.611109 -0.430001 
0.562206 0 0.607356 0 0.610809 -0.4303 
0.562365 0 0.606874 0 0.610516 -0.430593 
0.562537 0 0.606405 0 0.610233 -0.430878 
0.562722 0 0.605947 0 0.609959 -0.431155 
0.56292 0 0.605503 0 0.609696 -0.431426 
0.56313 0 0.605072 0 0.609444 -0.43169 
0.563354 0 0.604655 0 0.609204 -0.431946 
0.563591 0 0.604253 0 0.608978 -0.432197 
0.563841 0 0.603868 0 0.608764 -0.432441 
0.564104 0 0.603499 0 0.608566 -0.432678 
0.564381 0 0.603147 0 0.608382 -0.43291 
0.56467 0 0.602815 0 0.608216 -0.433135 
0.564973 0 0.602502 0 0.608066 -0.433355 
0.565289 0 0.60221 0 0.607935 -0.433568 
0.565618 0 0.601939 0 0.607823 -0.433776 
0.566024 0 0.601829 0 0.607842 -0.433979 
0.566481 0 0.601813 0 0.607929 -0.434176 
0.566962 0 0.601832 0 0.608038 -0.434367 
0.567444 0 0.601859 0 0.608153 -0.434554 
0.56794 0 0.601906 0 0.608279 -0.434735 
0.56842 0 0.601964 0 0.608446 -0.434911 
0.56892 0 0.602025 0 0.608626 -0.435082 
0.569443 0 0.602102 0 0.608825 -0.435248 
0.569981 0 0.6022 0 0.609043 -0.435409 
0.570523 0 0.60233 0 0.609293 -0.435566 
0.571065 0 0.602484 0 0.609564 -0.435718 
0.571604 0 0.602652 0 0.609851 -0.435865 
0.572138 0 0.60283 0 0.610148 -0.436007 
0.572665 0 0.603014 0 0.610453 -0.436145 
0.573184 0 0.603204 0 0.610765 -0.436278 
0.573696 0 0.6034 0 0.611084 -0.436407 
0.574202 0 0.603602 0 0.611413 -0.436531 
0.574701 0 0.603813 0 0.611751 -0.436651 
0.575195 0 0.604033 0 0.6121 -0.436766 
0.575682 0 0.604262 0 0.612458 -0.436877 
0.576164 0 0.604499 0 0.612826 -0.436983 
0.576641 0 0.604743 0 0.613202 -0.437084 
0.577111 0 0.604995 0 0.613588 -0.437181 
0.577577 0 0.605253 0 0.613981 -0.437273 
0.578037 0 0.605519 0 0.614383 -0.43736 
0.578491 0 0.605791 0 0.614793 -0.437443 
0.578941 0 0.606069 0 0.615211 -0.437521 
0.579386 0 0.606354 0 0.615637 -0.437594 
0.579826 0 0.606645 0 0.61607 -0.437661 
0.580261 0 0.606942 0 0.616511 -0.437724 
0.580692 0 0.607245 0 0.616958 -0.437781 
0.581119 0 0.607552 0 0.617413 -0.437833 
0.581541 0 0.607865 0 0.617874 -0.43788 
0.581959 0 0.608183 0 0.618341 -0.43792 
0.582372 0 0.608505 0 0.618815 -0.437954 
0.582782 0 0.608831 0 0.619295 -0.437983 
0.583188 0 0.609162 0 0.619782 -0.438004 
0.58359 0 0.609497 0 0.620273 -0.438019 
0.583989 0 0.609835 0 0.620771 -0.438026 
0.584384 0 0.610177 0 0.621274 -0.438027 
0.584775 0 0.610523 0 0.621782 -0.438019 
0.585164 0 0.610871 0 0.622296 -0.438003 
0.585485 0 0.611127 0 0.622705 -0.437978 
0.585764 0 0.611337 0 0.623045 -0.437943 
0.586014 0 0.611534 0 0.623359 -0.437899 
0.586252 0 0.611745 0 0.62367 -0.437845 
0.586489 0 0.611977 0 0.62399 -0.437779 
0.586725 0 0.61223 0 0.624318 -0.437702 
0.586956 0 0.612466 0 0.624627 -0.437612 
0.587184 0 0.612699 0 0.624936 -0.437508 
0.587427 0 0.612945 0 0.625252 -0.43739 
0.587677 0 0.613204 0 0.625578 -0.437256 
0.587931 0 0.613474 0 0.625914 -0.437106 
0.588187 0 0.613752 0 0.626259 -0.436938 
0.588443 0 0.614037 0 0.626611 -0.436751 
0.588697 0 0.614326 0 0.626968 -0.436543 
0.588949 0 0.614619 0 0.62733 -0.436313 
0.5892 0 0.614914 0 0.627696 -0.436059 
0.589448 0 0.615212 0 0.628066 -0.435778 
0.58966 0 0.61547 0 0.628404 -0.43547 
0.589852 0 0.615708 0 0.628719 -0.435131 
0.590031 0 0.615944 0 0.629025 -0.434759 
0.590204 0 0.616183 0 0.629329 -0.434352 
0.590372 0 0.616426 0 0.629633 -0.433906 
0.590536 0 0.61667 0 0.629937 -0.433418 
0.590694 0 0.616917 0 0.630242 -0.432884 
0.590849 0 0.617165 0 0.630548 -0.432301 
0.590999 0 0.617416 0 0.630856 -0.431663 
0.591145 0 0.617671 0 0.631167 -0.430967 
0.591287 0 0.617929 0 0.631482 -0.430207 
0.591425 0 0.618192 0 0.6318 -0.429378 
0.591558 0 0.618461 0 0.632122 -0.428472 
0.591687 0 0.618736 0 0.63245 -0.427484 
0.591811 0 0.619019 0 0.632783 -0.426405 
0.591932 0 0.619311 0 0.633124 -0.425228 
0.592048 0 0.619614 0 0.633474 -0.423943 
0.59216 0 0.619928 0 0.633834 -0.42254 
0.592268 0 0.620255 0 0.634207 -0.421009 
0.592373 0 0.620598 0 0.634593 -0.419338 
0.592473 0 0.620957 0 0.634997 -0.417514 
0.592571 0 0.621336 0 0.635418 -0.415522 
0.592665 0 0.621736 0 0.635862 -0.413348 
0.592755 0 0.622161 0 0.636329 -0.410975 
0.592843 0 0.622614 0 0.636823 -0.408386 
0.592927 0 0.623097 0 0.637348 -0.40556 
0.593009 0 0.623615 0 0.637907 -0.402478 
0.593088 0 0.62417 0 0.638504 -0.399117 
0.593164 0 0.624768 0 0.639143 -0.395454 
0.593238 0 0.625413 0 0.63983 -0.391464 
0.593311 0 0.626109 0 0.640569 -0.387123 
0.593381 0 0.626863 0 0.641366 -0.382404 
0.593451 0 0.627679 0 0.642227 -0.37728 
0.593519 0 0.628563 0 0.643157 -0.371725 
0.593586 0 0.629522 0 0.644163 -0.365712 
0.593652 0 0.630562 0 0.645251 -0.359217 
0.593719 0 0.631688 0 0.646428 -0.352216 
0.593786 0 0.632907 0 0.6477 -0.344688 
0.593853 0 0.634225 0 0.649073 -0.336617 
0.593922 0 0.635647 0 0.650553 -0.32799 
0.593991 0 0.637179 0 0.652146 -0.318801 
0.594063 0 0.638824 0 0.653854 -0.309047 
0.594136 0 0.640585 0 0.655682 -0.298736 
0.594212 0 0.642465 0 0.657632 -0.28788 
0.594291 0 0.644463 0 0.659704 -0.276501 
0.594372 0 0.646579 0 0.661897 -0.264628 
0.594456 0 0.64881 0 0.664208 -0.252297 
0.594543 0 0.651151 0 0.666633 -0.239549 
0.594633 0 0.653596 0 0.669166 -0.226434 
0.594726 0 0.656138 0 0.671799 -0.213002 
0.594822 0 0.658767 0 0.674522 -0.199308 
0.594919 0 0.661475 0 0.677327 -0.185409 
0.595018 0 0.664249 0 0.680201 -0.17136 
0.595119 0 0.66708 0 0.683134 -0.157215 
0.59522 0 0.669955 0 0.686114 -0.143025 
0.595321 0 0.672864 0 0.689129 -0.128839 
0.595422 0 0.675795 0 0.692168 -0.114699 
0.595522 0 0.678737 0 0.69522 -0.100645 
0.59562 0 0.681682 0 0.698275 -0.0867108 
0.595716 0 0.68462 0 0.701324 -0.0729267 
0.595809 0 0.687543 0 0.704358 -0.0593174 
0.595899 0 0.690444 0 0.70737 -0.0459042 
0.595986 0 0.693316 0 0.710354 -0.032704 
0.596069 0 0.696153 0 0.713302 -0.0197305 
0.596148 0 0.698952 0 0.71621 -0.00699442 
0.596224 0 0.701708 0 0.719075 0.00549626 
0.596295 0 0.704417 0 0.721891 0.0177359 
0.596362 0 0.707078 0 0.724657 0.029721 
0.596425 0 0.709687 0 0.727369 0.0414496 
0.596485 0 0.712244 0 0.730026 0.0529209 
0.596541 0 0.714747 0 0.732626 0.0641355 
0.596594 0 0.717195 0 0.735169 0.075095 
0.596644 0 0.719589 0 0.737652 0.0858014 
0.596691 0 0.721928 0 0.740077 0.0962577 
0.596735 0 0.724211 0 0.742443 0.106467 
0.596778 0 0.72644 0 0.744749 0.116434 
0.596818 0 0.728615 0 0.746996 0.126162 
0.596857 0 0.730735 0 0.749185 0.135655 
0.596894 0 0.732803 0 0.751316 0.144919 
0.596928 0 0.734817 0 0.753389 0.153956 
0.596961 0 0.73678 0 0.755405 0.162773 
0.596992 0 0.738691 0 0.757366 0.171374 
0.59702 0 0.740552 0 0.759271 0.179764 
0.597045 0 0.742362 0 0.761123 0.187947 
0.597067 0 0.744123 0 0.762922 0.195928 
0.597086 0 0.745835 0 0.764669 0.203712 
0.5971 0 0.7475 0 0.766366 0.211303 
0.59711 0 0.749117 0 0.768013 0.218706 
0.597114 0 0.750687 0 0.769612 0.225925 
0.597113 0 0.752211 0 0.771164 0.232965 
0.597105 0 0.753691 0 0.77267 0.23983 
0.59709 0 0.755126 0 0.774132 0.246524 
0.597067 0 0.756518 0 0.775551 0.253052 
0.597037 0 0.757867 0 0.776928 0.259417 
0.596997 0 0.759175 0 0.778266 0.265623 
0.596949 0 0.760443 0 0.779564 0.271675 
0.596892 0 0.761672 0 0.780826 0.277576 
0.596825 0 0.762863 0 0.782051 0.28333 
0.596749 0 0.764017 0 0.783243 0.28894 
0.596771 0 0.765308 0 0.78458 0.29441 
0.596826 0 0.766617 0 0.785939 0.299744 
0.596883 0 0.767893 0 0.787267 0.304945 
0.596943 0 0.769139 0 0.788567 0.310016 
0.597009 0 0.770365 0 0.789851 0.31496 
0.597086 0 0.771578 0 0.791124 0.319781 
0.597174 0 0.77278 0 0.79239 0.324481 
0.597272 0 0.773972 0 0.793651 0.329064 
0.597382 0 0.775156 0 0.794908 0.333533 
0.597505 0 0.776335 0 0.796166 0.33789 
0.597642 0 0.777512 0 0.797427 0.342138 
0.597795 0 0.778689 0 0.798696 0.34628 
0.597965 0 0.779869 0 0.799975 0.350318 
0.598155 0 0.781056 0 0.801269 0.354256 
0.598368 0 0.782251 0 0.802583 0.358095 
0.598528 0 0.783394 0 0.803933 0.361838 
0.598745 0 0.784559 0 0.805258 0.365488 
0.599018 0 0.785767 0 0.806624 0.369046 
0.599261 0 0.786939 0 0.808054 0.372516 
0.599588 0 0.788164 0 0.809486 0.375899 
0.599904 0 0.789355 0 0.810991 0.379197 
0.600237 0 0.790525 0 0.812532 0.382413 
0.600605 0 0.791692 0 0.814114 0.385548 
0.601026 0 0.792871 0 0.815746 0.388605 
0.601507 0 0.794077 0 0.817436 0.391586 
0.602052 0 0.795321 0 0.819186 0.394492 
0.602551 0 0.796659 0 0.820918 0.397326 
0.603134 0 0.797974 0 0.822679 0.400089 
0.603668 0 0.799322 0 0.824519 0.402783 
0.604218 0 0.800702 0 0.826394 0.405409 
0.604783 0 0.802115 0 0.828306 0.40797 
0.605439 0 0.803659 0 0.829991 0.410467 
0.606141 0 0.805272 0 0.831573 0.412901 
0.606829 0 0.806882 0 0.833269 0.415275 
0.607508 0 0.808505 0 0.834964 0.417589 
0.608236 0 0.810215 0 0.836596 0.419845 
0.608992 0 0.811975 0 0.838227 0.422045 
0.609721 0 0.813693 0 0.839899 0.42419 
0.61047 0 0.815446 0 0.841534 0.426282 
0.611174 0 0.817161 0 0.84318 0.428321 
0.611888 0 0.818889 0 0.844766 0.430309 
0.612564 0 0.820587 0 0.846345 0.432248 
0.613212 0 0.82227 0 0.847885 0.434138 
0.613869 0 0.823958 0 0.849363 0.43598 
0.614511 0 0.825653 0 0.850851 0.437777 
0.615138 0 0.827342 0 0.852303 0.439529 
0.61575 0 0.829018 0 0.853711 0.441237 
0.616349 0 0.830683 0 0.855077 0.442902 
0.61694 0 0.832342 0 0.856407 0.444525 
0.617524 0 0.833999 0 0.857702 0.446109 
0.618103 0 0.835653 0 0.858964 0.447652 
0.618676 0 0.837304 0 0.86019 0.449157 
0.619245 0 0.838952 0 0.861382 0.450624 
0.619808 0 0.840596 0 0.862538 0.452055 
0.620367 0 0.842239 0 0.86366 0.45345 
0.620922 0 0.843879 0 0.864745 0.45481 
0.621472 0 0.845517 0 0.865796 0.456136 
0.622018 0 0.847154 0 0.86681 0.457428 
0.622645 0 0.849085 0 0.868003 0.458689 
0.623346 0 0.851074 0 0.869269 0.459918 
0.62408 0 0.853019 0 0.870503 0.461116 
0.624826 0 0.854921 0 0.871689 0.462284 
0.625609 0 0.856834 0 0.872851 0.463424 
0.626404 0 0.858749 0 0.874003 0.464534 
0.627216 0 0.860657 0 0.875173 0.465617 
0.628061 0 0.862573 0 0.876359 0.466673 
0.628943 0 0.864449 0 0.877576 0.467702 
0.629861 0 0.866303 0 0.878808 0.468706 
0.630815 0 0.868143 0 0.880047 0.469684 
0.631805 0 0.869972 0 0.881292 0.470638 
0.632831 0 0.871792 0 0.882544 0.471568 
0.633891 0 0.873605 0 0.883803 0.472475 
0.634985 0 0.875412 0 0.88507 0.47336 
0.636113 0 0.877213 0 0.886342 0.474222 
0.637272 0 0.879008 0 0.887615 0.475062 
0.63846 0 0.880798 0 0.888887 0.475882 
0.639675 0 0.882582 0 0.890152 0.476681 
0.640915 0 0.884363 0 0.891408 0.47746 
0.642177 0 0.88614 0 0.89265 0.478219 
0.64346 0 0.887915 0 0.893874 0.47896 
0.644761 0 0.889689 0 0.895076 0.479682 
0.646078 0 0.891461 0 0.896252 0.480386 
0.647408 0 0.893233 0 0.897398 0.481072 
0.64875 0 0.895006 0 0.898509 0.481741 
0.650101 0 0.896779 0 0.899582 0.482394 
0.65146 0 0.898554 0 0.900611 0.48303 
0.652824 0 0.900331 0 0.901593 0.48365 
0.654194 0 0.902111 0 0.902524 0.484254 
0.655566 0 0.903894 0 0.9034 0.484844 
0.65694 0 0.905681 0 0.904218 0.485418 
0.658315 0 0.907471 0 0.904974 0.485978 
0.65969 0 0.909266 0 0.905663 0.486524 
0.660534 1 0.909348 0 0.906828 0.487063 
0.661287 1 0.909448 0 0.908121 0.487585 
0.662259 1 0.909936 0 0.909408 0.48809 
0.663287 1 0.910446 0 0.910691 0.488582 
0.664315 0 0.910939 0 0.911953 0.489061 
0.665342 0 0.911416 0 0.913195 0.489528 
0.665996 0 0.91242 1 0.913317 0.489983 
0.666343 1 0.912481 1 0.913449 0.490426 
0.666777 1 0.91253 1 0.913518 0.490859 
0.667219 1 0.912533 1 0.913566 0.491273 
0.66765 1 0.912539 1 0.913619 0.491674 
0.668067 1 0.912555 1 0.913672 0.492049 
0.668476 1 0.912586 1 0.913724 0.492412 
0.668877 1 0.912628 1 0.913777 0.49275 
0.669271 1 0.912668 1 0.913834 0.493059 
0.669664 1 0.91271 1 0.913888 0.493331 
0.670055 1 0.912758 1 0.913943 0.493538 
0.670443 1 0.912811 1 0.913999 0.493677 
0.670831 1 0.912867 1 0.914051 0.493733 
0.671218 1 0.912928 1 0.914104 0.493657 
0.671605 1 0.912992 1 0.914163 0.493417 
0.671998 1 0.91306 1 0.914224 0.492946 
0.672397 1 0.913132 1 0.91429 0.492179 
0.67281 1 0.913208 1 0.914362 0.49102 
0.673237 1 0.913282 1 0.914446 0.48936 
0.673688 1 0.913357 1 0.914538 0.487058 
0.67417 1 0.913437 1 0.914637 0.483958 
0.674641 1 0.913447 1 0.914761 0.479894 
0.675167 1 0.91346 1 0.914857 0.474728 
0.675759 1 0.913511 1 0.914952 0.468302 
0.676427 1 0.913593 1 0.91507 0.46053 
0.677184 1 0.913693 1 0.915201 0.451365 
0.678039 1 0.9138 1 0.915341 0.440821 
0.679002 1 0.913911 1 0.915488 0.428979 
0.680081 1 0.914025 1 0.915637 0.415956 
0.681279 1 0.914138 1 0.915792 0.401916 
0.682598 1 0.914251 1 0.91595 0.387046 
0.684039 1 0.914361 1 0.916103 0.371511 
0.685543 1 0.914458 1 0.916249 0.35551 
0.687139 1 0.914438 1 0.91638 0.339156 
0.688823 1 0.914447 1 0.916507 0.322586 
0.690589 1 0.914543 1 0.916608 0.305936 
0.692461 1 0.914662 1 0.916692 0.289281 
0.694432 1 0.914737 1 0.916766 0.272702 
0.696486 1 0.914792 1 0.916833 0.256264 
0.698612 1 0.914842 1 0.916894 0.240006 
0.700799 1 0.91489 1 0.916948 0.223965 
0.703039 1 0.914937 1 0.916996 0.208171 
0.705325 1 0.914982 1 0.917038 0.192645 
0.707649 1 0.915025 1 0.917074 0.177395 
0.710004 1 0.915063 1 0.917105 0.162441 
0.712384 1 0.915101 1 0.917132 0.147785 
0.714782 1 0.915137 1 0.917153 0.133435 
0.717194 1 0.91517 1 0.917171 0.119388 
0.719615 1 0.915199 1 0.917185 0.105647 
0.72204 1 0.915228 1 0.917196 0.092216 
0.724464 1 0.915255 1 0.917204 0.0790901 
0.726884 1 0.91528 1 0.917209 0.0662665 
0.729297 1 0.915304 1 0.917211 0.0537355 
0.731699 1 0.915326 1 0.917211 0.0414979 
0.734087 1 0.915347 1 0.917208 0.0295528 
0.73646 1 0.915366 1 0.917204 0.017891 
0.738815 1 0.915384 1 0.917198 0.00650995 
0.741148 1 0.915402 1 0.917191 -0.00459871 
0.743459 1 0.915417 1 0.917182 -0.0154436 
0.745746 1 0.915432 1 0.917171 -0.0260237 
0.748007 1 0.915446 1 0.91716 -0.036344 
0.750241 1 0.915459 1 0.917147 -0.0464132 
0.752447 1 0.915472 1 0.917134 -0.0562392 
0.754624 1 0.915483 1 0.91712 -0.0658245 
0.756771 1 0.915493 1 0.917104 -0.0751729 
0.758887 1 0.915504 1 0.917089 -0.0842931 
0.760971 1 0.915513 1 0.917072 -0.0931888 
0.763023 1 0.915523 1 0.917056 -0.101867 
0.765043 1 0.915531 1 0.917039 -0.110333 
0.767029 1 0.915538 1 0.917021 -0.11859 
0.768982 1 0.915547 1 0.917003 -0.126639 
0.770902 1 0.915553 1 0.916985 -0.134489 
0.772788 1 0.91556 1 0.916967 -0.142146 
0.77464 1 0.915567 1 0.916948 -0.149615 
0.776458 1 0.915572 1 0.91693 -0.156898 
0.778243 1 0.915578 1 0.916911 -0.163999 
0.779994 1 0.915584 1 0.916892 -0.170925 
0.781711 1 0.915588 1 0.916873 -0.177679 
0.783395 1 0.915594 1 0.916855 -0.184265 
0.785046 1 0.915599 1 0.916836 -0.190688 
0.786663 1 0.915603 1 0.916817 -0.19695 
0.788221 1 0.915593 1 0.916753 -0.203057 
0.789751 1 0.915606 1 0.916689 -0.209012 
0.791243 1 0.915615 1 0.916684 -0.21482 
0.792707 1 0.915603 1 0.916679 -0.220484 
0.794133 1 0.915598 1 0.916669 -0.226006 
0.795523 1 0.915599 1 0.916652 -0.231389 
0.796884 1 0.915601 1 0.916635 -0.23664 
0.798216 1 0.915604 1 0.916616 -0.24176 
0.799517 1 0.915608 1 0.916596 -0.246752 
0.800788 1 0.915612 1 0.916577 -0.251619 
0.80203 1 0.915616 1 0.916557 -0.256366 
0.80324 1 0.915616 1 0.916542 -0.260994 
0.804421 1 0.915619 1 0.916527 -0.265506 
0.805572 1 0.915622 1 0.91651 -0.269907 
0.806694 1 0.915625 1 0.916493 -0.274197 
0.807785 1 0.915628 1 0.916475 -0.278381 
0.808847 1 0.91563 1 0.916458 -0.282461 
0.809881 1 0.915631 1 0.91644 -0.286438 
0.810927 1 0.915628 1 0.916457 -0.290316 
0.811956 1 0.915581 1 0.9165 -0.294096 
0.812973 1 0.915562 1 0.916533 -0.297783 
0.813945 1 0.915603 1 0.916546 -0.301376 
0.814877 1 0.915652 1 0.916538 -0.30488 
0.815785 1 0.91567 1 0.916521 -0.308297 
0.816671 1 0.915673 1 0.916504 -0.311628 
0.817535 1 0.91567 1 0.916488 -0.314875 
0.818377 1 0.915672 1 0.916471 -0.318041 
0.819197 1 0.915674 1 0.916454 -0.321128 
0.819996 1 0.915676 1 0.916438 -0.324138 
0.820774 1 0.91568 1 0.916421 -0.327072 
0.821531 1 0.915681 1 0.916404 -0.329933 
0.822269 1 0.915683 1 0.916388 -0.33272 
0.822987 1 0.915685 1 0.916372 -0.335438 
0.823699 1 0.915654 1 0.916372 -0.338087 
0.824397 1 0.91564 1 0.916377 -0.340669 
0.825075 1 0.915648 1 0.916379 -0.343187 
0.825731 1 0.915664 1 0.916376 -0.345641 
0.826366 1 0.915675 1 0.91637 -0.348033 
0.826983 1 0.915682 1 0.91636 -0.350364 
0.827583 1 0.915683 1 0.91635 -0.352637 
0.828167 1 0.91568 1 0.91634 -0.354851 
0.828736 1 0.915678 1 0.916331 -0.357009 
0.829292 1 0.915676 1 0.916322 -0.359112 
0.829833 1 0.915674 1 0.916315 -0.361161 
0.83036 1 0.915675 1 0.916307 -0.363158 
0.830873 1 0.915677 1 0.9163 -0.365104 
0.831372 1 0.915677 1 0.916293 -0.367 
0.831857 1 0.915677 1 0.916285 -0.368846 
0.832329 1 0.915679 1 0.916278 -0.370647 
0.832789 1 0.915679 1 0.916271 -0.372401 
0.833235 1 0.915678 1 0.916263 -0.374109 
0.83367 1 0.915677 1 0.916256 -0.375774 
0.834093 1 0.915677 1 0.916249 -0.377397 
0.834504 1 0.915676 1 0.916242 -0.378976 
0.834904 1 0.915676 1 0.916236 -0.380515 
0.835294 1 0.915675 1 0.916229 -0.382013 
0.835672 1 0.915675 1 0.916222 -0.383472 
0.83604 1 0.915674 1 0.916216 -0.384893 
0.836398 1 0.915674 1 0.916209 -0.386277 
0.836745 1 0.915673 1 0.916203 -0.387624 
0.837083 1 0.915671 1 0.916197 -0.388935 
0.837411 1 0.91567 1 0.916191 -0.390211 
