0.27338 0 0.396528 0 0.396527 0.500001 
0.273142 0 0.400947 0 0.401158 0.498921 
0.272909 0 0.405329 0 0.405753 0.497107 
0.272672 0 0.40965 0 0.410282 0.494188 
0.272481 0 0.414236 0 0.414596 0.489706 
0.272327 0 0.418954 0 0.418723 0.483229 
0.272225 0 0.423498 0 0.422863 0.474501 
0.272164 0 0.427917 0 0.426928 0.463537 
0.272124 0 0.43217 0 0.430846 0.450605 
0.272136 0 0.436269 0 0.434574 0.436113 
0.272135 0 0.440064 0 0.438046 0.420487 
0.272144 0 0.443563 0 0.441226 0.404103 
0.272167 0 0.446739 0 0.444091 0.387267 
0.272185 0 0.449549 0 0.446598 0.370212 
0.272214 0 0.451963 0 0.448782 0.353113 
0.272255 0 0.454002 0 0.450622 0.3361 
0.272302 0 0.455676 0 0.452114 0.31927 
0.272349 0 0.457001 0 0.453272 0.302693 
0.272402 0 0.458006 0 0.454123 0.286421 
0.272469 0 0.458732 0 0.454704 0.270494 
0.272551 0 0.459208 0 0.455047 0.25494 
0.272643 0 0.45946 0 0.455178 0.239778 
0.272746 0 0.459516 0 0.455127 0.225024 
0.272868 0 0.459414 0 0.454926 0.210688 
0.273008 0 0.459175 0 0.454597 0.196775 
0.27316 0 0.458815 0 0.454158 0.183288 
0.273326 0 0.458353 0 0.453628 0.170229 
0.273513 0 0.457815 0 0.453029 0.157596 
0.27372 0 0.457216 0 0.452374 0.145385 
0.273941 0 0.45656 0 0.451673 0.133592 
0.274176 0 0.45586 0 0.450937 0.122211 
0.274432 0 0.455137 0 0.45018 0.111234 
0.274708 0 0.454396 0 0.44941 0.100654 
0.274996 0 0.453639 0 0.44863 0.0904606 
0.275297 0 0.452873 0 0.447847 0.0806442 
0.275618 0 0.452113 0 0.447071 0.0711945 
0.275956 0 0.451363 0 0.446305 0.0621003 
0.276305 0 0.45062 0 0.44555 0.0533505 
0.276664 0 0.449889 0 0.444809 0.0449334 
0.277041 0 0.449181 0 0.44409 0.0368375 
0.277432 0 0.448497 0 0.443393 0.0290512 
0.27783 0 0.447834 0 0.442717 0.0215631 
0.278237 0 0.447193 0 0.442062 0.0143619 
0.278658 0 0.446584 0 0.441436 0.00743694 
0.27909 0 0.446008 0 0.440838 0.000777721 
0.279527 0 0.445458 0 0.440264 -0.00562539 
0.27997 0 0.444936 0 0.439716 -0.0117817 
0.280422 0 0.444451 0 0.4392 -0.0176993 
0.280884 0 0.444003 0 0.438713 -0.0233857 
0.281347 0 0.443584 0 0.438254 -0.0288471 
0.281811 0 0.443198 0 0.437823 -0.0340888 
0.282283 0 0.442852 0 0.437426 -0.0391144 
0.282759 0 0.442546 0 0.437064 -0.043926 
0.283234 0 0.442275 0 0.436734 -0.0485241 
0.283705 0 0.442041 0 0.436438 -0.052907 
0.28418 0 0.441854 0 0.436185 -0.0570709 
0.284655 0 0.441714 0 0.435975 -0.0610095 
0.285122 0 0.441619 0 0.435808 -0.0647138 
0.285582 0 0.441572 0 0.435689 -0.0681721 
0.28604 0 0.441584 0 0.435628 -0.0713699 
0.286493 0 0.441661 0 0.435629 -0.0742896 
0.286933 0 0.441799 0 0.435693 -0.0769111 
0.287391 0 0.442035 0 0.435838 -0.0792118 
0.287892 0 0.442405 0 0.436087 -0.0811671 
0.288541 0 0.442987 0 0.436542 -0.0827502 
0.289296 0 0.443774 0 0.437183 -0.0839343 
0.290126 0 0.444744 0 0.43799 -0.0846916 
0.291014 0 0.445883 0 0.438947 -0.0849959 
0.291941 0 0.44718 0 0.440041 -0.0848223 
0.292889 0 0.448625 0 0.441264 -0.0841493 
0.293852 0 0.450219 0 0.442614 -0.0829595 
0.294831 0 0.451971 0 0.444092 -0.0812403 
0.295822 0 0.453878 0 0.445696 -0.0789846 
0.296815 0 0.455931 0 0.447417 -0.0761912 
0.297809 0 0.458128 0 0.449254 -0.0728653 
0.298808 0 0.460473 0 0.451205 -0.0690171 
0.299811 0 0.462959 0 0.453263 -0.0646618 
0.300572 0 0.464987 0 0.455012 -0.0598181 
0.301114 0 0.466579 0 0.45652 -0.0545085 
0.301514 0 0.467946 0 0.457967 -0.0487585 
0.301846 0 0.469278 0 0.459466 -0.0425937 
0.302184 0 0.470725 0 0.461044 -0.0360398 
0.302526 0 0.472269 0 0.462693 -0.0291223 
0.302875 0 0.473907 0 0.464409 -0.021866 
0.303229 0 0.475633 0 0.466181 -0.0142971 
0.303582 0 0.477431 0 0.467998 -0.00644236 
0.303862 0 0.479108 0 0.469814 0.00166982 
0.304079 0 0.480682 0 0.471601 0.0100096 
0.304244 0 0.482173 0 0.473358 0.0185455 
0.304361 0 0.483597 0 0.475087 0.0272458 
0.304441 0 0.484968 0 0.476786 0.0360789 
0.304497 0 0.486291 0 0.478452 0.0450144 
0.304532 0 0.487558 0 0.480072 0.0540234 
0.30454 0 0.488748 0 0.481629 0.0630789 
0.304524 0 0.489853 0 0.483115 0.0721566 
0.304495 0 0.490869 0 0.484524 0.0812336 
0.304451 0 0.491788 0 0.485847 0.0902895 
0.304391 0 0.492595 0 0.487073 0.0993056 
0.304317 0 0.493284 0 0.488198 0.108265 
0.304239 0 0.49386 0 0.489221 0.117152 
0.304157 0 0.494316 0 0.490138 0.125952 
0.304067 0 0.494643 0 0.490942 0.134653 
0.303971 0 0.49484 0 0.491635 0.143243 
0.303878 0 0.494919 0 0.492223 0.151713 
0.303789 0 0.494879 0 0.492707 0.160055 
0.303697 0 0.494717 0 0.493089 0.16826 
0.30383 0 0.494887 0 0.493746 0.176326 
0.304087 0 0.495086 0 0.494372 0.184249 
0.304404 0 0.495199 0 0.49489 0.192027 
0.304725 0 0.49521 0 0.495339 0.199663 
0.305047 0 0.495146 0 0.495722 0.207156 
0.305378 0 0.495035 0 0.496061 0.214507 
0.305717 0 0.494894 0 0.496374 0.221715 
0.306056 0 0.494733 0 0.496676 0.228775 
0.306395 0 0.49457 0 0.496986 0.235684 
0.306741 0 0.494432 0 0.497328 0.242438 
0.307091 0 0.494337 0 0.497719 0.249037 
0.307438 0 0.494294 0 0.498173 0.25548 
0.307784 0 0.494324 0 0.498711 0.261768 
0.308134 0 0.494453 0 0.499355 0.267904 
0.308487 0 0.494699 0 0.500122 0.273889 
0.308836 0 0.495067 0 0.501022 0.279728 
0.309182 0 0.495573 0 0.50207 0.285422 
0.309531 0 0.496235 0 0.50328 0.290975 
0.309882 0 0.497058 0 0.504658 0.29639 
0.310229 0 0.498037 0 0.5062 0.30167 
0.310748 0 0.499183 0 0.50814 0.306819 
0.311373 0 0.500515 0 0.510371 0.311839 
0.31236 0 0.502456 0 0.513066 0.316735 
0.313524 0 0.504812 0 0.515937 0.321507 
0.314756 0 0.507389 0 0.518947 0.326161 
0.315959 0 0.510056 0 0.522036 0.330698 
0.317164 0 0.512817 0 0.525221 0.335121 
0.318366 0 0.515648 0 0.528484 0.339434 
0.319565 0 0.518534 0 0.53181 0.343638 
0.320721 0 0.521444 0 0.53513 0.347737 
0.321838 0 0.524353 0 0.53844 0.351733 
0.322912 0 0.527237 0 0.541731 0.355628 
0.323759 0 0.530088 0 0.544485 0.359426 
0.324467 0 0.532889 0 0.546937 0.363127 
0.3251 0 0.535656 0 0.54925 0.366735 
0.325729 0 0.5384 0 0.551548 0.370252 
0.326357 0 0.541115 0 0.553824 0.373679 
0.327036 0 0.543646 0 0.556346 0.37702 
0.327762 0 0.546134 0 0.558956 0.380275 
0.328509 0 0.548589 0 0.561574 0.383447 
0.329266 0 0.551009 0 0.564173 0.386538 
0.330032 0 0.553396 0 0.56675 0.38955 
0.330804 0 0.555744 0 0.569302 0.392483 
0.331543 0 0.558053 0 0.571713 0.39534 
0.332246 0 0.560306 0 0.574002 0.398123 
0.332927 0 0.562514 0 0.576197 0.400832 
0.333595 0 0.564682 0 0.578317 0.40347 
0.334249 0 0.566802 0 0.580373 0.406036 
0.334893 0 0.568876 0 0.582371 0.408533 
0.335534 0 0.57091 0 0.584316 0.410962 
0.336171 0 0.572902 0 0.586206 0.413323 
0.336795 0 0.574842 0 0.588035 0.415617 
0.337409 0 0.576732 0 0.589804 0.417845 
0.33802 0 0.578583 0 0.59152 0.420007 
0.338626 0 0.580395 0 0.593181 0.422101 
0.339223 0 0.582159 0 0.594785 0.424129 
0.339811 0 0.583878 0 0.596333 0.426087 
0.3404 0 0.585561 0 0.597831 0.427975 
0.340986 0 0.587206 0 0.599277 0.429787 
0.341565 0 0.588805 0 0.600668 0.431519 
0.342137 0 0.590357 0 0.602004 0.433165 
0.34271 0 0.591872 0 0.603289 0.434713 
0.343281 0 0.593345 0 0.604522 0.436152 
0.343844 0 0.594766 0 0.605695 0.437468 
0.344399 0 0.596133 0 0.60681 0.43864 
0.344952 0 0.597454 0 0.607869 0.439648 
0.345502 0 0.598722 0 0.608868 0.440469 
0.34604 0 0.599928 0 0.609801 0.441075 
0.346569 0 0.601069 0 0.610666 0.441439 
0.347093 0 0.602152 0 0.611465 0.441537 
0.347612 0 0.603171 0 0.612195 0.441341 
0.348118 0 0.604118 0 0.612847 0.440832 
0.348612 0 0.604991 0 0.613422 0.439992 
0.349101 0 0.605797 0 0.613923 0.438811 
0.349583 0 0.606535 0 0.614347 0.437286 
0.350051 0 0.607196 0 0.614689 0.435421 
0.350507 0 0.607782 0 0.614949 0.433225 
0.351015 0 0.608568 0 0.615249 0.430715 
0.351518 0 0.609302 0 0.61547 0.427914 
0.351974 0 0.609915 0 0.615549 0.424845 
0.352524 0 0.610561 0 0.61561 0.421534 
0.353081 0 0.611162 0 0.615622 0.418009 
0.353642 0 0.611719 0 0.615586 0.414295 
0.354076 0 0.612154 0 0.615409 0.410411 
0.354509 0 0.612545 0 0.615185 0.406377 
0.354948 0 0.612903 0 0.61492 0.402204 
0.355458 0 0.613246 0 0.614632 0.397897 
0.356009 0 0.613579 0 0.614309 0.393453 
0.356523 0 0.613825 0 0.613973 0.388862 
0.357027 0 0.614007 0 0.613596 0.384103 
0.357526 0 0.614123 0 0.613157 0.379145 
0.358018 0 0.614171 0 0.612648 0.373947 
0.358511 0 0.614152 0 0.612068 0.368455 
0.359016 0 0.61407 0 0.611421 0.362607 
0.359535 0 0.613914 0 0.610697 0.356333 
0.360064 0 0.613665 0 0.609882 0.349561 
0.360604 0 0.613309 0 0.608963 0.342223 
0.361164 0 0.612843 0 0.607935 0.334265 
0.361744 0 0.612257 0 0.606786 0.325655 
0.362337 0 0.611535 0 0.605508 0.316386 
0.362946 0 0.610677 0 0.604101 0.306478 
0.363579 0 0.609695 0 0.602573 0.295976 
0.364236 0 0.608591 0 0.600929 0.284942 
0.364909 0 0.607367 0 0.599175 0.273446 
0.365602 0 0.606034 0 0.597322 0.261564 
0.36632 0 0.604612 0 0.595388 0.24937 
0.367062 0 0.603113 0 0.593383 0.236933 
0.36782 0 0.601539 0 0.591315 0.224318 
0.368595 0 0.599905 0 0.589197 0.211581 
0.369393 0 0.59823 0 0.587044 0.198774 
0.370209 0 0.596524 0 0.584864 0.185942 
0.371036 0 0.59479 0 0.582663 0.173124 
0.371873 0 0.593037 0 0.580449 0.160355 
0.372724 0 0.591284 0 0.578235 0.147664 
0.373584 0 0.589535 0 0.576024 0.135077 
0.374445 0 0.587791 0 0.573819 0.122616 
0.375305 0 0.586059 0 0.571625 0.1103 
0.376167 0 0.584352 0 0.569448 0.0981456 
0.377028 0 0.582673 0 0.567292 0.0861658 
0.377879 0 0.581019 0 0.565154 0.0743722 
0.378717 0 0.579395 0 0.563037 0.0627744 
0.379547 0 0.577811 0 0.560947 0.05138 
0.380365 0 0.576269 0 0.558883 0.0401953 
0.381163 0 0.574762 0 0.556842 0.0292253 
0.381656 0 0.572705 0 0.554398 0.0184738 
0.381874 0 0.57018 0 0.551688 0.0079435 
0.381901 0 0.567412 0 0.548862 -0.00236451 
0.381803 0 0.56459 0 0.546006 -0.0124491 
0.381702 0 0.561829 0 0.543207 -0.02231 
0.381606 0 0.559141 0 0.540473 -0.0319472 
0.381512 0 0.556525 0 0.537801 -0.0413613 
0.381414 0 0.553975 0 0.535191 -0.0505529 
0.381313 0 0.551494 0 0.532643 -0.0595233 
0.381217 0 0.549088 0 0.530163 -0.0682734 
0.381123 0 0.546759 0 0.527748 -0.0768045 
0.381025 0 0.544498 0 0.525397 -0.085118 
0.380823 0 0.542128 0 0.523008 -0.0932151 
0.380544 0 0.539676 0 0.52061 -0.101097 
0.38021 0 0.53719 0 0.518227 -0.108765 
0.380108 0 0.535056 0 0.516129 -0.11622 
0.380144 0 0.533152 0 0.514229 -0.123463 
0.380255 0 0.531384 0 0.512452 -0.130493 
0.380244 0 0.529515 0 0.510643 -0.137312 
0.380156 0 0.527597 0 0.508801 -0.143918 
0.380026 0 0.525689 0 0.506973 -0.15031 
0.379882 0 0.523831 0 0.505193 -0.156487 
0.37973 0 0.522026 0 0.503469 -0.162448 
0.379564 0 0.520263 0 0.501801 -0.168188 
0.379386 0 0.51854 0 0.50019 -0.173703 
0.379202 0 0.516866 0 0.49864 -0.178988 
0.379011 0 0.515241 0 0.497152 -0.184036 
0.378807 0 0.513662 0 0.495726 -0.188838 
0.378591 0 0.512132 0 0.494367 -0.193381 
0.378369 0 0.510661 0 0.493081 -0.197652 
0.378138 0 0.509249 0 0.491872 -0.201632 
0.37789 0 0.50789 0 0.490741 -0.205297 
0.377802 0 0.506771 0 0.489754 -0.208618 
0.377826 0 0.505888 0 0.488945 -0.211558 
0.37792 0 0.5052 0 0.488301 -0.214071 
0.378047 0 0.504663 0 0.487799 -0.216102 
0.378189 0 0.504262 0 0.487437 -0.217584 
0.378343 0 0.504008 0 0.487228 -0.218439 
0.378502 0 0.503912 0 0.487187 -0.218579 
0.378657 0 0.503986 0 0.487329 -0.217906 
0.378807 0 0.504251 0 0.487676 -0.21632 
0.378957 0 0.504731 0 0.488251 -0.213727 
0.379105 0 0.505442 0 0.489067 -0.210044 
0.379241 0 0.506385 0 0.490132 -0.205214 
0.379365 0 0.507566 0 0.491449 -0.199213 
0.379481 0 0.508985 0 0.493016 -0.192058 
0.379586 0 0.510627 0 0.494817 -0.183805 
0.379672 0 0.512463 0 0.496826 -0.174548 
0.379738 0 0.514465 0 0.499016 -0.164403 
0.379791 0 0.51661 0 0.501357 -0.153505 
0.379827 0 0.518863 0 0.503816 -0.141989 
0.379841 0 0.521185 0 0.506355 -0.129985 
0.379835 0 0.523545 0 0.508944 -0.117615 
0.379815 0 0.525923 0 0.511559 -0.104982 
0.379783 0 0.528289 0 0.514171 -0.0921811 
0.379733 0 0.530613 0 0.516753 -0.0792885 
0.379668 0 0.532873 0 0.519285 -0.0663705 
0.379598 0 0.535059 0 0.521754 -0.0534819 
0.379522 0 0.537152 0 0.524141 -0.0406683 
0.379436 0 0.539131 0 0.52643 -0.0279673 
0.379342 0 0.540983 0 0.528611 -0.0154096 
0.37925 0 0.542708 0 0.530679 -0.00302004 
0.37916 0 0.544297 0 0.532627 0.00918191 
0.379066 0 0.545736 0 0.534448 0.0211808 
0.378973 0 0.547027 0 0.536142 0.0329657 
0.378888 0 0.548177 0 0.537716 0.0445292 
0.378813 0 0.549192 0 0.539175 0.0558671 
0.378748 0 0.550074 0 0.540526 0.0669775 
0.378698 0 0.550838 0 0.541788 0.077859 
0.378679 0 0.55151 0 0.542982 0.0885092 
0.378696 0 0.552108 0 0.544129 0.0989245 
0.378748 0 0.552643 0 0.545242 0.109102 
0.378839 0 0.553131 0 0.546338 0.11904 
0.379609 0 0.554542 0 0.548014 0.128739 
0.38071 0 0.55625 0 0.549832 0.138203 
0.381761 0 0.557804 0 0.551557 0.147435 
0.3828 0 0.559298 0 0.553267 0.156438 
0.383847 0 0.560782 0 0.554976 0.165218 
0.384898 0 0.562272 0 0.556698 0.17378 
0.385947 0 0.563772 0 0.558442 0.182129 
0.386996 0 0.565298 0 0.560224 0.19027 
0.388051 0 0.566874 0 0.562064 0.198208 
0.38911 0 0.568514 0 0.563975 0.205948 
0.390167 0 0.570224 0 0.565969 0.213494 
0.391223 0 0.572019 0 0.56806 0.220852 
0.392284 0 0.573921 0 0.570265 0.228026 
0.393349 0 0.575938 0 0.572593 0.235021 
0.394374 0 0.57799 0 0.575007 0.241841 
0.395359 0 0.580098 0 0.57752 0.248491 
0.396313 0 0.582292 0 0.580138 0.254975 
0.397236 0 0.584578 0 0.582855 0.261296 
0.39812 0 0.586942 0 0.585656 0.267459 
0.398963 0 0.589372 0 0.588529 0.273469 
0.39977 0 0.591862 0 0.591464 0.279328 
0.400538 0 0.594395 0 0.594446 0.28504 
0.40126 0 0.596948 0 0.597457 0.29061 
0.401936 0 0.599509 0 0.600485 0.296041 
0.402573 0 0.602075 0 0.603522 0.301336 
0.403172 0 0.604633 0 0.606555 0.306498 
0.403726 0 0.607163 0 0.60957 0.311531 
0.404239 0 0.609657 0 0.612558 0.316439 
0.404719 0 0.612116 0 0.615516 0.321223 
0.405166 0 0.614531 0 0.618436 0.325888 
0.405576 0 0.616888 0 0.621308 0.330437 
0.405951 0 0.619182 0 0.624129 0.334871 
0.406301 0 0.621419 0 0.626898 0.339195 
0.406626 0 0.623593 0 0.629613 0.34341 
0.406921 0 0.625694 0 0.632266 0.34752 
0.407189 0 0.627721 0 0.634856 0.351527 
0.40744 0 0.629681 0 0.637388 0.355434 
0.407672 0 0.631572 0 0.639858 0.359243 
0.407881 0 0.633384 0 0.642262 0.362957 
0.408069 0 0.63512 0 0.644602 0.366577 
0.408245 0 0.636787 0 0.646881 0.370107 
0.408672 0 0.638599 0 0.649515 0.373549 
0.409212 0 0.640455 0 0.652215 0.376904 
0.40971 0 0.64218 0 0.654841 0.380175 
0.410164 0 0.643805 0 0.657378 0.383363 
0.410586 0 0.64534 0 0.659834 0.386472 
0.410977 0 0.646781 0 0.662211 0.389503 
0.411178 0 0.648282 0 0.663821 0.392458 
0.411248 0 0.649772 0 0.664961 0.395338 
0.411245 0 0.651229 0 0.665884 0.398146 
0.411239 0 0.652636 0 0.66677 0.400883 
0.411232 0 0.653994 0 0.667621 0.40355 
0.411329 0 0.655141 0 0.668817 0.406151 
0.411513 0 0.656263 0 0.670136 0.408685 
0.411744 0 0.657375 0 0.671476 0.411156 
0.412003 0 0.658475 0 0.672807 0.413563 
0.41229 0 0.659565 0 0.674134 0.41591 
0.412598 0 0.660638 0 0.675456 0.418197 
0.412917 0 0.661682 0 0.676768 0.420425 
0.413244 0 0.662698 0 0.678071 0.422596 
0.413548 0 0.663696 0 0.679257 0.424711 
0.413822 0 0.664664 0 0.680332 0.426772 
0.414068 0 0.665596 0 0.681318 0.42878 
0.414299 0 0.666502 0 0.682246 0.430735 
0.414531 0 0.667394 0 0.68314 0.432639 
0.414767 0 0.668271 0 0.68401 0.434493 
0.415 0 0.669124 0 0.684851 0.436299 
0.415231 0 0.669954 0 0.685663 0.438056 
0.415467 0 0.67077 0 0.686451 0.439766 
0.415705 0 0.671573 0 0.687212 0.441431 
0.415939 0 0.672353 0 0.687942 0.443049 
0.41617 0 0.673113 0 0.688644 0.444624 
0.416406 0 0.673864 0 0.689325 0.446154 
0.416645 0 0.674605 0 0.689986 0.447642 
0.416881 0 0.675328 0 0.690621 0.449087 
0.417116 0 0.676034 0 0.691234 0.45049 
0.417356 0 0.676734 0 0.69183 0.451852 
0.4176 0 0.677426 0 0.69241 0.453174 
0.417842 0 0.678103 0 0.692968 0.454455 
0.418082 0 0.678766 0 0.693506 0.455696 
0.418329 0 0.679425 0 0.694032 0.456898 
0.418579 0 0.680079 0 0.694543 0.45806 
0.418828 0 0.680719 0 0.695036 0.459183 
0.419075 0 0.681349 0 0.695513 0.460268 
0.419329 0 0.681976 0 0.695978 0.461314 
0.419588 0 0.682601 0 0.696433 0.462321 
0.419844 0 0.683214 0 0.696871 0.463289 
0.4201 0 0.683818 0 0.697295 0.464219 
0.420362 0 0.684421 0 0.69771 0.465109 
0.420629 0 0.685023 0 0.698116 0.46596 
0.420893 0 0.685615 0 0.698508 0.466772 
0.421157 0 0.686199 0 0.698886 0.467544 
0.421427 0 0.686784 0 0.699257 0.468275 
0.421703 0 0.687369 0 0.699621 0.468966 
0.421976 0 0.687946 0 0.69997 0.469615 
0.422248 0 0.688515 0 0.700308 0.470221 
0.422526 0 0.689087 0 0.700639 0.470784 
0.422809 0 0.689659 0 0.700963 0.471302 
0.42309 0 0.690223 0 0.701274 0.471774 
0.42337 0 0.690781 0 0.701573 0.472198 
0.423656 0 0.691341 0 0.701867 0.472573 
0.423947 0 0.691902 0 0.702152 0.472896 
0.424236 0 0.692457 0 0.702424 0.473163 
0.424524 0 0.693004 0 0.702684 0.473372 
0.424818 0 0.693555 0 0.702937 0.473518 
0.425118 0 0.694106 0 0.703181 0.473595 
0.425415 0 0.694649 0 0.703409 0.473596 
0.425712 0 0.695185 0 0.703624 0.473512 
0.426016 0 0.695721 0 0.703828 0.473331 
0.426325 0 0.696256 0 0.704019 0.473038 
0.426633 0 0.696778 0 0.704189 0.472616 
0.42694 0 0.697288 0 0.704338 0.472041 
0.427254 0 0.697791 0 0.704469 0.471284 
0.427573 0 0.698282 0 0.704575 0.470311 
0.42789 0 0.698748 0 0.704646 0.469081 
0.428205 0 0.699185 0 0.70468 0.467546 
0.428526 0 0.699593 0 0.704673 0.465654 
0.428848 0 0.699964 0 0.704618 0.463351 
0.429166 0 0.700282 0 0.704501 0.460583 
0.42948 0 0.700537 0 0.704315 0.4573 
0.429794 0 0.700731 0 0.704056 0.45346 
0.430109 0 0.700852 0 0.703714 0.449032 
0.430415 0 0.700883 0 0.703276 0.443998 
0.430714 0 0.700819 0 0.702736 0.438356 
0.431286 0 0.701209 0 0.702582 0.432113 
0.431912 0 0.701529 0 0.702367 0.425294 
0.432615 0 0.701795 0 0.702029 0.41793 
0.433318 0 0.701966 0 0.701597 0.410061 
0.434026 0 0.702049 0 0.701074 0.401729 
0.434738 0 0.702043 0 0.70046 0.392978 
0.435448 0 0.701941 0 0.699749 0.383852 
0.436156 0 0.701746 0 0.698946 0.374392 
0.436869 0 0.701467 0 0.698055 0.364634 
0.437586 0 0.701104 0 0.697078 0.35461 
0.438299 0 0.70065 0 0.69601 0.344343 
0.43901 0 0.700107 0 0.694853 0.33385 
0.439725 0 0.699483 0 0.693611 0.32314 
0.440443 0 0.698773 0 0.692281 0.31221 
0.441157 0 0.697966 0 0.690853 0.301048 
0.441867 0 0.697058 0 0.689324 0.289632 
0.442581 0 0.696047 0 0.687688 0.277932 
0.443296 0 0.694924 0 0.685936 0.265916 
0.444007 0 0.693674 0 0.684053 0.253557 
0.444694 0 0.692214 0 0.68194 0.240844 
0.445357 0 0.690565 0 0.679605 0.227794 
0.445999 0 0.688757 0 0.677083 0.214451 
0.446617 0 0.686807 0 0.674403 0.200886 
0.44697 0 0.684343 0 0.671248 0.187182 
0.447088 0 0.681396 0 0.667709 0.173424 
0.447031 0 0.678115 0 0.663908 0.159689 
0.446847 0 0.67464 0 0.659939 0.14604 
0.446575 0 0.671062 0 0.655858 0.13253 
0.446241 0 0.667423 0 0.651698 0.119195 
0.445855 0 0.66373 0 0.647469 0.106066 
0.445416 0 0.659979 0 0.643179 0.0931629 
0.444929 0 0.656176 0 0.638839 0.080499 
0.444404 0 0.65234 0 0.634471 0.0680842 
0.443844 0 0.648482 0 0.630086 0.0559242 
0.443249 0 0.644609 0 0.625696 0.0440219 
0.442622 0 0.640731 0 0.621313 0.0323784 
0.441975 0 0.636866 0 0.616952 0.0209931 
0.44131 0 0.633019 0 0.612621 0.00986448 
0.440623 0 0.62919 0 0.608325 -0.00100987 
0.439919 0 0.625386 0 0.604073 -0.0116331 
0.439552 0 0.62191 0 0.600386 -0.0220087 
0.439531 0 0.618806 0 0.597147 -0.0321403 
0.439742 0 0.615993 0 0.594216 -0.042032 
0.440108 0 0.613392 0 0.591508 -0.0516876 
0.440584 0 0.610967 0 0.588977 -0.0611114 
0.441132 0 0.608693 0 0.586594 -0.0703074 
0.441724 0 0.606554 0 0.584341 -0.0792798 
0.442346 0 0.604543 0 0.582208 -0.0880327 
0.442995 0 0.602662 0 0.58019 -0.0965701 
0.443661 0 0.600902 0 0.578278 -0.104896 
0.444334 0 0.599253 0 0.576465 -0.113014 
0.445011 0 0.597714 0 0.574747 -0.120928 
0.445697 0 0.596289 0 0.573125 -0.128642 
0.446388 0 0.594975 0 0.571596 -0.136158 
0.447078 0 0.593762 0 0.570153 -0.14348 
0.447518 0 0.592258 0 0.568455 -0.150609 
0.447595 0 0.590209 0 0.566265 -0.157551 
0.44759 0 0.588049 0 0.56405 -0.164305 
0.44762 0 0.585969 0 0.561971 -0.170874 
0.447668 0 0.584001 0 0.560011 -0.17726 
0.447818 0 0.582193 0 0.558205 -0.183462 
0.448041 0 0.580542 0 0.556544 -0.189481 
0.448312 0 0.579028 0 0.555008 -0.195316 
0.448615 0 0.577636 0 0.553583 -0.200964 
0.44872 0 0.576102 0 0.552038 -0.206423 
0.448646 0 0.574365 0 0.550417 -0.211686 
0.448454 0 0.572483 0 0.548774 -0.216748 
0.448191 0 0.570536 0 0.547169 -0.221597 
0.447888 0 0.568576 0 0.545646 -0.226221 
0.447557 0 0.566615 0 0.544219 -0.2306 
0.447191 0 0.564641 0 0.542894 -0.23471 
0.446791 0 0.562652 0 0.541681 -0.238519 
0.44636 0 0.560661 0 0.540604 -0.24198 
0.445893 0 0.558674 0 0.539686 -0.245031 
0.445378 0 0.556703 0 0.538957 -0.247587 
0.444815 0 0.554769 0 0.538457 -0.249533 
0.444237 0 0.553295 0 0.537566 -0.250714 
0.443928 0 0.552348 0 0.53684 -0.250939 
0.443787 0 0.551871 0 0.536474 -0.249989 
0.44374 0 0.551844 0 0.536517 -0.247642 
0.443745 0 0.552271 0 0.536983 -0.243717 
0.44377 0 0.553142 0 0.537871 -0.238117 
0.443793 0 0.554429 0 0.539159 -0.230854 
0.443806 0 0.556092 0 0.540814 -0.222046 
0.44381 0 0.558088 0 0.542795 -0.211888 
0.443802 0 0.560358 0 0.545044 -0.200611 
0.443776 0 0.56284 0 0.547505 -0.188448 
0.443735 0 0.565484 0 0.550128 -0.175616 
0.443686 0 0.568251 0 0.552871 -0.162299 
0.44363 0 0.571098 0 0.555691 -0.148654 
0.443561 0 0.573983 0 0.558551 -0.134806 
0.443482 0 0.576874 0 0.561419 -0.120855 
0.443402 0 0.579752 0 0.564275 -0.106882 
0.44332 0 0.582593 0 0.567094 -0.0929511 
0.443232 0 0.585367 0 0.569852 -0.0791121 
0.44314 0 0.588058 0 0.572535 -0.0654055 
0.443053 0 0.590659 0 0.575132 -0.0518623 
0.44297 0 0.593154 0 0.577631 -0.0385064 
0.442888 0 0.595528 0 0.580023 -0.0253559 
0.442811 0 0.597777 0 0.582305 -0.0124232 
0.442748 0 0.599907 0 0.584484 0.000282561 
0.442705 0 0.601924 0 0.586566 0.0127527 
0.442681 0 0.603827 0 0.588561 0.0249777 
0.442682 0 0.605631 0 0.590484 0.0369469 
0.442722 0 0.607356 0 0.592356 0.0486515 
0.442801 0 0.609017 0 0.59419 0.0600866 
0.442915 0 0.610622 0 0.595997 0.0712507 
0.443064 0 0.612187 0 0.597793 0.0821454 
0.443251 0 0.613734 0 0.599596 0.0927738 
0.443471 0 0.615278 0 0.601417 0.103141 
0.443711 0 0.616824 0 0.603266 0.113251 
0.443969 0 0.618385 0 0.605158 0.12311 
0.444245 0 0.619983 0 0.607106 0.132725 
0.444533 0 0.621626 0 0.609118 0.142099 
0.444821 0 0.623312 0 0.611198 0.15124 
0.445106 0 0.625046 0 0.61335 0.160153 
0.445391 0 0.626838 0 0.615579 0.168844 
0.445672 0 0.628685 0 0.61788 0.177317 
0.446291 0 0.631027 0 0.620531 0.185579 
0.447105 0 0.63367 0 0.623393 0.193634 
0.448003 0 0.636447 0 0.626347 0.201488 
0.448921 0 0.639279 0 0.629347 0.209146 
0.449839 0 0.642149 0 0.632393 0.216612 
0.450757 0 0.645052 0 0.635479 0.223892 
0.451682 0 0.647987 0 0.638601 0.23099 
0.4525 0 0.650884 0 0.641655 0.23791 
0.453222 0 0.653696 0 0.644631 0.244657 
0.453862 0 0.656415 0 0.647538 0.251236 
0.454442 0 0.659061 0 0.650388 0.25765 
0.454972 0 0.661644 0 0.653189 0.263904 
0.455456 0 0.664163 0 0.65594 0.270001 
0.455901 0 0.666621 0 0.658641 0.275946 
0.456316 0 0.669024 0 0.661294 0.281742 
0.456704 0 0.671368 0 0.663895 0.287394 
0.457059 0 0.673642 0 0.666439 0.292904 
0.457385 0 0.675845 0 0.668927 0.298276 
0.457851 0 0.678123 0 0.671572 0.303513 
0.458397 0 0.680447 0 0.674272 0.30862 
0.458972 0 0.682761 0 0.676963 0.313599 
0.459555 0 0.685037 0 0.679621 0.318453 
0.460142 0 0.687272 0 0.682244 0.323186 
0.460727 0 0.689462 0 0.684829 0.327801 
0.461302 0 0.691596 0 0.687373 0.3323 
0.461868 0 0.693673 0 0.689875 0.336686 
0.462432 0 0.6957 0 0.692339 0.340962 
0.462993 0 0.697677 0 0.694764 0.345132 
0.463544 0 0.699595 0 0.697146 0.349197 
0.464087 0 0.701455 0 0.699488 0.35316 
0.464629 0 0.703268 0 0.701795 0.357024 
0.465169 0 0.705033 0 0.704065 0.360791 
0.465702 0 0.706742 0 0.706296 0.364464 
0.466228 0 0.708396 0 0.70849 0.368044 
0.466755 0 0.710005 0 0.710651 0.371535 
0.467282 0 0.711568 0 0.712778 0.374939 
0.467802 0 0.713077 0 0.714869 0.378256 
0.468317 0 0.714534 0 0.716925 0.381491 
0.468833 0 0.715948 0 0.718952 0.384644 
0.469351 0 0.717318 0 0.720948 0.387719 
0.469863 0 0.718637 0 0.722911 0.390716 
0.47037 0 0.719906 0 0.724842 0.393637 
0.47088 0 0.721134 0 0.726746 0.396485 
0.471391 0 0.72232 0 0.728623 0.399262 
0.471897 0 0.723457 0 0.730469 0.401968 
0.472399 0 0.724545 0 0.732285 0.404607 
0.472904 0 0.725594 0 0.734078 0.407178 
0.473411 0 0.726603 0 0.735845 0.409685 
0.473913 0 0.727564 0 0.737583 0.412129 
0.474411 0 0.728477 0 0.739294 0.414511 
0.474912 0 0.729352 0 0.740983 0.416832 
0.475415 0 0.730187 0 0.742648 0.419095 
0.475912 0 0.730975 0 0.744286 0.421301 
0.476406 0 0.731715 0 0.745898 0.42345 
0.476903 0 0.732418 0 0.747489 0.425545 
0.477401 0 0.733081 0 0.749058 0.427587 
0.477894 0 0.733696 0 0.7506 0.429576 
0.478383 0 0.734264 0 0.752116 0.431515 
0.47858 0 0.734679 0 0.752867 0.433406 
0.478632 0 0.734982 0 0.75325 0.435247 
0.478635 0 0.735278 0 0.753517 0.437041 
0.47864 0 0.735543 0 0.753802 0.438788 
0.478652 0 0.735796 0 0.754091 0.440491 
0.478671 0 0.736038 0 0.754384 0.44215 
0.478692 0 0.736264 0 0.754683 0.443765 
0.478717 0 0.736475 0 0.754991 0.445339 
0.478755 0 0.736683 0 0.755317 0.446872 
0.478805 0 0.736887 0 0.75566 0.448364 
0.478861 0 0.73708 0 0.756014 0.449818 
0.478925 0 0.737264 0 0.756382 0.451233 
0.479004 0 0.737449 0 0.756771 0.452611 
0.479097 0 0.737633 0 0.757179 0.453952 
0.479197 0 0.73781 0 0.757602 0.455257 
0.479306 0 0.73798 0 0.758041 0.456527 
0.479431 0 0.738153 0 0.758503 0.457763 
0.479571 0 0.738329 0 0.758986 0.458965 
0.47972 0 0.738498 0 0.759485 0.460135 
0.479878 0 0.738662 0 0.760001 0.461272 
0.480053 0 0.73883 0 0.760541 0.462378 
0.480243 0 0.739001 0 0.761103 0.463452 
0.480443 0 0.739167 0 0.76168 0.464497 
0.480651 0 0.739327 0 0.762275 0.465511 
0.480877 0 0.739492 0 0.762892 0.466497 
0.481119 0 0.73966 0 0.76353 0.467454 
0.481368 0 0.739822 0 0.764183 0.468382 
0.481572 0 0.740073 0 0.764604 0.469283 
0.481732 0 0.74036 0 0.764874 0.470157 
0.48187 0 0.740674 0 0.76507 0.471004 
0.481999 0 0.741005 0 0.765245 0.471825 
0.482104 0 0.741293 0 0.765417 0.47262 
0.482201 0 0.741563 0 0.765592 0.473389 
0.482305 0 0.741833 0 0.765777 0.474133 
0.482406 0 0.742086 0 0.765981 0.474852 
0.482541 0 0.742405 0 0.766186 0.475547 
0.482698 0 0.742757 0 0.766394 0.476218 
0.482866 0 0.743129 0 0.766598 0.476864 
0.483036 0 0.743507 0 0.766794 0.477487 
0.483207 0 0.743888 0 0.766985 0.478087 
0.483388 0 0.744282 0 0.767181 0.478663 
0.483576 0 0.744686 0 0.767379 0.479216 
0.483765 0 0.745092 0 0.767573 0.479746 
0.483955 0 0.745501 0 0.767763 0.480253 
0.484153 0 0.745921 0 0.767956 0.480738 
0.484358 0 0.746351 0 0.768148 0.4812 
0.484562 0 0.746783 0 0.768335 0.48164 
0.484767 0 0.747218 0 0.768517 0.482058 
0.484923 0 0.747583 0 0.768595 0.482453 
0.485031 0 0.747884 0 0.768614 0.482826 
0.485116 0 0.748136 0 0.768618 0.483176 
0.485193 0 0.748362 0 0.768624 0.483504 
0.485246 0 0.748564 0 0.76862 0.48381 
0.485341 0 0.748781 0 0.768655 0.484094 
0.48541 0 0.748974 0 0.76869 0.484354 
0.485493 0 0.749173 0 0.768729 0.484593 
0.485594 0 0.749383 0 0.768787 0.484808 
0.485712 0 0.749598 0 0.768863 0.485001 
0.485836 0 0.74981 0 0.76895 0.48517 
0.485965 0 0.750018 0 0.769048 0.485317 
0.486141 0 0.750268 0 0.769165 0.48544 
0.486336 0 0.75054 0 0.769286 0.485539 
0.486535 0 0.750817 0 0.769403 0.485615 
0.486735 0 0.751096 0 0.769515 0.485666 
0.486944 0 0.751382 0 0.769629 0.485694 
0.487158 0 0.751671 0 0.769746 0.485697 
0.487371 0 0.751955 0 0.769858 0.485675 
0.487583 0 0.752232 0 0.769967 0.485628 
0.487802 0 0.752512 0 0.770079 0.485556 
0.488025 0 0.752793 0 0.770191 0.485458 
0.488245 0 0.753067 0 0.770297 0.485334 
0.488463 0 0.753335 0 0.770397 0.485184 
0.488685 0 0.753605 0 0.770497 0.485007 
0.488911 0 0.753877 0 0.770594 0.484802 
0.489132 0 0.754142 0 0.770683 0.484569 
0.489349 0 0.7544 0 0.770764 0.484306 
0.489569 0 0.754661 0 0.770842 0.484014 
0.48979 0 0.754923 0 0.770915 0.483691 
0.490005 0 0.755178 0 0.770977 0.483334 
0.490214 0 0.755426 0 0.771028 0.482944 
0.490423 0 0.755677 0 0.771071 0.482516 
0.490629 0 0.755929 0 0.771104 0.48205 
0.490826 0 0.756174 0 0.771119 0.481541 
0.491012 0 0.756412 0 0.771115 0.480984 
0.491193 0 0.756653 0 0.771095 0.480376 
0.491365 0 0.756893 0 0.771052 0.479709 
0.491551 0 0.757119 0 0.771025 0.478976 
0.491752 0 0.757346 0 0.771008 0.478167 
0.49197 0 0.757587 0 0.771002 0.477268 
0.492203 0 0.757836 0 0.770996 0.476267 
0.492439 0 0.75808 0 0.770977 0.475143 
0.492677 0 0.758316 0 0.770941 0.473874 
0.492925 0 0.75855 0 0.770888 0.472435 
0.493179 0 0.758775 0 0.770812 0.470795 
0.493433 0 0.758979 0 0.770702 0.468917 
0.493688 0 0.759157 0 0.770554 0.466763 
0.49395 0 0.759312 0 0.770368 0.464291 
0.494217 0 0.759435 0 0.770134 0.461458 
0.494481 0 0.759508 0 0.769839 0.458224 
0.494743 0 0.759526 0 0.769476 0.454551 
0.495009 0 0.759487 0 0.769042 0.450408 
0.495278 0 0.759384 0 0.768529 0.445772 
0.495542 0 0.759201 0 0.767924 0.440631 
0.495968 0 0.759315 0 0.767556 0.43498 
0.49645 0 0.759387 0 0.767147 0.428826 
0.496938 0 0.759321 0 0.766589 0.422184 
0.497497 0 0.759221 0 0.765962 0.415076 
0.498056 0 0.759029 0 0.765245 0.407527 
0.498624 0 0.758755 0 0.764443 0.399567 
0.499199 0 0.758397 0 0.763556 0.391225 
0.499773 0 0.757947 0 0.762578 0.38253 
0.500348 0 0.757406 0 0.761511 0.373509 
0.500896 0 0.756755 0 0.760364 0.364186 
0.501449 0 0.756024 0 0.759134 0.354578 
0.502008 0 0.755214 0 0.75784 0.344698 
0.502599 0 0.754273 0 0.756458 0.33455 
0.503224 0 0.75324 0 0.754997 0.324129 
0.50388 0 0.752118 0 0.753455 0.313421 
0.504559 0 0.750898 0 0.751823 0.302402 
0.50526 0 0.749571 0 0.750098 0.29104 
0.505988 0 0.748136 0 0.748274 0.279298 
0.506742 0 0.746578 0 0.746337 0.267142 
0.507515 0 0.74488 0 0.744273 0.254549 
0.508305 0 0.743038 0 0.742075 0.241525 
0.509118 0 0.741064 0 0.739752 0.228106 
0.509952 0 0.73897 0 0.737314 0.214361 
0.510797 0 0.736771 0 0.734778 0.200381 
0.511653 0 0.734493 0 0.732168 0.186266 
0.512525 0 0.732169 0 0.729514 0.172109 
0.513409 0 0.729822 0 0.726834 0.157993 
0.514296 0 0.727464 0 0.724143 0.143985 
0.515186 0 0.725111 0 0.721454 0.130136 
0.516084 0 0.722786 0 0.718784 0.116486 
0.516985 0 0.720494 0 0.716137 0.103063 
0.517882 0 0.718238 0 0.713514 0.0898879 
0.518774 0 0.716023 0 0.710919 0.0769741 
0.519668 0 0.71386 0 0.708357 0.0643303 
0.520559 0 0.711751 0 0.705827 0.0519615 
0.521441 0 0.709692 0 0.703326 0.0398697 
0.522314 0 0.707686 0 0.700856 0.0280553 
0.523184 0 0.705741 0 0.69842 0.0165166 
0.524048 0 0.70386 0 0.696019 0.00525116 
0.524899 0 0.702037 0 0.693649 -0.00574449 
0.525738 0 0.700275 0 0.691313 -0.0164741 
0.526194 0 0.697926 0 0.688438 -0.0269419 
0.526261 0 0.695093 0 0.685153 -0.0371529 
0.526069 0 0.691998 0 0.681681 -0.047112 
0.52572 0 0.688835 0 0.678167 -0.0568241 
0.525315 0 0.68571 0 0.674701 -0.0662941 
0.524868 0 0.682646 0 0.671285 -0.0755271 
0.524382 0 0.679618 0 0.667908 -0.0845281 
0.523874 0 0.67661 0 0.664573 -0.093302 
0.523359 0 0.673624 0 0.66129 -0.101853 
0.522844 0 0.670664 0 0.658064 -0.110187 
0.522327 0 0.667731 0 0.654901 -0.118306 
0.521815 0 0.664828 0 0.651804 -0.126217 
0.521316 0 0.661963 0 0.648781 -0.133922 
0.520831 0 0.659133 0 0.64583 -0.141426 
0.520353 0 0.65633 0 0.642947 -0.148732 
0.519885 0 0.653549 0 0.640132 -0.155842 
0.519434 0 0.650796 0 0.637389 -0.16276 
0.518997 0 0.648066 0 0.634714 -0.169487 
0.518568 0 0.645349 0 0.632103 -0.176026 
0.518372 0 0.643031 0 0.6298 -0.182376 
0.518346 0 0.640982 0 0.62775 -0.188538 
0.518412 0 0.639044 0 0.625832 -0.19451 
0.518514 0 0.637145 0 0.623982 -0.200289 
0.518633 0 0.63528 0 0.622191 -0.205871 
0.518769 0 0.633466 0 0.62047 -0.211249 
0.518919 0 0.631708 0 0.618823 -0.216412 
0.519072 0 0.629998 0 0.617249 -0.221347 
0.519229 0 0.62834 0 0.615753 -0.226035 
0.519394 0 0.626748 0 0.614344 -0.230448 
0.519563 0 0.625231 0 0.613029 -0.234552 
0.519729 0 0.623796 0 0.611819 -0.238296 
0.519891 0 0.622463 0 0.610732 -0.241611 
0.519754 0 0.620914 0 0.609647 -0.244404 
0.5194 0 0.61922 0 0.608747 -0.246545 
0.518902 0 0.617524 0 0.60813 -0.247865 
0.518147 0 0.615874 0 0.607785 -0.248154 
0.517579 0 0.614581 0 0.607784 -0.247183 
0.517005 0 0.613655 0 0.608147 -0.244732 
0.516418 0 0.613123 0 0.608905 -0.24064 
0.515821 0 0.612998 0 0.610077 -0.234844 
0.51522 0 0.613275 0 0.611657 -0.227393 
0.514615 0 0.613917 0 0.613611 -0.218433 
0.514 0 0.614867 0 0.61589 -0.208171 
0.513377 0 0.616069 0 0.618444 -0.196841 
0.512755 0 0.617474 0 0.621224 -0.184669 
0.512132 0 0.61903 0 0.624177 -0.17186 
0.511503 0 0.62068 0 0.627258 -0.158591 
0.510869 0 0.622384 0 0.630428 -0.145007 
0.510239 0 0.624114 0 0.633657 -0.131228 
0.509611 0 0.625836 0 0.636914 -0.117348 
0.508978 0 0.627514 0 0.64017 -0.103444 
0.508343 0 0.629125 0 0.643403 -0.0895772 
0.508064 0 0.631724 0 0.647254 -0.0757951 
0.50791 0 0.634299 0 0.650555 -0.0621337 
0.507783 0 0.636605 0 0.653466 -0.0486218 
0.507716 0 0.638785 0 0.656209 -0.035281 
0.50766 0 0.640881 0 0.658866 -0.0221296 
0.507615 0 0.642894 0 0.661432 -0.00918663 
0.507573 0 0.644823 0 0.663907 0.00352775 
0.507536 0 0.646678 0 0.666298 0.0159935 
0.507509 0 0.648478 0 0.668619 0.0281949 
0.507891 0 0.650607 0 0.670956 0.0401226 
0.508572 0 0.652986 0 0.673429 0.0517722 
0.509459 0 0.655535 0 0.676013 0.0631437 
0.510487 0 0.658203 0 0.678665 0.0742396 
0.5116 0 0.660954 0 0.681359 0.0850637 
0.512758 0 0.663765 0 0.684088 0.0956211 
0.513941 0 0.666631 0 0.686857 0.105917 
0.51514 0 0.669555 0 0.689672 0.115958 
0.516346 0 0.672531 0 0.692534 0.125749 
0.517545 0 0.675548 0 0.695441 0.135296 
0.518736 0 0.6786 0 0.698391 0.144605 
0.519922 0 0.681692 0 0.701388 0.153682 
0.521116 0 0.684826 0 0.704413 0.162533 
0.522296 0 0.687985 0 0.707499 0.171162 
0.523461 0 0.691154 0 0.710618 0.179576 
0.524635 0 0.694351 0 0.713756 0.18778 
0.525797 0 0.697557 0 0.716935 0.19578 
0.526941 0 0.700756 0 0.720133 0.203579 
0.528087 0 0.703957 0 0.723334 0.211183 
0.529225 0 0.707156 0 0.72657 0.218597 
0.530353 0 0.710344 0 0.729818 0.225826 
0.531483 0 0.71352 0 0.733057 0.232875 
0.532598 0 0.716676 0 0.73632 0.239747 
0.533708 0 0.719813 0 0.739587 0.246447 
0.534809 0 0.722926 0 0.742849 0.25298 
0.535608 0 0.725688 0 0.745639 0.25935 
0.53627 0 0.728245 0 0.748226 0.26556 
0.536846 0 0.730629 0 0.750676 0.271615 
0.537371 0 0.732904 0 0.753054 0.277519 
0.537896 0 0.735151 0 0.755408 0.283275 
0.538424 0 0.73737 0 0.757739 0.288887 
0.538961 0 0.739568 0 0.760049 0.294359 
0.539568 0 0.741789 0 0.762405 0.299694 
0.540223 0 0.744019 0 0.764798 0.304896 
0.540911 0 0.746245 0 0.767207 0.309967 
0.541627 0 0.748465 0 0.769625 0.314912 
0.542362 0 0.750671 0 0.772046 0.319733 
0.542945 0 0.752718 0 0.774265 0.324433 
0.543432 0 0.754612 0 0.776351 0.329016 
0.543872 0 0.756406 0 0.778366 0.333484 
0.544287 0 0.758134 0 0.78034 0.33784 
0.544685 0 0.759809 0 0.782283 0.342088 
0.545072 0 0.761438 0 0.784198 0.346229 
0.545458 0 0.76303 0 0.786087 0.350266 
0.545842 0 0.764583 0 0.787946 0.354203 
0.546218 0 0.766086 0 0.789773 0.358041 
0.546587 0 0.767541 0 0.791567 0.361783 
0.546957 0 0.768956 0 0.793335 0.365431 
0.547326 0 0.770333 0 0.795076 0.368988 
0.547689 0 0.771663 0 0.796788 0.372455 
0.548047 0 0.772948 0 0.798474 0.375836 
0.548407 0 0.774199 0 0.800137 0.379133 
0.548768 0 0.775414 0 0.801777 0.382346 
0.549123 0 0.776585 0 0.803392 0.385479 
0.549474 0 0.777713 0 0.804982 0.388534 
0.549828 0 0.778808 0 0.806552 0.391512 
0.550184 0 0.779869 0 0.808103 0.394416 
0.550535 0 0.780888 0 0.80963 0.397247 
0.550881 0 0.781866 0 0.811135 0.400006 
0.551232 0 0.782812 0 0.812623 0.402697 
0.551584 0 0.783726 0 0.814094 0.40532 
0.551932 0 0.7846 0 0.815543 0.407877 
0.552276 0 0.785433 0 0.816972 0.41037 
0.552624 0 0.786236 0 0.818387 0.4128 
0.552974 0 0.787007 0 0.819786 0.41517 
0.55332 0 0.787739 0 0.821165 0.41748 
0.553663 0 0.788431 0 0.822526 0.419732 
0.554009 0 0.789093 0 0.823874 0.421927 
0.554358 0 0.789725 0 0.825207 0.424067 
0.554702 0 0.790317 0 0.826522 0.426153 
0.555043 0 0.79087 0 0.827819 0.428186 
0.555388 0 0.791393 0 0.829104 0.430169 
0.555735 0 0.791885 0 0.830375 0.432101 
0.556077 0 0.792337 0 0.831628 0.433985 
0.556416 0 0.792749 0 0.832863 0.435821 
0.556758 0 0.793132 0 0.834086 0.437611 
0.557103 0 0.793483 0 0.835296 0.439356 
0.557442 0 0.793793 0 0.836487 0.441057 
0.557777 0 0.794062 0 0.83766 0.442714 
0.558116 0 0.794301 0 0.83882 0.44433 
0.558456 0 0.794507 0 0.839966 0.445905 
0.558791 0 0.79467 0 0.841092 0.44744 
0.559121 0 0.794792 0 0.842199 0.448935 
0.559293 0 0.794893 0 0.842809 0.450394 
0.559354 0 0.794949 0 0.843066 0.451815 
0.55935 0 0.795021 0 0.843145 0.4532 
0.559329 0 0.795125 0 0.843194 0.454549 
0.55932 0 0.795222 0 0.843269 0.455864 
0.559321 0 0.795316 0 0.843362 0.457146 
0.559326 0 0.795399 0 0.843472 0.458394 
0.559338 0 0.795471 0 0.843605 0.459611 
0.559365 0 0.795545 0 0.843769 0.460797 
0.559407 0 0.795619 0 0.843962 0.461952 
0.559457 0 0.795685 0 0.844179 0.463077 
0.559517 0 0.795744 0 0.844422 0.464173 
0.559593 0 0.795805 0 0.844696 0.465241 
0.559686 0 0.795868 0 0.845001 0.466281 
0.559788 0 0.795923 0 0.845331 0.467295 
0.559899 0 0.795971 0 0.845687 0.468282 
0.560001 0 0.796099 0 0.845945 0.469243 
0.560087 0 0.796267 0 0.846128 0.470179 
0.560157 0 0.796456 0 0.846266 0.47109 
0.560221 0 0.79666 0 0.846391 0.471978 
0.560293 0 0.796882 0 0.846526 0.472842 
0.560375 0 0.797118 0 0.846676 0.473683 
0.560459 0 0.797356 0 0.846833 0.474502 
0.560545 0 0.797596 0 0.846992 0.475299 
0.56064 0 0.797849 0 0.847157 0.476074 
0.560741 0 0.798115 0 0.847324 0.476829 
0.560842 0 0.798385 0 0.84749 0.477563 
0.560945 0 0.798661 0 0.847655 0.478278 
0.561056 0 0.798951 0 0.847827 0.478973 
0.561175 0 0.799255 0 0.848004 0.479649 
0.561294 0 0.799564 0 0.848182 0.480306 
0.561415 0 0.799878 0 0.84836 0.480945 
0.561545 0 0.800208 0 0.848546 0.481567 
0.561682 0 0.800552 0 0.848738 0.482171 
0.56182 0 0.800902 0 0.848929 0.482757 
0.56196 0 0.801258 0 0.849121 0.483328 
0.562109 0 0.80163 0 0.84932 0.483881 
0.562265 0 0.802018 0 0.849524 0.484419 
0.562422 0 0.802411 0 0.849729 0.484941 
0.562581 0 0.802812 0 0.849933 0.485448 
0.562749 0 0.803229 0 0.850145 0.48594 
0.562924 0 0.803662 0 0.850361 0.486417 
0.5631 0 0.804102 0 0.850577 0.48688 
0.563277 0 0.80455 0 0.850792 0.487329 
0.563372 0 0.804891 0 0.850825 0.487764 
0.563421 0 0.805171 0 0.850781 0.488185 
0.563451 0 0.8054 0 0.850726 0.488593 
0.563475 0 0.805601 0 0.850681 0.488988 
0.563496 0 0.805798 0 0.850649 0.48937 
0.563524 0 0.805999 0 0.850631 0.489739 
0.563551 0 0.806193 0 0.850623 0.490097 
0.563592 0 0.806382 0 0.85064 0.490442 
0.563648 0 0.806571 0 0.850674 0.490775 
0.563714 0 0.806758 0 0.850719 0.491096 
0.563781 0 0.806931 0 0.850769 0.491406 
0.563851 0 0.807092 0 0.850829 0.491704 
0.563931 0 0.807254 0 0.850904 0.491991 
0.564021 0 0.807415 0 0.850994 0.492267 
0.564113 0 0.807566 0 0.851092 0.492532 
0.564219 0 0.807728 0 0.851178 0.492786 
0.564333 0 0.807909 0 0.851251 0.49303 
0.564452 0 0.808109 0 0.851317 0.493263 
0.564571 0 0.808315 0 0.851377 0.493485 
0.56469 0 0.808524 0 0.851437 0.493698 
0.564816 0 0.808739 0 0.851504 0.4939 
0.56495 0 0.808959 0 0.851576 0.494092 
0.565081 0 0.809172 0 0.851646 0.494275 
0.565213 0 0.809378 0 0.851714 0.494447 
0.565351 0 0.809589 0 0.851786 0.49461 
0.565494 0 0.809803 0 0.851861 0.494763 
0.565636 0 0.810012 0 0.851933 0.494906 
0.565777 0 0.810218 0 0.852002 0.49504 
0.565924 0 0.81043 0 0.852074 0.495164 
0.566077 0 0.810647 0 0.852149 0.495279 
0.566228 0 0.810859 0 0.85222 0.495384 
0.566378 0 0.811068 0 0.852289 0.49548 
0.566535 0 0.811282 0 0.852361 0.495567 
0.566698 0 0.811501 0 0.852436 0.495644 
0.566858 0 0.811715 0 0.852508 0.495712 
0.567018 0 0.811925 0 0.852577 0.495771 
0.567184 0 0.812141 0 0.85265 0.495821 
0.567356 0 0.812361 0 0.852725 0.495861 
0.567526 0 0.812576 0 0.852797 0.495893 
0.567694 0 0.812787 0 0.852866 0.495915 
0.56787 0 0.813004 0 0.852939 0.495928 
0.56805 0 0.813225 0 0.853014 0.495932 
0.568228 0 0.813441 0 0.853086 0.495926 
0.568406 0 0.813653 0 0.853154 0.495911 
0.568589 0 0.81387 0 0.853227 0.495888 
0.568778 0 0.814092 0 0.853301 0.495854 
0.568964 0 0.814308 0 0.853371 0.495812 
0.569149 0 0.814519 0 0.853439 0.49576 
0.56934 0 0.814736 0 0.85351 0.4957 
0.569536 0 0.814957 0 0.853582 0.49563 
0.569729 0 0.815173 0 0.853651 0.49555 
0.56992 0 0.815383 0 0.853717 0.495461 
0.570117 0 0.815599 0 0.853785 0.495363 
0.570319 0 0.815818 0 0.853855 0.495256 
0.570517 0 0.816032 0 0.853921 0.495139 
0.570714 0 0.816242 0 0.853984 0.495013 
0.570916 0 0.816456 0 0.854049 0.494877 
0.571122 0 0.816673 0 0.854116 0.494731 
0.571325 0 0.816885 0 0.854178 0.494577 
0.571525 0 0.817092 0 0.854236 0.494412 
0.57173 0 0.817304 0 0.854297 0.494238 
0.571938 0 0.81752 0 0.854358 0.494053 
0.572143 0 0.81773 0 0.854414 0.493859 
0.572345 0 0.817935 0 0.854466 0.493655 
0.57255 0 0.818146 0 0.854519 0.49344 
0.572759 0 0.818361 0 0.854572 0.493215 
0.572963 0 0.818571 0 0.85462 0.492979 
0.573163 0 0.818776 0 0.854663 0.492732 
0.573367 0 0.818988 0 0.854706 0.492474 
0.573572 0 0.819205 0 0.854748 0.492203 
0.573772 0 0.819418 0 0.854783 0.49192 
0.573967 0 0.819628 0 0.854811 0.491624 
0.574164 0 0.819847 0 0.854838 0.491313 
0.574361 0 0.820072 0 0.854862 0.490987 
0.574551 0 0.820296 0 0.854876 0.490645 
0.574735 0 0.82052 0 0.854881 0.490284 
0.574918 0 0.820756 0 0.854882 0.489903 
0.575099 0 0.821002 0 0.854876 0.4895 
0.57527 0 0.821251 0 0.854855 0.489071 
0.575432 0 0.821505 0 0.854821 0.488614 
0.57559 0 0.821775 0 0.854776 0.488123 
0.575769 0 0.822039 0 0.854752 0.487594 
0.575921 0 0.822333 0 0.854691 0.487021 
0.576096 0 0.822611 0 0.854648 0.486395 
0.576296 0 0.822905 0 0.854627 0.485708 
0.576518 0 0.82322 0 0.85462 0.484948 
0.576749 0 0.823543 0 0.854613 0.484101 
0.576987 0 0.82387 0 0.854598 0.483151 
0.577238 0 0.824207 0 0.854574 0.482078 
0.577498 0 0.824549 0 0.854533 0.48086 
0.577759 0 0.824885 0 0.854466 0.47947 
0.578023 0 0.82521 0 0.854368 0.477877 
0.578296 0 0.82553 0 0.854238 0.476049 
0.578577 0 0.825836 0 0.854069 0.47395 
0.578856 0 0.826114 0 0.853849 0.471543 
0.579136 0 0.826357 0 0.853571 0.468793 
0.579519 0 0.826839 0 0.853465 0.465664 
0.57996 0 0.827327 0 0.853356 0.462127 
0.580408 0 0.827728 0 0.853135 0.458157 
0.580934 0 0.828117 0 0.852856 0.453736 
0.581407 0 0.828409 0 0.852487 0.448852 
0.581953 0 0.828662 0 0.852059 0.443502 
0.582501 0 0.828841 0 0.85155 0.437689 
0.58305 0 0.828944 0 0.850957 0.431423 
0.583565 0 0.828969 0 0.85028 0.424717 
0.584104 0 0.828881 0 0.849515 0.417589 
0.58466 0 0.828696 0 0.848659 0.41006 
0.585236 0 0.828421 0 0.847716 0.402149 
0.585837 0 0.82807 0 0.846695 0.393875 
0.586462 0 0.827641 0 0.845597 0.385254 
0.587106 0 0.827126 0 0.84442 0.376297 
0.587768 0 0.826522 0 0.843166 0.367012 
0.588457 0 0.825835 0 0.841833 0.357396 
0.589172 0 0.825057 0 0.840415 0.347439 
0.589904 0 0.824174 0 0.838899 0.337123 
0.590655 0 0.823176 0 0.837278 0.326417 
0.591432 0 0.822063 0 0.835543 0.315286 
0.592233 0 0.820819 0 0.833681 0.303689 
0.59305 0 0.819428 0 0.831677 0.291589 
0.593886 0 0.81788 0 0.829524 0.278969 
0.594745 0 0.816184 0 0.827224 0.265836 
0.595626 0 0.814344 0 0.824783 0.252237 
0.596518 0 0.812369 0 0.822217 0.238249 
0.597423 0 0.810286 0 0.81955 0.223973 
0.598345 0 0.808127 0 0.816815 0.209517 
0.59928 0 0.80592 0 0.814037 0.194984 
0.600219 0 0.803684 0 0.81124 0.180463 
0.601161 0 0.801439 0 0.808444 0.166026 
0.602112 0 0.799214 0 0.805672 0.151732 
0.603067 0 0.797018 0 0.802932 0.137625 
0.604018 0 0.794858 0 0.800232 0.123737 
0.604966 0 0.79274 0 0.797579 0.110092 
0.605914 0 0.790679 0 0.794979 0.0967071 
0.606861 0 0.788675 0 0.792432 0.0835925 
0.607799 0 0.786724 0 0.789933 0.0707554 
0.608728 0 0.784829 0 0.787484 0.0581997 
0.609655 0 0.782996 0 0.785084 0.0459269 
0.610575 0 0.781225 0 0.782728 0.0339363 
0.611484 0 0.779509 0 0.780413 0.0222264 
0.612381 0 0.77785 0 0.778137 0.0107944 
0.613272 0 0.776255 0 0.7759 -0.000363147 
0.61369 0 0.773757 0 0.772884 -0.0112496 
0.613672 0 0.770711 0 0.769425 -0.0218704 
0.613389 0 0.767471 0 0.765831 -0.0322297 
0.613111 0 0.764313 0 0.762309 -0.0423324 
0.612837 0 0.761238 0 0.758861 -0.0521832 
0.612559 0 0.758243 0 0.755485 -0.0617868 
0.61228 0 0.75533 0 0.752185 -0.0711481 
0.612006 0 0.752508 0 0.748964 -0.0802717 
0.611735 0 0.749778 0 0.745821 -0.0891621 
0.61146 0 0.747134 0 0.742756 -0.097823 
0.611102 0 0.744256 0 0.739621 -0.106259 
0.610687 0 0.741204 0 0.736444 -0.114473 
0.610241 0 0.738069 0 0.733278 -0.122468 
0.609782 0 0.734909 0 0.730156 -0.130246 
0.609324 0 0.731749 0 0.727092 -0.13781 
0.608881 0 0.728594 0 0.724087 -0.145161 
0.608454 0 0.725434 0 0.721136 -0.152298 
0.608299 0 0.722779 0 0.718589 -0.159221 
0.608289 0 0.72027 0 0.716211 -0.165927 
0.60828 0 0.717719 0 0.713888 -0.17241 
0.60827 0 0.715151 0 0.711619 -0.178666 
0.608256 0 0.712595 0 0.709416 -0.184685 
0.60824 0 0.710072 0 0.707288 -0.190455 
0.60828 0 0.70774 0 0.705247 -0.19596 
0.608353 0 0.705521 0 0.703313 -0.201178 
0.608435 0 0.703382 0 0.701479 -0.206082 
0.608515 0 0.701335 0 0.699756 -0.210635 
0.608598 0 0.699408 0 0.698167 -0.214786 
0.60868 0 0.69762 0 0.696728 -0.218469 
0.608755 0 0.695986 0 0.695457 -0.221597 
0.608821 0 0.694527 0 0.694377 -0.224053 
0.608882 0 0.693281 0 0.693521 -0.225694 
0.608937 0 0.692278 0 0.692922 -0.226349 
0.608978 0 0.691549 0 0.692615 -0.225837 
0.609006 0 0.691128 0 0.692635 -0.223989 
0.609026 0 0.691049 0 0.693013 -0.220678 
0.609039 0 0.69132 0 0.693759 -0.215844 
0.609038 0 0.691929 0 0.694867 -0.20951 
0.609026 0 0.692856 0 0.696318 -0.201771 
0.60901 0 0.694077 0 0.698086 -0.192777 
0.60899 0 0.695552 0 0.700133 -0.182707 
0.608959 0 0.697233 0 0.702417 -0.17175 
0.608921 0 0.699082 0 0.704901 -0.160084 
0.608882 0 0.701069 0 0.707554 -0.147871 
0.608841 0 0.70316 0 0.710341 -0.13525 
0.608793 0 0.705318 0 0.713233 -0.12234 
0.60874 0 0.707517 0 0.716206 -0.109237 
0.608731 0 0.710027 0 0.719538 -0.0960187 
0.608776 0 0.712607 0 0.722936 -0.082746 
0.608856 0 0.715126 0 0.72628 -0.0694668 
0.608992 0 0.71762 0 0.729593 -0.0562184 
0.609138 0 0.720098 0 0.732906 -0.0430342 
0.609293 0 0.722553 0 0.736209 -0.0299477 
0.609451 0 0.724975 0 0.739496 -0.0169976 
0.609612 0 0.727366 0 0.742764 -0.0042243 
0.609784 0 0.729735 0 0.746017 0.00833553 
0.609963 0 0.732087 0 0.749253 0.0206544 
0.610534 0 0.734695 0 0.75245 0.0327147 
0.611395 0 0.737523 0 0.755764 0.0445069 
0.612466 0 0.740505 0 0.759178 0.0560269 
0.613671 0 0.743577 0 0.762642 0.0672743 
0.614952 0 0.746695 0 0.76613 0.0782515 
0.616278 0 0.749842 0 0.769637 0.088962 
0.617636 0 0.753018 0 0.773169 0.0994104 
0.619009 0 0.756214 0 0.776726 0.109602 
0.620383 0 0.759414 0 0.780306 0.119541 
0.621752 0 0.762613 0 0.783909 0.129235 
0.62312 0 0.765814 0 0.787537 0.138688 
0.624497 0 0.769017 0 0.791168 0.147907 
0.62586 0 0.772212 0 0.794848 0.156896 
0.627208 0 0.775385 0 0.798548 0.165661 
0.628565 0 0.778549 0 0.802249 0.174208 
0.629909 0 0.781696 0 0.805986 0.182542 
0.631235 0 0.78481 0 0.80974 0.190668 
0.632562 0 0.787895 0 0.81349 0.198592 
0.633644 0 0.79072 0 0.81695 0.206318 
0.634566 0 0.793292 0 0.820206 0.21385 
0.635389 0 0.795694 0 0.823365 0.221195 
0.636156 0 0.798003 0 0.826495 0.228357 
0.637 0 0.800309 0 0.829627 0.23534 
0.6379 0 0.802618 0 0.83279 0.242148 
0.638833 0 0.80491 0 0.835982 0.248787 
0.639787 0 0.807175 0 0.83919 0.25526 
0.640758 0 0.809412 0 0.842412 0.261571 
0.641739 0 0.811617 0 0.845645 0.267724 
0.642574 0 0.813723 0 0.848779 0.273723 
0.64326 0 0.815679 0 0.851785 0.279573 
0.643838 0 0.817485 0 0.85468 0.285277 
0.644339 0 0.819167 0 0.857496 0.290838 
0.644114 0 0.821035 1 0.857671 0.296242 
0.643793 0 0.822806 1 0.857706 0.30151 
0.643414 0 0.824376 1 0.85759 0.30664 
0.643015 0 0.825832 1 0.857245 0.311653 
0.642641 0 0.827239 1 0.856956 0.316548 
0.642261 0 0.828602 1 0.856627 0.321321 
0.641877 0 0.829922 0 0.856259 0.325971 
0.641489 0 0.831194 0 0.85585 0.330506 
0.641096 0 0.832418 0 0.855401 0.334928 
0.640698 0 0.833596 0 0.854913 0.33924 
0.640295 0 0.834726 0 0.854386 0.343444 
0.639888 0 0.835809 0 0.853823 0.347543 
0.639477 0 0.836846 0 0.853222 0.35154 
0.63906 0 0.837836 0 0.852587 0.355438 
0.638655 0 0.838797 0 0.852119 0.359238 
0.638248 0 0.839715 0 0.851671 0.362943 
0.637838 0 0.840591 0 0.851192 0.366556 
0.63749 0 0.841531 0 0.850898 0.370079 
0.637179 0 0.842498 0 0.85071 0.373513 
0.636881 0 0.843454 0 0.850557 0.376862 
0.636589 0 0.84439 0 0.85042 0.380127 
0.636308 0 0.845314 0 0.850307 0.38331 
0.636042 0 0.846234 0 0.85023 0.386414 
0.635794 0 0.847154 0 0.850194 0.38944 
0.635565 0 0.848075 0 0.850199 0.39239 
0.635355 0 0.848999 0 0.850245 0.395267 
0.635163 0 0.849926 0 0.850331 0.398071 
0.634991 0 0.850858 0 0.850458 0.400805 
0.634839 0 0.851796 0 0.850625 0.403471 
0.634707 0 0.852742 0 0.850833 0.40607 
0.634596 0 0.853697 0 0.851084 0.408604 
0.634506 0 0.854662 0 0.851376 0.411074 
0.634437 0 0.855639 0 0.851711 0.413482 
0.634389 0 0.856629 0 0.852088 0.41583 
0.634364 0 0.857632 0 0.852508 0.418119 
0.63436 0 0.858651 0 0.85297 0.420351 
0.634379 0 0.859685 0 0.853475 0.422526 
0.634419 0 0.860736 0 0.854022 0.424647 
0.634197 1 0.860483 0 0.85467 0.426708 
0.634065 1 0.86028 0 0.855607 0.428719 
0.633968 1 0.860091 0 0.8566 0.430672 
0.633879 0 0.859877 0 0.857589 0.432566 
0.633806 0 0.859677 0 0.858598 0.434409 
0.633756 0 0.859504 0 0.85965 0.436203 
0.633731 0 0.859364 0 0.860756 0.437949 
0.633734 0 0.859256 0 0.861917 0.43965 
0.633756 0 0.859515 1 0.861965 0.441307 
0.633944 0 0.8601 1 0.862507 0.442905 
0.634021 1 0.859557 1 0.86295 0.444443 
0.634124 1 0.859226 1 0.863147 0.445876 
0.634256 1 0.858959 1 0.863264 0.447141 
0.634417 1 0.858744 1 0.863344 0.448157 
0.634617 1 0.858639 1 0.863355 0.448754 
0.634896 1 0.858618 1 0.863363 0.448637 
0.635302 1 0.858694 1 0.86342 0.44736 
0.635902 1 0.858893 1 0.863568 0.444333 
0.636767 1 0.859248 1 0.863851 0.438924 
0.63795 1 0.859785 1 0.864301 0.430718 
0.639458 1 0.860508 1 0.864923 0.419696 
0.641255 1 0.861391 1 0.865691 0.406217 
0.643284 1 0.862391 1 0.866566 0.390855 
0.645479 1 0.863457 1 0.867502 0.374191 
0.647784 1 0.864551 1 0.86846 0.35672 
0.650154 1 0.865639 1 0.86941 0.338822 
0.652556 1 0.866701 1 0.870331 0.320764 
0.654966 1 0.867721 1 0.871211 0.302738 
0.657367 1 0.868691 1 0.872042 0.284869 
0.660023 1 0.869559 1 0.872646 0.267242 
0.662834 1 0.870402 1 0.873495 0.249899 
0.665664 1 0.87123 1 0.87452 0.232892 
0.668421 1 0.872018 1 0.875565 0.216239 
0.671125 1 0.872797 1 0.876489 0.199949 
0.673768 1 0.873538 1 0.877317 0.184024 
0.676348 1 0.87424 1 0.87807 0.16847 
0.678863 1 0.874899 1 0.878759 0.153283 
0.681314 1 0.875516 1 0.87939 0.138457 
0.683699 1 0.876089 1 0.879967 0.12399 
0.686243 1 0.876606 1 0.880565 0.109869 
0.688892 1 0.877283 1 0.881028 0.0960984 
0.691564 1 0.878076 1 0.881482 0.0826643 
0.694188 1 0.878875 1 0.881946 0.0695609 
0.696748 1 0.879596 1 0.882427 0.0567793 
0.699238 1 0.880243 1 0.882883 0.0443153 
0.701658 1 0.880831 1 0.883315 0.0321612 
0.704009 1 0.881369 1 0.883723 0.020309 
0.706291 1 0.881862 1 0.884105 0.00875228 
0.708506 1 0.882315 1 0.884462 -0.00251799 
0.710654 1 0.882732 1 0.884793 -0.0135055 
0.712737 1 0.883115 1 0.885097 -0.0242201 
0.714755 1 0.883465 1 0.885378 -0.0346669 
0.71671 1 0.883786 1 0.885635 -0.0448522 
0.718602 1 0.884079 1 0.885868 -0.0547845 
0.719889 1 0.883983 1 0.886112 -0.0644728 
0.72086 1 0.883697 1 0.886168 -0.0739171 
0.721789 1 0.883455 1 0.886105 -0.0831241 
0.722673 1 0.883246 1 0.885981 -0.0920999 
0.723513 1 0.88305 1 0.885812 -0.10085 
0.724312 1 0.882859 1 0.885607 -0.109382 
0.725069 1 0.882664 1 0.885376 -0.1177 
0.725784 1 0.882462 1 0.885124 -0.125811 
0.72646 1 0.882249 1 0.884854 -0.133718 
0.727096 1 0.882024 1 0.884567 -0.141428 
0.727694 1 0.881787 1 0.884265 -0.148945 
0.728254 1 0.881536 1 0.88395 -0.156274 
0.728777 1 0.881271 1 0.883621 -0.163421 
0.729263 1 0.880992 1 0.883279 -0.170389 
0.729714 1 0.8807 1 0.882925 -0.177183 
0.73013 1 0.880394 1 0.88256 -0.183808 
0.730512 1 0.880075 1 0.882181 -0.190265 
0.730861 1 0.879743 1 0.881791 -0.196563 
0.731178 1 0.879399 1 0.88139 -0.202703 
0.731462 1 0.879041 1 0.880976 -0.208689 
0.731716 1 0.878671 1 0.880552 -0.214526 
0.73194 1 0.878288 1 0.880117 -0.220216 
0.732134 1 0.877892 1 0.879671 -0.225764 
0.7323 1 0.877484 1 0.879213 -0.231173 
0.732437 1 0.877064 1 0.878745 -0.236446 
0.732548 1 0.876632 1 0.878265 -0.241589 
0.732632 1 0.876187 1 0.877776 -0.246603 
0.73269 1 0.875731 1 0.877274 -0.251493 
0.732723 1 0.875263 1 0.876763 -0.25626 
0.732731 1 0.874783 1 0.87624 -0.260907 
0.732716 1 0.874291 1 0.875708 -0.265438 
0.732678 1 0.873787 1 0.875164 -0.269857 
0.732922 1 0.873523 1 0.874629 -0.274157 
0.733376 1 0.873449 1 0.874173 -0.278353 
0.733913 1 0.873436 1 0.873802 -0.282451 
0.734436 1 0.873384 1 0.873521 -0.286446 
0.734946 1 0.873283 1 0.873289 -0.290337 
0.735429 1 0.873142 1 0.873069 -0.294129 
0.735884 1 0.872973 1 0.872856 -0.29783 
0.736313 1 0.872784 1 0.872647 -0.301438 
0.736672 1 0.872735 1 0.872199 -0.304958 
0.736994 1 0.872668 1 0.871812 -0.308386 
0.737316 1 0.872554 1 0.871479 -0.311732 
0.737606 1 0.872368 1 0.871171 -0.314991 
0.737876 1 0.872142 1 0.870877 -0.31817 
0.738126 1 0.871891 1 0.870594 -0.32127 
0.738356 1 0.871623 1 0.870315 -0.32429 
0.738592 1 0.871389 1 0.870023 -0.327236 
0.738817 1 0.871156 1 0.869736 -0.330108 
0.739025 1 0.870915 1 0.869451 -0.332911 
0.73922 1 0.870663 1 0.869168 -0.335641 
0.7394 1 0.870402 1 0.868884 -0.338303 
0.739565 1 0.870134 1 0.8686 -0.340899 
0.739715 1 0.869859 1 0.868312 -0.343431 
0.739848 1 0.869577 1 0.868021 -0.345901 
0.739965 1 0.869289 1 0.867725 -0.348307 
0.740158 1 0.869064 1 0.867473 -0.350651 
0.74037 1 0.868859 1 0.867242 -0.352943 
0.740571 1 0.868647 1 0.867016 -0.355173 
0.740752 1 0.868419 1 0.866786 -0.357348 
0.740901 1 0.868168 1 0.866546 -0.359469 
0.741069 1 0.867925 1 0.866333 -0.361534 
0.741195 1 0.867666 1 0.866096 -0.363549 
0.741341 1 0.86742 1 0.865878 -0.365513 
0.741497 1 0.867186 1 0.865676 -0.36743 
0.741657 1 0.866961 1 0.865483 -0.369299 
0.74182 1 0.866743 1 0.865299 -0.371121 
0.741984 1 0.866531 1 0.86512 -0.372897 
0.742149 1 0.866325 1 0.864948 -0.374628 
0.742315 1 0.866126 1 0.864782 -0.376318 
0.742483 1 0.865932 1 0.864623 -0.377963 
0.742652 1 0.865748 1 0.86447 -0.379568 
0.742825 1 0.865571 1 0.864327 -0.381131 
0.743002 1 0.865402 1 0.86419 -0.382655 
0.743181 1 0.865241 1 0.864061 -0.38414 
0.743363 1 0.865089 1 0.86394 -0.385589 
0.743547 1 0.864945 1 0.863825 -0.387 
0.743735 1 0.864808 1 0.863718 -0.38838 
0.743926 1 0.86468 1 0.863618 -0.389724 
0.74412 1 0.86456 1 0.863525 -0.391033 
0.744316 1 0.864448 1 0.86344 -0.392309 
0.744516 1 0.864343 1 0.863362 -0.393555 
0.74472 1 0.864247 1 0.863292 -0.394772 
0.744927 1 0.864159 1 0.863229 -0.395956 
0.745137 1 0.86408 1 0.863174 -0.397111 
0.745351 1 0.864009 1 0.863126 -0.398235 
0.745568 1 0.863945 1 0.863087 -0.399332 
0.745789 1 0.86389 1 0.863055 -0.4004 
0.746013 1 0.863842 1 0.86303 -0.401444 
0.746242 1 0.863803 1 0.863013 -0.402463 
0.746474 1 0.863773 1 0.863004 -0.403458 
0.746711 1 0.863751 1 0.863002 -0.404426 
0.746951 1 0.863736 1 0.863008 -0.405368 
0.747196 1 0.863731 1 0.863021 -0.406288 
0.747444 1 0.863733 1 0.863043 -0.407184 
0.747696 1 0.863743 1 0.863072 -0.408056 
0.747954 1 0.863761 1 0.86311 -0.408913 
0.748216 1 0.863788 1 0.863155 -0.409743 
0.748483 1 0.863823 1 0.863208 -0.410554 
0.748754 1 0.863866 1 0.863269 -0.411346 
0.749031 1 0.863917 1 0.863338 -0.412117 
0.749313 1 0.863976 1 0.863414 -0.412868 
0.749599 1 0.864045 1 0.863498 -0.4136 
0.749891 1 0.864122 1 0.863591 -0.414315 
0.750188 1 0.864207 1 0.863692 -0.41501 
0.75049 1 0.864299 1 0.8638 -0.415685 
0.750797 1 0.864399 1 0.863918 -0.416349 
0.751111 1 0.864504 1 0.864045 -0.416994 
0.751433 1 0.864618 1 0.864184 -0.417625 
0.751762 1 0.864739 1 0.864335 -0.418238 
0.752098 1 0.864871 1 0.864495 -0.418835 
0.752443 1 0.865011 1 0.864666 -0.419417 
0.752796 1 0.865162 1 0.864845 -0.419983 
0.753158 1 0.865323 1 0.865034 -0.420539 
0.753528 1 0.865492 1 0.865232 -0.421079 
0.753909 1 0.86567 1 0.865441 -0.421607 
0.754298 1 0.865859 1 0.865659 -0.42212 
0.754697 1 0.866059 1 0.865886 -0.422621 
0.755107 1 0.866267 1 0.866122 -0.423108 
0.755526 1 0.866487 1 0.866367 -0.423582 
0.755956 1 0.866715 1 0.866622 -0.424044 
0.756396 1 0.866955 1 0.866886 -0.424495 
0.756847 1 0.867202 1 0.867159 -0.424936 
0.75731 1 0.867461 1 0.867442 -0.425367 
0.757784 1 0.867731 1 0.867734 -0.425786 
0.75827 1 0.868009 1 0.868036 -0.426196 
0.758769 1 0.868298 1 0.868347 -0.426595 
0.759281 1 0.868596 1 0.868667 -0.426983 
0.759804 1 0.868905 1 0.868996 -0.427362 
0.760341 1 0.869224 1 0.869334 -0.427733 
0.760891 1 0.869553 1 0.86968 -0.428094 
0.761454 1 0.869892 1 0.870036 -0.428447 
0.762031 1 0.87024 1 0.8704 -0.428788 
0.762623 1 0.870598 1 0.870774 -0.429121 
0.763229 1 0.870964 1 0.871157 -0.429447 
0.763849 1 0.87134 1 0.871549 -0.429767 
0.764614 1 0.871851 1 0.871985 -0.430074 
0.765501 1 0.872453 1 0.872489 -0.430376 
0.766451 1 0.873092 1 0.873035 -0.430669 
0.767419 1 0.873732 1 0.873595 -0.430956 
0.768384 1 0.874351 1 0.874162 -0.431236 
0.769348 1 0.874957 1 0.874728 -0.431507 
0.770311 1 0.875554 1 0.875292 -0.431773 
0.7713 1 0.87617 1 0.875855 -0.432033 
0.772314 1 0.876806 1 0.876416 -0.432285 
0.773356 1 0.877462 1 0.87698 -0.43253 
0.774426 1 0.878132 1 0.877553 -0.43277 
0.775521 1 0.878811 1 0.878137 -0.433007 
0.776642 1 0.879497 1 0.878728 -0.433236 
0.777785 1 0.880189 1 0.879328 -0.433456 
0.778954 1 0.880886 1 0.879934 -0.433674 
0.780148 1 0.881589 1 0.880547 -0.433886 
0.781369 1 0.882298 1 0.881167 -0.434092 
0.782617 1 0.883012 1 0.881794 -0.434293 
0.783893 1 0.883729 1 0.882428 -0.434489 
0.785197 1 0.884451 1 0.883067 -0.434681 
0.786529 1 0.885177 1 0.883711 -0.434869 
0.787892 1 0.885905 1 0.884362 -0.435052 
0.789282 1 0.886636 1 0.885016 -0.435228 
0.790735 1 0.887366 1 0.885709 -0.435402 
0.792241 1 0.888094 1 0.886426 -0.435571 
0.793789 1 0.88882 1 0.887158 -0.435734 
0.795362 1 0.889537 1 0.887894 -0.435895 
0.796963 1 0.890248 1 0.888629 -0.436052 
0.798607 1 0.890969 1 0.889361 -0.436204 
0.80029 1 0.891695 1 0.890088 -0.436352 
0.802011 1 0.892423 1 0.89081 -0.436499 
0.803769 1 0.893151 1 0.891526 -0.436639 
0.805566 1 0.893877 1 0.892235 -0.436774 
0.807402 1 0.8946 1 0.89294 -0.436909 
0.809277 1 0.895318 1 0.893638 -0.437042 
0.811191 1 0.89603 1 0.894329 -0.437169 
0.813146 1 0.896732 1 0.895012 -0.437293 
0.81514 1 0.897425 1 0.895685 -0.437416 
0.817174 1 0.898106 1 0.896347 -0.437533 
0.819248 1 0.898774 1 0.896996 -0.437647 
0.821362 1 0.899428 1 0.897632 -0.437758 
0.823516 1 0.900065 1 0.898253 -0.437868 
0.82571 1 0.900684 1 0.898857 -0.437973 
0.827943 1 0.901284 1 0.899444 -0.438079 
0.830216 1 0.901862 1 0.90001 -0.438179 
0.828624 1 0.901307 1 0.899613 -0.438288 
0.82737 1 0.900933 1 0.899263 -0.438389 
0.826218 1 0.900603 1 0.898941 -0.438483 
0.825071 1 0.900261 1 0.89863 -0.438575 
0.823924 1 0.899902 1 0.898307 -0.438665 
0.822781 1 0.899535 1 0.897975 -0.438753 
0.82164 1 0.899161 1 0.897636 -0.438838 
0.820521 1 0.898777 1 0.897299 -0.438921 
0.819424 1 0.898396 1 0.896963 -0.439 
0.818357 1 0.898015 1 0.896629 -0.439078 
0.81732 1 0.897636 1 0.8963 -0.439154 
0.816341 1 0.897285 1 0.895967 -0.439228 
0.815396 1 0.896948 1 0.895636 -0.439299 
0.814474 1 0.896617 1 0.895305 -0.439369 
0.813573 1 0.896288 1 0.894978 -0.439437 
0.812696 1 0.895963 1 0.894654 -0.439507 
0.811844 1 0.895642 1 0.894336 -0.439575 
0.811019 1 0.895326 1 0.894024 -0.439642 
0.810221 1 0.895015 1 0.893719 -0.439705 
0.809449 1 0.89471 1 0.893421 -0.439766 
0.808701 1 0.89441 1 0.89313 -0.439826 
0.807979 1 0.894115 1 0.892847 -0.439882 
0.807281 1 0.893827 1 0.892571 -0.439939 
0.806608 1 0.893546 1 0.892302 -0.439996 
0.80596 1 0.893272 1 0.892039 -0.440049 
0.805335 1 0.893007 1 0.891784 -0.440102 
0.804736 1 0.89275 1 0.891537 -0.440152 
0.80416 1 0.892501 1 0.891297 -0.440205 
0.803609 1 0.89226 1 0.891065 -0.440253 
0.803081 1 0.892028 1 0.890842 -0.440296 
0.802577 1 0.891804 1 0.890627 -0.440343 
0.802097 1 0.89159 1 0.89042 -0.440389 
0.80164 1 0.891385 1 0.890222 -0.440432 
0.801207 1 0.891189 1 0.890033 -0.440475 
0.800797 1 0.891002 1 0.889853 -0.44052 
0.80041 1 0.890824 1 0.889682 -0.440559 
0.800047 1 0.890656 1 0.88952 -0.440598 
0.799706 1 0.890498 1 0.889367 -0.440636 
0.799389 1 0.890349 1 0.889225 -0.440674 
0.799094 1 0.890211 1 0.889091 -0.440712 
0.798821 1 0.890083 1 0.888967 -0.440749 
0.798571 1 0.889964 1 0.888854 -0.440782 
0.798345 1 0.889856 1 0.888749 -0.440817 
0.79814 1 0.889758 1 0.888655 -0.440853 
0.797959 1 0.88967 1 0.888571 -0.440884 
0.7978 1 0.889593 1 0.888496 -0.440916 
0.797664 1 0.889527 1 0.888431 -0.440945 
0.79755 1 0.889472 1 0.888375 -0.440975 
0.797459 1 0.889426 1 0.888331 -0.441007 
0.797389 1 0.889391 1 0.888297 -0.441036 
0.797342 1 0.889367 1 0.888272 -0.441064 
0.797318 1 0.889353 1 0.888258 -0.44109 
0.797315 1 0.88935 1 0.888254 -0.441118 
0.797335 1 0.889357 1 0.888259 -0.441143 
0.797378 1 0.889374 1 0.888276 -0.441167 
0.797442 1 0.889402 1 0.888303 -0.441189 
0.797529 1 0.889441 1 0.888339 -0.441214 
0.797639 1 0.889489 1 0.888386 -0.441237 
0.797771 1 0.889549 1 0.888443 -0.441258 
0.797925 1 0.889619 1 0.88851 -0.441283 
0.798103 1 0.889699 1 0.888586 -0.441303 
0.798302 1 0.889789 1 0.888673 -0.441324 
0.798525 1 0.889889 1 0.888771 -0.441346 
0.79877 1 0.889999 1 0.888878 -0.441365 
0.799039 1 0.89012 1 0.888994 -0.441388 
0.79933 1 0.89025 1 0.88912 -0.441407 
0.799645 1 0.890391 1 0.889256 -0.441427 
0.799983 1 0.890541 1 0.889401 -0.441445 
0.800344 1 0.8907 1 0.889556 -0.441459 
0.800728 1 0.89087 1 0.88972 -0.441478 
0.801136 1 0.891048 1 0.889894 -0.441496 
0.801568 1 0.891235 1 0.890077 -0.44151 
0.802023 1 0.891432 1 0.890268 -0.441529 
0.802502 1 0.891638 1 0.890468 -0.441543 
0.803006 1 0.891851 1 0.890677 -0.441558 
0.803534 1 0.892074 1 0.890894 -0.441571 
0.804086 1 0.892305 1 0.891119 -0.441588 
0.804662 1 0.892545 1 0.891352 -0.441602 
0.805264 1 0.892793 1 0.891593 -0.441617 
0.80589 1 0.893047 1 0.891842 -0.441632 
0.806541 1 0.893311 1 0.892098 -0.441645 
0.807217 1 0.893581 1 0.892361 -0.441658 
0.807919 1 0.893857 1 0.892632 -0.44167 
0.808647 1 0.89414 1 0.892909 -0.441681 
0.809399 1 0.89443 1 0.893192 -0.441693 
0.810178 1 0.894726 1 0.893482 -0.441703 
0.810982 1 0.895029 1 0.893776 -0.441714 
0.811813 1 0.895337 1 0.894077 -0.441727 
0.81267 1 0.895648 1 0.894384 -0.441736 
0.813554 1 0.895966 1 0.894694 -0.441748 
0.814464 1 0.896287 1 0.895009 -0.441756 
0.815401 1 0.896613 1 0.895327 -0.441764 
0.816365 1 0.896942 1 0.89565 -0.441774 
0.817356 1 0.897275 1 0.895974 -0.441784 
0.818374 1 0.89761 1 0.896302 -0.441795 
0.819419 1 0.897947 1 0.896633 -0.441806 
0.820493 1 0.898286 1 0.896964 -0.441816 
0.821593 1 0.898625 1 0.897297 -0.441825 
0.822721 1 0.898966 1 0.897632 -0.441832 
0.823877 1 0.899306 1 0.897966 -0.441837 
0.82506 1 0.899647 1 0.898299 -0.441846 
0.826272 1 0.899985 1 0.898632 -0.441851 
0.827512 1 0.900323 1 0.898963 -0.441857 
0.828779 1 0.900658 1 0.899293 -0.441864 
0.828628 1 0.900531 1 0.899282 -0.441869 
0.828474 1 0.90045 1 0.899269 -0.441876 
0.828382 1 0.900413 1 0.899255 -0.441882 
0.82831 1 0.900384 1 0.899247 -0.44189 
0.82824 1 0.900354 1 0.89924 -0.441898 
0.828178 1 0.900323 1 0.899235 -0.441906 
0.828129 1 0.900295 1 0.899233 -0.441912 
0.828113 1 0.900281 1 0.899231 -0.441917 
0.828123 1 0.90028 1 0.899231 -0.441924 
0.828158 1 0.900286 1 0.899237 -0.441931 
0.828216 1 0.9003 1 0.899249 -0.441936 
0.828295 1 0.900319 1 0.899266 -0.441938 
0.828396 1 0.900344 1 0.899289 -0.441945 
0.828519 1 0.900376 1 0.899317 -0.441947 
0.828492 1 0.90034 1 0.899326 -0.44195 
0.828457 1 0.900318 1 0.899325 -0.441955 
0.828443 1 0.90031 1 0.899323 -0.441957 
0.828441 1 0.900308 1 0.899321 -0.441963 
0.828444 1 0.900306 1 0.899321 -0.441969 
0.828448 1 0.900303 1 0.89932 -0.441974 
0.82845 1 0.9003 1 0.89932 -0.441979 
0.828452 1 0.900296 1 0.89932 -0.441984 
0.828453 1 0.900291 1 0.899319 -0.441985 
0.828455 1 0.900287 1 0.899319 -0.441988 
0.828456 1 0.900283 1 0.899318 -0.441989 
0.828457 1 0.900279 1 0.899318 -0.441993 
0.828458 1 0.900275 1 0.899318 -0.441995 
0.828459 1 0.900271 1 0.899317 -0.441999 
0.828459 1 0.900269 1 0.899316 -0.442005 
0.828458 1 0.900266 1 0.899315 -0.442009 
0.828458 1 0.900263 1 0.899313 -0.442013 
0.828458 1 0.900261 1 0.899311 -0.442015 
0.828458 1 0.900259 1 0.89931 -0.44202 
0.828458 1 0.900257 1 0.899307 -0.442025 
0.828457 1 0.900255 1 0.899306 -0.442027 
0.828457 1 0.900252 1 0.899304 -0.442032 
0.828457 1 0.90025 1 0.899302 -0.442034 
0.828457 1 0.900248 1 0.8993 -0.442034 
0.828457 1 0.900246 1 0.899299 -0.442034 
0.828456 1 0.900244 1 0.899296 -0.442035 
0.828456 1 0.900242 1 0.899295 -0.442038 
0.828455 1 0.900239 1 0.899293 -0.442042 
0.828455 1 0.900237 1 0.899291 -0.442046 
0.828454 1 0.900235 1 0.899289 -0.442049 
0.828453 1 0.900233 1 0.899287 -0.442052 
0.828453 1 0.900231 1 0.899285 -0.442055 
0.828453 1 0.900229 1 0.899283 -0.442059 
0.828453 1 0.900227 1 0.899282 -0.442061 
0.828452 1 0.900225 1 0.89928 -0.442064 
0.828452 1 0.900223 1 0.899278 -0.442065 
0.828452 1 0.900221 1 0.899276 -0.442068 
0.828451 1 0.900218 1 0.899274 -0.44207 
0.828451 1 0.900216 1 0.899272 -0.442071 
0.82845 1 0.900214 1 0.89927 -0.442073 
0.828449 1 0.900212 1 0.899268 -0.442075 
0.828449 1 0.90021 1 0.899267 -0.442075 
0.828449 1 0.900208 1 0.899265 -0.442076 
0.828448 1 0.900206 1 0.899263 -0.442081 
0.828448 1 0.900204 1 0.899261 -0.442084 
0.828447 1 0.900202 1 0.899259 -0.442085 
0.828446 1 0.9002 1 0.899257 -0.44209 
0.828446 1 0.900197 1 0.899255 -0.442091 
0.828446 1 0.900195 1 0.899253 -0.442092 
0.828445 1 0.900193 1 0.899251 -0.442092 
0.828445 1 0.900191 1 0.89925 -0.442093 
0.828444 1 0.900189 1 0.899248 -0.442093 
0.828444 1 0.900187 1 0.899246 -0.442095 
0.828443 1 0.900185 1 0.899244 -0.442093 
0.828443 1 0.900183 1 0.899242 -0.442095 
0.828442 1 0.900181 1 0.89924 -0.442097 
0.828441 1 0.900179 1 0.899238 -0.442096 
0.82844 1 0.900176 1 0.899236 -0.442097 
0.828439 1 0.900175 1 0.899235 -0.442103 
0.828439 1 0.900172 1 0.899232 -0.442103 
0.828439 1 0.90017 1 0.899231 -0.442104 
0.828438 1 0.900168 1 0.899228 -0.442103 
0.828438 1 0.900166 1 0.899227 -0.442104 
0.828437 1 0.900164 1 0.899225 -0.442106 
0.828436 1 0.900162 1 0.899223 -0.442108 
0.828436 1 0.90016 1 0.899221 -0.44211 
0.828436 1 0.900157 1 0.899219 -0.442109 
0.828435 1 0.900155 1 0.899217 -0.442108 
0.828435 1 0.900153 1 0.899215 -0.442108 
0.828434 1 0.900151 1 0.899213 -0.442108 
0.828433 1 0.900149 1 0.899212 -0.442108 
0.828432 1 0.900147 1 0.899209 -0.44211 
0.828432 1 0.900145 1 0.899207 -0.44211 
0.828431 1 0.900143 1 0.899206 -0.442109 
0.82843 1 0.900141 1 0.899204 -0.442108 
0.828429 1 0.900139 1 0.899202 -0.442111 
0.828428 1 0.900137 1 0.8992 -0.442111 
0.828427 1 0.900135 1 0.899198 -0.442111 
0.828427 1 0.900133 1 0.899196 -0.442111 
0.828427 1 0.900131 1 0.899194 -0.442113 
0.828426 1 0.900129 1 0.899193 -0.442116 
0.828425 1 0.900126 1 0.899191 -0.442118 
0.828425 1 0.900124 1 0.899189 -0.442118 
0.828425 1 0.900122 1 0.899187 -0.442117 
0.828424 1 0.90012 1 0.899185 -0.44212 
0.828423 1 0.900118 1 0.899183 -0.442122 
0.828423 1 0.900116 1 0.899181 -0.442121 
0.828422 1 0.900113 1 0.899179 -0.442121 
0.828422 1 0.900111 1 0.899177 -0.442123 
0.828421 1 0.900109 1 0.899176 -0.442125 
0.828421 1 0.900107 1 0.899173 -0.442124 
0.82842 1 0.900105 1 0.899171 -0.442121 
0.82842 1 0.900103 1 0.899169 -0.442124 
0.828419 1 0.900101 1 0.899167 -0.442125 
0.828419 1 0.900099 1 0.899166 -0.442126 
0.828418 1 0.900097 1 0.899164 -0.442126 
0.828417 1 0.900094 1 0.899162 -0.442128 
0.828417 1 0.900093 1 0.89916 -0.442129 
0.828416 1 0.90009 1 0.899158 -0.442131 
0.828415 1 0.900088 1 0.899156 -0.442132 
0.828415 1 0.900086 1 0.899154 -0.442132 
0.828414 1 0.900084 1 0.899152 -0.44213 
0.828413 1 0.900082 1 0.89915 -0.442129 
0.828412 1 0.90008 1 0.899148 -0.442131 
