0.323334 0 0.444052 0 0.444051 0.500001 
0.323097 0 0.44639 0 0.446124 0.499425 
0.322761 0 0.448925 0 0.448295 0.498876 
0.322392 0 0.451724 0 0.450676 0.498345 
0.322047 0 0.45483 0 0.453344 0.497822 
0.321703 0 0.45819 0 0.45627 0.497295 
0.321356 0 0.461771 0 0.459422 0.49675 
0.321012 0 0.465536 0 0.462757 0.496173 
0.320673 0 0.469429 0 0.466222 0.495548 
0.320334 0 0.47339 0 0.469762 0.494857 
0.319993 0 0.477371 0 0.473327 0.494079 
0.31966 0 0.481343 0 0.476888 0.493188 
0.319333 0 0.485278 0 0.480413 0.492156 
0.319006 0 0.489144 0 0.483879 0.490945 
0.318681 0 0.492927 0 0.487272 0.489511 
0.318364 0 0.496624 0 0.490583 0.4878 
0.318054 0 0.500224 0 0.493804 0.485748 
0.317744 0 0.503712 0 0.496924 0.483277 
0.317436 0 0.507084 0 0.499937 0.480293 
0.317136 0 0.51034 0 0.502842 0.476693 
0.316843 0 0.513474 0 0.505631 0.472356 
0.31655 0 0.516469 0 0.508292 0.467158 
0.31626 0 0.519316 0 0.510816 0.460972 
0.316335 0 0.522574 0 0.513317 0.453682 
0.316865 0 0.525956 0 0.516186 0.445198 
0.317747 0 0.52934 0 0.519336 0.435464 
0.3188 0 0.532607 0 0.52249 0.424474 
0.319863 0 0.535638 0 0.525414 0.412273 
0.320935 0 0.53841 0 0.528084 0.398958 
0.322009 0 0.540897 0 0.53048 0.384665 
0.323086 0 0.543086 0 0.532588 0.369554 
0.324174 0 0.544979 0 0.534406 0.3538 
0.325271 0 0.546572 0 0.53593 0.337573 
0.326369 0 0.547862 0 0.53716 0.32103 
0.327438 0 0.548801 0 0.53809 0.304311 
0.328478 0 0.549422 0 0.538713 0.287533 
0.329487 0 0.54974 0 0.53904 0.270792 
0.330535 0 0.54987 0 0.53919 0.254167 
0.331585 0 0.549772 0 0.539132 0.237718 
0.332617 0 0.549447 0 0.538858 0.221491 
0.333621 0 0.548918 0 0.538385 0.205521 
0.334625 0 0.548226 0 0.537754 0.189833 
0.33563 0 0.547395 0 0.536984 0.174446 
0.33666 0 0.546496 0 0.536105 0.159373 
0.337708 0 0.545537 0 0.535136 0.144622 
0.338761 0 0.544517 0 0.534086 0.130197 
0.339815 0 0.543445 0 0.532965 0.1161 
0.340873 0 0.542341 0 0.53179 0.102332 
0.341932 0 0.541214 0 0.530571 0.0888888 
0.342985 0 0.540067 0 0.529312 0.0757678 
0.344032 0 0.538909 0 0.528024 0.0629636 
0.345079 0 0.537755 0 0.526718 0.0504709 
0.346122 0 0.53661 0 0.525399 0.0382836 
0.347156 0 0.535471 0 0.524068 0.0263961 
0.348179 0 0.534345 0 0.522731 0.0148026 
0.349198 0 0.533244 0 0.521395 0.00349755 
0.350211 0 0.532169 0 0.520063 -0.00752447 
0.35121 0 0.531118 0 0.518732 -0.0182682 
0.352198 0 0.530095 0 0.517408 -0.028738 
0.353179 0 0.529111 0 0.516099 -0.0389374 
0.354154 0 0.52817 0 0.514809 -0.0488694 
0.355116 0 0.52727 0 0.51354 -0.0585356 
0.356068 0 0.526417 0 0.5123 -0.0679363 
0.357015 0 0.525624 0 0.511101 -0.0770698 
0.357957 0 0.524895 0 0.509947 -0.0859319 
0.358889 0 0.524231 0 0.508844 -0.0945148 
0.35981 0 0.523637 0 0.5078 -0.102806 
0.360727 0 0.523131 0 0.506828 -0.110786 
0.361599 0 0.521453 0 0.505614 -0.118429 
0.362348 0 0.519339 0 0.504162 -0.125698 
0.362985 0 0.517302 0 0.502631 -0.132543 
0.363935 0 0.516032 0 0.501814 -0.138899 
0.365101 0 0.515264 0 0.501435 -0.144682 
0.366355 0 0.514766 0 0.501286 -0.149786 
0.367604 0 0.514477 0 0.50134 -0.154084 
0.368854 0 0.514445 0 0.501641 -0.157431 
0.370103 0 0.51471 0 0.50223 -0.159666 
0.371343 0 0.515309 0 0.503146 -0.160629 
0.372576 0 0.516278 0 0.504428 -0.160176 
0.373808 0 0.517657 0 0.50611 -0.158198 
0.375038 0 0.519459 0 0.508208 -0.15464 
0.376257 0 0.521676 0 0.510718 -0.149511 
0.377469 0 0.52429 0 0.513623 -0.142887 
0.378681 0 0.527276 0 0.516898 -0.134903 
0.379891 0 0.530589 0 0.520498 -0.125733 
0.381093 0 0.53417 0 0.52437 -0.115573 
0.382291 0 0.537969 0 0.528466 -0.104623 
0.38349 0 0.541942 0 0.532741 -0.0930686 
0.384691 0 0.546044 0 0.537151 -0.081079 
0.385843 0 0.550247 0 0.541679 -0.0687984 
0.386966 0 0.554483 0 0.546261 -0.0563474 
0.388068 0 0.558714 0 0.550858 -0.0438244 
0.38915 0 0.562917 0 0.555449 -0.0313078 
0.390208 0 0.567076 0 0.560019 -0.0188594 
0.391247 0 0.571182 0 0.564563 -0.00652681 
0.392275 0 0.575237 0 0.569075 0.00565335 
0.393293 0 0.579229 0 0.573543 0.0176536 
0.394293 0 0.583141 0 0.577957 0.0294535 
0.395279 0 0.586967 0 0.582312 0.0410387 
0.396256 0 0.590711 0 0.586608 0.0523987 
0.397223 0 0.59437 0 0.590844 0.0635269 
0.398174 0 0.597933 0 0.595012 0.0744191 
0.399111 0 0.601402 0 0.599114 0.0850734 
0.40004 0 0.604783 0 0.603154 0.0954895 
0.40096 0 0.608076 0 0.607131 0.105668 
0.401865 0 0.611272 0 0.61104 0.115611 
0.402756 0 0.614372 0 0.614884 0.125321 
0.403639 0 0.617387 0 0.618667 0.134801 
0.404298 0 0.620017 0 0.621935 0.144055 
0.404731 0 0.622333 0 0.624671 0.153087 
0.405008 0 0.624456 0 0.627044 0.1619 
0.405197 0 0.626471 0 0.629226 0.170499 
0.405343 0 0.628418 0 0.631307 0.178888 
0.405464 0 0.630305 0 0.633306 0.187072 
0.405654 0 0.632195 0 0.635348 0.195055 
0.405896 0 0.63408 0 0.637378 0.202841 
0.406168 0 0.635939 0 0.639358 0.210434 
0.406454 0 0.637759 0 0.641271 0.217841 
0.406751 0 0.639544 0 0.643119 0.225063 
0.407067 0 0.641305 0 0.644913 0.232106 
0.407401 0 0.643046 0 0.646653 0.238975 
0.407746 0 0.644759 0 0.648337 0.245672 
0.408103 0 0.646448 0 0.64997 0.252202 
0.408479 0 0.648124 0 0.651559 0.258569 
0.408872 0 0.649785 0 0.653106 0.264777 
0.409272 0 0.651426 0 0.65461 0.270829 
0.409681 0 0.653047 0 0.656075 0.27673 
0.410104 0 0.654657 0 0.65751 0.282482 
0.410537 0 0.656257 0 0.658914 0.288089 
0.410973 0 0.657835 0 0.660285 0.293554 
0.41141 0 0.659393 0 0.661624 0.298881 
0.411855 0 0.660939 0 0.662937 0.304072 
0.412304 0 0.662471 0 0.664223 0.309129 
0.412749 0 0.663978 0 0.665476 0.314056 
0.413191 0 0.665461 0 0.666698 0.318854 
0.413636 0 0.666926 0 0.667893 0.323525 
0.414081 0 0.668372 0 0.669059 0.328071 
0.414519 0 0.669787 0 0.670192 0.332493 
0.41495 0 0.671173 0 0.671291 0.336793 
0.415382 0 0.672536 0 0.672362 0.34097 
0.415811 0 0.673875 0 0.673402 0.345027 
0.41623 0 0.67518 0 0.674406 0.348962 
0.416641 0 0.676452 0 0.675375 0.352775 
0.417051 0 0.677698 0 0.676313 0.356465 
0.417457 0 0.678918 0 0.677218 0.360031 
0.417853 0 0.680103 0 0.678085 0.36347 
0.418239 0 0.681252 0 0.678915 0.366781 
0.418624 0 0.682376 0 0.679712 0.369958 
0.419005 0 0.683471 0 0.680474 0.372998 
0.419375 0 0.684529 0 0.681196 0.375895 
0.419735 0 0.685551 0 0.681879 0.378643 
0.420094 0 0.686544 0 0.682526 0.381234 
0.420448 0 0.687506 0 0.683135 0.38366 
0.420791 0 0.688428 0 0.683701 0.385911 
0.421125 0 0.68931 0 0.684223 0.387976 
0.421456 0 0.690158 0 0.684704 0.389842 
0.421782 0 0.690971 0 0.685141 0.391494 
0.422098 0 0.691737 0 0.685528 0.392918 
0.422403 0 0.692456 0 0.685864 0.394097 
0.422704 0 0.693134 0 0.68615 0.395012 
0.423 0 0.693766 0 0.686383 0.395644 
0.423284 0 0.694342 0 0.686556 0.395971 
0.423557 0 0.694858 0 0.686665 0.39597 
0.423825 0 0.69532 0 0.686712 0.39562 
0.424086 0 0.695721 0 0.68669 0.394895 
0.424537 0 0.696452 0 0.686915 0.39377 
0.425079 0 0.697219 0 0.68718 0.392221 
0.42564 0 0.697901 0 0.687357 0.390223 
0.426263 0 0.698558 0 0.68747 0.387751 
0.426883 0 0.699135 0 0.687505 0.384779 
0.427502 0 0.699626 0 0.687457 0.381285 
0.428126 0 0.700034 0 0.687326 0.377245 
0.428681 0 0.70031 0 0.68707 0.372637 
0.429234 0 0.700481 0 0.686712 0.367439 
0.429785 0 0.700541 0 0.686248 0.361633 
0.430365 0 0.70046 0 0.685636 0.355201 
0.43093 0 0.700247 0 0.684916 0.348128 
0.431481 0 0.699885 0 0.684054 0.340404 
0.43202 0 0.699361 0 0.683036 0.332024 
0.432555 0 0.698678 0 0.68186 0.322987 
0.433086 0 0.697833 0 0.680524 0.313304 
0.43361 0 0.696817 0 0.679023 0.302993 
0.434129 0 0.695628 0 0.677357 0.292081 
0.434648 0 0.694273 0 0.675531 0.28061 
0.435166 0 0.692753 0 0.673545 0.26863 
0.435676 0 0.691068 0 0.671402 0.2562 
0.436178 0 0.68923 0 0.669114 0.243386 
0.436678 0 0.687259 0 0.666697 0.23026 
0.437173 0 0.685169 0 0.664165 0.216894 
0.437654 0 0.682969 0 0.661532 0.20336 
0.438121 0 0.680679 0 0.658817 0.189726 
0.438575 0 0.678324 0 0.656043 0.176055 
0.439007 0 0.675918 0 0.653228 0.162406 
0.439403 0 0.673471 0 0.650386 0.148828 
0.439561 0 0.670286 0 0.647149 0.135368 
0.439537 0 0.66662 0 0.643711 0.122062 
0.439423 0 0.662818 0 0.640084 0.108944 
0.439338 0 0.659115 0 0.636491 0.0960381 
0.439279 0 0.655499 0 0.632957 0.0833654 
0.439248 0 0.651973 0 0.629494 0.0709397 
0.439238 0 0.648541 0 0.626105 0.0587693 
0.439243 0 0.645201 0 0.622793 0.0468582 
0.439262 0 0.641959 0 0.619562 0.0352076 
0.439301 0 0.638824 0 0.616419 0.0238165 
0.439356 0 0.635795 0 0.613362 0.012683 
0.439421 0 0.632867 0 0.61039 0.00180406 
0.439496 0 0.630042 0 0.607504 -0.00882311 
0.439587 0 0.627327 0 0.604709 -0.0192022 
0.439691 0 0.62472 0 0.602001 -0.0293365 
0.439803 0 0.622216 0 0.599378 -0.0392294 
0.439923 0 0.619815 0 0.596839 -0.0488845 
0.439991 0 0.617252 0 0.594284 -0.0583048 
0.440022 0 0.614623 0 0.59174 -0.0674931 
0.440035 0 0.612007 0 0.589246 -0.0764523 
0.440047 0 0.609453 0 0.586825 -0.0851845 
0.440075 0 0.606983 0 0.584482 -0.0936914 
0.440122 0 0.604588 0 0.582206 -0.101974 
0.440185 0 0.602251 0 0.579984 -0.110032 
0.440266 0 0.599967 0 0.577812 -0.117863 
0.440372 0 0.597736 0 0.575691 -0.125466 
0.440505 0 0.595559 0 0.573621 -0.132834 
0.440659 0 0.593432 0 0.571604 -0.139959 
0.440837 0 0.591363 0 0.569643 -0.14683 
0.441046 0 0.589365 0 0.567751 -0.153429 
0.441284 0 0.587445 0 0.565934 -0.159733 
0.441543 0 0.585609 0 0.564199 -0.16571 
0.441823 0 0.583873 0 0.562563 -0.171319 
0.442128 0 0.582261 0 0.561046 -0.176505 
0.442455 0 0.580795 0 0.559669 -0.181197 
0.442794 0 0.579496 0 0.558455 -0.185307 
0.443145 0 0.578395 0 0.557435 -0.188728 
0.443512 0 0.577536 0 0.556649 -0.191333 
0.443891 0 0.576958 0 0.556135 -0.192979 
0.444274 0 0.576698 0 0.555932 -0.193516 
0.444661 0 0.576796 0 0.55608 -0.192796 
0.445056 0 0.577297 0 0.55662 -0.190695 
0.445458 0 0.578225 0 0.557576 -0.187126 
0.445858 0 0.579585 0 0.558958 -0.182057 
0.446257 0 0.581373 0 0.560761 -0.175518 
0.446662 0 0.583576 0 0.562972 -0.167598 
0.447069 0 0.586155 0 0.565555 -0.15844 
0.447473 0 0.58906 0 0.568465 -0.148216 
0.447875 0 0.59224 0 0.571656 -0.137114 
0.448279 0 0.595651 0 0.575081 -0.125321 
0.448685 0 0.59924 0 0.578694 -0.113011 
0.449086 0 0.602957 0 0.582448 -0.100338 
0.449483 0 0.606762 0 0.586305 -0.0874344 
0.450169 0 0.611104 0 0.590683 -0.0744102 
0.451021 0 0.615678 0 0.595272 -0.0613547 
0.451932 0 0.620266 0 0.599883 -0.0483386 
0.452886 0 0.624829 0 0.604508 -0.0354179 
0.453844 0 0.629364 0 0.609119 -0.0226359 
0.454806 0 0.633857 0 0.613703 -0.0100257 
0.455765 0 0.63829 0 0.618248 0.0023879 
0.456724 0 0.642657 0 0.622748 0.0145866 
0.457639 0 0.646947 0 0.627194 0.0265572 
0.458522 0 0.651153 0 0.631588 0.0382908 
0.459404 0 0.655276 0 0.635923 0.0497815 
0.460285 0 0.659313 0 0.6402 0.0610259 
0.461159 0 0.663249 0 0.644382 0.0720227 
0.462032 0 0.667092 0 0.648496 0.082772 
0.462897 0 0.670835 0 0.652545 0.093275 
0.463754 0 0.674481 0 0.65653 0.103534 
0.464607 0 0.678041 0 0.660455 0.113552 
0.465457 0 0.681513 0 0.66432 0.123332 
0.466296 0 0.684891 0 0.668123 0.132878 
0.467126 0 0.688175 0 0.671863 0.142195 
0.467954 0 0.691372 0 0.675545 0.151286 
0.468778 0 0.694479 0 0.679167 0.160156 
0.469592 0 0.69749 0 0.682729 0.168809 
0.470396 0 0.700407 0 0.686231 0.177251 
0.471197 0 0.703239 0 0.68968 0.185485 
0.471993 0 0.705987 0 0.693075 0.193517 
0.472778 0 0.708643 0 0.696413 0.20135 
0.473553 0 0.711209 0 0.699697 0.20899 
0.474324 0 0.713696 0 0.702931 0.216441 
0.47509 0 0.716101 0 0.706114 0.223707 
0.475844 0 0.718418 0 0.709244 0.230793 
0.476586 0 0.720649 0 0.712321 0.237703 
0.477322 0 0.722803 0 0.71535 0.244441 
0.47805 0 0.72488 0 0.71833 0.251011 
0.478763 0 0.726871 0 0.721256 0.257418 
0.479461 0 0.728779 0 0.724128 0.263665 
0.479903 0 0.730355 0 0.72557 0.269755 
0.480199 0 0.731773 0 0.726309 0.275695 
0.480388 0 0.732808 0 0.727138 0.281486 
0.480501 0 0.733673 0 0.728042 0.287132 
0.480573 0 0.734456 0 0.728947 0.292637 
0.480646 0 0.735219 0 0.729841 0.298004 
0.480715 0 0.735957 0 0.73072 0.303236 
0.48078 0 0.736671 0 0.731587 0.308336 
0.48085 0 0.737371 0 0.732448 0.313309 
0.480898 0 0.738023 0 0.733328 0.318155 
0.48093 0 0.738636 0 0.734211 0.322879 
0.480954 0 0.739222 0 0.735094 0.327483 
0.480982 0 0.739794 0 0.735982 0.331969 
0.481017 0 0.740356 0 0.736876 0.33634 
0.481258 0 0.741251 0 0.737586 0.340597 
0.48154 0 0.742132 0 0.738311 0.344744 
0.481854 0 0.743033 0 0.739034 0.348781 
0.482186 0 0.743947 0 0.739753 0.352711 
0.482409 0 0.74472 0 0.740456 0.356534 
0.482767 0 0.74564 0 0.74112 0.360253 
0.483131 0 0.746546 0 0.741779 0.363868 
0.483388 0 0.747314 0 0.742467 0.367379 
0.483788 0 0.748263 0 0.743143 0.370788 
0.484161 0 0.74915 0 0.743824 0.374094 
0.484518 0 0.75 0 0.74447 0.377297 
0.484873 0 0.75083 0 0.745081 0.380397 
0.485208 0 0.751627 0 0.745656 0.383392 
0.485529 0 0.752398 0 0.7462 0.386281 
0.485847 0 0.753156 0 0.746723 0.389062 
0.486162 0 0.7539 0 0.747222 0.391731 
0.486467 0 0.754621 0 0.747695 0.394287 
0.486764 0 0.755321 0 0.748142 0.396724 
0.487061 0 0.756006 0 0.748565 0.399039 
0.487355 0 0.756675 0 0.748963 0.401225 
0.487639 0 0.757318 0 0.749331 0.403276 
0.487916 0 0.757937 0 0.749669 0.405184 
0.488191 0 0.758538 0 0.74998 0.406943 
0.488464 0 0.759119 0 0.750262 0.408541 
0.488727 0 0.759671 0 0.750508 0.409969 
0.488982 0 0.760192 0 0.750719 0.411215 
0.489234 0 0.760689 0 0.750897 0.412266 
0.489484 0 0.761159 0 0.751037 0.413108 
0.489723 0 0.761591 0 0.751134 0.413725 
0.489952 0 0.761983 0 0.751185 0.414101 
0.490178 0 0.762341 0 0.751193 0.414219 
0.4904 0 0.762659 0 0.751152 0.414057 
0.490609 0 0.762927 0 0.751055 0.413598 
0.490807 0 0.763139 0 0.750899 0.412817 
0.490999 0 0.763301 0 0.750682 0.411693 
0.491184 0 0.763405 0 0.750399 0.410201 
0.491354 0 0.763437 0 0.750041 0.408317 
0.491509 0 0.763392 0 0.749602 0.406013 
0.491655 0 0.76327 0 0.749079 0.403263 
0.491789 0 0.763061 0 0.748463 0.400039 
0.492148 0 0.763221 0 0.748123 0.396313 
0.492596 0 0.763366 0 0.747778 0.392056 
0.493057 0 0.76337 0 0.747293 0.387241 
0.493575 0 0.763305 0 0.746706 0.38184 
0.494091 0 0.763122 0 0.74601 0.375828 
0.494607 0 0.762812 0 0.745197 0.369182 
0.49513 0 0.762374 0 0.744262 0.361881 
0.495657 0 0.761796 0 0.743194 0.353912 
0.496183 0 0.761061 0 0.741982 0.345268 
0.496652 0 0.760157 0 0.740616 0.335949 
0.497115 0 0.759031 0 0.739061 0.325967 
0.497572 0 0.757702 0 0.737315 0.315345 
0.49802 0 0.756181 0 0.735384 0.304117 
0.498463 0 0.754479 0 0.733281 0.292328 
0.498907 0 0.752613 0 0.73102 0.280034 
0.49935 0 0.750591 0 0.728613 0.2673 
0.499787 0 0.748421 0 0.726071 0.254197 
0.500216 0 0.746118 0 0.723409 0.240797 
0.500642 0 0.743707 0 0.720646 0.227174 
0.501061 0 0.741205 0 0.717801 0.2134 
0.501463 0 0.738625 0 0.71489 0.199544 
0.501842 0 0.735989 0 0.711937 0.185667 
0.502196 0 0.733325 0 0.708969 0.171826 
0.502543 0 0.730665 0 0.70599 0.158073 
0.502882 0 0.728025 0 0.703019 0.144451 
0.503217 0 0.725429 0 0.700076 0.130997 
0.503557 0 0.722898 0 0.697178 0.117745 
0.503903 0 0.720443 0 0.694337 0.104719 
0.504249 0 0.718067 0 0.691557 0.0919374 
0.504597 0 0.715776 0 0.688843 0.0794112 
0.504954 0 0.713579 0 0.686202 0.067147 
0.505317 0 0.711476 0 0.683634 0.0551474 
0.505535 0 0.708832 0 0.68089 0.0434132 
0.505602 0 0.705714 0 0.677837 0.0319417 
0.505588 0 0.702399 0 0.674719 0.0207321 
0.505543 0 0.699105 0 0.671678 0.00978122 
0.505508 0 0.695923 0 0.668716 -0.000913853 
0.50548 0 0.692842 0 0.665832 -0.0113559 
0.505465 0 0.689873 0 0.663034 -0.0215477 
0.505464 0 0.68702 0 0.660323 -0.0314916 
0.50547 0 0.684277 0 0.657697 -0.0411898 
0.505485 0 0.681645 0 0.655156 -0.0506437 
0.505514 0 0.679129 0 0.652703 -0.0598541 
0.505556 0 0.676728 0 0.650334 -0.0688211 
0.505627 0 0.674282 0 0.648014 -0.0775433 
0.505715 0 0.671817 0 0.645728 -0.0860176 
0.505827 0 0.669381 0 0.643498 -0.0942393 
0.505966 0 0.667002 0 0.641337 -0.102201 
0.506129 0 0.664695 0 0.639248 -0.109892 
0.506318 0 0.662467 0 0.637236 -0.117298 
0.50654 0 0.660327 0 0.635304 -0.124397 
0.50679 0 0.658279 0 0.633458 -0.131163 
0.507062 0 0.656329 0 0.631703 -0.137558 
0.507354 0 0.65449 0 0.630055 -0.143536 
0.507669 0 0.652792 0 0.628536 -0.149036 
0.508006 0 0.651254 0 0.627167 -0.153981 
0.508354 0 0.649901 0 0.625972 -0.158278 
0.508714 0 0.648765 0 0.624982 -0.161815 
0.509088 0 0.647888 0 0.624235 -0.164463 
0.509475 0 0.647308 0 0.623768 -0.166084 
0.509865 0 0.647058 0 0.623617 -0.166536 
0.510259 0 0.647176 0 0.623818 -0.165686 
0.510662 0 0.647699 0 0.624406 -0.163434 
0.511071 0 0.648645 0 0.625399 -0.159718 
0.511478 0 0.650011 0 0.626798 -0.154534 
0.511885 0 0.651787 0 0.628597 -0.147937 
0.512297 0 0.653955 0 0.630775 -0.140035 
0.512713 0 0.656475 0 0.633297 -0.130978 
0.513125 0 0.659296 0 0.636119 -0.120941 
0.513535 0 0.662369 0 0.639196 -0.110104 
0.51421 0 0.666034 0 0.642832 -0.0986464 
0.515056 0 0.670079 0 0.646811 -0.0867284 
0.515974 0 0.674281 0 0.650941 -0.0744931 
0.516914 0 0.678548 0 0.655146 -0.0620612 
0.517858 0 0.68287 0 0.659411 -0.0495328 
0.518805 0 0.687218 0 0.663711 -0.0369891 
0.519748 0 0.691567 0 0.668024 -0.0244948 
0.520691 0 0.6959 0 0.672336 -0.0121009 
0.521639 0 0.700209 0 0.676638 0.000153464 
0.522551 0 0.704491 0 0.680949 0.0122381 
0.523432 0 0.708709 0 0.685235 0.0241307 
0.524311 0 0.712868 0 0.689484 0.0358147 
0.525209 0 0.716888 0 0.693631 0.0472782 
0.526119 0 0.720925 0 0.697795 0.058513 
0.527022 0 0.724877 0 0.701899 0.0695141 
0.527907 0 0.72872 0 0.70593 0.0802787 
0.528802 0 0.73249 0 0.709904 0.0908054 
0.529719 0 0.736187 0 0.713834 0.101095 
0.530589 0 0.739805 0 0.717743 0.111148 
0.531444 0 0.743312 0 0.721566 0.120968 
0.532293 0 0.746723 0 0.725327 0.130556 
0.533138 0 0.750045 0 0.729036 0.139917 
0.533973 0 0.753275 0 0.732693 0.149054 
0.534798 0 0.756415 0 0.7363 0.15797 
0.535622 0 0.759471 0 0.73986 0.166671 
0.536442 0 0.762444 0 0.743373 0.17516 
0.537252 0 0.765323 0 0.746836 0.183443 
0.538054 0 0.768111 0 0.750251 0.191522 
0.538853 0 0.770814 0 0.753622 0.199403 
0.539649 0 0.773432 0 0.756948 0.20709 
0.540435 0 0.775957 0 0.760228 0.214587 
0.541211 0 0.77839 0 0.763464 0.221899 
0.541984 0 0.780741 0 0.766659 0.22903 
0.542754 0 0.783008 0 0.769813 0.235985 
0.543512 0 0.785183 0 0.772924 0.242767 
0.544261 0 0.787267 0 0.775992 0.249381 
0.545006 0 0.789268 0 0.779022 0.255831 
0.545746 0 0.791186 0 0.782012 0.26212 
0.546474 0 0.793012 0 0.78496 0.268253 
0.54719 0 0.794746 0 0.787866 0.274233 
0.547611 0 0.7961 0 0.789296 0.280065 
0.547818 0 0.797107 0 0.790131 0.285751 
0.547936 0 0.797946 0 0.790939 0.291295 
0.548019 0 0.798697 0 0.791793 0.2967 
0.548085 0 0.799401 0 0.79265 0.301971 
0.548138 0 0.800073 0 0.793502 0.307111 
0.54818 0 0.800713 0 0.794353 0.312122 
0.548216 0 0.801328 0 0.795208 0.317007 
0.548256 0 0.801931 0 0.796075 0.321771 
0.548302 0 0.802523 0 0.796954 0.326415 
0.548349 0 0.803099 0 0.797843 0.330943 
0.5484 0 0.803659 0 0.798744 0.335358 
0.548462 0 0.804216 0 0.799662 0.339662 
0.548535 0 0.80477 0 0.800596 0.343858 
0.54876 0 0.805587 0 0.801179 0.347948 
0.549001 0 0.806333 0 0.801719 0.351935 
0.549269 0 0.807098 0 0.802238 0.355822 
0.549564 0 0.807894 0 0.802757 0.359611 
0.54975 0 0.808553 0 0.803291 0.363303 
0.550094 0 0.809403 0 0.803764 0.366901 
0.550444 0 0.810245 0 0.804243 0.370407 
0.550685 0 0.810944 0 0.804809 0.373823 
0.551083 0 0.811858 0 0.805315 0.37715 
0.551455 0 0.812701 0 0.805839 0.38039 
0.551814 0 0.813516 0 0.806334 0.383544 
0.552178 0 0.814329 0 0.806804 0.386614 
0.552523 0 0.815119 0 0.80725 0.389602 
0.552856 0 0.815893 0 0.807676 0.392507 
0.553187 0 0.816663 0 0.808088 0.395331 
0.553515 0 0.817429 0 0.808484 0.398075 
0.553835 0 0.818183 0 0.808864 0.400738 
0.554147 0 0.818924 0 0.809226 0.403321 
0.554459 0 0.819662 0 0.809573 0.405825 
0.554768 0 0.820395 0 0.809904 0.408248 
0.555069 0 0.821115 0 0.810216 0.410589 
0.555363 0 0.821822 0 0.81051 0.412849 
0.555656 0 0.822526 0 0.810787 0.415025 
0.555946 0 0.823225 0 0.811047 0.417116 
0.556228 0 0.82391 0 0.811287 0.41912 
0.556502 0 0.82458 0 0.811505 0.421033 
0.556774 0 0.825246 0 0.811705 0.422853 
0.557044 0 0.825904 0 0.811884 0.424576 
0.557305 0 0.826545 0 0.812039 0.426197 
0.557557 0 0.82717 0 0.812169 0.427711 
0.557808 0 0.827787 0 0.812277 0.429112 
0.558055 0 0.828391 0 0.81236 0.430395 
0.558292 0 0.828976 0 0.812413 0.431551 
0.55852 0 0.829538 0 0.812437 0.432573 
0.558745 0 0.830087 0 0.812433 0.43345 
0.558966 0 0.830617 0 0.812396 0.434174 
0.559176 0 0.83112 0 0.812323 0.434733 
0.559375 0 0.831593 0 0.812213 0.435114 
0.55957 0 0.832043 0 0.812066 0.435304 
0.559759 0 0.832465 0 0.811878 0.435289 
0.559935 0 0.832848 0 0.811643 0.435053 
0.560098 0 0.833188 0 0.81136 0.434579 
0.560437 0 0.833877 0 0.811297 0.433847 
0.560875 0 0.834642 0 0.811298 0.432839 
0.561333 0 0.835343 0 0.811235 0.431533 
0.561843 0 0.836009 0 0.811133 0.429907 
0.562358 0 0.836633 0 0.810987 0.427936 
0.562876 0 0.837208 0 0.81079 0.425595 
0.563393 0 0.837722 0 0.810536 0.422857 
0.56384 0 0.838153 0 0.810194 0.419695 
0.564293 0 0.838521 0 0.809787 0.416079 
0.564785 0 0.838786 0 0.809275 0.411978 
0.565262 0 0.83896 0 0.8087 0.407362 
0.565726 0 0.839017 0 0.808026 0.402201 
0.566185 0 0.838951 0 0.807237 0.396465 
0.566639 0 0.838754 0 0.806326 0.390126 
0.567084 0 0.838414 0 0.80529 0.38316 
0.567523 0 0.837924 0 0.804125 0.375546 
0.567963 0 0.83728 0 0.802825 0.367271 
0.568404 0 0.836469 0 0.80138 0.35833 
0.568838 0 0.835475 0 0.799782 0.348724 
0.569266 0 0.834293 0 0.798027 0.338469 
0.569695 0 0.832927 0 0.796114 0.32759 
0.570122 0 0.831375 0 0.794042 0.316122 
0.57054 0 0.829636 0 0.791814 0.304113 
0.570952 0 0.827719 0 0.789438 0.29162 
0.571361 0 0.825641 0 0.786926 0.278706 
0.571765 0 0.823416 0 0.784288 0.265439 
0.572157 0 0.821057 0 0.78154 0.251892 
0.572535 0 0.818584 0 0.7787 0.238135 
0.572903 0 0.816025 0 0.775788 0.224237 
0.573252 0 0.813402 0 0.772826 0.210264 
0.573571 0 0.810733 0 0.769836 0.196277 
0.573874 0 0.808051 0 0.76682 0.182331 
0.573966 0 0.8044 0 0.763505 0.168477 
0.57388 0 0.80022 0 0.759979 0.154759 
0.573723 0 0.795945 0 0.756342 0.141215 
0.573586 0 0.791784 0 0.752724 0.127876 
0.57347 0 0.78773 0 0.749156 0.114769 
0.573375 0 0.783783 0 0.745651 0.10191 
0.573292 0 0.779948 0 0.742217 0.0893104 
0.573223 0 0.776233 0 0.738864 0.0769748 
0.573173 0 0.772647 0 0.735596 0.0649062 
0.57314 0 0.76919 0 0.732415 0.0531047 
0.573118 0 0.765857 0 0.729322 0.0415698 
0.573106 0 0.762651 0 0.72632 0.0303002 
0.573111 0 0.759575 0 0.723411 0.0192945 
0.57313 0 0.75663 0 0.720594 0.0085515 
0.573157 0 0.753808 0 0.717868 -0.00192958 
0.573193 0 0.751112 0 0.715234 -0.0121489 
0.573243 0 0.748545 0 0.712692 -0.0221056 
0.573307 0 0.746105 0 0.710241 -0.0317975 
0.573376 0 0.743789 0 0.707879 -0.0412214 
0.573476 0 0.741248 0 0.705516 -0.0503715 
0.573594 0 0.738599 0 0.703172 -0.0592399 
0.573734 0 0.735958 0 0.700894 -0.0678153 
0.573899 0 0.733398 0 0.698713 -0.0760823 
0.574094 0 0.730954 0 0.696638 -0.0840211 
0.574325 0 0.728638 0 0.694668 -0.0916046 
0.574586 0 0.726449 0 0.692802 -0.0987986 
0.57487 0 0.724384 0 0.691041 -0.105559 
0.575173 0 0.722457 0 0.6894 -0.111829 
0.575499 0 0.720692 0 0.687899 -0.117541 
0.575843 0 0.719116 0 0.686559 -0.12261 
0.576199 0 0.717751 0 0.685405 -0.126938 
0.576565 0 0.71663 0 0.684466 -0.130411 
0.576946 0 0.715792 0 0.683775 -0.132906 
0.577338 0 0.715268 0 0.683362 -0.134296 
0.577734 0 0.715085 0 0.683255 -0.13446 
0.578134 0 0.715271 0 0.683481 -0.1333 
0.578543 0 0.71585 0 0.684062 -0.130749 
0.578958 0 0.716829 0 0.685004 -0.126787 
0.579374 0 0.718198 0 0.686305 -0.121442 
0.57979 0 0.719941 0 0.68795 -0.114796 
0.580213 0 0.722037 0 0.689918 -0.106971 
0.580641 0 0.724447 0 0.692175 -0.0981148 
0.581066 0 0.727125 0 0.694685 -0.0883953 
0.581491 0 0.730029 0 0.697411 -0.0779782 
0.58192 0 0.733124 0 0.700318 -0.0670217 
0.582353 0 0.736371 0 0.703371 -0.0556694 
0.582782 0 0.739727 0 0.706539 -0.0440461 
0.583209 0 0.743164 0 0.709795 -0.0322582 
0.58364 0 0.746661 0 0.713119 -0.0203933 
0.584073 0 0.750193 0 0.716491 -0.0085232 
0.584502 0 0.753737 0 0.719893 0.00329479 
0.584927 0 0.757276 0 0.723314 0.0150154 
0.585605 0 0.761209 0 0.727085 0.0266033 
0.586432 0 0.765283 0 0.730965 0.0380316 
0.587315 0 0.769315 0 0.734815 0.0492794 
0.588212 0 0.773269 0 0.738616 0.0603319 
0.589115 0 0.777185 0 0.742392 0.0711779 
0.590023 0 0.781056 0 0.74614 0.0818098 
0.590929 0 0.784874 0 0.749856 0.0922225 
0.591835 0 0.788635 0 0.75354 0.102413 
0.592747 0 0.792344 0 0.757193 0.112381 
0.593633 0 0.796028 0 0.760864 0.122125 
0.594491 0 0.799645 0 0.764513 0.131648 
0.595363 0 0.803095 0 0.768053 0.14095 
0.596245 0 0.806542 0 0.771588 0.150034 
0.597128 0 0.809914 0 0.775077 0.158904 
0.597997 0 0.813191 0 0.778516 0.167563 
0.598855 0 0.816384 0 0.781916 0.176014 
0.599709 0 0.819512 0 0.785286 0.184262 
0.60056 0 0.822572 0 0.788626 0.192309 
0.601404 0 0.825556 0 0.791936 0.20016 
0.60224 0 0.828459 0 0.795213 0.20782 
0.603075 0 0.831286 0 0.798461 0.215292 
0.603908 0 0.834034 0 0.801678 0.222581 
0.604732 0 0.836697 0 0.804867 0.22969 
0.605547 0 0.839275 0 0.808028 0.236624 
0.606362 0 0.841776 0 0.811164 0.243387 
0.607174 0 0.844197 0 0.814275 0.249982 
0.607976 0 0.84653 0 0.81736 0.256414 
0.60877 0 0.848773 0 0.820421 0.262687 
0.609562 0 0.850935 0 0.823461 0.268804 
0.610351 0 0.853012 0 0.826477 0.274769 
0.611129 0 0.854995 0 0.82947 0.280586 
0.611898 0 0.856884 0 0.832441 0.286258 
0.612665 0 0.858684 0 0.835392 0.291789 
0.613427 0 0.860394 0 0.83832 0.297182 
0.614177 0 0.862005 0 0.841227 0.302442 
0.614917 0 0.863513 0 0.844111 0.30757 
0.615653 0 0.864928 0 0.846974 0.31257 
0.616118 0 0.865845 0 0.848709 0.317445 
0.616404 0 0.866502 0 0.849651 0.3222 
0.616571 0 0.867016 0 0.850326 0.326835 
0.616699 0 0.867452 0 0.851062 0.331355 
0.616801 0 0.867848 0 0.851818 0.335761 
0.616898 0 0.868226 0 0.852577 0.340058 
0.616993 0 0.868589 0 0.853339 0.344247 
0.617079 0 0.868934 0 0.854139 0.348332 
0.617159 0 0.869265 0 0.854963 0.352314 
0.617233 0 0.869578 0 0.855807 0.356197 
0.617304 0 0.869879 0 0.856673 0.359983 
0.617495 0 0.87035 0 0.857259 0.363674 
0.617715 0 0.870868 0 0.857702 0.367272 
0.617949 0 0.871412 0 0.858064 0.370781 
0.618197 0 0.871976 0 0.858388 0.374201 
0.618464 0 0.872563 0 0.858699 0.377535 
0.618747 0 0.873165 0 0.859001 0.380785 
0.619036 0 0.873769 0 0.859288 0.383953 
0.61933 0 0.874372 0 0.859557 0.387041 
0.619632 0 0.874982 0 0.859805 0.390051 
0.619939 0 0.875599 0 0.860034 0.392984 
0.620244 0 0.876213 0 0.860244 0.395842 
0.620548 0 0.876828 0 0.86044 0.398627 
0.620856 0 0.877451 0 0.860625 0.40134 
0.621167 0 0.878082 0 0.860798 0.403982 
0.621473 0 0.878711 0 0.860961 0.406555 
0.621774 0 0.879339 0 0.861114 0.40906 
0.62191 1 0.8794 0 0.861632 0.411493 
0.621999 1 0.879299 0 0.862241 0.413863 
0.622029 1 0.879121 0 0.862871 0.416153 
0.622095 1 0.878995 0 0.863538 0.418373 
0.622168 0 0.878863 0 0.864199 0.420516 
0.622179 0 0.878682 0 0.864879 0.422591 
0.622199 0 0.878502 0 0.865562 0.424599 
0.622095 0 0.878497 1 0.865591 0.426537 
0.622132 1 0.878354 1 0.865775 0.428374 
0.622218 1 0.87812 1 0.865787 0.430073 
0.62233 1 0.877895 1 0.865797 0.431588 
0.622454 1 0.877679 1 0.865811 0.432853 
0.622606 1 0.877486 1 0.865834 0.433802 
0.622797 1 0.87732 1 0.865874 0.434334 
0.62304 1 0.877187 1 0.865936 0.434354 
0.623346 1 0.877093 1 0.866029 0.433765 
0.623727 1 0.87704 1 0.866161 0.432478 
0.624198 1 0.877036 1 0.866338 0.430396 
0.624769 1 0.877085 1 0.866567 0.427451 
0.625448 1 0.877192 1 0.866849 0.423603 
0.62624 1 0.87736 1 0.867186 0.41884 
0.627143 1 0.877584 1 0.867576 0.413191 
0.628154 1 0.877863 1 0.868016 0.406724 
0.629264 1 0.878189 1 0.8685 0.399496 
0.630468 1 0.878557 1 0.869023 0.391575 
0.63176 1 0.87896 1 0.869581 0.383017 
0.633136 1 0.879395 1 0.870168 0.373877 
0.634591 1 0.879856 1 0.870779 0.364201 
0.636122 1 0.88034 1 0.87141 0.354037 
0.637723 1 0.880842 1 0.872057 0.343435 
0.63939 1 0.881358 1 0.872715 0.332442 
0.64112 1 0.881884 1 0.873381 0.321102 
0.643311 1 0.882439 1 0.874057 0.30947 
0.645745 1 0.882929 1 0.875084 0.297591 
0.648338 1 0.883612 1 0.876303 0.285475 
0.650985 1 0.884414 1 0.877552 0.273181 
0.653687 1 0.885294 1 0.878714 0.260753 
0.656424 1 0.886168 1 0.879811 0.248227 
0.659184 1 0.88703 1 0.88087 0.235636 
0.661961 1 0.887882 1 0.881901 0.223006 
0.664749 1 0.88872 1 0.882906 0.21037 
0.667542 1 0.889541 1 0.883884 0.197749 
0.670229 1 0.890285 1 0.884816 0.185171 
0.672856 1 0.890986 1 0.885634 0.172652 
0.675482 1 0.891674 1 0.886443 0.160215 
0.678102 1 0.89234 1 0.887219 0.147872 
0.680712 1 0.892982 1 0.887964 0.135643 
0.68331 1 0.893602 1 0.88868 0.123538 
0.685833 1 0.894167 1 0.889344 0.111571 
0.688299 1 0.894682 1 0.889975 0.0997482 
0.690718 1 0.895158 1 0.890569 0.0880803 
0.693096 1 0.895602 1 0.891126 0.0765755 
0.695434 1 0.896017 1 0.891651 0.0652388 
0.697734 1 0.896405 1 0.892148 0.0540757 
0.699997 1 0.896768 1 0.892615 0.0430917 
0.702225 1 0.897109 1 0.893057 0.0322913 
0.704417 1 0.897429 1 0.893475 0.0216742 
0.706575 1 0.89773 1 0.893869 0.0112429 
0.708697 1 0.898012 1 0.894242 0.00100272 
0.710786 1 0.898277 1 0.894595 -0.00904743 
0.712918 1 0.898635 1 0.8949 -0.0189089 
0.71505 1 0.898992 1 0.895211 -0.028579 
0.717166 1 0.899324 1 0.895527 -0.0380562 
0.719254 1 0.899633 1 0.895839 -0.0473453 
0.721251 1 0.899879 1 0.896131 -0.0564467 
0.723299 1 0.900148 1 0.896454 -0.0653616 
0.725239 1 0.900364 1 0.896744 -0.0740922 
0.727112 1 0.90054 1 0.897006 -0.0826398 
0.729041 1 0.900759 1 0.897285 -0.0910062 
0.73092 1 0.900981 1 0.897553 -0.099193 
0.732767 1 0.901187 1 0.897794 -0.107202 
0.734585 1 0.901384 1 0.89803 -0.115039 
0.736371 1 0.90157 1 0.898263 -0.122702 
0.738126 1 0.901745 1 0.89849 -0.130193 
0.739851 1 0.901911 1 0.898711 -0.13752 
0.741545 1 0.90207 1 0.898927 -0.144683 
0.743212 1 0.902223 1 0.899139 -0.151684 
0.744852 1 0.90237 1 0.899346 -0.158528 
0.746466 1 0.902513 1 0.899549 -0.165215 
0.748054 1 0.902653 1 0.899747 -0.17175 
0.749616 1 0.902789 1 0.899942 -0.178134 
0.751153 1 0.902922 1 0.900134 -0.184371 
0.752744 1 0.90313 1 0.900222 -0.190464 
0.754342 1 0.903394 1 0.900339 -0.196415 
0.755957 1 0.903679 1 0.900516 -0.202227 
0.757531 1 0.903939 1 0.90071 -0.207902 
0.75906 1 0.904163 1 0.900912 -0.213445 
0.760552 1 0.90435 1 0.901117 -0.218856 
0.762013 1 0.90452 1 0.901326 -0.224139 
0.763445 1 0.904679 1 0.901536 -0.229296 
0.76485 1 0.904832 1 0.901746 -0.23433 
0.76623 1 0.90498 1 0.901956 -0.239244 
0.767587 1 0.905127 1 0.902164 -0.24404 
0.768946 1 0.905312 1 0.902332 -0.24872 
0.770306 1 0.905517 1 0.902506 -0.253286 
0.771661 1 0.90573 1 0.902693 -0.257743 
0.773007 1 0.905943 1 0.902892 -0.262091 
0.774341 1 0.906153 1 0.9031 -0.266333 
0.77566 1 0.906359 1 0.903312 -0.27047 
0.776965 1 0.906562 1 0.903527 -0.274506 
0.778258 1 0.906766 1 0.903745 -0.278442 
0.77954 1 0.906972 1 0.903966 -0.282281 
0.780813 1 0.907182 1 0.904189 -0.286025 
0.782078 1 0.907395 1 0.904416 -0.289675 
0.783336 1 0.907613 1 0.904645 -0.293235 
0.784586 1 0.907834 1 0.904878 -0.296706 
0.785829 1 0.908059 1 0.905115 -0.30009 
0.787066 1 0.908287 1 0.905353 -0.303387 
0.788295 1 0.908518 1 0.905596 -0.306603 
0.789519 1 0.908752 1 0.905842 -0.309736 
0.790737 1 0.90899 1 0.906089 -0.312789 
0.791949 1 0.90923 1 0.90634 -0.315763 
0.793157 1 0.909474 1 0.906594 -0.318661 
0.79436 1 0.909721 1 0.906851 -0.321483 
0.795559 1 0.909971 1 0.907111 -0.324234 
0.796755 1 0.910224 1 0.907373 -0.326913 
0.797947 1 0.91048 1 0.907638 -0.329521 
0.799136 1 0.910738 1 0.907905 -0.332059 
0.800323 1 0.910999 1 0.908175 -0.334531 
0.801507 1 0.911262 1 0.908448 -0.336937 
0.802689 1 0.911527 1 0.908723 -0.33928 
0.803953 1 0.911794 1 0.909045 -0.341559 
0.80525 1 0.912071 1 0.909395 -0.343777 
0.806563 1 0.91236 1 0.909753 -0.345935 
0.807873 1 0.91265 1 0.91011 -0.348034 
0.808286 1 0.912596 1 0.91013 -0.350073 
0.808628 1 0.912565 1 0.910101 -0.352058 
0.809 1 0.912554 1 0.910088 -0.353985 
0.809382 1 0.912562 1 0.910085 -0.355858 
0.809764 1 0.912567 1 0.910095 -0.357679 
0.810146 1 0.912568 1 0.910117 -0.359447 
0.810527 1 0.912569 1 0.910147 -0.361164 
0.810911 1 0.912573 1 0.910184 -0.36283 
0.8113 1 0.912584 1 0.910227 -0.364448 
0.811645 1 0.912593 1 0.91024 -0.366018 
0.811973 1 0.912602 1 0.91025 -0.367541 
0.812292 1 0.912614 1 0.910262 -0.369018 
0.812603 1 0.912627 1 0.910275 -0.37045 
0.812904 1 0.912641 1 0.910288 -0.371839 
0.813195 1 0.912654 1 0.910302 -0.373185 
0.813477 1 0.912668 1 0.910317 -0.37449 
0.813749 1 0.912682 1 0.910332 -0.375753 
0.814013 1 0.912698 1 0.910344 -0.376974 
0.814269 1 0.912714 1 0.910357 -0.378158 
0.814515 1 0.912732 1 0.91037 -0.379305 
0.814754 1 0.91275 1 0.910385 -0.380414 
0.814985 1 0.912768 1 0.910398 -0.381485 
0.815208 1 0.912786 1 0.910413 -0.382522 
0.815423 1 0.912805 1 0.910427 -0.383523 
0.815632 1 0.912823 1 0.910442 -0.384491 
0.815833 1 0.912842 1 0.910456 -0.385426 
0.816027 1 0.91286 1 0.910472 -0.38633 
0.816215 1 0.912878 1 0.910487 -0.387203 
0.816394 1 0.912891 1 0.910514 -0.388045 
0.816567 1 0.912899 1 0.910542 -0.388859 
0.816735 1 0.912905 1 0.91057 -0.389645 
0.816896 1 0.912912 1 0.910599 -0.390406 
0.817053 1 0.912918 1 0.910627 -0.39114 
0.817204 1 0.912923 1 0.910655 -0.391849 
0.81735 1 0.912928 1 0.910682 -0.392534 
0.817492 1 0.912933 1 0.910709 -0.393197 
0.817629 1 0.912939 1 0.910734 -0.393837 
0.817761 1 0.912944 1 0.910759 -0.394455 
0.817889 1 0.912948 1 0.910784 -0.395052 
0.818013 1 0.912953 1 0.910807 -0.39563 
0.818133 1 0.912957 1 0.91083 -0.396188 
0.818248 1 0.912961 1 0.910852 -0.396726 
0.818361 1 0.912965 1 0.910873 -0.397247 
0.81847 1 0.912969 1 0.910892 -0.397752 
0.818576 1 0.912972 1 0.910911 -0.398241 
0.818679 1 0.912975 1 0.91093 -0.398714 
0.818778 1 0.912978 1 0.910946 -0.399171 
0.818875 1 0.912981 1 0.910961 -0.399617 
0.818969 1 0.912984 1 0.910976 -0.400047 
0.819061 1 0.912986 1 0.91099 -0.400464 
0.81915 1 0.912988 1 0.911003 -0.400868 
0.819237 1 0.912989 1 0.911015 -0.401261 
0.819321 1 0.912991 1 0.911026 -0.401642 
0.819404 1 0.912992 1 0.911036 -0.402012 
0.819484 1 0.912993 1 0.911046 -0.402372 
0.819562 1 0.912994 1 0.911054 -0.402722 
0.819639 1 0.912994 1 0.911061 -0.403062 
0.819713 1 0.912995 1 0.911068 -0.403393 
0.819786 1 0.912995 1 0.911074 -0.403717 
0.819857 1 0.912995 1 0.911079 -0.404032 
0.819927 1 0.912994 1 0.911083 -0.404339 
0.819996 1 0.912994 1 0.911087 -0.404639 
0.820063 1 0.912993 1 0.911089 -0.404931 
0.820129 1 0.912992 1 0.911091 -0.405218 
0.820193 1 0.912992 1 0.911091 -0.405497 
0.820257 1 0.91299 1 0.911093 -0.40577 
0.820319 1 0.912989 1 0.911092 -0.406038 
0.820381 1 0.912987 1 0.911091 -0.406301 
0.820441 1 0.912986 1 0.91109 -0.406558 
0.8205 1 0.912984 1 0.911087 -0.406809 
0.820559 1 0.912982 1 0.911084 -0.407054 
0.820616 1 0.91298 1 0.911081 -0.407295 
0.820673 1 0.912978 1 0.911077 -0.407532 
0.820728 1 0.912975 1 0.911073 -0.407763 
0.820783 1 0.912973 1 0.911069 -0.407991 
0.820837 1 0.91297 1 0.911064 -0.408215 
0.82089 1 0.912967 1 0.911059 -0.408434 
0.820943 1 0.912964 1 0.911053 -0.408649 
0.820995 1 0.912961 1 0.911047 -0.408861 
0.821046 1 0.912958 1 0.91104 -0.409069 
0.821096 1 0.912955 1 0.911033 -0.409276 
0.821146 1 0.912953 1 0.911025 -0.40948 
0.821195 1 0.912949 1 0.911018 -0.409679 
0.821244 1 0.912946 1 0.91101 -0.409876 
0.821292 1 0.912942 1 0.911002 -0.410071 
0.82134 1 0.912939 1 0.910993 -0.410262 
0.821387 1 0.912935 1 0.910985 -0.41045 
0.821433 1 0.912931 1 0.910976 -0.410637 
0.821479 1 0.912928 1 0.910967 -0.410822 
0.821525 1 0.912924 1 0.910958 -0.411003 
0.82157 1 0.91292 1 0.910947 -0.411184 
0.821614 1 0.912916 1 0.910938 -0.411361 
0.821659 1 0.912912 1 0.910928 -0.411535 
0.82165 1 0.912884 1 0.910921 -0.41171 
0.821659 1 0.912862 1 0.910892 -0.411881 
0.821694 1 0.912863 1 0.910847 -0.412049 
0.821775 1 0.912885 1 0.910838 -0.412216 
0.82184 1 0.912888 1 0.910848 -0.41238 
0.821933 1 0.912898 1 0.910862 -0.412543 
0.821969 1 0.912883 1 0.910866 -0.412703 
0.822004 1 0.91287 1 0.910855 -0.412861 
0.822043 1 0.912865 1 0.910838 -0.413018 
0.822084 1 0.912862 1 0.910824 -0.413173 
0.822123 1 0.912858 1 0.910813 -0.413329 
0.822162 1 0.912853 1 0.910803 -0.413481 
0.8222 1 0.912848 1 0.910795 -0.41363 
0.822239 1 0.912843 1 0.910785 -0.413778 
0.822278 1 0.912838 1 0.910777 -0.413927 
0.822316 1 0.912833 1 0.910767 -0.414073 
0.822354 1 0.912828 1 0.910756 -0.414219 
0.822391 1 0.912824 1 0.910746 -0.414363 
0.822427 1 0.912819 1 0.910735 -0.414503 
0.822464 1 0.912815 1 0.910725 -0.414644 
0.8225 1 0.912811 1 0.910713 -0.414782 
0.822535 1 0.912807 1 0.910704 -0.414919 
0.82257 1 0.912803 1 0.910694 -0.415055 
0.822605 1 0.912798 1 0.910684 -0.41519 
0.82264 1 0.912794 1 0.910673 -0.415325 
0.822675 1 0.91279 1 0.910661 -0.415456 
0.822709 1 0.912786 1 0.910652 -0.415585 
0.822748 1 0.912779 1 0.910654 -0.415714 
0.822783 1 0.91277 1 0.91065 -0.415843 
0.822817 1 0.912764 1 0.910644 -0.415971 
0.822851 1 0.912756 1 0.910639 -0.416097 
0.822884 1 0.912748 1 0.910634 -0.416221 
0.822919 1 0.91274 1 0.910629 -0.416344 
0.822952 1 0.912733 1 0.910623 -0.416465 
0.822984 1 0.912727 1 0.910617 -0.416585 
0.823015 1 0.91272 1 0.910611 -0.416704 
0.823046 1 0.912713 1 0.910603 -0.416823 
0.823077 1 0.912708 1 0.910594 -0.41694 
0.823107 1 0.912702 1 0.910587 -0.417058 
0.823136 1 0.912697 1 0.91058 -0.417171 
0.823166 1 0.912691 1 0.910575 -0.417284 
0.823195 1 0.912685 1 0.910567 -0.417397 
0.823224 1 0.91268 1 0.91056 -0.417508 
0.823252 1 0.912675 1 0.910554 -0.417618 
0.823281 1 0.912669 1 0.910548 -0.417727 
0.823309 1 0.912664 1 0.910541 -0.417835 
0.823336 1 0.91266 1 0.910533 -0.417941 
0.823362 1 0.912656 1 0.910526 -0.418048 
0.823389 1 0.912652 1 0.910521 -0.418153 
0.823415 1 0.912648 1 0.910513 -0.418258 
0.823442 1 0.912644 1 0.910506 -0.418361 
0.823467 1 0.912641 1 0.910499 -0.418463 
0.823493 1 0.912637 1 0.910492 -0.418564 
0.823518 1 0.912634 1 0.910486 -0.418664 
0.823544 1 0.91263 1 0.91048 -0.418764 
0.823569 1 0.912626 1 0.910474 -0.418863 
0.823593 1 0.912622 1 0.910468 -0.41896 
0.823618 1 0.912618 1 0.910461 -0.419056 
0.823642 1 0.912615 1 0.910455 -0.419153 
0.823666 1 0.912611 1 0.91045 -0.419247 
0.82369 1 0.912607 1 0.910444 -0.41934 
0.823713 1 0.912604 1 0.910438 -0.419432 
0.823736 1 0.9126 1 0.910432 -0.419526 
0.82376 1 0.912597 1 0.910426 -0.419617 
0.823783 1 0.912593 1 0.910421 -0.419707 
0.823806 1 0.91259 1 0.910416 -0.419795 
0.823828 1 0.912586 1 0.91041 -0.419884 
0.823851 1 0.912583 1 0.910405 -0.41997 
0.823873 1 0.912579 1 0.9104 -0.420056 
0.823895 1 0.912576 1 0.910394 -0.42014 
0.823916 1 0.912573 1 0.910389 -0.420223 
0.823938 1 0.912569 1 0.910384 -0.420307 
0.823959 1 0.912566 1 0.910379 -0.420389 
0.823979 1 0.912563 1 0.910373 -0.42047 
0.824 1 0.91256 1 0.910369 -0.42055 
0.82402 1 0.912557 1 0.910364 -0.420629 
0.824041 1 0.912553 1 0.91036 -0.420708 
0.82406 1 0.91255 1 0.910356 -0.420786 
0.82408 1 0.912547 1 0.910351 -0.420863 
0.8241 1 0.912544 1 0.910346 -0.420938 
0.824119 1 0.912541 1 0.910341 -0.421013 
0.824138 1 0.912538 1 0.910337 -0.421086 
0.824157 1 0.912535 1 0.910332 -0.421158 
0.824176 1 0.912532 1 0.910328 -0.421231 
0.824194 1 0.91253 1 0.910324 -0.421305 
0.824212 1 0.912527 1 0.91032 -0.421375 
0.824231 1 0.912524 1 0.910315 -0.421446 
0.824248 1 0.912521 1 0.910311 -0.421515 
0.824266 1 0.912518 1 0.910306 -0.421583 
0.824284 1 0.912516 1 0.910303 -0.421649 
0.824301 1 0.912513 1 0.9103 -0.421717 
0.824318 1 0.91251 1 0.910296 -0.421783 
0.824335 1 0.912507 1 0.910292 -0.421849 
0.824351 1 0.912505 1 0.910288 -0.421913 
0.824368 1 0.912502 1 0.910284 -0.421977 
0.824384 1 0.9125 1 0.91028 -0.42204 
0.8244 1 0.912497 1 0.910277 -0.422101 
0.824416 1 0.912495 1 0.910274 -0.422162 
0.824432 1 0.912492 1 0.91027 -0.422223 
0.824447 1 0.91249 1 0.910267 -0.422283 
0.824463 1 0.912487 1 0.910263 -0.422342 
0.824478 1 0.912485 1 0.91026 -0.422399 
0.824493 1 0.912483 1 0.910256 -0.422459 
0.824508 1 0.91248 1 0.910254 -0.422517 
0.824524 1 0.912478 1 0.91025 -0.422573 
0.824538 1 0.912476 1 0.910247 -0.422629 
0.824553 1 0.912473 1 0.910244 -0.422684 
0.824567 1 0.912471 1 0.910241 -0.42274 
0.824581 1 0.912468 1 0.910238 -0.422796 
0.824595 1 0.912466 1 0.910235 -0.422848 
0.824609 1 0.912464 1 0.910232 -0.422902 
0.824622 1 0.912462 1 0.91023 -0.422954 
0.824636 1 0.91246 1 0.910228 -0.423005 
0.824649 1 0.912457 1 0.910224 -0.423057 
0.824663 1 0.912455 1 0.910221 -0.423107 
0.824676 1 0.912453 1 0.910219 -0.423157 
0.824688 1 0.912451 1 0.910217 -0.423205 
0.824701 1 0.912449 1 0.910213 -0.423254 
0.824714 1 0.912447 1 0.91021 -0.423301 
0.824726 1 0.912445 1 0.910208 -0.423349 
0.824739 1 0.912443 1 0.910205 -0.423396 
0.824751 1 0.912441 1 0.910203 -0.423442 
0.824763 1 0.912439 1 0.910201 -0.423488 
0.824775 1 0.912437 1 0.910199 -0.423533 
0.824787 1 0.912435 1 0.910196 -0.423579 
0.824799 1 0.912433 1 0.910194 -0.423623 
0.824811 1 0.912431 1 0.910191 -0.423666 
0.824822 1 0.912429 1 0.91019 -0.423707 
0.824833 1 0.912427 1 0.910187 -0.423751 
0.824844 1 0.912426 1 0.910184 -0.423792 
0.824855 1 0.912424 1 0.910183 -0.423833 
0.824866 1 0.912422 1 0.910181 -0.423873 
0.824876 1 0.91242 1 0.910179 -0.423914 
0.824887 1 0.912418 1 0.910176 -0.423953 
0.824898 1 0.912417 1 0.910175 -0.423993 
0.824908 1 0.912415 1 0.910173 -0.424033 
0.824919 1 0.912413 1 0.91017 -0.424071 
0.824929 1 0.912412 1 0.910168 -0.424108 
0.824939 1 0.91241 1 0.910167 -0.424147 
0.824949 1 0.912408 1 0.910165 -0.424185 
0.824959 1 0.912406 1 0.910163 -0.424222 
0.824969 1 0.912405 1 0.910161 -0.424259 
0.824979 1 0.912403 1 0.91016 -0.424296 
0.824989 1 0.912401 1 0.910158 -0.42433 
0.824998 1 0.9124 1 0.910156 -0.424363 
0.825007 1 0.912398 1 0.910155 -0.424397 
0.825016 1 0.912396 1 0.910153 -0.424432 
0.825025 1 0.912395 1 0.910152 -0.424465 
0.825034 1 0.912393 1 0.91015 -0.424498 
0.825043 1 0.912392 1 0.910148 -0.424531 
0.825051 1 0.91239 1 0.910147 -0.424563 
0.82506 1 0.912389 1 0.910145 -0.424595 
0.825069 1 0.912387 1 0.910143 -0.424627 
0.825078 1 0.912386 1 0.910142 -0.424659 
0.825086 1 0.912384 1 0.91014 -0.42469 
0.825095 1 0.912383 1 0.910139 -0.424721 
0.825103 1 0.912381 1 0.910138 -0.424752 
0.825111 1 0.91238 1 0.910138 -0.424782 
0.825118 1 0.912378 1 0.910136 -0.424811 
0.825126 1 0.912377 1 0.910135 -0.42484 
0.825134 1 0.912375 1 0.910133 -0.424868 
0.825142 1 0.912374 1 0.910131 -0.424896 
0.82515 1 0.912373 1 0.91013 -0.424923 
0.825157 1 0.912371 1 0.91013 -0.424951 
0.825165 1 0.912369 1 0.910128 -0.424978 
0.825172 1 0.912368 1 0.910126 -0.425005 
0.825179 1 0.912367 1 0.910126 -0.425032 
0.825187 1 0.912365 1 0.910124 -0.425059 
0.825194 1 0.912364 1 0.910123 -0.425084 
0.825201 1 0.912363 1 0.910122 -0.42511 
0.825208 1 0.912361 1 0.910121 -0.425136 
0.825215 1 0.91236 1 0.91012 -0.425161 
0.825222 1 0.912358 1 0.910119 -0.425185 
0.825229 1 0.912357 1 0.910118 -0.42521 
0.825236 1 0.912356 1 0.910117 -0.425234 
0.825242 1 0.912355 1 0.910116 -0.425257 
0.825249 1 0.912353 1 0.910115 -0.42528 
0.825255 1 0.912352 1 0.910113 -0.425301 
0.825261 1 0.912351 1 0.910114 -0.425324 
0.825267 1 0.91235 1 0.910112 -0.425346 
0.825274 1 0.912348 1 0.910111 -0.425367 
0.82528 1 0.912347 1 0.910111 -0.42539 
0.825286 1 0.912346 1 0.91011 -0.425411 
0.825292 1 0.912344 1 0.910109 -0.42543 
0.825298 1 0.912343 1 0.910108 -0.425453 
0.825303 1 0.912342 1 0.910106 -0.425474 
0.825309 1 0.912341 1 0.910106 -0.425496 
0.825315 1 0.91234 1 0.910106 -0.425516 
0.825321 1 0.912338 1 0.910105 -0.425536 
0.825327 1 0.912337 1 0.910103 -0.425554 
0.825332 1 0.912336 1 0.910102 -0.425572 
0.825338 1 0.912335 1 0.910102 -0.425593 
0.825343 1 0.912334 1 0.910101 -0.425614 
0.825349 1 0.912332 1 0.9101 -0.425633 
0.825355 1 0.912331 1 0.910099 -0.425653 
0.82536 1 0.91233 1 0.910098 -0.425669 
0.825366 1 0.912329 1 0.910098 -0.425687 
0.825371 1 0.912328 1 0.910097 -0.425704 
0.825376 1 0.912327 1 0.910097 -0.425722 
0.825382 1 0.912325 1 0.910096 -0.425741 
0.825387 1 0.912324 1 0.910095 -0.425757 
0.825392 1 0.912323 1 0.910095 -0.425773 
0.825397 1 0.912322 1 0.910094 -0.425789 
0.825401 1 0.912321 1 0.910094 -0.425806 
0.825406 1 0.91232 1 0.910094 -0.425823 
0.825411 1 0.912318 1 0.910093 -0.425839 
0.825416 1 0.912317 1 0.910092 -0.425855 
0.82542 1 0.912316 1 0.910091 -0.42587 
0.825425 1 0.912316 1 0.91009 -0.425886 
0.82543 1 0.912314 1 0.91009 -0.4259 
0.825434 1 0.912313 1 0.910089 -0.425914 
0.825439 1 0.912312 1 0.910088 -0.425927 
0.825443 1 0.912311 1 0.910087 -0.425941 
0.825447 1 0.91231 1 0.910087 -0.425954 
0.825452 1 0.912309 1 0.910086 -0.425969 
0.825456 1 0.912308 1 0.910086 -0.425982 
0.825461 1 0.912307 1 0.910085 -0.425997 
0.825465 1 0.912306 1 0.910085 -0.426011 
0.825469 1 0.912305 1 0.910085 -0.426023 
0.825473 1 0.912304 1 0.910084 -0.426034 
0.825477 1 0.912303 1 0.910084 -0.426046 
0.825481 1 0.912302 1 0.910084 -0.426061 
0.825485 1 0.912301 1 0.910084 -0.426074 
0.825489 1 0.9123 1 0.910082 -0.426087 
0.825494 1 0.912299 1 0.910082 -0.426099 
0.825497 1 0.912298 1 0.910082 -0.426111 
0.825501 1 0.912297 1 0.910082 -0.426125 
0.825505 1 0.912295 1 0.910082 -0.426136 
0.825509 1 0.912294 1 0.91008 -0.426146 
0.825512 1 0.912294 1 0.91008 -0.426157 
0.825516 1 0.912292 1 0.91008 -0.42617 
0.82552 1 0.912292 1 0.910079 -0.426182 
0.825523 1 0.912291 1 0.910078 -0.426194 
0.825527 1 0.91229 1 0.910078 -0.426206 
0.825531 1 0.912289 1 0.910078 -0.426218 
0.825534 1 0.912287 1 0.910078 -0.426229 
0.825537 1 0.912287 1 0.910078 -0.426241 
0.825541 1 0.912286 1 0.910077 -0.426253 
0.825545 1 0.912285 1 0.910077 -0.426262 
0.825548 1 0.912284 1 0.910077 -0.426272 
0.825552 1 0.912283 1 0.910076 -0.426283 
0.825556 1 0.912282 1 0.910075 -0.426292 
0.825559 1 0.912281 1 0.910076 -0.426302 
0.825563 1 0.912279 1 0.910076 -0.42631 
0.825566 1 0.912278 1 0.910075 -0.426319 
0.825569 1 0.912277 1 0.910075 -0.426328 
0.825572 1 0.912277 1 0.910074 -0.426338 
0.825575 1 0.912276 1 0.910073 -0.426346 
0.825579 1 0.912275 1 0.910073 -0.426353 
0.825582 1 0.912274 1 0.910072 -0.426363 
0.825585 1 0.912273 1 0.910072 -0.426372 
0.825588 1 0.912272 1 0.910072 -0.42638 
0.825591 1 0.912271 1 0.910072 -0.426389 
0.825594 1 0.91227 1 0.910072 -0.426396 
0.825597 1 0.912269 1 0.910072 -0.426403 
0.8256 1 0.912268 1 0.910072 -0.42641 
0.825603 1 0.912267 1 0.910072 -0.426418 
0.825605 1 0.912266 1 0.910071 -0.426426 
0.825608 1 0.912265 1 0.910071 -0.426434 
0.825611 1 0.912264 1 0.91007 -0.426442 
0.825614 1 0.912263 1 0.91007 -0.426451 
0.825616 1 0.912262 1 0.91007 -0.426459 
0.825619 1 0.912261 1 0.91007 -0.426467 
0.825622 1 0.91226 1 0.910069 -0.426475 
0.825625 1 0.912259 1 0.910068 -0.426483 
0.825627 1 0.912259 1 0.910069 -0.42649 
0.82563 1 0.912258 1 0.910069 -0.426499 
0.825633 1 0.912257 1 0.910067 -0.426506 
0.825636 1 0.912256 1 0.910068 -0.426514 
0.825639 1 0.912255 1 0.910067 -0.426521 
0.825641 1 0.912254 1 0.910067 -0.426527 
0.825643 1 0.912253 1 0.910067 -0.426532 
0.825646 1 0.912253 1 0.910067 -0.426539 
0.825649 1 0.912251 1 0.910067 -0.426546 
0.825651 1 0.91225 1 0.910068 -0.426551 
0.825653 1 0.91225 1 0.910066 -0.426557 
0.825656 1 0.912249 1 0.910066 -0.426564 
0.825659 1 0.912248 1 0.910066 -0.42657 
0.825661 1 0.912247 1 0.910067 -0.426578 
0.825664 1 0.912246 1 0.910065 -0.426585 
0.825666 1 0.912245 1 0.910065 -0.426592 
0.825668 1 0.912244 1 0.910065 -0.426596 
0.825671 1 0.912243 1 0.910065 -0.426603 
0.825673 1 0.912243 1 0.910065 -0.42661 
0.825675 1 0.912242 1 0.910064 -0.426617 
0.825678 1 0.912241 1 0.910064 -0.426622 
0.82568 1 0.91224 1 0.910065 -0.426627 
0.825682 1 0.912239 1 0.910064 -0.426632 
0.825684 1 0.912238 1 0.910065 -0.426638 
0.825686 1 0.912237 1 0.910064 -0.426644 
0.825688 1 0.912236 1 0.910064 -0.42665 
0.825691 1 0.912235 1 0.910064 -0.426654 
0.825693 1 0.912235 1 0.910064 -0.426657 
0.825695 1 0.912234 1 0.910064 -0.426662 
0.825697 1 0.912233 1 0.910062 -0.426668 
0.825699 1 0.912232 1 0.910062 -0.426673 
0.825701 1 0.912231 1 0.910063 -0.426676 
0.825703 1 0.912231 1 0.910062 -0.426681 
0.825705 1 0.91223 1 0.910062 -0.426686 
0.825707 1 0.912229 1 0.910063 -0.42669 
0.825709 1 0.912228 1 0.910062 -0.426694 
0.825711 1 0.912227 1 0.910062 -0.4267 
0.825714 1 0.912226 1 0.910062 -0.426706 
0.825716 1 0.912225 1 0.910061 -0.42671 
0.825718 1 0.912224 1 0.910062 -0.426714 
0.82572 1 0.912223 1 0.910061 -0.426719 
0.825722 1 0.912223 1 0.910061 -0.426724 
0.825724 1 0.912222 1 0.910061 -0.426729 
0.825726 1 0.912221 1 0.910062 -0.426733 
0.825728 1 0.91222 1 0.910061 -0.426736 
0.82573 1 0.912219 1 0.910061 -0.426741 
0.825732 1 0.912218 1 0.910061 -0.426743 
0.825734 1 0.912217 1 0.910061 -0.426746 
0.825735 1 0.912216 1 0.910061 -0.42675 
0.825737 1 0.912216 1 0.91006 -0.426754 
0.825739 1 0.912215 1 0.91006 -0.42676 
0.825742 1 0.912214 1 0.91006 -0.426765 
0.825744 1 0.912213 1 0.910059 -0.42677 
0.825746 1 0.912212 1 0.910059 -0.426772 
0.825748 1 0.912211 1 0.910059 -0.426774 
0.825749 1 0.912211 1 0.91006 -0.426778 
0.825751 1 0.91221 1 0.910059 -0.426781 
0.825753 1 0.912209 1 0.910059 -0.426784 
0.825754 1 0.912208 1 0.91006 -0.426789 
0.825756 1 0.912207 1 0.910059 -0.426793 
0.825758 1 0.912206 1 0.910058 -0.426796 
0.82576 1 0.912205 1 0.910059 -0.426801 
0.825762 1 0.912205 1 0.910058 -0.426804 
0.825763 1 0.912204 1 0.910058 -0.426808 
0.825765 1 0.912203 1 0.910058 -0.426813 
0.825767 1 0.912202 1 0.910058 -0.426816 
0.825769 1 0.912201 1 0.910058 -0.426817 
0.825771 1 0.9122 1 0.910058 -0.426822 
0.825773 1 0.9122 1 0.910058 -0.426824 
0.825774 1 0.912199 1 0.910057 -0.42683 
0.825777 1 0.912198 1 0.910057 -0.426833 
0.825778 1 0.912197 1 0.910057 -0.426836 
0.82578 1 0.912196 1 0.910057 -0.426839 
0.825781 1 0.912195 1 0.910057 -0.42684 
0.825783 1 0.912194 1 0.910058 -0.426843 
0.825785 1 0.912193 1 0.910058 -0.426846 
0.825786 1 0.912193 1 0.910057 -0.426848 
0.825788 1 0.912192 1 0.910057 -0.426852 
0.825789 1 0.912191 1 0.910057 -0.426854 
0.825791 1 0.91219 1 0.910057 -0.426856 
0.825792 1 0.912189 1 0.910057 -0.426857 
0.825794 1 0.912189 1 0.910056 -0.426859 
0.825795 1 0.912188 1 0.910058 -0.426862 
0.825797 1 0.912187 1 0.910056 -0.426864 
0.825798 1 0.912186 1 0.910057 -0.426868 
0.8258 1 0.912185 1 0.910056 -0.426872 
0.825802 1 0.912185 1 0.910056 -0.426875 
0.825803 1 0.912184 1 0.910056 -0.426877 
0.825805 1 0.912183 1 0.910056 -0.426878 
0.825806 1 0.912182 1 0.910057 -0.42688 
0.825808 1 0.912181 1 0.910055 -0.426882 
0.825809 1 0.91218 1 0.910056 -0.426885 
0.825811 1 0.91218 1 0.910056 -0.426889 
0.825812 1 0.912179 1 0.910056 -0.426893 
0.825814 1 0.912178 1 0.910056 -0.426894 
0.825815 1 0.912177 1 0.910055 -0.426896 
0.825817 1 0.912176 1 0.910055 -0.426898 
0.825818 1 0.912175 1 0.910055 -0.4269 
0.82582 1 0.912174 1 0.910056 -0.426902 
0.825821 1 0.912174 1 0.910055 -0.426905 
0.825823 1 0.912173 1 0.910055 -0.426907 
0.825824 1 0.912172 1 0.910055 -0.426909 
0.825826 1 0.912171 1 0.910055 -0.42691 
0.825827 1 0.91217 1 0.910055 -0.426911 
0.825829 1 0.912169 1 0.910054 -0.426913 
0.82583 1 0.912169 1 0.910053 -0.426917 
0.825831 1 0.912168 1 0.910054 -0.426918 
0.825833 1 0.912167 1 0.910054 -0.426919 
0.825835 1 0.912166 1 0.910054 -0.426921 
0.825836 1 0.912165 1 0.910054 -0.426923 
0.825837 1 0.912164 1 0.910053 -0.426924 
0.825838 1 0.912163 1 0.910053 -0.426925 
0.825839 1 0.912163 1 0.910053 -0.426927 
0.825841 1 0.912162 1 0.910053 -0.426929 
0.825842 1 0.912161 1 0.910053 -0.426929 
0.825843 1 0.91216 1 0.910053 -0.426932 
0.825845 1 0.912159 1 0.910053 -0.426935 
0.825846 1 0.912159 1 0.910053 -0.426936 
0.825847 1 0.912158 1 0.910053 -0.426939 
0.825848 1 0.912157 1 0.910053 -0.426941 
