0.253396 0 0.37741 0 0.377409 0.500001 
0.253188 0 0.380397 0 0.380153 0.498968 
0.253122 0 0.383528 0 0.383023 0.497183 
0.252988 0 0.386738 0 0.385637 0.494138 
0.252836 0 0.389979 0 0.388136 0.489177 
0.252699 0 0.39322 0 0.390583 0.481664 
0.252603 0 0.396404 0 0.393035 0.471247 
0.252511 0 0.399503 0 0.395409 0.45804 
0.252423 0 0.402495 0 0.397684 0.442542 
0.252333 0 0.405352 0 0.399834 0.425413 
0.252242 0 0.408056 0 0.401841 0.407263 
0.252158 0 0.4106 0 0.403695 0.388565 
0.252079 0 0.412974 0 0.405386 0.36965 
0.252001 0 0.415165 0 0.406902 0.350738 
0.251923 0 0.417168 0 0.408241 0.331971 
0.251431 0 0.418267 0 0.409301 0.31344 
0.250946 0 0.419204 0 0.410195 0.295202 
0.250617 0 0.420325 0 0.410862 0.277295 
0.250359 0 0.421425 0 0.411332 0.259739 
0.250144 0 0.422424 0 0.411633 0.242548 
0.249936 0 0.423253 0 0.41177 0.225728 
0.249727 0 0.423909 0 0.411747 0.209282 
0.249519 0 0.424399 0 0.411571 0.193209 
0.249318 0 0.424741 0 0.411253 0.177507 
0.249113 0 0.424931 0 0.410782 0.162172 
0.248893 0 0.424963 0 0.410158 0.147199 
0.248657 0 0.424844 0 0.40939 0.132583 
0.248411 0 0.424588 0 0.408491 0.118317 
0.248154 0 0.424201 0 0.407468 0.104395 
0.247879 0 0.423682 0 0.406325 0.0908109 
0.247588 0 0.423039 0 0.40507 0.0775572 
0.247762 0 0.422582 0 0.404392 0.0646271 
0.248193 0 0.422225 0 0.403957 0.0520138 
0.24875 0 0.421879 0 0.403602 0.0397102 
0.249209 0 0.421435 0 0.403046 0.0277094 
0.249539 0 0.420813 0 0.402333 0.0160046 
0.249773 0 0.420045 0 0.401476 0.00458891 
0.249931 0 0.419155 0 0.400492 -0.00654419 
0.250034 0 0.418174 0 0.399407 -0.0174014 
0.250104 0 0.41713 0 0.398249 -0.0279893 
0.25015 0 0.416034 0 0.397032 -0.0383143 
0.250172 0 0.41489 0 0.395764 -0.0483824 
0.250175 0 0.413705 0 0.394452 -0.0582001 
0.250167 0 0.412492 0 0.393105 -0.0677733 
0.250148 0 0.411254 0 0.391726 -0.0771077 
0.250113 0 0.409988 0 0.390316 -0.0862094 
0.250064 0 0.4087 0 0.38888 -0.0950837 
0.250007 0 0.407398 0 0.387423 -0.103736 
0.249941 0 0.406086 0 0.385949 -0.112172 
0.249861 0 0.404758 0 0.384456 -0.120397 
0.250057 0 0.403761 0 0.383209 -0.128415 
0.250437 0 0.403002 0 0.382163 -0.136232 
0.250917 0 0.402358 0 0.381231 -0.143853 
0.251434 0 0.401757 0 0.380347 -0.151281 
0.251963 0 0.401178 0 0.379485 -0.158522 
0.252498 0 0.400627 0 0.378638 -0.16558 
0.253034 0 0.400104 0 0.377802 -0.172458 
0.253564 0 0.399602 0 0.376972 -0.179161 
0.254086 0 0.399122 0 0.376147 -0.185693 
0.254607 0 0.398672 0 0.375332 -0.192057 
0.255125 0 0.39825 0 0.374524 -0.198255 
0.255416 0 0.397316 0 0.373487 -0.204292 
0.255657 0 0.396205 0 0.37237 -0.21017 
0.255897 0 0.395105 0 0.371289 -0.215892 
0.25624 0 0.394126 0 0.37033 -0.221459 
0.256647 0 0.393243 0 0.369454 -0.226874 
0.257097 0 0.392441 0 0.368642 -0.232137 
0.257582 0 0.391715 0 0.367883 -0.237249 
0.258089 0 0.391057 0 0.367167 -0.242211 
0.258605 0 0.390456 0 0.366486 -0.247021 
0.259127 0 0.389911 0 0.365838 -0.251679 
0.259659 0 0.389429 0 0.365225 -0.256182 
0.260198 0 0.389008 0 0.364646 -0.260527 
0.260736 0 0.388642 0 0.364098 -0.264709 
0.261274 0 0.388335 0 0.363584 -0.268724 
0.261818 0 0.388094 0 0.363109 -0.272563 
0.262366 0 0.387921 0 0.362674 -0.276218 
0.262912 0 0.387812 0 0.362278 -0.279679 
0.263457 0 0.38777 0 0.361926 -0.282934 
0.264009 0 0.387807 0 0.361625 -0.285968 
0.264564 0 0.387924 0 0.361377 -0.288766 
0.264967 0 0.387788 0 0.36107 -0.291311 
0.265265 0 0.387504 0 0.360748 -0.293584 
0.265509 0 0.387192 0 0.360465 -0.295564 
0.265729 0 0.386928 0 0.360249 -0.29723 
0.265991 0 0.386786 0 0.360152 -0.298562 
0.266284 0 0.386774 0 0.360165 -0.299538 
0.266606 0 0.386898 0 0.360288 -0.300139 
0.26695 0 0.387155 0 0.360518 -0.300345 
0.267305 0 0.387537 0 0.360851 -0.300139 
0.267474 0 0.387728 0 0.361093 -0.299508 
0.267563 0 0.387918 0 0.361342 -0.298438 
0.267624 0 0.388199 0 0.361663 -0.296921 
0.267719 0 0.388632 0 0.362105 -0.294948 
0.267834 0 0.389205 0 0.362667 -0.292514 
0.267966 0 0.38991 0 0.363349 -0.289612 
0.268106 0 0.390738 0 0.364148 -0.286238 
0.268245 0 0.391677 0 0.36506 -0.282383 
0.268382 0 0.392729 0 0.366088 -0.278041 
0.268522 0 0.393906 0 0.367241 -0.273201 
0.268665 0 0.395211 0 0.36852 -0.267854 
0.268803 0 0.396641 0 0.369926 -0.261988 
0.268939 0 0.3982 0 0.371464 -0.255593 
0.269079 0 0.3999 0 0.373141 -0.248663 
0.269221 0 0.401741 0 0.374958 -0.241196 
0.269359 0 0.403717 0 0.37691 -0.233194 
0.269495 0 0.405827 0 0.379 -0.224668 
0.269636 0 0.408076 0 0.381227 -0.215637 
0.26978 0 0.410456 0 0.383587 -0.206125 
0.269922 0 0.412955 0 0.386067 -0.196166 
0.270062 0 0.415564 0 0.388661 -0.185797 
0.270208 0 0.41828 0 0.391364 -0.175061 
0.270358 0 0.42109 0 0.394162 -0.164005 
0.270508 0 0.423973 0 0.39704 -0.152674 
0.270657 0 0.426917 0 0.399987 -0.141117 
0.270814 0 0.429917 0 0.402995 -0.12938 
0.270978 0 0.432956 0 0.40605 -0.117507 
0.271144 0 0.436016 0 0.409137 -0.105542 
0.271313 0 0.439083 0 0.412245 -0.0935227 
0.271493 0 0.442153 0 0.415368 -0.0814858 
0.271684 0 0.445212 0 0.418494 -0.0694643 
0.271882 0 0.448243 0 0.421612 -0.057488 
0.27209 0 0.451237 0 0.424714 -0.0455829 
0.272316 0 0.45419 0 0.427798 -0.0337727 
0.27256 0 0.457095 0 0.430856 -0.0220772 
0.27282 0 0.459936 0 0.433881 -0.0105145 
0.273097 0 0.462711 0 0.43687 0.000900778 
0.2734 0 0.465421 0 0.439825 0.012156 
0.273729 0 0.468065 0 0.442743 0.0232402 
0.274077 0 0.470634 0 0.445619 0.034144 
0.274446 0 0.47313 0 0.448456 0.0448595 
0.27484 0 0.475562 0 0.451256 0.0553795 
0.275257 0 0.47793 0 0.454018 0.0656975 
0.275687 0 0.480228 0 0.456738 0.0758079 
0.276128 0 0.48246 0 0.459415 0.0857059 
0.276586 0 0.484633 0 0.462053 0.0953871 
0.277054 0 0.486745 0 0.464649 0.104848 
0.277526 0 0.48879 0 0.467197 0.114084 
0.277999 0 0.490768 0 0.469697 0.123095 
0.278478 0 0.492686 0 0.472153 0.131875 
0.279128 0 0.494849 0 0.474932 0.140425 
0.2799 0 0.497118 0 0.477819 0.14874 
0.280718 0 0.499335 0 0.480674 0.156818 
0.281545 0 0.501454 0 0.483463 0.164657 
0.282374 0 0.503506 0 0.486193 0.172252 
0.2832 0 0.505486 0 0.48886 0.179601 
0.284024 0 0.507392 0 0.491467 0.186697 
0.284852 0 0.509235 0 0.494018 0.193535 
0.285683 0 0.511012 0 0.496512 0.200106 
0.286511 0 0.512716 0 0.498945 0.206404 
0.287337 0 0.514347 0 0.501317 0.212415 
0.288167 0 0.515912 0 0.503634 0.218129 
0.288845 0 0.517284 0 0.505855 0.223531 
0.28952 0 0.518575 0 0.508012 0.228603 
0.290192 0 0.519785 0 0.510103 0.233327 
0.290868 0 0.52092 0 0.512133 0.23768 
0.291548 0 0.521977 0 0.514098 0.24164 
0.29235 0 0.523022 0 0.516067 0.24518 
0.293138 0 0.524053 0 0.518001 0.248273 
0.293902 0 0.524975 0 0.519826 0.250891 
0.294631 0 0.525754 0 0.521526 0.253006 
0.295473 0 0.526487 0 0.523253 0.254591 
0.296125 0 0.526987 0 0.524783 0.255624 
0.29693 0 0.527515 0 0.526357 0.256086 
0.297577 0 0.527837 0 0.527747 0.255967 
0.29834 0 0.528095 0 0.529125 0.255266 
0.299069 0 0.528303 0 0.530355 0.253992 
0.2998 0 0.528455 0 0.531492 0.252168 
0.300547 0 0.528558 0 0.532556 0.249831 
0.301318 0 0.528625 0 0.533563 0.247033 
0.302128 0 0.528684 0 0.534532 0.243839 
0.302997 0 0.528772 0 0.53549 0.240324 
0.303933 0 0.528911 0 0.536452 0.236572 
0.304936 0 0.529116 0 0.537433 0.232667 
0.306011 0 0.529403 0 0.538446 0.228686 
0.307162 0 0.529787 0 0.539507 0.224694 
0.30838 0 0.530267 0 0.540619 0.22074 
0.309474 0 0.530838 0 0.541038 0.216852 
0.310497 0 0.531444 0 0.5411 0.213037 
0.31152 0 0.5318 0 0.541342 0.209289 
0.312565 0 0.532108 0 0.541722 0.20559 
0.313628 0 0.532413 0 0.542163 0.201913 
0.3147 0 0.53272 0 0.542626 0.198232 
0.31578 0 0.533028 0 0.543101 0.194516 
0.316862 0 0.533329 0 0.543582 0.190738 
0.317935 0 0.533606 0 0.544057 0.186872 
0.319042 0 0.533923 0 0.544468 0.182897 
0.320162 0 0.534242 0 0.544835 0.178794 
0.321282 0 0.534543 0 0.54516 0.174549 
0.32239 0 0.534809 0 0.545438 0.170152 
0.323483 0 0.535033 0 0.545666 0.165595 
0.324566 0 0.535217 0 0.545845 0.160877 
0.325636 0 0.535356 0 0.54597 0.155998 
0.326684 0 0.535439 0 0.546031 0.15096 
0.327712 0 0.535466 0 0.54603 0.145769 
0.328727 0 0.535446 0 0.54597 0.140434 
0.329726 0 0.535376 0 0.545851 0.134963 
0.330705 0 0.535251 0 0.545669 0.129368 
0.331665 0 0.535072 0 0.545428 0.123661 
0.332612 0 0.534849 0 0.545133 0.117852 
0.333547 0 0.534582 0 0.544785 0.111955 
0.334462 0 0.534265 0 0.544381 0.105981 
0.33536 0 0.5339 0 0.543924 0.0999404 
0.336247 0 0.533498 0 0.543423 0.0938447 
0.337124 0 0.533059 0 0.542875 0.0877021 
0.337983 0 0.532577 0 0.54228 0.0815205 
0.338827 0 0.532053 0 0.541639 0.0753055 
0.339663 0 0.531498 0 0.540959 0.0690614 
0.340494 0 0.530915 0 0.540241 0.0627906 
0.341309 0 0.53029 0 0.53948 0.0564935 
0.342125 0 0.529641 0 0.538683 0.0501689 
0.342931 0 0.528956 0 0.53785 0.043814 
0.343766 0 0.528273 0 0.536996 0.0374249 
0.344573 0 0.527535 0 0.536099 0.030997 
0.34544 0 0.526847 0 0.535174 0.0245255 
0.346266 0 0.526078 0 0.534225 0.0180065 
0.347146 0 0.525346 0 0.533241 0.0114372 
0.347969 0 0.524509 0 0.532217 0.00481719 
0.348832 0 0.523691 0 0.531146 -0.00185168 
0.349646 0 0.522782 0 0.530042 -0.00856446 
0.350493 0 0.521879 0 0.528885 -0.0153133 
0.351292 0 0.520907 0 0.527712 -0.0220875 
0.35212 0 0.519953 0 0.526506 -0.0288744 
0.352919 0 0.518947 0 0.525285 -0.0356595 
0.353738 0 0.517959 0 0.524044 -0.0424273 
0.35451 0 0.516916 0 0.522787 -0.0491621 
0.355288 0 0.515879 0 0.521507 -0.0558479 
0.356033 0 0.514816 0 0.520224 -0.0624697 
0.356784 0 0.51377 0 0.518933 -0.069013 
0.357503 0 0.512719 0 0.517655 -0.0754644 
0.358201 0 0.511668 0 0.516376 -0.0818114 
0.358902 0 0.510649 0 0.51511 -0.0880426 
0.359584 0 0.509645 0 0.513862 -0.0941478 
0.360245 0 0.508656 0 0.512629 -0.100118 
0.360891 0 0.507691 0 0.511415 -0.105943 
0.361529 0 0.506763 0 0.510231 -0.111618 
0.362159 0 0.505874 0 0.509079 -0.117133 
0.362775 0 0.505021 0 0.507958 -0.122484 
0.363378 0 0.504207 0 0.50687 -0.127664 
0.363974 0 0.503441 0 0.505823 -0.132669 
0.364564 0 0.502724 0 0.504816 -0.137493 
0.365138 0 0.50205 0 0.503846 -0.142133 
0.365699 0 0.50142 0 0.502915 -0.146585 
0.366253 0 0.500845 0 0.502029 -0.150846 
0.366798 0 0.500323 0 0.501186 -0.154914 
0.367328 0 0.499848 0 0.500382 -0.158786 
0.367844 0 0.499422 0 0.499619 -0.16246 
0.368351 0 0.499051 0 0.498901 -0.165938 
0.368849 0 0.498735 0 0.498226 -0.169217 
0.36933 0 0.498467 0 0.497588 -0.1723 
0.369795 0 0.498245 0 0.496989 -0.175187 
0.37025 0 0.498078 0 0.496431 -0.177882 
0.370694 0 0.497962 0 0.495911 -0.180389 
0.37112 0 0.497889 0 0.495422 -0.182711 
0.371527 0 0.497857 0 0.494964 -0.184857 
0.371922 0 0.497871 0 0.494538 -0.186834 
0.372303 0 0.497926 0 0.494138 -0.188652 
0.372662 0 0.498013 0 0.493756 -0.190321 
0.372998 0 0.498127 0 0.49339 -0.191857 
0.373318 0 0.498271 0 0.493038 -0.193272 
0.373619 0 0.498439 0 0.492692 -0.194586 
0.373892 0 0.498616 0 0.492343 -0.195817 
0.374137 0 0.498797 0 0.491984 -0.196988 
0.374358 0 0.498981 0 0.491611 -0.198123 
0.374551 0 0.499159 0 0.491215 -0.199248 
0.374707 0 0.499314 0 0.490781 -0.200392 
0.374825 0 0.499436 0 0.4903 -0.201586 
0.374907 0 0.499523 0 0.489767 -0.20286 
0.37495 0 0.499563 0 0.489169 -0.204247 
0.374943 0 0.499537 0 0.488492 -0.205779 
0.374884 0 0.499436 0 0.487725 -0.207485 
0.375129 0 0.499945 0 0.48756 -0.209393 
0.375374 0 0.500091 0 0.487258 -0.211521 
0.375539 0 0.4999 0 0.486729 -0.213883 
0.375604 0 0.499554 0 0.486081 -0.216485 
0.375673 0 0.49917 0 0.485389 -0.219322 
0.375746 0 0.498748 0 0.484653 -0.222383 
0.375816 0 0.498287 0 0.483876 -0.225647 
0.375884 0 0.497794 0 0.483064 -0.229088 
0.375958 0 0.497285 0 0.482229 -0.23268 
0.376035 0 0.496765 0 0.481375 -0.236391 
0.376109 0 0.496234 0 0.480506 -0.240194 
0.376182 0 0.495699 0 0.47963 -0.244059 
0.376259 0 0.495176 0 0.478756 -0.247964 
0.376339 0 0.494666 0 0.477888 -0.251884 
0.376345 0 0.493964 0 0.476942 -0.255801 
0.376292 0 0.493129 0 0.475951 -0.259697 
0.376203 0 0.492238 0 0.474949 -0.263558 
0.376092 0 0.491337 0 0.473953 -0.267369 
0.375962 0 0.490435 0 0.472966 -0.27112 
0.375818 0 0.489533 0 0.471992 -0.274799 
0.375667 0 0.488636 0 0.471036 -0.278398 
0.375508 0 0.487737 0 0.470098 -0.281907 
0.375335 0 0.486832 0 0.469177 -0.285318 
0.374989 0 0.485677 0 0.468033 -0.28862 
0.374519 0 0.484361 0 0.466756 -0.291803 
0.373911 0 0.482948 0 0.465383 -0.294859 
0.373191 0 0.481484 0 0.463961 -0.297773 
0.37238 0 0.479991 0 0.462515 -0.300534 
0.371498 0 0.478483 0 0.461057 -0.303124 
0.370552 0 0.476969 0 0.459593 -0.305525 
0.369544 0 0.475451 0 0.458127 -0.307716 
0.368482 0 0.473943 0 0.456671 -0.309672 
0.367379 0 0.472468 0 0.455244 -0.311364 
0.366414 0 0.471008 0 0.454119 -0.312759 
0.365528 0 0.469601 0 0.453233 -0.313818 
0.364659 0 0.468223 0 0.452551 -0.314498 
0.363704 0 0.46688 0 0.45193 -0.31475 
0.362681 0 0.465596 0 0.451378 -0.31452 
0.36172 0 0.464399 0 0.451079 -0.313748 
0.36093 0 0.464089 0 0.450824 -0.312368 
0.360474 0 0.464159 0 0.450837 -0.310313 
0.360194 0 0.464498 0 0.451111 -0.307514 
0.360009 0 0.465106 0 0.451646 -0.303904 
0.359862 0 0.465966 0 0.452415 -0.299419 
0.359749 0 0.467092 0 0.453433 -0.294008 
0.359663 0 0.468498 0 0.454709 -0.287636 
0.359597 0 0.470183 0 0.456243 -0.280288 
0.359547 0 0.472147 0 0.458033 -0.27197 
0.359523 0 0.474318 0 0.460056 -0.262715 
0.359515 0 0.476692 0 0.4623 -0.25258 
0.359517 0 0.479261 0 0.464756 -0.241639 
0.359532 0 0.482011 0 0.467407 -0.229987 
0.359567 0 0.484928 0 0.470232 -0.217723 
0.359622 0 0.487983 0 0.473204 -0.204953 
0.359692 0 0.491137 0 0.476291 -0.191783 
0.359778 0 0.494363 0 0.479468 -0.178311 
0.359889 0 0.49764 0 0.482715 -0.16463 
0.360024 0 0.500944 0 0.486008 -0.150821 
0.360178 0 0.504249 0 0.489327 -0.136958 
0.360352 0 0.507538 0 0.492655 -0.123102 
0.360553 0 0.510808 0 0.495984 -0.109308 
0.360779 0 0.514047 0 0.499299 -0.0956194 
0.361021 0 0.51724 0 0.50259 -0.0820746 
0.361279 0 0.520382 0 0.50585 -0.0687042 
0.361558 0 0.523478 0 0.509074 -0.0555326 
0.361852 0 0.526521 0 0.512258 -0.0425795 
0.362155 0 0.529502 0 0.515392 -0.0298603 
0.362465 0 0.532419 0 0.518475 -0.0173868 
0.362786 0 0.535277 0 0.521505 -0.00516788 
0.363115 0 0.538071 0 0.52448 0.00678999 
0.363444 0 0.540794 0 0.527393 0.0184824 
0.363774 0 0.543445 0 0.530244 0.0299061 
0.364109 0 0.546029 0 0.533036 0.0410592 
0.364447 0 0.548545 0 0.535766 0.0519406 
0.364781 0 0.550985 0 0.53843 0.0625498 
0.365113 0 0.55335 0 0.541029 0.0728865 
0.365447 0 0.555646 0 0.543566 0.0829509 
0.365782 0 0.557872 0 0.54604 0.0927432 
0.366112 0 0.560021 0 0.548449 0.102263 
0.366438 0 0.562094 0 0.550793 0.111511 
0.366765 0 0.564098 0 0.553075 0.120487 
0.367092 0 0.566032 0 0.555296 0.12919 
0.367413 0 0.567889 0 0.557452 0.137619 
0.367728 0 0.569671 0 0.559544 0.145772 
0.368045 0 0.571384 0 0.561577 0.153649 
0.368361 0 0.573028 0 0.56355 0.161249 
0.36867 0 0.574596 0 0.565459 0.168569 
0.368974 0 0.576089 0 0.567307 0.175611 
0.369279 0 0.577517 0 0.5691 0.182375 
0.369583 0 0.578879 0 0.570836 0.188864 
0.36988 0 0.580172 0 0.572517 0.195088 
0.370171 0 0.581399 0 0.574146 0.201059 
0.370462 0 0.582575 0 0.575733 0.206797 
0.370753 0 0.583703 0 0.577283 0.21233 
0.371275 0 0.58516 0 0.579192 0.217692 
0.371997 0 0.586868 0 0.581274 0.222926 
0.372858 0 0.588702 0 0.583406 0.228072 
0.373815 0 0.590615 0 0.58556 0.23317 
0.374772 0 0.592527 0 0.587719 0.238247 
0.375729 0 0.594445 0 0.589889 0.243319 
0.376693 0 0.59638 0 0.592078 0.248391 
0.377662 0 0.598332 0 0.594286 0.253458 
0.37863 0 0.600295 0 0.596513 0.258511 
0.37975 0 0.602439 0 0.59886 0.263538 
0.380982 0 0.604718 0 0.601325 0.268525 
0.382284 0 0.607087 0 0.603881 0.273462 
0.383531 0 0.609473 0 0.606385 0.278337 
0.384733 0 0.611841 0 0.608867 0.28314 
0.385904 0 0.614198 0 0.611352 0.287865 
0.38705 0 0.616552 0 0.613854 0.292502 
0.388169 0 0.618904 0 0.616376 0.297048 
0.389264 0 0.621257 0 0.61892 0.301497 
0.390345 0 0.623621 0 0.621491 0.305844 
0.391411 0 0.625991 0 0.624081 0.310086 
0.392456 0 0.628356 0 0.626685 0.314219 
0.393482 0 0.630711 0 0.629298 0.318242 
0.394497 0 0.633061 0 0.631918 0.322152 
0.395499 0 0.635398 0 0.634538 0.325947 
0.396483 0 0.63771 0 0.637149 0.329624 
0.39745 0 0.639992 0 0.639747 0.333182 
0.398409 0 0.642249 0 0.642329 0.336619 
0.399357 0 0.644473 0 0.64489 0.339933 
0.40029 0 0.646654 0 0.64742 0.343123 
0.401209 0 0.648787 0 0.649918 0.346187 
0.40212 0 0.650878 0 0.652383 0.349122 
0.403024 0 0.652923 0 0.654811 0.351928 
0.403913 0 0.654911 0 0.657195 0.354602 
0.40479 0 0.65684 0 0.659535 0.357143 
0.405661 0 0.658719 0 0.661831 0.359549 
0.406525 0 0.660543 0 0.664082 0.361817 
0.407377 0 0.662305 0 0.666283 0.363947 
0.408217 0 0.664003 0 0.668433 0.365935 
0.409052 0 0.665646 0 0.670536 0.367782 
0.409882 0 0.667232 0 0.672592 0.369484 
0.410699 0 0.668754 0 0.674595 0.371041 
0.411506 0 0.670212 0 0.676547 0.372451 
0.412309 0 0.671615 0 0.678452 0.373713 
0.413107 0 0.672962 0 0.680311 0.374826 
0.413893 0 0.674246 0 0.682118 0.37579 
0.414669 0 0.675467 0 0.683876 0.376603 
0.415441 0 0.676636 0 0.685591 0.377267 
0.416209 0 0.677752 0 0.687261 0.37778 
0.416965 0 0.678808 0 0.688883 0.378144 
0.417711 0 0.679804 0 0.69046 0.378359 
0.418454 0 0.680752 0 0.691997 0.378426 
0.419192 0 0.68165 0 0.693493 0.378347 
0.419919 0 0.682491 0 0.694946 0.378124 
0.420635 0 0.683276 0 0.696357 0.377759 
0.421348 0 0.684016 0 0.697733 0.377255 
0.422056 0 0.68471 0 0.699072 0.376615 
0.422752 0 0.685351 0 0.700372 0.375841 
0.423438 0 0.685939 0 0.701634 0.374938 
0.42412 0 0.686486 0 0.702864 0.373909 
0.424607 0 0.687136 0 0.703433 0.37276 
0.424939 0 0.687787 0 0.703572 0.371493 
0.425156 0 0.688087 0 0.703693 0.370112 
0.425361 0 0.688238 0 0.703867 0.368621 
0.425567 0 0.688335 0 0.704044 0.367025 
0.425768 0 0.688391 0 0.704201 0.365327 
0.425967 0 0.688415 0 0.704336 0.363533 
0.426174 0 0.688419 0 0.704461 0.361646 
0.426391 0 0.688405 0 0.704579 0.359671 
0.426611 0 0.688369 0 0.704686 0.357613 
0.426837 0 0.688312 0 0.704787 0.355476 
0.427077 0 0.688246 0 0.704888 0.353264 
0.42733 0 0.688172 0 0.704989 0.350981 
0.42759 0 0.688083 0 0.705088 0.348633 
0.427858 0 0.68798 0 0.705186 0.346224 
0.428138 0 0.687928 0 0.705198 0.343756 
0.428411 0 0.687876 0 0.705134 0.341235 
0.428668 0 0.687806 0 0.705009 0.338663 
0.428916 0 0.68772 0 0.704844 0.336044 
0.429168 0 0.687629 0 0.704661 0.33338 
0.429424 0 0.687533 0 0.704464 0.330674 
0.429678 0 0.68742 0 0.70425 0.327928 
0.42993 0 0.687292 0 0.704017 0.325144 
0.430188 0 0.687154 0 0.703769 0.322323 
0.430448 0 0.687008 0 0.703502 0.319466 
0.430704 0 0.686843 0 0.703212 0.316573 
0.430958 0 0.686662 0 0.7029 0.313643 
0.431217 0 0.686474 0 0.702574 0.310676 
0.43148 0 0.686277 0 0.702231 0.30767 
0.43174 0 0.686064 0 0.701866 0.304623 
0.432 0 0.685834 0 0.701479 0.301531 
0.432265 0 0.685596 0 0.701077 0.298391 
0.432536 0 0.685348 0 0.700656 0.295197 
0.432805 0 0.68508 0 0.700209 0.291945 
0.433074 0 0.684791 0 0.699737 0.288626 
0.433351 0 0.68449 0 0.699244 0.285233 
0.433635 0 0.684173 0 0.698725 0.281758 
0.433918 0 0.68383 0 0.698174 0.27819 
0.434203 0 0.683458 0 0.697589 0.274517 
0.434497 0 0.683065 0 0.696972 0.270729 
0.434799 0 0.682645 0 0.696319 0.26681 
0.435103 0 0.682187 0 0.69562 0.262746 
0.435411 0 0.681687 0 0.694872 0.258524 
0.435729 0 0.681151 0 0.694077 0.254125 
0.436057 0 0.680572 0 0.693228 0.249536 
0.436389 0 0.679937 0 0.692316 0.24474 
0.436726 0 0.679243 0 0.691336 0.239722 
0.437075 0 0.678494 0 0.690291 0.23447 
0.437435 0 0.677684 0 0.689172 0.228972 
0.4378 0 0.676801 0 0.687974 0.223222 
0.438169 0 0.675842 0 0.686692 0.217214 
0.43855 0 0.674815 0 0.685331 0.210949 
0.438942 0 0.673717 0 0.68389 0.204432 
0.439335 0 0.672539 0 0.682363 0.197673 
0.439732 0 0.671284 0 0.680753 0.190685 
0.440138 0 0.669964 0 0.67907 0.183487 
0.440551 0 0.668579 0 0.677316 0.1761 
0.440963 0 0.667128 0 0.675492 0.168549 
0.441374 0 0.665616 0 0.673604 0.160859 
0.441791 0 0.664059 0 0.671666 0.153057 
0.44221 0 0.662462 0 0.669682 0.145172 
0.442624 0 0.660824 0 0.667656 0.137229 
0.443034 0 0.659153 0 0.665596 0.129255 
0.443446 0 0.657465 0 0.663515 0.121274 
0.443857 0 0.655765 0 0.661418 0.113311 
0.44426 0 0.654054 0 0.659307 0.105387 
0.444656 0 0.652338 0 0.65719 0.0975226 
0.445051 0 0.650632 0 0.655079 0.0897365 
0.445443 0 0.64894 0 0.652976 0.0820457 
0.445825 0 0.64726 0 0.650884 0.0744659 
0.446197 0 0.645599 0 0.648806 0.0670111 
0.446567 0 0.643969 0 0.646753 0.0596941 
0.446933 0 0.642372 0 0.644726 0.0525264 
0.447286 0 0.640807 0 0.642724 0.0455186 
0.44763 0 0.639276 0 0.640751 0.0386799 
0.447969 0 0.637792 0 0.638814 0.0320185 
0.448302 0 0.636356 0 0.636914 0.0255419 
0.448623 0 0.634963 0 0.635048 0.0192565 
0.448932 0 0.633617 0 0.633218 0.0131681 
0.449235 0 0.632327 0 0.631431 0.00728142 
0.449532 0 0.631095 0 0.629686 0.00160051 
0.449471 0 0.629443 0 0.627502 -0.00387144 
0.4492 0 0.627493 0 0.625074 -0.00913182 
0.448826 0 0.625416 0 0.622569 -0.0141801 
0.448586 0 0.623905 0 0.620693 -0.0190164 
0.448502 0 0.622753 0 0.61913 -0.0236394 
0.448415 0 0.621668 0 0.617629 -0.0280493 
0.448332 0 0.62066 0 0.616195 -0.0322463 
0.448383 0 0.619642 0 0.614722 -0.0362314 
0.448581 0 0.618874 0 0.61355 -0.0400066 
0.448862 0 0.618266 0 0.612553 -0.0435738 
0.449186 0 0.61776 0 0.611661 -0.0469357 
0.44956 0 0.61735 0 0.610877 -0.0500952 
0.449876 0 0.617004 0 0.610129 -0.0530558 
0.45024 0 0.616711 0 0.609419 -0.0558212 
0.450611 0 0.616534 0 0.608821 -0.0583959 
0.450985 0 0.616429 0 0.608286 -0.0607843 
0.451351 0 0.616377 0 0.607793 -0.0629915 
0.451583 0 0.616213 0 0.607205 -0.0650223 
0.451729 0 0.615954 0 0.606473 -0.0668825 
0.451766 0 0.61558 0 0.605758 -0.0685784 
0.451727 0 0.615152 0 0.605052 -0.0701159 
0.451609 0 0.614706 0 0.604332 -0.0715016 
0.451444 0 0.614262 0 0.603617 -0.0727421 
0.451246 0 0.61382 0 0.602916 -0.073844 
0.451018 0 0.613376 0 0.602229 -0.074814 
0.450849 0 0.613018 0 0.601676 -0.0756589 
0.450721 0 0.612745 0 0.60122 -0.0763851 
0.450618 0 0.612535 0 0.60083 -0.0769991 
0.450525 0 0.612364 0 0.600488 -0.0775074 
0.450437 0 0.612226 0 0.600187 -0.0779163 
0.450424 0 0.612152 0 0.599892 -0.0782322 
0.450452 0 0.612146 0 0.599635 -0.0784614 
0.450546 0 0.612218 0 0.599445 -0.0786104 
0.450678 0 0.612355 0 0.599309 -0.0786857 
0.450834 0 0.612552 0 0.599221 -0.0786934 
0.451005 0 0.612798 0 0.599172 -0.0786401 
0.45118 0 0.613082 0 0.599152 -0.0785321 
0.451358 0 0.613399 0 0.599158 -0.0783758 
0.451543 0 0.613755 0 0.59919 -0.0781779 
0.451658 0 0.614008 0 0.599149 -0.0779448 
0.451728 0 0.614188 0 0.599071 -0.0776836 
0.451775 0 0.61434 0 0.598988 -0.0774015 
0.451819 0 0.614494 0 0.598917 -0.0771064 
0.451863 0 0.614656 0 0.598857 -0.0768061 
0.451904 0 0.614817 0 0.5988 -0.0765088 
0.451941 0 0.614972 0 0.59874 -0.0762232 
0.451982 0 0.615122 0 0.598676 -0.0759586 
0.452023 0 0.615264 0 0.598604 -0.0757246 
0.452059 0 0.615385 0 0.59852 -0.0755316 
0.452092 0 0.615485 0 0.598421 -0.0753906 
0.452127 0 0.615567 0 0.598308 -0.0753135 
0.452162 0 0.615626 0 0.598176 -0.075313 
0.452193 0 0.615651 0 0.598019 -0.0754025 
0.45222 0 0.615639 0 0.597832 -0.0755966 
0.45225 0 0.615594 0 0.597616 -0.0759112 
0.452281 0 0.615509 0 0.597363 -0.0763629 
0.452308 0 0.615372 0 0.597067 -0.07697 
0.452332 0 0.615178 0 0.596722 -0.0777518 
0.452359 0 0.61493 0 0.596326 -0.0787289 
0.452387 0 0.614619 0 0.595872 -0.0799228 
0.452411 0 0.614232 0 0.595351 -0.0813561 
0.452433 0 0.613765 0 0.594758 -0.0830515 
0.452458 0 0.613217 0 0.59409 -0.0850317 
0.452485 0 0.612582 0 0.59334 -0.0873175 
0.452508 0 0.611847 0 0.5925 -0.0899277 
0.452529 0 0.611011 0 0.591569 -0.0928763 
0.452554 0 0.610079 0 0.590547 -0.0961724 
0.452581 0 0.609048 0 0.589433 -0.0998172 
0.452605 0 0.607915 0 0.588228 -0.103804 
0.452627 0 0.606685 0 0.586937 -0.108116 
0.452653 0 0.605373 0 0.585571 -0.112731 
0.452682 0 0.603987 0 0.584138 -0.117618 
0.452707 0 0.602531 0 0.582645 -0.122743 
0.45273 0 0.601015 0 0.581105 -0.128066 
0.452758 0 0.59946 0 0.579531 -0.133551 
0.452788 0 0.597872 0 0.577933 -0.139161 
0.452815 0 0.596256 0 0.576318 -0.144861 
0.452839 0 0.594621 0 0.574696 -0.150619 
0.452867 0 0.592982 0 0.573077 -0.15641 
0.452897 0 0.591343 0 0.571467 -0.162206 
0.452922 0 0.589704 0 0.569868 -0.16799 
0.452943 0 0.588069 0 0.568286 -0.173741 
0.452966 0 0.586448 0 0.566727 -0.179445 
0.452989 0 0.584843 0 0.565193 -0.185089 
0.453004 0 0.583249 0 0.563683 -0.190661 
0.453011 0 0.581667 0 0.562198 -0.196154 
0.453016 0 0.580103 0 0.560743 -0.201557 
0.453014 0 0.578557 0 0.559316 -0.206865 
0.452997 0 0.577019 0 0.557913 -0.21207 
0.452963 0 0.575488 0 0.556534 -0.217166 
0.452916 0 0.573968 0 0.555181 -0.222147 
0.452851 0 0.572455 0 0.553851 -0.227005 
0.452757 0 0.570938 0 0.552539 -0.231733 
0.452631 0 0.569414 0 0.551244 -0.236321 
0.452476 0 0.567887 0 0.549971 -0.240758 
0.452285 0 0.566353 0 0.548719 -0.245028 
0.452049 0 0.564804 0 0.54749 -0.249109 
0.451766 0 0.563241 0 0.546289 -0.252974 
0.451438 0 0.561673 0 0.545133 -0.256583 
0.451061 0 0.560107 0 0.544033 -0.25988 
0.450899 0 0.558826 0 0.543086 -0.262784 
0.450889 0 0.557845 0 0.542369 -0.265185 
0.450986 0 0.557146 0 0.541899 -0.266924 
0.451155 0 0.556716 0 0.541685 -0.267791 
0.451363 0 0.55657 0 0.54176 -0.267524 
0.451599 0 0.556764 0 0.542183 -0.26583 
0.451863 0 0.557365 0 0.543018 -0.26244 
0.452147 0 0.558418 0 0.544308 -0.257176 
0.452444 0 0.559929 0 0.546062 -0.250006 
0.452751 0 0.561876 0 0.548255 -0.241058 
0.453073 0 0.564214 0 0.55084 -0.230576 
0.453407 0 0.566876 0 0.55375 -0.218857 
0.453743 0 0.569787 0 0.556914 -0.206201 
0.454081 0 0.572884 0 0.560273 -0.192876 
0.454426 0 0.57612 0 0.563777 -0.179104 
0.454776 0 0.579449 0 0.567381 -0.165064 
0.455122 0 0.582828 0 0.571048 -0.150896 
0.455466 0 0.58623 0 0.57475 -0.136706 
0.455813 0 0.589638 0 0.57847 -0.122574 
0.456161 0 0.593033 0 0.582189 -0.108561 
0.456503 0 0.596393 0 0.585889 -0.0947125 
0.45684 0 0.599707 0 0.589561 -0.0810624 
0.457179 0 0.602975 0 0.5932 -0.0676353 
0.457577 0 0.606416 0 0.597182 -0.0544494 
0.458002 0 0.609818 0 0.601175 -0.041517 
0.45842 0 0.613074 0 0.605063 -0.0288463 
0.458999 0 0.616328 0 0.608997 -0.0164418 
0.459414 0 0.619452 0 0.612823 -0.00430485 
0.459968 0 0.622528 0 0.616622 0.00756547 
0.460522 0 0.625528 0 0.62036 0.0191728 
0.461084 0 0.62846 0 0.624042 0.0305235 
0.461653 0 0.631326 0 0.627666 0.0416261 
0.462196 0 0.634193 0 0.631241 0.0524911 
0.462752 0 0.637018 0 0.634744 0.0631306 
0.463316 0 0.639785 0 0.6382 0.0735574 
0.463962 0 0.642515 0 0.641587 0.0837827 
0.464781 0 0.645464 0 0.645018 0.0938159 
0.465719 0 0.648496 0 0.648437 0.103663 
0.466739 0 0.651557 0 0.651825 0.113326 
0.467817 0 0.654623 0 0.655183 0.122806 
0.46893 0 0.657679 0 0.65851 0.132101 
0.470129 0 0.660755 0 0.66185 0.141209 
0.4714 0 0.663853 0 0.665213 0.150127 
0.472631 0 0.6669 0 0.668505 0.158856 
0.473822 0 0.669859 0 0.671721 0.167393 
0.474983 0 0.672735 0 0.674879 0.17574 
0.476125 0 0.675548 0 0.677996 0.183897 
0.47725 0 0.678307 0 0.681083 0.191866 
0.478353 0 0.681011 0 0.684144 0.199649 
0.479435 0 0.683667 0 0.687187 0.207248 
0.480505 0 0.686291 0 0.690221 0.214667 
0.48156 0 0.688887 0 0.693249 0.221907 
0.482594 0 0.691451 0 0.696275 0.228973 
0.483609 0 0.693989 0 0.699304 0.235868 
0.484613 0 0.696514 0 0.702343 0.242595 
0.485603 0 0.699026 0 0.705392 0.249157 
0.486575 0 0.701519 0 0.708449 0.255558 
0.48753 0 0.703993 0 0.711515 0.261802 
0.488475 0 0.706456 0 0.714592 0.267892 
0.489409 0 0.708905 0 0.717676 0.273831 
0.490327 0 0.711328 0 0.720759 0.279622 
0.49123 0 0.713721 0 0.723838 0.28527 
0.492125 0 0.716091 0 0.726913 0.290778 
0.493012 0 0.71843 0 0.729976 0.296148 
0.493883 0 0.720727 0 0.733021 0.301385 
0.494742 0 0.722977 0 0.736043 0.306491 
0.495594 0 0.725185 0 0.739042 0.311469 
0.496439 0 0.727346 0 0.742012 0.316323 
0.49727 0 0.729448 0 0.744946 0.321055 
0.498089 0 0.731488 0 0.747841 0.325669 
0.498902 0 0.733472 0 0.750698 0.330167 
0.49971 0 0.735396 0 0.753512 0.334553 
0.500504 0 0.737249 0 0.756279 0.338828 
0.501286 0 0.73903 0 0.758996 0.342996 
0.502064 0 0.740745 0 0.761665 0.347059 
0.502836 0 0.742392 0 0.764284 0.351021 
0.503595 0 0.743961 0 0.766847 0.354882 
0.504343 0 0.745451 0 0.769354 0.358646 
0.505086 0 0.746871 0 0.771808 0.362316 
0.505823 0 0.748218 0 0.774207 0.365893 
0.506548 0 0.749482 0 0.776546 0.36938 
0.507261 0 0.750665 0 0.778826 0.372779 
0.507969 0 0.751774 0 0.78105 0.376092 
0.508432 0 0.752765 0 0.782679 0.379322 
0.508719 0 0.753654 0 0.78391 0.382469 
0.508909 0 0.754506 0 0.784928 0.385537 
0.509133 0 0.755346 0 0.785959 0.388527 
0.50938 0 0.756173 0 0.78699 0.391442 
0.50964 0 0.756971 0 0.788012 0.394282 
0.509908 0 0.757741 0 0.789025 0.39705 
0.510192 0 0.758489 0 0.790032 0.399747 
0.510486 0 0.759214 0 0.791031 0.402376 
0.510785 0 0.759904 0 0.792018 0.404937 
0.511087 0 0.76056 0 0.792993 0.407433 
0.511401 0 0.761193 0 0.793962 0.409865 
0.511724 0 0.7618 0 0.794923 0.412234 
0.51205 0 0.762372 0 0.795871 0.414542 
0.512379 0 0.76291 0 0.796808 0.41679 
0.512718 0 0.763424 0 0.797739 0.418981 
0.513067 0 0.763912 0 0.798661 0.421114 
0.513418 0 0.764365 0 0.799569 0.423191 
0.513682 0 0.764864 0 0.800257 0.425215 
0.513886 0 0.765387 0 0.800794 0.427185 
0.514056 0 0.765918 0 0.80124 0.429104 
0.514204 0 0.766437 0 0.801635 0.430971 
0.514345 0 0.766941 0 0.802003 0.432789 
0.51449 0 0.767437 0 0.802358 0.434558 
0.514639 0 0.767924 0 0.802698 0.43628 
0.514782 0 0.768395 0 0.803016 0.437955 
0.514922 0 0.768853 0 0.803311 0.439585 
0.515066 0 0.76931 0 0.80359 0.44117 
0.515211 0 0.769764 0 0.803852 0.442711 
0.515353 0 0.770207 0 0.804093 0.444209 
0.515491 0 0.770639 0 0.804315 0.445665 
0.515634 0 0.771071 0 0.804525 0.44708 
0.51578 0 0.771502 0 0.804722 0.448454 
0.515922 0 0.771923 0 0.804901 0.449788 
0.516033 0 0.772294 0 0.805052 0.451083 
0.516131 0 0.772622 0 0.805199 0.45234 
0.516236 0 0.772942 0 0.805351 0.453558 
0.516341 0 0.773235 0 0.805505 0.454739 
0.516448 0 0.773505 0 0.805662 0.455883 
0.516562 0 0.773764 0 0.805824 0.456991 
0.516684 0 0.774012 0 0.80599 0.458063 
0.516804 0 0.774242 0 0.806153 0.459099 
0.516925 0 0.774452 0 0.806317 0.4601 
0.517036 0 0.774668 0 0.806458 0.461065 
0.517137 0 0.77489 0 0.806577 0.461996 
0.517228 0 0.775106 0 0.806678 0.462893 
0.517314 0 0.775314 0 0.806767 0.463755 
0.517404 0 0.775521 0 0.806856 0.464583 
0.517497 0 0.775726 0 0.806942 0.465376 
0.517584 0 0.77592 0 0.807022 0.466135 
0.517667 0 0.776105 0 0.807095 0.46686 
0.517753 0 0.776289 0 0.807167 0.46755 
0.517841 0 0.776474 0 0.807238 0.468206 
0.517923 0 0.776649 0 0.8073 0.468826 
0.518 0 0.776817 0 0.807356 0.469411 
0.518081 0 0.776986 0 0.807412 0.46996 
0.518163 0 0.777158 0 0.807466 0.470473 
0.51824 0 0.777321 0 0.807513 0.470949 
0.518313 0 0.777477 0 0.807554 0.471387 
0.518389 0 0.777637 0 0.807596 0.471786 
0.518466 0 0.777798 0 0.807637 0.472147 
0.518539 0 0.777952 0 0.807672 0.472466 
0.518608 0 0.7781 0 0.807702 0.472744 
0.51868 0 0.778252 0 0.807733 0.47298 
0.518755 0 0.778406 0 0.807764 0.47317 
0.518824 0 0.778554 0 0.807788 0.473315 
0.51889 0 0.778697 0 0.807809 0.473413 
0.518959 0 0.778845 0 0.80783 0.473461 
0.51903 0 0.778995 0 0.807852 0.473457 
0.519097 0 0.77914 0 0.807868 0.4734 
0.51916 0 0.779281 0 0.807879 0.473286 
0.519227 0 0.779426 0 0.807892 0.473114 
0.519297 0 0.779575 0 0.807904 0.47288 
0.519362 0 0.779719 0 0.807911 0.472581 
0.519423 0 0.779859 0 0.807913 0.472214 
0.519489 0 0.780004 0 0.807916 0.471775 
0.519557 0 0.780153 0 0.807918 0.47126 
0.519621 0 0.780297 0 0.807914 0.470665 
0.519681 0 0.780438 0 0.807905 0.469986 
0.519746 0 0.780583 0 0.807895 0.469217 
0.519814 0 0.780732 0 0.807883 0.468354 
0.519877 0 0.780877 0 0.807864 0.46739 
0.519938 0 0.781016 0 0.807837 0.466321 
0.520002 0 0.78116 0 0.807808 0.465139 
0.52007 0 0.781308 0 0.807774 0.463838 
0.520134 0 0.781448 0 0.80773 0.46241 
0.520195 0 0.781583 0 0.807675 0.460848 
0.52026 0 0.781721 0 0.807615 0.459144 
0.520329 0 0.781858 0 0.807545 0.457288 
0.520393 0 0.781987 0 0.807459 0.455273 
0.520455 0 0.782106 0 0.807356 0.453088 
0.520521 0 0.782223 0 0.807241 0.450723 
0.52059 0 0.782336 0 0.807109 0.448167 
0.520655 0 0.782434 0 0.806951 0.44541 
0.520716 0 0.782516 0 0.806767 0.442439 
0.520781 0 0.782588 0 0.806558 0.439241 
0.520848 0 0.782647 0 0.806318 0.435805 
0.52091 0 0.78268 0 0.806037 0.432116 
0.520967 0 0.782684 0 0.805712 0.428159 
0.521026 0 0.782666 0 0.805342 0.423921 
0.521085 0 0.782617 0 0.804919 0.419384 
0.521135 0 0.782525 0 0.804429 0.414532 
0.521177 0 0.782385 0 0.803865 0.409346 
0.521216 0 0.782197 0 0.803223 0.403808 
0.521248 0 0.781954 0 0.80249 0.397898 
0.521265 0 0.781637 0 0.801649 0.391593 
0.521264 0 0.781236 0 0.800685 0.38487 
0.521396 0 0.780803 0 0.79976 0.377706 
0.521594 0 0.780297 0 0.798805 0.370078 
0.521835 0 0.779704 0 0.797776 0.361963 
0.522155 0 0.779051 0 0.796674 0.353343 
0.522485 0 0.77826 0 0.795438 0.344204 
0.522992 0 0.777535 0 0.794141 0.334546 
0.523378 0 0.776489 0 0.792632 0.324376 
0.523915 0 0.77545 0 0.790979 0.313719 
0.524247 0 0.773993 0 0.789104 0.302612 
0.524765 0 0.772609 0 0.787097 0.291105 
0.525149 0 0.770902 0 0.784883 0.279258 
0.525678 0 0.769185 0 0.782522 0.267136 
0.526025 0 0.767121 0 0.780013 0.254806 
0.526529 0 0.765088 0 0.777375 0.242331 
0.526868 0 0.762771 0 0.774622 0.229772 
0.527347 0 0.760488 0 0.771758 0.217183 
0.527688 0 0.75799 0 0.768826 0.204613 
0.528159 0 0.755541 0 0.765811 0.192105 
0.528502 0 0.75292 0 0.762759 0.179695 
0.528952 0 0.750348 0 0.759647 0.167414 
0.529308 0 0.747685 0 0.756564 0.155291 
0.529773 0 0.74513 0 0.753479 0.143348 
0.530212 0 0.742547 0 0.750406 0.131604 
0.530713 0 0.740029 0 0.747358 0.120077 
0.531175 0 0.737492 0 0.744342 0.10878 
0.531683 0 0.735019 0 0.741362 0.0977271 
0.532142 0 0.732535 0 0.738414 0.086928 
0.532624 0 0.730093 0 0.735492 0.0763922 
0.533073 0 0.727689 0 0.732634 0.0661279 
0.533525 0 0.725334 0 0.729822 0.0561428 
0.533945 0 0.72301 0 0.727046 0.0464434 
0.534375 0 0.720738 0 0.724312 0.037036 
0.534784 0 0.718538 0 0.721655 0.027926 
0.535177 0 0.716398 0 0.719053 0.0191189 
0.53555 0 0.714312 0 0.716499 0.0106195 
0.535907 0 0.712289 0 0.714002 0.00243238 
0.536257 0 0.710345 0 0.711572 -0.00543832 
0.536601 0 0.708485 0 0.709212 -0.0129886 
0.536933 0 0.706705 0 0.706922 -0.0202152 
0.537253 0 0.70501 0 0.704702 -0.0271153 
0.537568 0 0.703408 0 0.702559 -0.0336861 
0.537553 0 0.701437 0 0.700023 -0.039926 
0.537316 0 0.699249 0 0.697294 -0.0458351 
0.536969 0 0.697004 0 0.694545 -0.0514136 
0.53658 0 0.694816 0 0.69187 -0.0566629 
0.536243 0 0.692761 0 0.689343 -0.0615855 
0.53603 0 0.690911 0 0.686983 -0.0661847 
0.535908 0 0.689256 0 0.6848 -0.0704649 
0.535857 0 0.687778 0 0.682775 -0.0744311 
0.535855 0 0.686453 0 0.680887 -0.0780896 
0.535881 0 0.685262 0 0.679122 -0.0814471 
0.535927 0 0.684198 0 0.677473 -0.0845114 
0.53621 0 0.684198 0 0.676619 -0.0872912 
0.536453 0 0.684195 0 0.676027 -0.0897937 
0.536533 0 0.68396 0 0.675354 -0.0920274 
0.536487 0 0.683563 0 0.674621 -0.0940013 
0.53636 0 0.683104 0 0.673885 -0.095725 
0.536182 0 0.682656 0 0.673187 -0.0972088 
0.535968 0 0.682245 0 0.67254 -0.0984634 
0.535835 0 0.68188 0 0.671737 -0.0994995 
0.535798 0 0.68162 0 0.670931 -0.100329 
0.535764 0 0.681443 0 0.670195 -0.100964 
0.535726 0 0.681341 0 0.669521 -0.101415 
0.535687 0 0.68131 0 0.668908 -0.101694 
0.535652 0 0.681354 0 0.668356 -0.101814 
0.535581 0 0.681332 0 0.667728 -0.101784 
0.535634 0 0.681518 0 0.667529 -0.101617 
0.535728 0 0.681753 0 0.667429 -0.101322 
0.535892 0 0.682011 0 0.667373 -0.100909 
0.53609 0 0.682318 0 0.66736 -0.100388 
0.536302 0 0.682687 0 0.667399 -0.0997691 
0.536523 0 0.683116 0 0.66749 -0.0990608 
0.536755 0 0.683605 0 0.667627 -0.0982721 
0.536993 0 0.684144 0 0.667801 -0.0974119 
0.537231 0 0.68472 0 0.668002 -0.0964883 
0.537468 0 0.685332 0 0.668227 -0.0955097 
0.53771 0 0.685983 0 0.668475 -0.0944842 
0.537858 0 0.686489 0 0.668618 -0.0934195 
0.537948 0 0.686896 0 0.668712 -0.0923236 
0.537981 0 0.687241 0 0.668796 -0.091205 
0.537991 0 0.687572 0 0.668894 -0.0900718 
0.537992 0 0.687907 0 0.669013 -0.0889322 
0.537986 0 0.688246 0 0.669151 -0.0877944 
0.538003 0 0.688586 0 0.669271 -0.0866668 
0.538038 0 0.688943 0 0.669396 -0.085558 
0.538083 0 0.689309 0 0.669523 -0.0844768 
0.538126 0 0.689664 0 0.669644 -0.0834324 
0.538165 0 0.69 0 0.669755 -0.0824341 
0.538206 0 0.690317 0 0.669856 -0.0814915 
0.538245 0 0.69061 0 0.669943 -0.0806148 
0.538278 0 0.690869 0 0.670011 -0.0798143 
0.538305 0 0.691093 0 0.670058 -0.079101 
0.538333 0 0.691286 0 0.670084 -0.078486 
0.538362 0 0.691445 0 0.670083 -0.0779811 
0.538384 0 0.691558 0 0.670051 -0.0775985 
0.538401 0 0.691624 0 0.669985 -0.0773507 
0.53842 0 0.691646 0 0.669884 -0.0772507 
0.53844 0 0.691616 0 0.669742 -0.0773117 
0.538453 0 0.691526 0 0.669554 -0.0775475 
0.538463 0 0.691371 0 0.669318 -0.0779717 
0.538474 0 0.691155 0 0.669032 -0.0785978 
0.538486 0 0.690871 0 0.668691 -0.0794387 
0.538493 0 0.69051 0 0.668291 -0.0805071 
0.538496 0 0.690069 0 0.667829 -0.0818141 
0.538502 0 0.689551 0 0.667306 -0.0833686 
0.538509 0 0.688952 0 0.666718 -0.0851778 
0.538511 0 0.688265 0 0.666062 -0.0872455 
0.538509 0 0.687488 0 0.665341 -0.0895717 
0.53851 0 0.68663 0 0.664557 -0.0921523 
0.538513 0 0.685689 0 0.663713 -0.0949784 
0.538511 0 0.684662 0 0.66281 -0.0980364 
0.538505 0 0.683552 0 0.661855 -0.101308 
0.538501 0 0.682371 0 0.660857 -0.10477 
0.538497 0 0.681123 0 0.659821 -0.108396 
0.538488 0 0.679807 0 0.658755 -0.112156 
0.538472 0 0.67843 0 0.657669 -0.116017 
0.538456 0 0.677005 0 0.656574 -0.119943 
0.538438 0 0.675539 0 0.655481 -0.123898 
0.538408 0 0.67403 0 0.654395 -0.127841 
0.538463 0 0.672594 0 0.653324 -0.131731 
0.538588 0 0.671249 0 0.652321 -0.135522 
0.538621 0 0.669821 0 0.651399 -0.139166 
0.538659 0 0.668377 0 0.650515 -0.142608 
0.538781 0 0.667057 0 0.649681 -0.145787 
0.538974 0 0.665893 0 0.648974 -0.148635 
0.539221 0 0.664889 0 0.648416 -0.151073 
0.5395 0 0.664037 0 0.648014 -0.153016 
0.539803 0 0.663344 0 0.647783 -0.154364 
0.540127 0 0.662837 0 0.647747 -0.155015 
0.540467 0 0.662539 0 0.64793 -0.154857 
0.540814 0 0.662472 0 0.648356 -0.153782 
0.541166 0 0.662664 0 0.649052 -0.151686 
0.541528 0 0.663145 0 0.650042 -0.148477 
0.541896 0 0.66393 0 0.651341 -0.144086 
0.542263 0 0.665023 0 0.652957 -0.138472 
0.542628 0 0.666424 0 0.654892 -0.131632 
0.543179 0 0.66852 0 0.657564 -0.123606 
0.54386 0 0.671013 0 0.660608 -0.11448 
0.544605 0 0.673729 0 0.663868 -0.104384 
0.545444 0 0.676662 0 0.667389 -0.0934798 
0.546286 0 0.679763 0 0.671079 -0.0819446 
0.547131 0 0.682987 0 0.674896 -0.0699535 
0.547972 0 0.686289 0 0.678801 -0.0576646 
0.548812 0 0.689634 0 0.682763 -0.0452122 
0.549663 0 0.693057 0 0.686731 -0.032705 
0.550521 0 0.696504 0 0.690718 -0.020228 
0.551381 0 0.699945 0 0.694715 -0.00784515 
0.552241 0 0.703364 0 0.698718 0.00439575 
0.553107 0 0.706763 0 0.702725 0.01646 
0.553976 0 0.710132 0 0.70673 0.028323 
0.554841 0 0.71346 0 0.71073 0.0399675 
0.555701 0 0.716746 0 0.714723 0.0513821 
0.556571 0 0.719988 0 0.718623 0.0625597 
0.557445 0 0.723176 0 0.722473 0.073496 
0.558311 0 0.726304 0 0.726292 0.0841896 
0.559168 0 0.729379 0 0.730089 0.0946403 
0.560021 0 0.732419 0 0.733873 0.10485 
0.560867 0 0.735428 0 0.737648 0.11482 
0.561702 0 0.738401 0 0.741412 0.124554 
0.562525 0 0.741336 0 0.745167 0.134056 
0.563343 0 0.744242 0 0.748913 0.143329 
0.564155 0 0.747115 0 0.752649 0.152378 
0.564954 0 0.749946 0 0.756374 0.161208 
0.565742 0 0.752736 0 0.760087 0.169822 
0.566525 0 0.755494 0 0.763793 0.178225 
0.567303 0 0.758218 0 0.767487 0.186422 
0.568068 0 0.760897 0 0.771166 0.194418 
0.568824 0 0.76353 0 0.774828 0.202216 
0.569575 0 0.766122 0 0.778474 0.209823 
0.570322 0 0.768671 0 0.782099 0.217241 
0.571058 0 0.771164 0 0.785699 0.224476 
0.571784 0 0.773598 0 0.789273 0.231532 
0.572506 0 0.775982 0 0.792819 0.238413 
0.573225 0 0.778309 0 0.796336 0.245124 
0.573932 0 0.78057 0 0.799817 0.251668 
0.57463 0 0.782761 0 0.803262 0.25805 
0.575325 0 0.78489 0 0.806672 0.264273 
0.576016 0 0.786953 0 0.810043 0.270342 
0.576696 0 0.78894 0 0.813371 0.276259 
0.577366 0 0.790848 0 0.816655 0.28203 
0.578033 0 0.792685 0 0.819897 0.287657 
0.578696 0 0.794448 0 0.823093 0.293144 
0.579349 0 0.796126 0 0.82624 0.298494 
0.579991 0 0.79772 0 0.829337 0.303712 
0.58063 0 0.799235 0 0.832386 0.308799 
0.581265 0 0.800671 0 0.835385 0.31376 
0.581656 0 0.801858 0 0.837791 0.318596 
0.581813 0 0.802907 0 0.839635 0.323313 
0.581811 0 0.803887 0 0.841126 0.327912 
0.581712 0 0.804809 0 0.842453 0.332396 
0.58161 0 0.805691 0 0.843746 0.336769 
0.581507 0 0.806531 0 0.845007 0.341033 
0.581411 0 0.807342 0 0.846241 0.34519 
0.581319 0 0.80812 0 0.847446 0.349243 
0.581226 0 0.808858 0 0.84862 0.353196 
0.58123 0 0.809628 0 0.849874 0.357049 
0.581317 0 0.810421 0 0.851188 0.360807 
0.581374 0 0.811208 0 0.85238 0.364471 
0.581398 0 0.811968 0 0.853443 0.368043 
0.581399 0 0.812704 0 0.854408 0.371526 
0.581394 0 0.813431 0 0.855312 0.374923 
0.581391 0 0.814148 0 0.856173 0.378234 
0.581384 0 0.814845 0 0.856997 0.381463 
0.581378 0 0.815523 0 0.857783 0.384611 
0.581379 0 0.816191 0 0.858537 0.38768 
0.581385 0 0.816848 0 0.859256 0.390672 
0.581389 0 0.817487 0 0.859935 0.39359 
0.581392 0 0.818109 0 0.860579 0.396435 
0.581403 0 0.818724 0 0.861192 0.399209 
0.581419 0 0.819333 0 0.861775 0.401913 
0.581434 0 0.819926 0 0.862324 0.40455 
0.581449 0 0.820504 0 0.862842 0.407121 
0.581471 0 0.821078 0 0.863334 0.409627 
0.581498 0 0.821647 0 0.863799 0.412071 
0.581524 0 0.822203 0 0.864233 0.414453 
0.58155 0 0.822746 0 0.864639 0.416776 
0.581582 0 0.823287 0 0.865022 0.419041 
0.58162 0 0.823825 0 0.865381 0.421249 
0.581651 0 0.82425 0 0.865705 0.423401 
0.581716 0 0.824653 0 0.866045 0.4255 
0.581813 0 0.825035 0 0.866417 0.427546 
0.581928 0 0.825401 0 0.866809 0.42954 
0.582029 0 0.825735 0 0.867186 0.431485 
0.582128 0 0.826048 0 0.867556 0.433381 
0.582249 0 0.82635 0 0.867946 0.435229 
0.582385 0 0.826642 0 0.868344 0.437031 
0.582523 0 0.82691 0 0.86874 0.438787 
0.582662 0 0.827153 0 0.869134 0.440499 
0.582809 0 0.827377 0 0.86953 0.442168 
0.582961 0 0.827583 0 0.869927 0.443795 
0.583111 0 0.82776 0 0.87032 0.445381 
0.58321 0 0.827924 0 0.870622 0.446928 
0.583282 0 0.8281 0 0.87086 0.448435 
0.583342 0 0.828286 0 0.871062 0.449904 
0.583371 0 0.828464 0 0.871213 0.451336 
0.583407 0 0.828629 0 0.871367 0.452731 
0.583455 0 0.828791 0 0.871528 0.454092 
0.58351 0 0.828947 0 0.87169 0.455417 
0.583562 0 0.829089 0 0.871845 0.45671 
0.583611 0 0.829219 0 0.871991 0.457969 
0.583663 0 0.829347 0 0.872133 0.459196 
0.583717 0 0.829476 0 0.872267 0.460392 
0.583766 0 0.829595 0 0.87239 0.461558 
0.583811 0 0.829705 0 0.872504 0.462694 
0.583859 0 0.829817 0 0.872614 0.4638 
0.58391 0 0.829928 0 0.872719 0.464879 
0.583956 0 0.830031 0 0.872815 0.465929 
0.583998 0 0.830125 0 0.872903 0.466953 
0.584043 0 0.83022 0 0.872988 0.46795 
0.584091 0 0.830317 0 0.873071 0.468921 
0.584134 0 0.830404 0 0.873145 0.469867 
0.584173 0 0.830485 0 0.873213 0.470789 
0.584216 0 0.830568 0 0.873279 0.471686 
0.584262 0 0.830653 0 0.873343 0.47256 
0.584302 0 0.83073 0 0.873399 0.473411 
0.584339 0 0.830801 0 0.87345 0.474239 
0.58438 0 0.830874 0 0.8735 0.475046 
0.584424 0 0.830951 0 0.873549 0.475831 
0.584462 0 0.83102 0 0.873591 0.476595 
0.584497 0 0.831084 0 0.873628 0.477338 
0.584537 0 0.831151 0 0.873665 0.478061 
0.584578 0 0.831221 0 0.873701 0.478764 
0.584615 0 0.831286 0 0.873731 0.479449 
0.584649 0 0.831345 0 0.873757 0.480114 
0.584686 0 0.831408 0 0.873784 0.48076 
0.584727 0 0.831475 0 0.87381 0.481388 
0.584762 0 0.831537 0 0.873831 0.481998 
0.584795 0 0.831594 0 0.873848 0.482591 
0.584831 0 0.831656 0 0.873866 0.483166 
0.584871 0 0.831722 0 0.873885 0.483724 
0.584905 0 0.831783 0 0.873898 0.484266 
0.584937 0 0.831841 0 0.873908 0.48479 
0.584973 0 0.831903 0 0.873919 0.485299 
0.585012 0 0.831971 0 0.873932 0.485791 
0.585046 0 0.832034 0 0.873939 0.486267 
0.585077 0 0.832094 0 0.873943 0.486727 
0.585113 0 0.83216 0 0.873949 0.487171 
0.585152 0 0.832232 0 0.873957 0.4876 
0.585186 0 0.8323 0 0.873959 0.488013 
0.585217 0 0.832365 0 0.873959 0.488411 
0.585253 0 0.832437 0 0.873961 0.488793 
0.585292 0 0.832514 0 0.873965 0.489159 
0.585327 0 0.832589 0 0.873964 0.48951 
0.585358 0 0.832662 0 0.87396 0.489844 
0.585395 0 0.832742 0 0.87396 0.490163 
0.585435 0 0.832828 0 0.87396 0.490466 
0.58547 0 0.832913 0 0.873957 0.490752 
0.585503 0 0.832996 0 0.873951 0.491021 
0.585541 0 0.833087 0 0.873948 0.491272 
0.585582 0 0.833185 0 0.873946 0.491506 
0.585619 0 0.833282 0 0.873941 0.491722 
0.585654 0 0.833379 0 0.873934 0.491918 
0.585694 0 0.833484 0 0.873929 0.492095 
0.585737 0 0.833598 0 0.873926 0.49225 
0.585777 0 0.833711 0 0.87392 0.492384 
0.585814 0 0.833825 0 0.873911 0.492495 
0.585856 0 0.833948 0 0.873906 0.492581 
0.585902 0 0.834081 0 0.873902 0.492641 
0.585945 0 0.834215 0 0.873895 0.492672 
0.585986 0 0.83435 0 0.873886 0.492674 
0.586032 0 0.834496 0 0.873879 0.492642 
0.586082 0 0.834654 0 0.873875 0.492576 
0.586129 0 0.834813 0 0.873867 0.49247 
0.586174 0 0.834975 0 0.873857 0.492321 
0.586224 0 0.83515 0 0.87385 0.492126 
0.58628 0 0.835337 0 0.873844 0.491878 
0.586332 0 0.835528 0 0.873835 0.491573 
0.586383 0 0.835724 0 0.873823 0.491203 
0.58644 0 0.835934 0 0.873813 0.490762 
0.586501 0 0.836158 0 0.873804 0.490239 
0.586561 0 0.836387 0 0.87379 0.489626 
0.586619 0 0.836623 0 0.873773 0.48891 
0.586683 0 0.836874 0 0.873755 0.488077 
0.586752 0 0.837142 0 0.873736 0.487114 
0.586819 0 0.837415 0 0.873709 0.486 
0.586885 0 0.837695 0 0.873673 0.484717 
0.586957 0 0.837991 0 0.873633 0.48324 
0.587033 0 0.838301 0 0.873584 0.481544 
0.587107 0 0.838616 0 0.873518 0.479598 
0.587178 0 0.838934 0 0.873431 0.47737 
0.587255 0 0.839262 0 0.873324 0.47482 
0.587333 0 0.839596 0 0.873189 0.471909 
0.587405 0 0.839923 0 0.873011 0.468592 
0.58747 0 0.840238 0 0.872781 0.464819 
0.587534 0 0.840542 0 0.87249 0.46054 
0.587591 0 0.840826 0 0.872119 0.455701 
0.587629 0 0.841067 0 0.871643 0.450247 
0.587817 0 0.841312 0 0.871242 0.444122 
0.588041 0 0.841455 0 0.870795 0.437274 
0.588342 0 0.841556 0 0.870289 0.429655 
0.588707 0 0.841581 0 0.869689 0.421228 
0.589136 0 0.841511 0 0.868963 0.41197 
0.589631 0 0.841328 0 0.868087 0.401878 
0.590195 0 0.841015 0 0.867039 0.390977 
0.590799 0 0.840522 0 0.865783 0.379317 
0.591487 0 0.839881 0 0.864335 0.366974 
0.592088 0 0.83893 0 0.862606 0.35404 
0.592832 0 0.837925 0 0.860645 0.34062 
0.593293 0 0.83641 0 0.85847 0.326818 
0.593927 0 0.834913 0 0.856008 0.312732 
0.594667 0 0.833333 0 0.853344 0.298454 
0.595413 0 0.831573 0 0.850519 0.284065 
0.596159 0 0.829646 0 0.847555 0.269635 
0.596905 0 0.827575 0 0.844479 0.255223 
0.597416 0 0.825203 0 0.84141 0.24088 
0.598049 0 0.822844 0 0.838171 0.226647 
0.598739 0 0.820441 0 0.834826 0.212561 
0.599455 0 0.81799 0 0.831434 0.19865 
0.599964 0 0.815318 0 0.828104 0.184938 
0.600561 0 0.812683 0 0.824686 0.171446 
0.601195 0 0.81005 0 0.821244 0.158189 
0.601684 0 0.807326 0 0.817839 0.145183 
0.602237 0 0.804634 0 0.814408 0.132437 
0.602824 0 0.801972 0 0.811 0.119963 
0.603286 0 0.799259 0 0.807689 0.107767 
0.603796 0 0.796596 0 0.80437 0.0958576 
0.604332 0 0.793977 0 0.801081 0.0842399 
0.604877 0 0.7914 0 0.797839 0.0729192 
0.605354 0 0.788838 0 0.794668 0.0619003 
0.605842 0 0.786323 0 0.79154 0.0511877 
0.60629 0 0.783847 0 0.788461 0.0407854 
0.606749 0 0.781427 0 0.78542 0.0306974 
0.607203 0 0.77906 0 0.782431 0.0209274 
0.607622 0 0.776772 0 0.779527 0.0114792 
0.608023 0 0.774551 0 0.77668 0.00235651 
0.608425 0 0.772398 0 0.773884 -0.00643688 
0.608802 0 0.770325 0 0.771159 -0.0148975 
0.609161 0 0.768332 0 0.7685 -0.0230214 
0.609512 0 0.766431 0 0.765914 -0.030805 
0.609555 0 0.764264 0 0.763009 -0.0382452 
0.609373 0 0.761871 0 0.759913 -0.0453388 
0.609072 0 0.759386 0 0.756776 -0.0520834 
0.608721 0 0.756933 0 0.7537 -0.0584774 
0.608459 0 0.754592 0 0.750804 -0.0645196 
0.608318 0 0.752447 0 0.748081 -0.0702093 
0.608268 0 0.750502 0 0.74554 -0.0755469 
0.608289 0 0.748744 0 0.743165 -0.0805335 
0.60836 0 0.747153 0 0.740937 -0.085171 
0.60846 0 0.745713 0 0.738846 -0.089462 
0.608366 0 0.744253 0 0.736725 -0.0934109 
0.608065 0 0.742701 0 0.734542 -0.0970224 
0.607617 0 0.741056 0 0.732322 -0.100303 
0.607061 0 0.739363 0 0.730111 -0.10326 
0.606435 0 0.737677 0 0.727948 -0.105902 
0.605769 0 0.736039 0 0.725856 -0.108238 
0.605554 0 0.735563 0 0.724772 -0.110279 
0.605576 0 0.735409 0 0.72401 -0.112036 
0.605596 0 0.73536 0 0.723338 -0.113517 
0.60562 0 0.73542 0 0.722758 -0.114733 
0.605647 0 0.735584 0 0.722263 -0.115697 
0.60567 0 0.735844 0 0.721848 -0.116419 
0.605692 0 0.736195 0 0.721512 -0.116913 
0.605713 0 0.736162 0 0.720813 -0.117191 
0.605744 0 0.736118 0 0.720033 -0.117266 
0.60577 0 0.736149 0 0.719317 -0.117153 
0.605679 0 0.736059 0 0.718529 -0.116867 
0.605683 0 0.736215 0 0.718214 -0.116423 
0.605721 0 0.736433 0 0.718064 -0.115833 
0.605693 0 0.736644 0 0.717927 -0.115112 
0.605619 0 0.73685 0 0.717805 -0.114273 
0.605519 0 0.737054 0 0.717702 -0.113329 
0.605398 0 0.737251 0 0.717616 -0.112294 
0.605256 0 0.737436 0 0.717548 -0.111181 
0.6051 0 0.737609 0 0.717498 -0.110004 
0.604936 0 0.737776 0 0.717466 -0.108774 
0.604766 0 0.737934 0 0.717451 -0.107504 
0.604585 0 0.738074 0 0.717448 -0.106208 
0.604439 0 0.738178 0 0.717312 -0.104898 
0.60445 0 0.738532 0 0.717421 -0.103585 
0.604557 0 0.73895 0 0.717598 -0.102283 
0.604698 0 0.739365 0 0.71778 -0.101001 
0.60485 0 0.739785 0 0.717965 -0.0997521 
0.605013 0 0.740231 0 0.718163 -0.0985461 
0.605183 0 0.7407 0 0.718371 -0.0973933 
0.605294 0 0.741066 0 0.718506 -0.0963035 
0.605369 0 0.74134 0 0.718595 -0.0952859 
0.60543 0 0.741562 0 0.718662 -0.0943489 
0.605485 0 0.741749 0 0.718717 -0.0935002 
0.605531 0 0.741902 0 0.718759 -0.0927468 
0.605571 0 0.742018 0 0.718783 -0.0920942 
0.605611 0 0.742098 0 0.718788 -0.0915468 
0.605648 0 0.742136 0 0.71877 -0.0911072 
0.605676 0 0.742122 0 0.718728 -0.0907762 
0.605696 0 0.742056 0 0.718664 -0.0905527 
0.605714 0 0.741944 0 0.718581 -0.0904324 
0.605728 0 0.741784 0 0.71848 -0.0904081 
0.605732 0 0.741571 0 0.718364 -0.0904694 
0.605727 0 0.741305 0 0.718235 -0.090601 
0.605718 0 0.740996 0 0.718102 -0.0907831 
0.605704 0 0.740645 0 0.717969 -0.0909898 
0.605677 0 0.740251 0 0.717844 -0.0911888 
0.605639 0 0.739819 0 0.717738 -0.0913398 
0.605683 0 0.739455 0 0.717646 -0.0913935 
0.605676 0 0.739055 0 0.717642 -0.0912904 
0.605747 0 0.738735 0 0.717666 -0.0909589 
0.605878 0 0.738522 0 0.717785 -0.0903142 
0.60606 0 0.738432 0 0.718031 -0.0892576 
0.606281 0 0.738472 0 0.718421 -0.0876766 
0.606527 0 0.738649 0 0.718975 -0.0854479 
0.606794 0 0.73899 0 0.719724 -0.0824445 
0.607086 0 0.739533 0 0.720699 -0.0785457 
0.607398 0 0.740304 0 0.721926 -0.0736535 
0.607723 0 0.741318 0 0.723421 -0.0677116 
0.608061 0 0.742581 0 0.72519 -0.0607173 
0.608414 0 0.744093 0 0.727225 -0.0527275 
0.608781 0 0.745829 0 0.729502 -0.0438533 
0.609152 0 0.747753 0 0.731991 -0.0342402 
0.609526 0 0.749826 0 0.734657 -0.0240478 
0.609909 0 0.752021 0 0.737468 -0.0134328 
0.610296 0 0.754305 0 0.740391 -0.00253543 
0.610681 0 0.756643 0 0.743401 0.00852548 
0.611295 0 0.759453 0 0.746886 0.0196535 
0.612025 0 0.762358 0 0.750471 0.0307724 
0.612787 0 0.765193 0 0.754028 0.0418243 
0.613635 0 0.768013 0 0.757635 0.0527652 
0.614482 0 0.770826 0 0.761254 0.0635625 
0.615334 0 0.773634 0 0.764882 0.0741924 
0.616089 0 0.776441 0 0.768533 0.0846379 
0.616841 0 0.779231 0 0.77219 0.0948871 
0.617594 0 0.782002 0 0.775851 0.104932 
0.618353 0 0.784762 0 0.779517 0.114769 
0.619117 0 0.787507 0 0.783183 0.124394 
0.619928 0 0.790189 0 0.786812 0.133806 
0.620766 0 0.792828 0 0.790435 0.143007 
0.621578 0 0.795564 0 0.794129 0.151997 
0.622356 0 0.79823 0 0.797771 0.160778 
0.623095 0 0.800792 0 0.801353 0.169353 
0.623807 0 0.803277 0 0.804904 0.177726 
0.624575 0 0.805713 0 0.808448 0.185899 
0.62527 0 0.808152 0 0.81205 0.193876 
0.625952 0 0.810515 0 0.815572 0.201661 
0.626624 0 0.812812 0 0.819055 0.209257 
0.627295 0 0.815064 0 0.822518 0.216669 
0.627965 0 0.817274 0 0.825964 0.223901 
0.628627 0 0.819432 0 0.829391 0.230956 
0.629282 0 0.821535 0 0.832797 0.237838 
0.629936 0 0.823587 0 0.836179 0.244551 
0.630589 0 0.825585 0 0.839536 0.2511 
0.631232 0 0.827517 0 0.842865 0.257487 
0.631867 0 0.829382 0 0.846168 0.263717 
0.632501 0 0.831187 0 0.849445 0.269793 
0.633132 0 0.83293 0 0.852694 0.275719 
0.633755 0 0.834601 0 0.855915 0.281498 
0.634369 0 0.8362 0 0.859109 0.287135 
0.634982 0 0.837733 0 0.862276 0.292632 
0.635592 0 0.8392 0 0.865414 0.297993 
0.636193 0 0.84059 0 0.868524 0.303221 
0.636785 0 0.841901 0 0.871606 0.308319 
0.637376 0 0.843142 0 0.874661 0.31329 
0.637965 0 0.844311 0 0.877686 0.318139 
0.638543 0 0.845399 0 0.880683 0.322866 
0.638578 0 0.84653 1 0.881159 0.327451 
0.63838 0 0.84818 1 0.881082 0.331942 
0.638128 0 0.849771 1 0.880756 0.336332 
0.637938 0 0.851354 1 0.880745 0.340596 
0.637745 0 0.852901 1 0.880692 0.344749 
0.637549 0 0.854413 0 0.880599 0.348794 
0.637351 0 0.855897 0 0.880472 0.35274 
0.637151 0 0.857351 0 0.880312 0.356589 
0.636948 0 0.858777 0 0.88012 0.360344 
0.636743 0 0.860174 0 0.879896 0.364006 
0.636536 0 0.861542 0 0.879642 0.367578 
0.636326 0 0.862882 0 0.879357 0.371063 
0.636114 0 0.864193 0 0.879042 0.374461 
0.635899 0 0.865475 0 0.878699 0.377776 
0.635682 0 0.866729 0 0.878328 0.381009 
0.635463 0 0.867954 0 0.87793 0.384161 
0.635241 0 0.869151 0 0.877505 0.387236 
0.635016 0 0.870316 0 0.877196 0.390235 
0.634794 0 0.871457 0 0.876935 0.393159 
0.634654 0 0.872666 0 0.876885 0.396011 
0.634559 0 0.873901 0 0.876935 0.398792 
0.634481 0 0.875126 0 0.877008 0.401504 
0.634412 0 0.876337 0 0.877086 0.404149 
0.634356 0 0.877538 0 0.877181 0.406728 
0.634319 0 0.878736 0 0.877305 0.409243 
0.634303 0 0.879935 0 0.877462 0.411695 
0.63431 0 0.881134 0 0.877651 0.414086 
0.634338 0 0.882333 0 0.877869 0.416418 
0.634388 0 0.883533 0 0.878117 0.418692 
0.634459 0 0.884732 0 0.878392 0.420909 
0.634552 0 0.885931 0 0.878695 0.423071 
0.634667 0 0.887131 0 0.879025 0.425179 
0.634803 0 0.888331 0 0.87938 0.427235 
0.63465 1 0.887764 0 0.880459 0.429247 
0.634618 1 0.887356 0 0.8817 0.431198 
0.634627 0 0.88698 0 0.883 0.433095 
0.634651 0 0.886599 0 0.884303 0.434945 
0.634687 0 0.886212 0 0.885614 0.436749 
0.634743 0 0.885826 0 0.88695 0.438508 
0.63478 0 0.886259 1 0.886974 0.440238 
0.634802 0 0.886736 1 0.886852 0.441911 
0.634972 0 0.887329 1 0.887087 0.443532 
0.635048 1 0.886784 1 0.887332 0.44511 
0.635113 1 0.886559 1 0.887285 0.446622 
0.635182 1 0.886388 1 0.887165 0.448067 
0.635256 1 0.886236 1 0.887035 0.449427 
0.635336 1 0.886098 1 0.886906 0.450675 
0.635471 1 0.885899 1 0.886915 0.45177 
0.635627 1 0.88573 1 0.886922 0.452669 
0.635806 1 0.885597 1 0.886918 0.453289 
0.636013 1 0.885497 1 0.88691 0.453531 
0.636268 1 0.885454 1 0.886894 0.453263 
0.636587 1 0.885462 1 0.886896 0.452324 
0.636981 1 0.885517 1 0.886933 0.450537 
0.63747 1 0.885623 1 0.887016 0.447723 
0.638069 1 0.885787 1 0.887154 0.44373 
0.638793 1 0.886013 1 0.887351 0.438461 
0.639649 1 0.886302 1 0.887611 0.431873 
0.640638 1 0.886651 1 0.88793 0.424015 
0.641759 1 0.887056 1 0.888304 0.414983 
0.643005 1 0.887508 1 0.888724 0.404914 
0.644366 1 0.887999 1 0.889182 0.393966 
0.645831 1 0.888519 1 0.889668 0.382305 
0.647389 1 0.88906 1 0.890174 0.370072 
0.649029 1 0.889612 1 0.890692 0.357405 
0.650892 1 0.890167 1 0.891121 0.344413 
0.652912 1 0.890816 1 0.89171 0.331229 
0.655026 1 0.891523 1 0.89242 0.317925 
0.657192 1 0.892228 1 0.893173 0.304566 
0.659396 1 0.892935 1 0.893889 0.291228 
0.661629 1 0.893611 1 0.894576 0.277952 
0.663882 1 0.894267 1 0.895241 0.264784 
0.666144 1 0.894908 1 0.895886 0.25176 
0.668412 1 0.895534 1 0.89651 0.238913 
0.670678 1 0.89614 1 0.897114 0.226261 
0.67294 1 0.896726 1 0.897697 0.213831 
0.67519 1 0.897291 1 0.898259 0.201633 
0.677426 1 0.897838 1 0.8988 0.189688 
0.679643 1 0.898365 1 0.899322 0.178009 
0.681836 1 0.898871 1 0.899824 0.166596 
0.684025 1 0.8993 1 0.900293 0.15547 
0.686218 1 0.899798 1 0.900664 0.144627 
0.688376 1 0.900338 1 0.901103 0.134078 
0.690478 1 0.900861 1 0.901565 0.123821 
0.692553 1 0.901347 1 0.902006 0.113865 
0.694588 1 0.901805 1 0.902415 0.104209 
0.69658 1 0.902241 1 0.902811 0.0948584 
0.698524 1 0.902662 1 0.903194 0.0858137 
0.700418 1 0.903066 1 0.903567 0.0770731 
0.702261 1 0.903456 1 0.90393 0.0686397 
0.70405 1 0.903833 1 0.904282 0.0605132 
0.705783 1 0.904197 1 0.904624 0.0526949 
0.707458 1 0.904551 1 0.904957 0.0451842 
0.709074 1 0.904896 1 0.905281 0.0379775 
0.710627 1 0.905231 1 0.905598 0.0310792 
0.712117 1 0.905559 1 0.905909 0.0244857 
0.713543 1 0.90588 1 0.906214 0.0181989 
0.714902 1 0.906195 1 0.906513 0.0122158 
0.716194 1 0.906504 1 0.906809 0.00653727 
0.717417 1 0.906809 1 0.907102 0.00116275 
0.71857 1 0.90711 1 0.90739 -0.00390779 
0.719655 1 0.907387 1 0.907661 -0.00867092 
0.720673 1 0.907633 1 0.907899 -0.0131282 
0.721594 1 0.907814 1 0.90813 -0.017279 
0.722438 1 0.90794 1 0.908339 -0.0211169 
0.723338 1 0.908147 1 0.908588 -0.024644 
0.724229 1 0.908377 0 0.908844 -0.0278558 
0.725109 0 0.908806 0 0.90928 -0.0295977 
0.725975 0 0.909608 0 0.910067 -0.0282759 
0.726828 0 0.910708 0 0.911133 -0.0241903 
0.727668 0 0.911992 0 0.912361 -0.0178699 
0.728498 0 0.913337 0 0.913632 -0.00988376 
0.729375 0 0.914704 0 0.914829 -0.000731187 
0.730288 0 0.915979 0 0.915867 0.00919399 
0.731228 0 0.917077 0 0.916678 0.0195982 
0.732184 0 0.917945 0 0.917214 0.030269 
0.73315 0 0.918549 0 0.917444 0.0410557 
0.734123 0 0.918868 0 0.917353 0.051852 
0.735181 0 0.918628 0 0.917375 0.0625837 
0.736304 0 0.918049 0 0.917216 0.0731991 
0.737437 0 0.917214 0 0.91674 0.0836625 
0.738564 0 0.916119 0 0.916003 0.0939499 
0.739687 0 0.914783 0 0.915023 0.104045 
0.740805 0 0.91323 0 0.913819 0.113937 
0.741918 0 0.911481 0 0.912412 0.123621 
0.743035 0 0.90955 0 0.910773 0.133092 
0.74426 0 0.908301 0 0.908841 0.142351 
0.74553 0 0.907412 0 0.906732 0.151396 
0.746799 0 0.906559 0 0.904513 0.160229 
0.748064 0 0.905582 0 0.902241 0.168854 
0.749326 0 0.904505 0 0.899923 0.177273 
0.750588 0 0.903338 0 0.897563 0.185489 
0.751849 0 0.902089 0 0.895165 0.193507 
0.753111 0 0.900763 0 0.892732 0.201329 
0.754375 0 0.899367 0 0.890271 0.20896 
0.754897 0 0.897673 0 0.888807 0.216404 
0.755461 0 0.896009 0 0.887267 0.223665 
0.756083 0 0.894608 0 0.88562 0.230747 
0.756742 0 0.893415 0 0.883916 0.237654 
0.757418 0 0.892341 0 0.882193 0.24439 
0.758101 0 0.891318 0 0.880468 0.25096 
0.75882 0 0.890319 0 0.878878 0.257367 
0.759569 0 0.889327 0 0.877376 0.263614 
0.760343 0 0.888343 0 0.875922 0.269707 
0.761136 0 0.8874 0 0.874514 0.275649 
0.761945 0 0.886514 0 0.873144 0.281442 
0.762772 0 0.885692 0 0.871814 0.287092 
0.763617 0 0.884934 0 0.870522 0.2926 
0.76448 0 0.884235 0 0.869272 0.297972 
0.765361 0 0.883592 0 0.868065 0.30321 
0.766261 0 0.883003 0 0.8669 0.308318 
0.767179 0 0.882465 0 0.865779 0.313298 
0.768114 0 0.88198 0 0.8647 0.318154 
0.769066 0 0.881547 0 0.863662 0.322889 
0.770035 0 0.881166 0 0.862664 0.327505 
0.771019 0 0.880838 0 0.861705 0.332007 
0.772018 0 0.880561 0 0.860783 0.336396 
0.773031 0 0.880334 0 0.859898 0.340676 
0.774058 0 0.880156 0 0.859048 0.344849 
0.775097 0 0.880026 0 0.858232 0.348917 
0.776154 0 0.880593 1 0.858028 0.352888 
0.777194 0 0.88128 1 0.857921 0.356754 
0.778231 0 0.88195 0 0.857789 0.360522 
0.779259 0 0.882618 0 0.857653 0.364196 
0.780278 0 0.88328 0 0.85751 0.367779 
0.781286 0 0.883931 0 0.857354 0.371272 
0.782301 0 0.884571 0 0.857227 0.374677 
0.783325 0 0.885202 0 0.857118 0.377998 
0.784353 0 0.88583 0 0.857024 0.381236 
0.785378 0 0.886456 0 0.85694 0.384393 
0.78621 1 0.885748 0 0.85666 0.387471 
0.786845 0 0.885348 1 0.856752 0.390465 
0.787323 0 0.884903 1 0.857013 0.393383 
0.787708 0 0.884399 1 0.857365 0.396223 
0.7878 1 0.88411 1 0.857779 0.398993 
0.787685 1 0.88387 1 0.858167 0.401678 
0.787459 1 0.883676 1 0.85851 0.40428 
0.787186 1 0.883518 1 0.858809 0.406782 
0.786905 1 0.883385 1 0.859067 0.409173 
0.786634 1 0.883269 1 0.859294 0.411431 
0.786387 1 0.883165 1 0.8595 0.413511 
0.786169 1 0.883068 1 0.859688 0.415356 
0.785997 1 0.883001 1 0.859848 0.416901 
0.785925 1 0.882925 1 0.860062 0.418026 
0.785933 1 0.882847 1 0.860275 0.418604 
0.786013 1 0.882778 1 0.860473 0.418473 
0.78618 1 0.882726 1 0.860652 0.417441 
0.786466 1 0.882696 1 0.860809 0.415322 
0.786903 1 0.882687 1 0.860953 0.41195 
0.787521 1 0.882695 1 0.861085 0.407221 
0.788339 1 0.882714 1 0.861203 0.401111 
0.789365 1 0.882738 1 0.861306 0.393671 
0.7906 1 0.882763 1 0.861395 0.384986 
0.792035 1 0.882785 1 0.861469 0.37522 
0.793656 1 0.882801 1 0.861531 0.364521 
0.79545 1 0.882808 1 0.861581 0.353059 
0.797396 1 0.882808 1 0.861625 0.340988 
0.799479 1 0.882799 1 0.861662 0.328438 
0.801679 1 0.882781 1 0.861698 0.315551 
0.803978 1 0.882755 1 0.861732 0.302411 
0.80636 1 0.882721 1 0.861764 0.289113 
0.80881 1 0.882681 1 0.861797 0.275733 
0.811312 1 0.882635 1 0.86183 0.262329 
0.813856 1 0.882586 1 0.861862 0.248962 
0.816429 1 0.882532 1 0.861896 0.235666 
0.819023 1 0.882476 1 0.861931 0.222479 
0.821627 1 0.882418 1 0.861966 0.209428 
0.824235 1 0.882357 1 0.862002 0.196537 
0.826841 1 0.882296 1 0.862037 0.183828 
0.829437 1 0.882233 1 0.862073 0.171313 
0.832018 1 0.88217 1 0.86211 0.15901 
0.834577 1 0.882108 1 0.862145 0.146927 
0.837113 1 0.882046 1 0.862179 0.135073 
0.839622 1 0.881983 1 0.862213 0.123453 
0.8421 1 0.88192 1 0.862246 0.112071 
0.844545 1 0.881857 1 0.862278 0.100937 
0.846952 1 0.881795 1 0.862309 0.0900514 
0.849319 1 0.881732 1 0.862338 0.0794155 
0.851644 1 0.88167 1 0.862366 0.0690321 
0.853925 1 0.881608 1 0.862391 0.058902 
0.856158 1 0.881547 1 0.862413 0.0490244 
0.858345 1 0.881485 1 0.862378 0.0393942 
0.86049 1 0.881422 1 0.862363 0.0300229 
0.862586 1 0.881359 1 0.86237 0.0209018 
0.864622 1 0.881299 1 0.862385 0.0120352 
0.8666 1 0.88124 1 0.862394 0.00341897 
0.868552 0 0.881155 1 0.86239 -0.0049479 
0.870393 0 0.880987 1 0.862336 -0.0122726 
0.871053 0 0.881467 1 0.862683 -0.0184282 
0.871021 0 0.882345 0 0.86318 -0.0233259 
0.87116 1 0.88253 0 0.863319 -0.0257715 
0.871259 1 0.882604 0 0.863363 -0.0272493 
0.871278 1 0.882616 0 0.863327 -0.0278157 
0.871314 1 0.882438 0 0.863122 -0.0275399 
0.871216 0 0.882329 1 0.862978 -0.0264952 
0.871144 0 0.881959 1 0.862598 -0.024384 
0.871101 0 0.881355 0 0.862022 -0.021325 
0.871088 0 0.880302 0 0.86107 -0.0162316 
0.870465 0 0.879671 1 0.860591 -0.00951166 
0.869887 0 0.878937 0 0.859974 -0.00250574 
0.868702 1 0.878528 0 0.859896 0.00560181 
0.86759 0 0.878014 0 0.859839 0.0135438 
0.866481 0 0.877405 0 0.859637 0.0222723 
0.865387 0 0.876719 0 0.859323 0.0315454 
0.864302 0 0.875986 0 0.858951 0.0411752 
0.863228 0 0.87523 0 0.858552 0.0510195 
0.861858 0 0.874804 1 0.858432 0.0609718 
0.860515 0 0.874421 0 0.858353 0.0706698 
0.859232 0 0.873926 0 0.858295 0.080399 
0.857988 0 0.87343 0 0.858234 0.0901008 
0.856707 0 0.873007 1 0.858256 0.0997318 
0.855455 0 0.872603 1 0.858317 0.109094 
0.854247 0 0.872211 1 0.858392 0.118192 
0.853087 0 0.871833 1 0.85847 0.12703 
0.851977 0 0.871468 1 0.858548 0.135612 
0.85091 0 0.87112 1 0.85863 0.143943 
0.849876 0 0.870797 1 0.858745 0.152026 
0.848875 0 0.870493 0 0.858887 0.159865 
0.847899 0 0.87019 0 0.859035 0.167676 
0.846945 0 0.869893 0 0.859192 0.175429 
0.846014 0 0.869607 0 0.859362 0.1831 
0.845107 0 0.869332 0 0.859547 0.190671 
0.844226 0 0.869067 0 0.859746 0.198129 
0.84337 0 0.868813 0 0.859962 0.205463 
0.84254 0 0.86857 0 0.860194 0.212667 
0.841737 0 0.868337 0 0.860442 0.219736 
0.840959 0 0.868113 0 0.860706 0.226664 
0.840208 0 0.867899 0 0.860986 0.233451 
0.839483 0 0.867694 0 0.861281 0.240096 
0.838783 0 0.867497 0 0.861591 0.246598 
0.838108 0 0.867015 0 0.861421 0.252957 
0.837427 0 0.866533 0 0.861164 0.259174 
0.836779 0 0.86607 0 0.860911 0.26525 
0.836157 0 0.865621 0 0.860679 0.271188 
0.835527 0 0.865205 0 0.860486 0.276988 
0.834893 0 0.864824 0 0.860322 0.282654 
0.834286 0 0.864445 0 0.860141 0.288186 
0.83355 0 0.864231 0 0.860104 0.293587 
0.83271 1 0.864132 0 0.86023 0.298864 
0.831824 1 0.86409 0 0.860366 0.303985 
0.830934 1 0.864072 0 0.860502 0.308954 
0.830066 1 0.864059 0 0.860638 0.31377 
0.82923 1 0.864045 0 0.860774 0.31843 
0.828428 1 0.86403 0 0.860909 0.322929 
0.82766 1 0.864013 0 0.861042 0.327265 
0.826925 1 0.863997 0 0.861174 0.331432 
0.826222 1 0.863982 0 0.861303 0.335422 
0.825551 1 0.863968 0 0.861431 0.339229 
0.824912 1 0.863955 0 0.861558 0.342841 
0.824307 1 0.863943 0 0.861685 0.346247 
0.823737 1 0.863932 0 0.861812 0.349434 
0.823203 1 0.863921 0 0.86194 0.352389 
0.822709 1 0.86391 0 0.862069 0.355096 
0.822255 1 0.8639 0 0.8622 0.357538 
0.821844 1 0.863889 0 0.862334 0.359699 
0.821479 1 0.863878 0 0.862471 0.361561 
0.821161 1 0.863866 0 0.862611 0.363107 
0.820893 1 0.863853 0 0.862755 0.364325 
0.820676 1 0.863838 0 0.862903 0.365199 
0.820513 1 0.863821 0 0.863057 0.365716 
0.820403 1 0.863803 0 0.863215 0.365869 
0.820349 1 0.863782 0 0.863378 0.365652 
0.820341 1 0.863767 0 0.863554 0.365063 
0.820336 1 0.863824 0 0.863778 0.364104 
0.820334 0 0.863937 0 0.864038 0.362782 
0.820331 0 0.863955 0 0.86419 0.362191 
0.820331 0 0.863897 0 0.864258 0.362202 
0.820283 1 0.86384 0 0.864324 0.362706 
0.820222 1 0.863827 0 0.864413 0.362841 
0.82019 1 0.863828 0 0.864516 0.362599 
0.820211 1 0.863831 0 0.864629 0.361981 
0.82023 1 0.863914 0 0.864796 0.360988 
0.820256 0 0.864056 0 0.865001 0.359626 
0.820283 0 0.864102 0 0.865095 0.359011 
0.820312 0 0.864071 0 0.865101 0.35901 
0.820292 1 0.864037 0 0.865109 0.359512 
0.820261 1 0.864049 0 0.865138 0.359636 
0.820261 1 0.864074 0 0.865182 0.359376 
0.82026 1 0.864173 0 0.865279 0.35873 
0.820271 0 0.864331 0 0.865419 0.357701 
0.820283 0 0.864403 0 0.865456 0.357358 
0.820298 0 0.864404 0 0.865411 0.35758 
0.820269 1 0.864401 0 0.865363 0.358264 
0.820237 1 0.864438 0 0.865336 0.358565 
0.82024 1 0.864487 0 0.865324 0.358475 
0.820244 1 0.864613 0 0.865368 0.357985 
0.820256 0 0.864801 0 0.865454 0.357098 
0.820269 0 0.864907 0 0.865442 0.356861 
0.820285 0 0.864946 0 0.865351 0.357162 
0.820262 1 0.864972 0 0.865253 0.357906 
0.820245 1 0.865034 0 0.865177 0.358255 
0.820241 1 0.865137 0 0.865136 0.3582 
0.820249 1 0.865307 0 0.865145 0.357732 
0.820265 0 0.865539 0 0.865196 0.35685 
0.82028 0 0.865691 0 0.865149 0.356606 
0.820297 0 0.865779 0 0.865026 0.356888 
0.820316 0 0.865813 0 0.864841 0.357606 
0.820283 1 0.865861 0 0.864679 0.35868 
0.820243 1 0.865954 0 0.864538 0.35936 
0.820239 1 0.866064 0 0.864411 0.359626 
0.820238 1 0.866253 0 0.864341 0.35947 
0.820247 0 0.866508 0 0.864315 0.358879 
0.820256 0 0.866693 0 0.864205 0.358847 
0.820267 0 0.866821 0 0.864026 0.359281 
0.820257 1 0.866916 0 0.863832 0.3601 
0.82027 1 0.867038 0 0.863656 0.360501 
0.820281 1 0.867238 0 0.863533 0.360467 
0.820301 0 0.867507 0 0.863455 0.359984 
0.82032 0 0.867712 0 0.863298 0.360024 
0.820345 1 0.867845 0 0.863085 0.360501 
0.820433 1 0.86785 0 0.862848 0.360535 
0.820575 0 0.867842 0 0.862639 0.360112 
0.820739 0 0.867767 0 0.862362 0.360192 
0.820912 0 0.867651 0 0.862031 0.360691 
0.820956 0 0.867641 1 0.86189 0.361537 
0.820964 0 0.867636 1 0.861849 0.362133 
0.820974 0 0.86763 1 0.861846 0.362485 
0.821014 0 0.867622 1 0.861859 0.362603 
0.821084 0 0.867614 1 0.861877 0.362501 
0.821183 0 0.867606 1 0.861895 0.362188 
0.821285 0 0.867597 1 0.861908 0.36168 
0.821394 0 0.867601 1 0.861923 0.360993 
0.821518 0 0.867611 1 0.861938 0.36014 
0.821663 0 0.867623 1 0.861954 0.359137 
0.821828 0 0.867636 1 0.861969 0.357998 
0.822016 0 0.867649 1 0.861982 0.356738 
0.822226 0 0.867661 1 0.861993 0.355371 
0.822458 0 0.867671 1 0.862002 0.353911 
0.822709 0 0.867678 1 0.862009 0.352371 
0.82298 0 0.867681 1 0.862015 0.350764 
0.823255 0 0.867681 1 0.862019 0.3491 
0.823534 0 0.867682 1 0.862022 0.34739 
0.823816 0 0.867685 1 0.862026 0.345646 
0.824102 0 0.867688 1 0.862029 0.343876 
0.824391 0 0.867691 1 0.862031 0.342089 
0.824683 0 0.867693 1 0.862033 0.340292 
0.824977 0 0.867694 1 0.862034 0.338493 
0.825271 0 0.867695 1 0.862035 0.336699 
0.825565 0 0.867695 1 0.862035 0.334915 
0.825857 0 0.867695 1 0.862035 0.333146 
0.826148 0 0.867694 1 0.862033 0.331398 
0.826435 0 0.867693 1 0.862032 0.329674 
0.826718 0 0.867693 1 0.86203 0.327978 
0.826997 0 0.867691 1 0.862027 0.326313 
0.827272 0 0.86769 1 0.862024 0.324682 
0.827543 0 0.867688 1 0.862016 0.323087 
0.827808 0 0.867685 1 0.862011 0.321531 
0.828066 0 0.867682 1 0.862007 0.320014 
0.828321 0 0.867679 1 0.861997 0.318538 
0.828568 0 0.867675 1 0.861992 0.317103 
0.828811 0 0.86767 1 0.86198 0.315712 
0.829046 0 0.867665 1 0.861974 0.314363 
0.829276 0 0.867659 1 0.861962 0.313058 
0.829498 0 0.867654 1 0.861955 0.311797 
0.829715 0 0.867648 1 0.861941 0.310578 
0.829922 0 0.867642 1 0.861934 0.309402 
0.830101 0 0.867654 1 0.861947 0.30827 
0.830258 1 0.867677 1 0.861964 0.307179 
0.830428 1 0.86784 1 0.862166 0.30476 
0.830659 1 0.868107 0 0.862544 0.301011 
0.830925 0 0.868335 0 0.86293 0.297237 
0.831163 0 0.86839 0 0.863094 0.29498 
0.831335 1 0.868325 0 0.863177 0.293992 
0.831459 1 0.868317 0 0.863284 0.29278 
0.83159 1 0.868332 0 0.863402 0.291361 
0.831752 1 0.868352 0 0.863526 0.289754 
0.831946 1 0.868376 0 0.863653 0.287976 
0.832164 1 0.868404 0 0.86378 0.286047 
0.832403 1 0.868437 0 0.863906 0.283984 
0.832659 1 0.868476 0 0.864032 0.281802 
0.832931 1 0.868519 0 0.864156 0.279518 
0.833217 1 0.868567 0 0.864277 0.277147 
0.833515 1 0.868618 0 0.864396 0.274701 
0.833825 1 0.868674 0 0.864511 0.272197 
0.834144 1 0.868733 0 0.864623 0.269645 
0.83447 1 0.868795 0 0.86473 0.267058 
0.834803 1 0.868861 0 0.864832 0.264447 
0.835142 1 0.86893 0 0.864929 0.261823 
0.835485 1 0.869003 0 0.86502 0.259192 
0.835831 1 0.869078 0 0.865104 0.256565 
0.836179 1 0.869157 0 0.865181 0.253949 
0.836529 1 0.869238 0 0.865251 0.251349 
0.83688 1 0.869322 0 0.865314 0.248773 
0.83723 1 0.86941 0 0.865369 0.246227 
0.837579 1 0.8695 0 0.865415 0.243714 
0.837927 1 0.869593 0 0.865454 0.24124 
0.838287 1 0.869668 1 0.865481 0.238806 
0.838778 1 0.86978 1 0.865563 0.235158 
0.839435 1 0.869907 1 0.865671 0.230393 
0.840254 1 0.870048 1 0.865792 0.224645 
0.841212 1 0.870198 1 0.865925 0.218035 
0.842287 1 0.870358 1 0.866069 0.210694 
0.843462 1 0.870523 1 0.866222 0.202749 
0.844721 1 0.870692 1 0.866384 0.194312 
0.84605 1 0.870864 1 0.866552 0.185486 
0.847439 1 0.871036 1 0.866724 0.176354 
0.848877 1 0.871209 1 0.866897 0.167002 
0.850355 1 0.871383 1 0.86707 0.157491 
0.851863 1 0.871557 1 0.867243 0.147864 
0.853393 1 0.87173 1 0.867414 0.138186 
0.854069 1 0.871977 1 0.868062 0.128491 
0.854766 1 0.872284 1 0.868649 0.118813 
0.855796 1 0.872346 1 0.868909 0.109204 
0.857104 1 0.872137 1 0.868978 0.0996631 
0.858251 1 0.872302 1 0.869223 0.090215 
0.859376 1 0.872616 1 0.869372 0.0808822 
0.860504 1 0.872987 1 0.869458 0.0716759 
0.861072 1 0.87383 1 0.870187 0.0626129 
0.861627 0 0.874661 1 0.870933 0.0537353 
0.862127 0 0.875372 1 0.871558 0.0459634 
0.862643 1 0.875889 1 0.872015 0.0394222 
0.863274 1 0.876299 1 0.872374 0.0328594 
0.864003 1 0.876624 1 0.872635 0.0263 
0.864752 1 0.876939 1 0.872878 0.019772 
0.865354 0 0.877397 1 0.873277 0.0132858 
0.86582 1 0.877786 1 0.87362 0.00806729 
0.866269 1 0.878194 1 0.873999 0.00282232 
0.866717 1 0.87861 1 0.874389 -0.00246532 
0.867116 1 0.879089 1 0.874828 -0.00775918 
0.867483 0 0.879595 1 0.875288 -0.0130167 
0.867766 0 0.879945 1 0.875602 -0.0169672 
0.867947 0 0.880137 1 0.875789 -0.0195677 
0.86809 1 0.880146 1 0.8758 -0.0208441 
0.868263 1 0.880194 1 0.875854 -0.0224813 
0.868465 0 0.880275 0 0.875954 -0.0244315 
0.868691 0 0.879822 0 0.875549 -0.0237865 
0.868943 0 0.87887 0 0.874672 -0.0207349 
0.868763 1 0.878159 0 0.873851 -0.015631 
0.868418 0 0.877659 1 0.873166 -0.0103175 
0.868111 0 0.877019 0 0.872341 -0.00451133 
0.867837 0 0.876082 0 0.871238 0.00269571 
0.867586 0 0.87493 0 0.869942 0.0109384 
0.867358 0 0.873628 0 0.868515 0.0199174 
0.866096 1 0.873315 0 0.868064 0.0293931 
0.864914 0 0.873062 0 0.867582 0.0385595 
0.863773 0 0.872764 0 0.867001 0.0480665 
0.862651 0 0.872459 0 0.866382 0.0577773 
0.861535 0 0.872167 0 0.865756 0.0675889 
0.860423 0 0.871901 0 0.865144 0.0774237 
0.859317 0 0.871669 0 0.864557 0.0872241 
0.858218 0 0.871479 0 0.864003 0.0969468 
0.857126 0 0.871338 0 0.863488 0.10656 
0.856039 0 0.871252 0 0.863014 0.11604 
0.855077 0 0.870884 0 0.862532 0.12537 
0.854205 0 0.870428 0 0.862062 0.134536 
0.853401 0 0.869963 0 0.861585 0.143532 
0.852647 0 0.869505 0 0.861109 0.152348 
0.851932 0 0.869057 0 0.860646 0.160984 
0.85095 0 0.868459 0 0.859969 0.169437 
0.85003 0 0.867845 0 0.859231 0.177705 
0.84913 0 0.867305 0 0.858573 0.18579 
0.848225 0 0.866808 0 0.857968 0.193691 
0.847317 0 0.866342 0 0.857393 0.201412 
0.846409 0 0.865902 0 0.856851 0.208953 
0.845538 0 0.86546 0 0.856281 0.216318 
0.844703 0 0.86505 0 0.85573 0.22351 
0.84389 0 0.864686 0 0.855214 0.23053 
0.843091 0 0.864367 0 0.854731 0.237383 
0.842306 0 0.864088 0 0.854275 0.244071 
0.841352 0 0.864123 1 0.854087 0.250598 
0.84042 0 0.864169 1 0.853902 0.256952 
0.839509 0 0.864245 0 0.853741 0.263134 
0.838618 0 0.864364 0 0.853608 0.26917 
0.837743 0 0.864529 0 0.853505 0.27506 
0.836883 0 0.864739 0 0.85343 0.280809 
0.836035 0 0.864993 0 0.853381 0.28642 
0.835279 0 0.865004 0 0.853139 0.291894 
0.834523 0 0.86502 0 0.852863 0.297236 
0.833704 0 0.864971 0 0.852687 0.302447 
0.832933 0 0.864919 0 0.8525 0.307533 
0.8322 0 0.864878 0 0.852296 0.312493 
0.831493 0 0.864837 0 0.852089 0.317332 
0.830809 0 0.864796 0 0.851888 0.322052 
0.83015 0 0.864754 0 0.851696 0.326656 
0.82952 0 0.864711 0 0.851512 0.331148 
0.828918 0 0.864667 0 0.851335 0.335529 
0.828346 0 0.86462 0 0.851164 0.339801 
0.827737 0 0.864562 0 0.851063 0.343968 
0.827138 0 0.864535 0 0.850941 0.348032 
0.826565 0 0.864514 0 0.850822 0.351996 
0.826018 0 0.86449 0 0.850706 0.355862 
0.825433 0 0.864452 0 0.850628 0.359632 
0.824861 0 0.864448 0 0.850555 0.363309 
0.824313 0 0.864446 0 0.850486 0.366895 
0.823791 0 0.864441 0 0.850422 0.370392 
0.823295 0 0.864433 0 0.850362 0.373802 
0.822824 0 0.864421 0 0.850305 0.377127 
0.82238 0 0.864406 0 0.850251 0.380371 
0.821962 0 0.864388 0 0.8502 0.383533 
0.82157 0 0.864365 0 0.850151 0.386617 
0.821139 0 0.864338 0 0.85016 0.389624 
0.820675 0 0.864322 0 0.850156 0.392556 
0.820227 0 0.864334 0 0.850156 0.395416 
0.819802 0 0.864346 0 0.850159 0.398204 
0.8194 0 0.864354 0 0.850165 0.400923 
0.819022 0 0.864357 0 0.850173 0.403575 
0.818667 0 0.864357 0 0.850185 0.40616 
0.818337 0 0.864353 0 0.850199 0.40868 
0.818032 0 0.864345 0 0.850214 0.411138 
0.817681 0 0.86433 0 0.850268 0.413535 
0.817305 0 0.864328 0 0.850314 0.415872 
0.816943 0 0.86435 0 0.850363 0.418151 
0.816604 0 0.864371 0 0.850415 0.420373 
0.816287 0 0.864387 0 0.850469 0.42254 
0.815991 0 0.864398 0 0.850525 0.424652 
0.815719 0 0.864405 0 0.850582 0.426712 
0.815422 0 0.864396 0 0.850654 0.42872 
0.815138 0 0.864412 0 0.850732 0.430679 
0.814876 0 0.864427 0 0.850813 0.432588 
0.814533 0 0.864472 0 0.850928 0.434449 
0.814167 0 0.864538 0 0.851046 0.436264 
0.813804 0 0.864621 0 0.851159 0.438034 
0.813444 0 0.864716 0 0.851271 0.439759 
0.813085 0 0.864824 0 0.851382 0.441441 
0.812748 0 0.86488 0 0.851482 0.443081 
0.812404 0 0.864968 0 0.851599 0.44468 
0.812086 0 0.865025 0 0.851697 0.44624 
0.811754 0 0.865113 0 0.851811 0.447759 
0.811445 0 0.865171 0 0.85191 0.449242 
0.811129 0 0.865257 0 0.852021 0.450686 
0.810834 0 0.865312 0 0.852121 0.452094 
0.810534 0 0.865394 0 0.852232 0.453467 
0.810255 0 0.865447 0 0.852333 0.454807 
0.809966 0 0.865526 0 0.852444 0.456112 
0.809699 0 0.86558 0 0.852546 0.457384 
0.809423 0 0.865657 0 0.852656 0.458625 
0.809167 0 0.86571 0 0.852759 0.459834 
0.808902 0 0.865785 0 0.852869 0.461013 
0.808657 0 0.865837 0 0.852971 0.462162 
0.808403 0 0.86591 0 0.85308 0.463282 
0.808169 0 0.865961 0 0.853183 0.464375 
0.807926 0 0.866033 0 0.853291 0.465439 
0.807701 0 0.866084 0 0.853393 0.466477 
0.807468 0 0.866154 0 0.8535 0.467489 
0.807253 0 0.866204 0 0.853602 0.468475 
0.807029 0 0.866273 0 0.853708 0.469436 
0.806823 0 0.866322 0 0.85381 0.470373 
0.806607 0 0.866389 0 0.853915 0.471287 
0.80641 0 0.866438 0 0.854016 0.472177 
0.806203 0 0.866504 0 0.85412 0.473045 
0.806014 0 0.866552 0 0.85422 0.47389 
0.805815 0 0.866617 0 0.854323 0.474714 
0.805634 0 0.866664 0 0.854422 0.475518 
0.805443 0 0.866728 0 0.854523 0.476301 
0.805269 0 0.866774 0 0.854622 0.477064 
0.805086 0 0.866837 0 0.854722 0.477808 
0.804919 0 0.866883 0 0.854819 0.478533 
0.804743 0 0.866945 0 0.854918 0.479239 
0.804583 0 0.866989 0 0.855014 0.479928 
0.804413 0 0.86705 0 0.855112 0.480598 
0.80426 0 0.867094 0 0.855207 0.481252 
0.804097 0 0.867154 0 0.855303 0.481889 
0.80395 0 0.867197 0 0.855397 0.48251 
0.803793 0 0.867256 0 0.855492 0.483115 
0.803652 0 0.867299 0 0.855585 0.483704 
0.803501 0 0.867356 0 0.855678 0.484277 
0.803366 0 0.867398 0 0.855769 0.484837 
0.803221 0 0.867455 0 0.855861 0.485381 
0.803091 0 0.867496 0 0.855952 0.485911 
0.802951 0 0.867552 0 0.856042 0.486428 
0.802827 0 0.867593 0 0.856131 0.486931 
0.802693 0 0.867648 0 0.85622 0.487421 
0.802574 0 0.867688 0 0.856308 0.487899 
0.802444 0 0.867742 0 0.856395 0.488364 
