0.237409 0 0.362077 0 0.362075 0.500001 
0.23698 0 0.362841 0 0.362734 0.477686 
0.236428 0 0.363662 0 0.36336 0.45558 
0.235908 0 0.364633 0 0.364045 0.433783 
0.235505 0 0.365763 0 0.364823 0.41236 
0.235257 0 0.367018 0 0.365697 0.391356 
0.235149 0 0.368328 0 0.36664 0.370794 
0.235047 0 0.369542 0 0.36749 0.350687 
0.234952 0 0.370649 0 0.368235 0.331039 
0.234857 0 0.371635 0 0.368865 0.311849 
0.234911 0 0.372726 0 0.369463 0.293113 
0.235072 0 0.373712 0 0.370124 0.274826 
0.235331 0 0.374649 0 0.370792 0.256979 
0.235696 0 0.375538 0 0.371497 0.239566 
0.236136 0 0.37637 0 0.372198 0.222578 
0.236642 0 0.377148 0 0.372884 0.206005 
0.237196 0 0.377872 0 0.373547 0.189839 
0.237786 0 0.378535 0 0.374182 0.174072 
0.238406 0 0.379145 0 0.374791 0.158694 
0.239059 0 0.379717 0 0.375384 0.143695 
0.23974 0 0.380258 0 0.375963 0.129069 
0.240439 0 0.380767 0 0.376529 0.114805 
0.241154 0 0.381253 0 0.377088 0.100895 
0.241889 0 0.381731 0 0.377647 0.0873306 
0.242639 0 0.382205 0 0.378209 0.0741038 
0.243396 0 0.382672 0 0.378772 0.0612061 
0.244157 0 0.383137 0 0.379339 0.0486296 
0.244927 0 0.38361 0 0.379914 0.0363665 
0.245702 0 0.384092 0 0.380495 0.0244091 
0.246473 0 0.384572 0 0.381074 0.0127498 
0.24724 0 0.38505 0 0.38165 0.00138143 
0.248009 0 0.385531 0 0.382222 -0.0097033 
0.248776 0 0.386011 0 0.382784 -0.0205113 
0.249533 0 0.386475 0 0.383327 -0.0310496 
0.250281 0 0.386922 0 0.383846 -0.0413248 
0.251025 0 0.387355 0 0.384342 -0.0513434 
0.251763 0 0.387771 0 0.384809 -0.0611117 
0.252488 0 0.388158 0 0.385242 -0.0706361 
0.253199 0 0.388515 0 0.385638 -0.0799224 
0.253904 0 0.388851 0 0.386002 -0.0889769 
0.254599 0 0.389164 0 0.386333 -0.0978051 
0.255278 0 0.389445 0 0.386628 -0.106413 
0.255939 0 0.389696 0 0.386888 -0.114805 
0.25659 0 0.389926 0 0.387119 -0.122988 
0.257227 0 0.390133 0 0.387324 -0.130966 
0.257841 0 0.39031 0 0.387499 -0.138745 
0.258433 0 0.390457 0 0.387648 -0.14633 
0.259008 0 0.390584 0 0.387779 -0.153725 
0.259682 0 0.390824 0 0.387972 -0.160935 
0.260439 0 0.391148 0 0.388234 -0.167964 
0.261254 0 0.391539 0 0.388546 -0.174818 
0.262114 0 0.391985 0 0.388894 -0.181501 
0.263003 0 0.392471 0 0.389263 -0.188017 
0.263904 0 0.392984 0 0.389643 -0.19437 
0.264814 0 0.39352 0 0.390028 -0.200564 
0.265735 0 0.394086 0 0.390422 -0.206603 
0.266663 0 0.394681 0 0.39082 -0.212491 
0.267589 0 0.395294 0 0.391217 -0.218232 
0.268514 0 0.395926 0 0.391614 -0.223829 
0.269444 0 0.396586 0 0.392016 -0.229286 
0.270375 0 0.397271 0 0.392421 -0.234607 
0.271303 0 0.397974 0 0.392825 -0.239795 
0.272226 0 0.398694 0 0.39323 -0.244852 
0.273151 0 0.399441 0 0.393639 -0.249783 
0.274078 0 0.400212 0 0.394052 -0.254591 
0.274998 0 0.400999 0 0.394465 -0.259278 
0.275914 0 0.401802 0 0.394878 -0.263848 
0.276831 0 0.40263 0 0.395297 -0.268304 
0.277748 0 0.40348 0 0.395719 -0.272647 
0.278409 0 0.403942 0 0.396057 -0.276881 
0.27894 0 0.404262 0 0.396299 -0.28101 
0.279414 0 0.404547 0 0.396483 -0.285034 
0.279866 0 0.404839 0 0.396636 -0.288957 
0.280308 0 0.405145 0 0.396776 -0.292781 
0.280755 0 0.405476 0 0.396914 -0.296508 
0.28122 0 0.405846 0 0.397063 -0.300141 
0.281708 0 0.406258 0 0.397223 -0.303681 
0.282213 0 0.406705 0 0.39739 -0.307132 
0.282738 0 0.407189 0 0.397565 -0.310493 
0.283287 0 0.407715 0 0.39775 -0.313768 
0.283857 0 0.408278 0 0.397943 -0.316957 
0.284436 0 0.408867 0 0.398137 -0.320063 
0.285024 0 0.409479 0 0.39833 -0.323087 
0.285624 0 0.410118 0 0.398525 -0.326029 
0.286232 0 0.41078 0 0.398717 -0.328892 
0.286564 0 0.410882 0 0.398727 -0.331676 
0.286738 0 0.410724 0 0.398602 -0.334382 
0.286858 0 0.410496 0 0.398459 -0.337011 
0.287007 0 0.41031 0 0.398341 -0.339562 
0.287172 0 0.410149 0 0.398239 -0.342037 
0.287348 0 0.41001 0 0.398149 -0.344436 
0.287541 0 0.409901 0 0.398072 -0.346757 
0.287747 0 0.409817 0 0.398005 -0.349001 
0.287958 0 0.409749 0 0.397942 -0.351166 
0.288174 0 0.409697 0 0.397885 -0.353251 
0.288402 0 0.409669 0 0.397837 -0.355254 
0.288639 0 0.409663 0 0.397796 -0.357173 
0.28888 0 0.409669 0 0.397759 -0.359005 
0.289125 0 0.40969 0 0.397726 -0.360747 
0.28938 0 0.409733 0 0.397704 -0.362392 
0.289645 0 0.409796 0 0.397691 -0.363937 
0.289913 0 0.409873 0 0.397683 -0.365375 
0.290184 0 0.409963 0 0.397684 -0.366697 
0.290465 0 0.410077 0 0.397698 -0.367895 
0.290756 0 0.410214 0 0.397727 -0.368958 
0.291048 0 0.410367 0 0.397768 -0.369873 
0.291285 0 0.410372 0 0.39782 -0.370625 
0.291508 0 0.41036 0 0.397874 -0.371196 
0.291726 0 0.410366 0 0.397934 -0.371568 
0.291932 0 0.410385 0 0.398 -0.371719 
0.292135 0 0.410426 0 0.398088 -0.371622 
0.292342 0 0.410502 0 0.398207 -0.37125 
0.292499 0 0.410534 0 0.398286 -0.370572 
0.292613 0 0.410525 0 0.398364 -0.369557 
0.292703 0 0.410516 0 0.398476 -0.36817 
0.292787 0 0.41055 0 0.39865 -0.366376 
0.292871 0 0.410647 0 0.398898 -0.364142 
0.292951 0 0.410812 0 0.399223 -0.361434 
0.293027 0 0.411052 0 0.399633 -0.358226 
0.293106 0 0.411382 0 0.400143 -0.354493 
0.293137 0 0.411735 0 0.400718 -0.35022 
0.293139 0 0.41216 0 0.401374 -0.345396 
0.293126 0 0.412682 0 0.402132 -0.340022 
0.293109 0 0.413319 0 0.403004 -0.334106 
0.293087 0 0.414073 0 0.403994 -0.327666 
0.293054 0 0.414936 0 0.4051 -0.320724 
0.293013 0 0.415912 0 0.406321 -0.313313 
0.292972 0 0.417007 0 0.407661 -0.305468 
0.292928 0 0.418221 0 0.409117 -0.297229 
0.292878 0 0.419542 0 0.41068 -0.288638 
0.292823 0 0.420969 0 0.412347 -0.279738 
0.29277 0 0.422503 0 0.414115 -0.270572 
0.292718 0 0.424136 0 0.415979 -0.261182 
0.292661 0 0.425856 0 0.417925 -0.251609 
0.2926 0 0.427654 0 0.419948 -0.241891 
0.292543 0 0.429533 0 0.422045 -0.232064 
0.292488 0 0.431482 0 0.424207 -0.222161 
0.292429 0 0.433488 0 0.426422 -0.212214 
0.292368 0 0.435544 0 0.428683 -0.202249 
0.292312 0 0.43765 0 0.430988 -0.192293 
0.292259 0 0.439799 0 0.433329 -0.182369 
0.292202 0 0.441974 0 0.435694 -0.172497 
0.292144 0 0.444172 0 0.438077 -0.162695 
0.292091 0 0.446393 0 0.440477 -0.15298 
0.292041 0 0.44863 0 0.442887 -0.143367 
0.291988 0 0.45087 0 0.445296 -0.133868 
0.291934 0 0.453109 0 0.447701 -0.124495 
0.291886 0 0.455349 0 0.450101 -0.115257 
0.29184 0 0.457584 0 0.45249 -0.106163 
0.291793 0 0.459802 0 0.454859 -0.0972203 
0.291743 0 0.462001 0 0.457206 -0.0884351 
0.291699 0 0.464184 0 0.459532 -0.0798129 
0.291659 0 0.466347 0 0.461832 -0.0713579 
0.291615 0 0.468479 0 0.464098 -0.0630739 
0.291571 0 0.470579 0 0.46633 -0.054964 
0.291531 0 0.472652 0 0.468529 -0.0470303 
0.291495 0 0.474694 0 0.470693 -0.0392746 
0.291456 0 0.476695 0 0.472814 -0.031698 
0.291416 0 0.478656 0 0.474893 -0.0243013 
0.291381 0 0.480583 0 0.476932 -0.0170846 
0.291349 0 0.482473 0 0.47893 -0.0100477 
0.291315 0 0.484317 0 0.480881 -0.00319017 
0.291278 0 0.486116 0 0.482784 0.00348886 
0.291247 0 0.487876 0 0.484646 0.00999069 
0.291219 0 0.489597 0 0.486463 0.0163168 
0.291189 0 0.49127 0 0.488231 0.0224688 
0.291156 0 0.492896 0 0.489951 0.0284488 
0.291129 0 0.494483 0 0.491628 0.034259 
0.291105 0 0.496029 0 0.493261 0.0399019 
0.291078 0 0.497528 0 0.494846 0.0453799 
0.291049 0 0.49898 0 0.496383 0.0506962 
0.291025 0 0.500395 0 0.497879 0.0558536 
0.291004 0 0.50177 0 0.499333 0.0608552 
0.290981 0 0.5031 0 0.500741 0.0657045 
0.290955 0 0.504385 0 0.502104 0.0704049 
0.290935 0 0.505635 0 0.503429 0.0749601 
0.290917 0 0.506848 0 0.504715 0.0793738 
0.290897 0 0.508019 0 0.505958 0.0836499 
0.290875 0 0.509149 0 0.507161 0.0877926 
0.290857 0 0.510246 0 0.508329 0.0918058 
0.290843 0 0.511311 0 0.509463 0.0956942 
0.290826 0 0.512336 0 0.510558 0.0994621 
0.290807 0 0.513324 0 0.511617 0.103114 
0.290793 0 0.514285 0 0.512646 0.106655 
0.290782 0 0.515216 0 0.513646 0.110089 
0.290769 0 0.516113 0 0.514612 0.113423 
0.290753 0 0.516977 0 0.515547 0.11666 
0.290742 0 0.517817 0 0.516457 0.119806 
0.290735 0 0.518633 0 0.517343 0.122866 
0.290724 0 0.519418 0 0.518201 0.125847 
0.290712 0 0.520176 0 0.519034 0.128753 
0.290705 0 0.520914 0 0.519847 0.13159 
0.290701 0 0.521633 0 0.520642 0.134365 
0.290695 0 0.522326 0 0.521414 0.137082 
0.290686 0 0.522996 0 0.522167 0.139749 
0.290683 0 0.523652 0 0.522906 0.142371 
0.290683 0 0.524293 0 0.523632 0.144954 
0.29068 0 0.524914 0 0.524342 0.147505 
0.290675 0 0.525516 0 0.525037 0.150029 
0.290676 0 0.526109 0 0.525725 0.152533 
0.29068 0 0.526692 0 0.526406 0.155023 
0.29074 0 0.52736 0 0.527166 0.157504 
0.290841 0 0.528066 0 0.527969 0.159983 
0.290986 0 0.5288 0 0.528803 0.162465 
0.291156 0 0.529546 0 0.529657 0.164956 
0.291338 0 0.530295 0 0.530524 0.167462 
0.291529 0 0.53105 0 0.531403 0.169987 
0.291736 0 0.531817 0 0.532301 0.172536 
0.291956 0 0.532595 0 0.533216 0.175114 
0.292182 0 0.533376 0 0.534143 0.177724 
0.292416 0 0.53416 0 0.535083 0.180371 
0.292664 0 0.534957 0 0.536043 0.183058 
0.292925 0 0.535765 0 0.537021 0.185787 
0.293191 0 0.536577 0 0.538013 0.18856 
0.293464 0 0.537394 0 0.53902 0.19138 
0.293751 0 0.538225 0 0.540047 0.194249 
0.29405 0 0.539067 0 0.541093 0.197166 
0.294354 0 0.539914 0 0.542153 0.200134 
0.294664 0 0.540766 0 0.543227 0.203152 
0.294925 0 0.541566 0 0.544249 0.20622 
0.295163 0 0.542341 0 0.54524 0.209337 
0.295388 0 0.543103 0 0.546215 0.212504 
0.295607 0 0.543862 0 0.547189 0.215717 
0.295832 0 0.54463 0 0.548172 0.218978 
0.296064 0 0.545403 0 0.549163 0.222283 
0.296294 0 0.546175 0 0.550157 0.22563 
0.296525 0 0.546944 0 0.551152 0.229019 
0.296762 0 0.547718 0 0.552152 0.232446 
0.297004 0 0.548495 0 0.553156 0.23591 
0.297242 0 0.549267 0 0.554156 0.239408 
0.297479 0 0.550033 0 0.555152 0.242938 
0.29772 0 0.550802 0 0.556149 0.246497 
0.297964 0 0.551571 0 0.557144 0.250082 
0.298203 0 0.552332 0 0.558131 0.253691 
0.298439 0 0.553085 0 0.55911 0.257322 
0.298678 0 0.553838 0 0.560086 0.260971 
0.298918 0 0.554587 0 0.561056 0.264635 
0.299152 0 0.555326 0 0.562014 0.268312 
0.299381 0 0.556054 0 0.562959 0.271999 
0.299612 0 0.556779 0 0.563897 0.275692 
0.299843 0 0.557498 0 0.564826 0.279389 
0.300067 0 0.558204 0 0.565738 0.283086 
0.300284 0 0.558896 0 0.566634 0.28678 
0.300501 0 0.559582 0 0.56752 0.290469 
0.300718 0 0.560261 0 0.568392 0.294148 
0.300926 0 0.560923 0 0.569245 0.297815 
0.301126 0 0.56157 0 0.570079 0.301467 
0.301327 0 0.562209 0 0.5709 0.305101 
0.301525 0 0.562839 0 0.571704 0.308714 
0.301714 0 0.56345 0 0.572487 0.312302 
0.301895 0 0.564045 0 0.573249 0.315864 
0.302074 0 0.56463 0 0.573995 0.319396 
0.302251 0 0.565204 0 0.574724 0.322896 
0.302419 0 0.56576 0 0.575429 0.326362 
0.302578 0 0.566297 0 0.576112 0.329791 
0.302735 0 0.566824 0 0.576779 0.333181 
0.30289 0 0.56734 0 0.577428 0.336531 
0.303034 0 0.567837 0 0.578052 0.339838 
0.303171 0 0.568315 0 0.578654 0.343101 
0.303305 0 0.568783 0 0.57924 0.346319 
0.303436 0 0.56924 0 0.579807 0.34949 
0.303558 0 0.569678 0 0.580351 0.352613 
0.303671 0 0.570099 0 0.580873 0.355687 
0.303783 0 0.570509 0 0.581379 0.35871 
0.303892 0 0.570909 0 0.581868 0.361684 
0.303991 0 0.571291 0 0.582334 0.364606 
0.304082 0 0.571656 0 0.582779 0.367476 
0.304172 0 0.572012 0 0.583209 0.370294 
0.304259 0 0.572359 0 0.583624 0.373059 
0.304337 0 0.572688 0 0.584017 0.375771 
0.304408 0 0.573002 0 0.58439 0.37843 
0.304477 0 0.573309 0 0.58475 0.381035 
0.304545 0 0.573607 0 0.585095 0.383588 
0.304604 0 0.57389 0 0.58542 0.386086 
0.304656 0 0.574158 0 0.585727 0.388531 
0.304707 0 0.57442 0 0.586022 0.390922 
0.304757 0 0.574676 0 0.586304 0.393259 
0.304798 0 0.574918 0 0.586567 0.395543 
0.304833 0 0.575147 0 0.586812 0.397772 
0.304868 0 0.575372 0 0.587047 0.399947 
0.304901 0 0.575592 0 0.58727 0.402067 
0.304927 0 0.575799 0 0.587475 0.404132 
0.304947 0 0.575996 0 0.587663 0.406141 
0.304967 0 0.57619 0 0.587841 0.408095 
0.304986 0 0.576381 0 0.588008 0.409991 
0.304997 0 0.576562 0 0.588157 0.411828 
0.305003 0 0.576733 0 0.58829 0.413606 
0.305009 0 0.576904 0 0.588413 0.415323 
0.305014 0 0.577074 0 0.588524 0.416976 
0.305012 0 0.577235 0 0.588618 0.418563 
0.305004 0 0.577388 0 0.588694 0.420081 
0.304996 0 0.577542 0 0.58876 0.421526 
0.304987 0 0.577696 0 0.588812 0.422894 
0.304971 0 0.577842 0 0.588846 0.424178 
0.304948 0 0.577981 0 0.588861 0.425373 
0.304925 0 0.578121 0 0.588863 0.426471 
0.304901 0 0.578261 0 0.58885 0.427461 
0.30487 0 0.578393 0 0.588814 0.428334 
0.304831 0 0.578516 0 0.588758 0.429074 
0.304792 0 0.578639 0 0.588684 0.429667 
0.304751 0 0.578758 0 0.588591 0.430092 
0.304703 0 0.578865 0 0.588471 0.430327 
0.304647 0 0.578959 0 0.588322 0.430345 
0.304591 0 0.579046 0 0.58815 0.430114 
0.304534 0 0.579122 0 0.587949 0.429597 
0.304468 0 0.579174 0 0.58771 0.428754 
0.304396 0 0.579201 0 0.58743 0.427537 
0.304324 0 0.579205 0 0.587111 0.425895 
0.304252 0 0.579178 0 0.586744 0.423774 
0.304171 0 0.579104 0 0.586318 0.421114 
0.304085 0 0.578976 0 0.585823 0.417861 
0.303998 0 0.578791 0 0.585258 0.413961 
0.303911 0 0.578536 0 0.58461 0.409367 
0.304001 0 0.578392 0 0.584083 0.404044 
0.304216 0 0.578281 0 0.583596 0.397968 
0.304499 0 0.578133 0 0.583064 0.39113 
0.304815 0 0.577903 0 0.582438 0.383537 
0.305321 0 0.577743 0 0.581849 0.37521 
0.305625 0 0.577273 0 0.580961 0.366181 
0.306132 0 0.576852 0 0.580092 0.356492 
0.306642 0 0.576284 0 0.57908 0.346189 
0.307148 0 0.575558 0 0.577916 0.335329 
0.307469 0 0.574525 0 0.576466 0.323973 
0.307972 0 0.573484 0 0.574944 0.312191 
0.308462 0 0.572279 0 0.573306 0.300056 
0.30894 0 0.570912 0 0.571519 0.287642 
0.309408 0 0.569396 0 0.569587 0.275021 
0.310002 0 0.567837 0 0.567667 0.262259 
0.310414 0 0.566079 0 0.565495 0.249418 
0.310987 0 0.564332 0 0.563311 0.236552 
0.311559 0 0.5625 0 0.561044 0.223711 
0.311978 0 0.560534 0 0.558635 0.210941 
0.312437 0 0.558501 0 0.556177 0.198282 
0.312919 0 0.556437 0 0.553687 0.18577 
0.313422 0 0.554363 0 0.551183 0.173437 
0.313951 0 0.552291 0 0.548675 0.161308 
0.314503 0 0.55022 0 0.546162 0.149405 
0.315069 0 0.548144 0 0.543639 0.13774 
0.315651 0 0.546066 0 0.541112 0.126324 
0.316255 0 0.543997 0 0.538593 0.115156 
0.31688 0 0.541937 0 0.536084 0.104236 
0.317516 0 0.539883 0 0.533587 0.0935548 
0.318163 0 0.537836 0 0.531108 0.0831019 
0.318824 0 0.535801 0 0.528655 0.0728635 
0.319492 0 0.533776 0 0.526226 0.0628235 
0.320159 0 0.531752 0 0.523818 0.0529655 
0.320824 0 0.529727 0 0.521431 0.0432735 
0.32149 0 0.52771 0 0.519072 0.0337327 
0.322159 0 0.525703 0 0.516739 0.0243312 
0.322823 0 0.523702 0 0.514431 0.0150595 
0.323486 0 0.521713 0 0.512153 0.00591109 
0.324157 0 0.519752 0 0.509912 -0.00311814 
0.324834 0 0.51782 0 0.50771 -0.0120297 
0.325511 0 0.515918 0 0.505545 -0.0208237 
0.326191 0 0.514052 0 0.503421 -0.0294987 
0.326879 0 0.512232 0 0.501344 -0.0380526 
0.327572 0 0.510461 0 0.499314 -0.0464823 
0.328263 0 0.508734 0 0.497327 -0.0547851 
0.328952 0 0.507057 0 0.495385 -0.0629575 
0.329644 0 0.505438 0 0.493492 -0.0709968 
0.330336 0 0.503876 0 0.491647 -0.0789001 
0.330707 0 0.501918 0 0.489396 -0.0866648 
0.330904 0 0.499674 0 0.48696 -0.0942891 
0.330992 0 0.497313 0 0.48447 -0.101772 
0.331016 0 0.494956 0 0.481996 -0.109111 
0.331037 0 0.492658 0 0.479581 -0.116307 
0.331056 0 0.490422 0 0.477228 -0.123358 
0.331078 0 0.488255 0 0.47494 -0.130265 
0.331102 0 0.486156 0 0.472716 -0.137026 
0.331091 0 0.48405 0 0.470519 -0.143643 
0.331049 0 0.481926 0 0.468345 -0.150116 
0.330987 0 0.479799 0 0.466205 -0.156444 
0.33091 0 0.477683 0 0.464106 -0.162628 
0.330815 0 0.475586 0 0.462052 -0.168669 
0.330708 0 0.473512 0 0.460046 -0.174566 
0.330597 0 0.471472 0 0.458093 -0.180319 
0.330482 0 0.469461 0 0.456191 -0.185929 
0.330355 0 0.467473 0 0.454337 -0.191394 
0.330219 0 0.465507 0 0.452531 -0.196714 
0.330353 0 0.46402 0 0.451037 -0.201886 
0.330639 0 0.462768 0 0.449735 -0.206908 
0.330944 0 0.461578 0 0.448479 -0.211775 
0.331191 0 0.460393 0 0.447227 -0.216482 
0.331405 0 0.45922 0 0.446 -0.221022 
0.331594 0 0.458061 0 0.444811 -0.225387 
0.331761 0 0.456918 0 0.443666 -0.229564 
0.331912 0 0.4558 0 0.442574 -0.23354 
0.332057 0 0.454723 0 0.441548 -0.237297 
0.332198 0 0.453691 0 0.440594 -0.240813 
0.332437 0 0.452851 0 0.439799 -0.244062 
0.332744 0 0.452188 0 0.439165 -0.24701 
0.333097 0 0.451666 0 0.438672 -0.24962 
0.333472 0 0.451264 0 0.438301 -0.251844 
0.333852 0 0.450975 0 0.438053 -0.25363 
0.334236 0 0.450813 0 0.43794 -0.254915 
0.334628 0 0.450801 0 0.437985 -0.255632 
0.335026 0 0.450956 0 0.438202 -0.255706 
0.335424 0 0.451288 0 0.438605 -0.255063 
0.335822 0 0.451814 0 0.439212 -0.253628 
0.336226 0 0.452559 0 0.440043 -0.251339 
0.336636 0 0.453531 0 0.441108 -0.248143 
0.337044 0 0.454733 0 0.44241 -0.244011 
0.337452 0 0.456166 0 0.443951 -0.238934 
0.337866 0 0.457833 0 0.445731 -0.23293 
0.338284 0 0.459723 0 0.447738 -0.226042 
0.338699 0 0.46181 0 0.449951 -0.218335 
0.339113 0 0.464075 0 0.45235 -0.209887 
0.339531 0 0.466501 0 0.454916 -0.200791 
0.339951 0 0.469059 0 0.45762 -0.191144 
0.340366 0 0.471715 0 0.460432 -0.181043 
0.340777 0 0.474441 0 0.463326 -0.170584 
0.34119 0 0.47722 0 0.466281 -0.159859 
0.341603 0 0.480023 0 0.469271 -0.148952 
0.342007 0 0.482823 0 0.472273 -0.137944 
0.342405 0 0.485599 0 0.475268 -0.126906 
0.3428 0 0.488344 0 0.478246 -0.115905 
0.343191 0 0.491044 0 0.481196 -0.105005 
0.343571 0 0.493682 0 0.484103 -0.0942616 
0.343938 0 0.49625 0 0.486964 -0.0837286 
0.344298 0 0.498751 0 0.489773 -0.0734533 
0.344649 0 0.501175 0 0.492522 -0.0634779 
0.344982 0 0.503506 0 0.495195 -0.0538375 
0.345298 0 0.505736 0 0.497785 -0.0445604 
0.345602 0 0.507866 0 0.500285 -0.0356665 
0.345892 0 0.509891 0 0.50269 -0.0271658 
0.346412 0 0.512345 0 0.505442 -0.019055 
0.347135 0 0.514971 0 0.508228 -0.0113132 
0.348032 0 0.517678 0 0.510964 -0.00390666 
0.348935 0 0.520327 0 0.513648 0.003199 
0.349838 0 0.522921 0 0.516286 0.0100298 
0.350741 0 0.525469 0 0.518888 0.0166042 
0.351649 0 0.527986 0 0.521467 0.0229366 
0.352561 0 0.530476 0 0.524029 0.0290408 
0.353469 0 0.53294 0 0.526575 0.0349306 
0.354376 0 0.535383 0 0.529115 0.0406209 
0.355287 0 0.537822 0 0.531658 0.0461274 
0.3562 0 0.540259 0 0.53421 0.0514671 
0.35711 0 0.542695 0 0.536772 0.0566573 
0.358017 0 0.545134 0 0.53935 0.0617162 
0.358927 0 0.547589 0 0.541955 0.0666618 
0.359838 0 0.550063 0 0.544588 0.0715122 
0.360745 0 0.552551 0 0.547248 0.0762848 
0.361648 0 0.555056 0 0.549938 0.0809964 
0.362353 0 0.557391 0 0.552427 0.0856626 
0.362919 0 0.559576 0 0.554805 0.0902973 
0.363385 0 0.561658 0 0.557128 0.0949131 
0.363789 0 0.563683 0 0.559431 0.0995208 
0.364159 0 0.565685 0 0.561737 0.10413 
0.364508 0 0.567669 0 0.564052 0.108747 
0.364836 0 0.569626 0 0.566372 0.11338 
0.365152 0 0.571557 0 0.568702 0.118032 
0.365463 0 0.573468 0 0.571044 0.122706 
0.365772 0 0.575356 0 0.573396 0.127406 
0.366074 0 0.577213 0 0.575753 0.132132 
0.366638 0 0.579374 0 0.578392 0.136884 
0.367362 0 0.581714 0 0.581197 0.141661 
0.368167 0 0.58412 0 0.584069 0.146463 
0.368677 0 0.586195 0 0.586304 0.151289 
0.369 0 0.588086 0 0.588149 0.156135 
0.369218 0 0.58988 0 0.589867 0.160997 
0.369439 0 0.591671 0 0.591583 0.165873 
0.369656 0 0.593449 0 0.593292 0.170759 
0.369871 0 0.595213 0 0.594994 0.175651 
0.37009 0 0.596969 0 0.596691 0.180544 
0.370312 0 0.598716 0 0.59838 0.185436 
0.370531 0 0.600443 0 0.600056 0.190323 
0.370747 0 0.602149 0 0.601717 0.195201 
0.371017 0 0.60381 0 0.603396 0.200066 
0.371318 0 0.605426 0 0.605081 0.204916 
0.371632 0 0.607003 0 0.606765 0.209746 
0.37212 0 0.608764 0 0.608775 0.214555 
0.372695 0 0.610578 0 0.610861 0.21934 
0.373297 0 0.61237 0 0.612926 0.224098 
0.373877 0 0.614105 0 0.614955 0.228827 
0.374317 0 0.615649 0 0.616784 0.233526 
0.374648 0 0.617066 0 0.618444 0.238191 
0.374903 0 0.618395 0 0.619988 0.242822 
0.375099 0 0.619651 0 0.621446 0.247417 
0.375254 0 0.620847 0 0.622837 0.251974 
0.375384 0 0.622 0 0.62417 0.256492 
0.375493 0 0.623113 0 0.625445 0.26097 
0.375642 0 0.624148 0 0.626751 0.265407 
0.375803 0 0.62512 0 0.628063 0.269802 
0.376059 0 0.626258 0 0.629403 0.274155 
0.376417 0 0.627489 0 0.630805 0.278464 
0.376821 0 0.628741 0 0.632225 0.282729 
0.377246 0 0.629984 0 0.633644 0.28695 
0.377685 0 0.631217 0 0.635057 0.291126 
0.37813 0 0.632432 0 0.63646 0.295257 
0.378572 0 0.633621 0 0.637847 0.299342 
0.379012 0 0.634782 0 0.639217 0.30338 
0.379455 0 0.635924 0 0.640575 0.30737 
0.379899 0 0.637044 0 0.64192 0.311312 
0.380256 0 0.638055 0 0.643131 0.315205 
0.38056 0 0.638999 0 0.644246 0.319047 
0.380841 0 0.63991 0 0.645304 0.322838 
0.381112 0 0.640798 0 0.646328 0.326577 
0.381371 0 0.641658 0 0.647321 0.330261 
0.381623 0 0.642492 0 0.648286 0.33389 
0.381874 0 0.643306 0 0.649229 0.337462 
0.382122 0 0.644099 0 0.650147 0.340977 
0.382359 0 0.644865 0 0.651033 0.344432 
0.382588 0 0.645603 0 0.65189 0.347826 
0.382814 0 0.646324 0 0.652722 0.351158 
0.383037 0 0.647027 0 0.653528 0.354427 
0.383249 0 0.647703 0 0.654303 0.357632 
0.383452 0 0.648354 0 0.655049 0.36077 
0.383652 0 0.648989 0 0.655772 0.363842 
0.383849 0 0.649607 0 0.65647 0.366844 
0.384035 0 0.650199 0 0.657138 0.369777 
0.384211 0 0.650768 0 0.657778 0.372638 
0.384385 0 0.651321 0 0.658396 0.375426 
0.384555 0 0.651857 0 0.658989 0.37814 
0.384713 0 0.652368 0 0.659552 0.380777 
0.384861 0 0.652856 0 0.660086 0.383335 
0.385004 0 0.653327 0 0.660596 0.385813 
0.385143 0 0.653782 0 0.661081 0.388207 
0.385268 0 0.654211 0 0.661534 0.390515 
0.385381 0 0.654616 0 0.661957 0.392732 
0.385489 0 0.655004 0 0.662353 0.394856 
0.385589 0 0.655373 0 0.662722 0.396881 
0.385674 0 0.655716 0 0.663057 0.398803 
0.385745 0 0.656032 0 0.663358 0.400614 
0.385808 0 0.656331 0 0.663631 0.402308 
0.385862 0 0.656609 0 0.663873 0.403878 
0.385899 0 0.65686 0 0.664079 0.405312 
0.385921 0 0.657082 0 0.664248 0.406602 
0.385933 0 0.657286 0 0.664387 0.407735 
0.385934 0 0.657468 0 0.664492 0.408698 
0.385917 0 0.657622 0 0.664559 0.409475 
0.385884 0 0.657747 0 0.664587 0.41005 
0.385841 0 0.657853 0 0.664582 0.410402 
0.385788 0 0.657939 0 0.664542 0.410511 
0.385717 0 0.657995 0 0.66446 0.410351 
0.38563 0 0.658026 0 0.664336 0.409894 
0.385535 0 0.658037 0 0.664175 0.409107 
0.385431 0 0.65803 0 0.663972 0.407949 
0.385311 0 0.657996 0 0.663717 0.406372 
0.385178 0 0.657934 0 0.663407 0.404318 
0.38512 0 0.657893 0 0.663152 0.401714 
0.385121 0 0.657863 0 0.662916 0.398476 
0.385164 0 0.657822 0 0.662664 0.394505 
0.385294 0 0.65781 0 0.662417 0.389696 
0.385452 0 0.657743 0 0.662107 0.383949 
0.385787 0 0.657825 0 0.661781 0.377177 
0.386113 0 0.657711 0 0.661361 0.369328 
0.3866 0 0.657671 0 0.660865 0.360389 
0.387132 0 0.657437 0 0.660277 0.350398 
0.387761 0 0.657089 0 0.659574 0.339437 
0.388442 0 0.656571 0 0.658701 0.327622 
0.389235 0 0.655974 0 0.657664 0.31509 
0.390089 0 0.655179 0 0.656483 0.301985 
0.390978 0 0.654185 0 0.655123 0.288446 
0.391929 0 0.653054 0 0.653584 0.2746 
0.392918 0 0.651766 0 0.651877 0.260558 
0.393904 0 0.65028 0 0.650012 0.246417 
0.394916 0 0.648655 0 0.64799 0.232256 
0.395933 0 0.64689 0 0.645825 0.218139 
0.396935 0 0.644959 0 0.643547 0.20412 
0.397919 0 0.642898 0 0.641156 0.190241 
0.398909 0 0.64075 0 0.638675 0.176536 
0.399732 0 0.638397 0 0.636039 0.16303 
0.400592 0 0.636018 0 0.633339 0.149743 
0.401473 0 0.633617 0 0.630606 0.136691 
0.402362 0 0.631195 0 0.627856 0.123884 
0.403245 0 0.62875 0 0.625097 0.111328 
0.404115 0 0.626286 0 0.622329 0.0990278 
0.404528 0 0.623497 0 0.619467 0.0869829 
0.405082 0 0.620853 0 0.61655 0.075193 
0.405704 0 0.618278 0 0.613622 0.0636572 
0.405775 0 0.615342 0 0.610621 0.0523761 
0.406076 0 0.612628 0 0.607571 0.0413522 
0.406506 0 0.610045 0 0.604535 0.0305893 
0.406931 0 0.607489 0 0.601518 0.0200926 
0.40735 0 0.604964 0 0.59852 0.0098669 
0.407772 0 0.60248 0 0.595543 -8.26573e-05 
0.407708 0 0.599763 0 0.592578 -0.00975258 
0.407851 0 0.59718 0 0.589482 -0.019141 
0.408109 0 0.594703 0 0.586367 -0.0282487 
0.408125 0 0.59185 0 0.582818 -0.0370783 
0.408091 0 0.589384 0 0.579872 -0.0456362 
0.408271 0 0.587171 0 0.577211 -0.0539289 
0.408656 0 0.585104 0 0.574715 -0.0619655 
0.409155 0 0.58318 0 0.572312 -0.0697566 
0.409656 0 0.581331 0 0.569976 -0.0773136 
0.410153 0 0.579552 0 0.567703 -0.0846493 
0.410649 0 0.577842 0 0.565494 -0.091777 
0.411148 0 0.576207 0 0.563353 -0.0987103 
0.411651 0 0.574645 0 0.561277 -0.105463 
0.412316 0 0.573243 0 0.559467 -0.11205 
0.413115 0 0.57201 0 0.557862 -0.118484 
0.413889 0 0.570747 0 0.556323 -0.124778 
0.414642 0 0.569488 0 0.554828 -0.130943 
0.41537 0 0.568245 0 0.553372 -0.136989 
0.416074 0 0.567026 0 0.551956 -0.142924 
0.416761 0 0.565842 0 0.550582 -0.148753 
0.417431 0 0.564691 0 0.549248 -0.154482 
0.418078 0 0.563567 0 0.547945 -0.160114 
0.418705 0 0.562471 0 0.546673 -0.165651 
0.419317 0 0.561412 0 0.545435 -0.171093 
0.419916 0 0.56039 0 0.544227 -0.176442 
0.420494 0 0.559401 0 0.543047 -0.181697 
0.421055 0 0.558448 0 0.541896 -0.186858 
0.421606 0 0.557541 0 0.540778 -0.191925 
0.422145 0 0.556679 0 0.539693 -0.196898 
0.422668 0 0.555856 0 0.538636 -0.201775 
0.423018 0 0.554853 0 0.537377 -0.206556 
0.423099 0 0.553577 0 0.535959 -0.211241 
0.423029 0 0.552126 0 0.534462 -0.215829 
0.422874 0 0.550607 0 0.532951 -0.220319 
0.422677 0 0.549087 0 0.531462 -0.224712 
0.422464 0 0.547594 0 0.530011 -0.229007 
0.422239 0 0.546117 0 0.528596 -0.233202 
0.421998 0 0.54464 0 0.527214 -0.237297 
0.421742 0 0.543156 0 0.525868 -0.241291 
0.421477 0 0.541671 0 0.524566 -0.245182 
0.421202 0 0.540184 0 0.52331 -0.248968 
0.420911 0 0.538691 0 0.5221 -0.252647 
0.420604 0 0.537191 0 0.52094 -0.256215 
0.420289 0 0.535694 0 0.519837 -0.259668 
0.419962 0 0.534196 0 0.518792 -0.263 
0.419617 0 0.53269 0 0.517808 -0.266204 
0.419254 0 0.531178 0 0.516889 -0.26927 
0.418881 0 0.529666 0 0.516047 -0.272189 
0.418494 0 0.528154 0 0.515284 -0.274945 
0.418088 0 0.526636 0 0.514606 -0.277523 
0.417675 0 0.525128 0 0.514018 -0.2799 
0.41729 0 0.523679 0 0.513506 -0.282051 
0.416925 0 0.522292 0 0.513082 -0.283945 
0.416854 0 0.521626 0 0.51262 -0.285545 
0.416982 0 0.521289 0 0.51231 -0.286806 
0.417213 0 0.521108 0 0.512131 -0.287674 
0.417433 0 0.520991 0 0.512058 -0.288087 
0.417647 0 0.520975 0 0.512117 -0.287975 
0.41786 0 0.521086 0 0.512331 -0.287258 
0.418081 0 0.521345 0 0.512722 -0.28585 
0.418368 0 0.521902 0 0.51333 -0.283665 
0.418692 0 0.5227 0 0.514169 -0.280616 
0.419034 0 0.523723 0 0.515245 -0.276629 
0.419392 0 0.524985 0 0.516569 -0.271646 
0.419762 0 0.526496 0 0.51815 -0.265635 
0.420134 0 0.528253 0 0.51999 -0.258592 
0.420512 0 0.530253 0 0.522085 -0.250545 
0.4209 0 0.532491 0 0.524428 -0.241552 
0.421295 0 0.534947 0 0.526999 -0.231694 
0.421691 0 0.537593 0 0.529772 -0.221071 
0.422089 0 0.540403 0 0.532725 -0.209791 
0.422495 0 0.543362 0 0.535836 -0.197968 
0.422906 0 0.54644 0 0.539077 -0.18571 
0.423316 0 0.549607 0 0.542423 -0.17312 
0.423725 0 0.552841 0 0.545851 -0.160291 
0.424139 0 0.55613 0 0.549345 -0.147308 
0.424557 0 0.559453 0 0.552886 -0.134242 
0.424971 0 0.56279 0 0.556456 -0.121156 
0.425381 0 0.566127 0 0.560044 -0.108103 
0.425794 0 0.569463 0 0.563643 -0.0951298 
0.426208 0 0.572788 0 0.567244 -0.082273 
0.426616 0 0.576089 0 0.570837 -0.0695647 
0.427018 0 0.579363 0 0.574421 -0.0570309 
0.427421 0 0.582615 0 0.577994 -0.0446934 
0.427822 0 0.585839 0 0.581554 -0.0325695 
0.428216 0 0.589028 0 0.585094 -0.0206735 
0.428602 0 0.59218 0 0.588613 -0.0090161 
0.428987 0 0.5953 0 0.592111 0.00239484 
0.429369 0 0.598383 0 0.595584 0.0135541 
0.429743 0 0.601422 0 0.599025 0.0244599 
0.430108 0 0.604416 0 0.602436 0.0351139 
0.430473 0 0.607374 0 0.60582 0.0455222 
0.430834 0 0.610299 0 0.609178 0.055695 
0.431185 0 0.613183 0 0.61251 0.0656429 
0.432045 0 0.616817 0 0.616363 0.075374 
0.433203 0 0.620783 0 0.620402 0.0848952 
0.434489 0 0.624801 0 0.624436 0.0942109 
0.435679 0 0.62873 0 0.628376 0.103325 
0.436805 0 0.632582 0 0.632235 0.11224 
0.437889 0 0.636364 0 0.63602 0.120961 
0.438941 0 0.640068 0 0.639732 0.129491 
0.439959 0 0.643684 0 0.643369 0.137832 
0.44095 0 0.647212 0 0.646934 0.145989 
0.441923 0 0.650663 0 0.650432 0.153964 
0.442881 0 0.654037 0 0.653864 0.161761 
0.443817 0 0.657325 0 0.657226 0.169382 
0.444734 0 0.660529 0 0.660519 0.176832 
0.44564 0 0.663656 0 0.663748 0.184112 
0.446533 0 0.666704 0 0.666909 0.191227 
0.447407 0 0.669666 0 0.670001 0.198179 
0.448264 0 0.672541 0 0.673024 0.20497 
0.44911 0 0.67534 0 0.675983 0.211605 
0.449945 0 0.67806 0 0.678876 0.218086 
0.450761 0 0.680694 0 0.6817 0.224416 
0.45156 0 0.683243 0 0.684457 0.230598 
0.452349 0 0.685717 0 0.687151 0.236634 
0.453126 0 0.688115 0 0.689783 0.242528 
0.453885 0 0.690429 0 0.692349 0.248282 
0.454627 0 0.692662 0 0.69485 0.253899 
0.455359 0 0.694822 0 0.697293 0.259382 
0.456078 0 0.696911 0 0.699676 0.264733 
0.456779 0 0.698919 0 0.701997 0.269956 
0.457463 0 0.70085 0 0.704257 0.275053 
0.458137 0 0.702714 0 0.706463 0.280026 
0.458798 0 0.704509 0 0.708614 0.284879 
0.459441 0 0.70623 0 0.710707 0.289614 
0.460066 0 0.707878 0 0.712743 0.294234 
0.46087 0 0.709742 0 0.715124 0.298742 
0.461749 0 0.711627 0 0.717543 0.303141 
0.462627 0 0.713428 0 0.719892 0.307433 
0.463472 0 0.715146 0 0.722179 0.311621 
0.4643 0 0.716801 0 0.724415 0.315709 
0.465111 0 0.718392 0 0.7266 0.319698 
0.465901 0 0.719907 0 0.728727 0.323592 
0.46667 0 0.721345 0 0.730798 0.327393 
0.467425 0 0.722715 0 0.732818 0.331104 
0.468165 0 0.724016 0 0.734789 0.334726 
0.468925 0 0.725297 0 0.736779 0.338262 
0.469693 0 0.726541 0 0.738759 0.341713 
0.470465 0 0.727738 0 0.74071 0.345081 
0.47123 0 0.72888 0 0.742623 0.348368 
0.471981 0 0.729954 0 0.744495 0.351574 
0.472717 0 0.730964 0 0.746326 0.354701 
0.473445 0 0.731916 0 0.748122 0.357747 
0.474163 0 0.732809 0 0.749879 0.360713 
0.474865 0 0.733631 0 0.751592 0.363599 
0.47555 0 0.734383 0 0.75326 0.366404 
0.476225 0 0.735071 0 0.754886 0.369126 
0.476889 0 0.735693 0 0.756467 0.371764 
0.477315 0 0.736186 0 0.757479 0.374315 
0.47755 0 0.736559 0 0.758117 0.376777 
0.477689 0 0.7369 0 0.758582 0.379147 
0.477787 0 0.737162 0 0.759027 0.381421 
0.477844 0 0.737356 0 0.759438 0.383595 
0.477899 0 0.73753 0 0.759835 0.385663 
0.477928 0 0.737648 0 0.760222 0.38762 
0.477935 0 0.737716 0 0.760586 0.38946 
0.477914 0 0.737729 0 0.760921 0.391174 
0.477871 0 0.737692 0 0.761229 0.392756 
0.477817 0 0.737615 0 0.76152 0.394195 
0.477752 0 0.737499 0 0.761792 0.395482 
0.477673 0 0.737336 0 0.76204 0.396605 
0.477583 0 0.737129 0 0.762264 0.397552 
0.477489 0 0.736887 0 0.76247 0.39831 
0.477391 0 0.73661 0 0.762656 0.398865 
0.477285 0 0.736289 0 0.762816 0.3992 
0.477172 0 0.735927 0 0.762949 0.399301 
0.477121 0 0.735814 0 0.762982 0.39915 
0.477088 0 0.735799 0 0.762948 0.398731 
0.477058 0 0.735811 0 0.762869 0.398027 
0.477029 0 0.735821 0 0.76276 0.397021 
0.476932 0 0.735707 0 0.762583 0.395698 
0.476939 0 0.735737 0 0.762444 0.394045 
0.476943 0 0.735735 0 0.762278 0.39205 
0.476941 0 0.73568 0 0.762094 0.389701 
0.476939 0 0.735602 0 0.761877 0.386991 
0.476977 0 0.73555 0 0.761657 0.383914 
0.476987 0 0.735439 0 0.761379 0.380465 
0.477003 0 0.73531 0 0.761067 0.376643 
0.477009 0 0.735141 0 0.760706 0.372442 
0.477014 0 0.73494 0 0.760297 0.367855 
0.477016 0 0.7347 0 0.759835 0.362872 
0.476919 0 0.734382 0 0.759186 0.357472 
0.476776 0 0.733996 0 0.758409 0.351623 
0.47661 0 0.733548 0 0.757518 0.34528 
0.476592 0 0.733166 0 0.756664 0.338383 
0.476623 0 0.732663 0 0.755782 0.330862 
0.476712 0 0.732076 0 0.754827 0.322649 
0.47692 0 0.731462 0 0.753813 0.313683 
0.477142 0 0.730685 0 0.752628 0.303929 
0.477571 0 0.73003 0 0.751355 0.293387 
0.477952 0 0.729031 0 0.74987 0.282096 
0.47854 0 0.728111 0 0.748271 0.270129 
0.479056 0 0.726803 0 0.746433 0.257584 
0.479757 0 0.725532 0 0.744468 0.244576 
0.480389 0 0.723904 0 0.742287 0.231219 
0.481191 0 0.722304 0 0.74 0.217627 
0.481701 0 0.720168 0 0.737442 0.203897 
0.482416 0 0.718133 0 0.734778 0.190118 
0.483171 0 0.716013 0 0.732008 0.17636 
0.48393 0 0.713784 0 0.729145 0.162682 
0.484685 0 0.711457 0 0.726207 0.149133 
0.485439 0 0.709054 0 0.723215 0.135749 
0.486197 0 0.706601 0 0.720194 0.12256 
0.48704 0 0.704185 0 0.717154 0.109588 
0.487921 0 0.70177 0 0.714108 0.0968502 
0.488798 0 0.699332 0 0.711065 0.0843594 
0.48968 0 0.696893 0 0.708043 0.0721248 
0.490564 0 0.694462 0 0.70505 0.0601537 
0.491443 0 0.692041 0 0.702091 0.0484505 
0.492186 0 0.689505 0 0.699137 0.0370184 
0.492964 0 0.687022 0 0.696197 0.025859 
0.49367 0 0.684505 0 0.693272 0.0149735 
0.494399 0 0.682037 0 0.690378 0.00436137 
0.494918 0 0.679478 0 0.687529 -0.00597841 
0.495522 0 0.677032 0 0.684702 -0.016048 
0.496166 0 0.674656 0 0.681921 -0.02585 
0.496411 0 0.672087 0 0.679179 -0.0353875 
0.496808 0 0.669655 0 0.676397 -0.0446628 
0.497291 0 0.667304 0 0.67363 -0.0536761 
0.497819 0 0.665006 0 0.670899 -0.0624264 
0.497858 0 0.662509 0 0.668252 -0.0709112 
0.49808 0 0.660122 0 0.665485 -0.0791282 
0.498408 0 0.657832 0 0.66271 -0.0870765 
0.498312 0 0.65535 0 0.660023 -0.0947564 
0.498424 0 0.653066 0 0.657297 -0.10217 
0.49865 0 0.65092 0 0.654605 -0.109321 
0.498878 0 0.648856 0 0.651984 -0.116215 
0.49874 0 0.646698 0 0.649502 -0.122859 
0.498787 0 0.64471 0 0.646971 -0.129261 
0.498934 0 0.642851 0 0.644467 -0.135431 
0.498754 0 0.640887 0 0.64211 -0.141379 
0.498397 0 0.638635 0 0.639407 -0.147116 
0.497743 0 0.636002 0 0.636452 -0.152655 
0.496928 0 0.633166 0 0.633375 -0.158007 
0.496044 0 0.630289 0 0.630298 -0.163184 
0.495107 0 0.627462 0 0.627268 -0.1682 
0.494165 0 0.624702 0 0.624307 -0.173065 
0.493951 0 0.623059 0 0.622458 -0.177793 
0.494223 0 0.621912 0 0.621145 -0.182393 
0.494499 0 0.620833 0 0.619891 -0.186876 
0.494771 0 0.619811 0 0.61869 -0.191253 
0.494994 0 0.618656 0 0.617366 -0.19553 
0.495158 0 0.617441 0 0.615953 -0.199718 
0.495263 0 0.616216 0 0.61451 -0.203821 
0.495308 0 0.614991 0 0.613064 -0.207845 
0.495297 0 0.613768 0 0.61162 -0.211795 
0.495239 0 0.612548 0 0.610175 -0.215673 
0.495134 0 0.611325 0 0.608721 -0.219482 
0.494979 0 0.610096 0 0.607254 -0.223222 
0.49478 0 0.608862 0 0.605777 -0.226895 
0.494547 0 0.607638 0 0.604297 -0.2305 
0.494283 0 0.606425 0 0.602817 -0.234036 
0.493985 0 0.60522 0 0.601337 -0.237504 
0.493657 0 0.604026 0 0.599861 -0.240901 
0.493308 0 0.602852 0 0.598395 -0.244227 
0.492939 0 0.6017 0 0.59694 -0.247479 
0.492544 0 0.600563 0 0.595494 -0.250655 
0.492127 0 0.599445 0 0.594062 -0.253753 
0.492054 0 0.598683 0 0.593034 -0.256767 
0.49218 0 0.598173 0 0.592287 -0.259695 
0.4924 0 0.597794 0 0.591696 -0.26253 
0.492504 0 0.597151 0 0.590933 -0.265265 
0.492524 0 0.596332 0 0.5901 -0.267891 
0.492492 0 0.595453 0 0.589264 -0.270397 
0.492427 0 0.594585 0 0.588462 -0.272771 
0.492346 0 0.593753 0 0.587708 -0.274996 
0.492261 0 0.592962 0 0.587008 -0.277052 
0.492175 0 0.592199 0 0.586363 -0.278913 
0.492269 0 0.591691 0 0.585844 -0.280551 
0.492485 0 0.591388 0 0.585488 -0.281929 
0.492775 0 0.591232 0 0.585271 -0.283002 
0.493105 0 0.591186 0 0.585169 -0.283721 
0.493448 0 0.591237 0 0.585176 -0.284022 
0.4938 0 0.591396 0 0.585306 -0.283835 
0.494161 0 0.591686 0 0.585579 -0.28308 
0.494531 0 0.592123 0 0.586012 -0.281669 
0.494901 0 0.592718 0 0.586624 -0.279508 
0.495274 0 0.593494 0 0.587436 -0.276504 
0.495655 0 0.594478 0 0.588473 -0.27257 
0.496044 0 0.595685 0 0.58975 -0.267634 
0.496434 0 0.597124 0 0.591279 -0.261651 
0.496828 0 0.598799 0 0.593064 -0.254602 
0.497231 0 0.600719 0 0.59511 -0.246507 
0.497643 0 0.602871 0 0.597404 -0.237419 
0.498056 0 0.605234 0 0.599928 -0.227419 
0.498473 0 0.607787 0 0.602663 -0.216612 
0.498898 0 0.610513 0 0.605586 -0.205115 
0.499329 0 0.613386 0 0.60867 -0.193049 
0.499761 0 0.616372 0 0.611888 -0.180533 
0.500193 0 0.619447 0 0.615215 -0.167678 
0.500632 0 0.622598 0 0.618633 -0.154584 
0.501074 0 0.625803 0 0.62212 -0.141339 
0.501513 0 0.629039 0 0.625657 -0.12802 
0.50195 0 0.632292 0 0.629232 -0.114691 
0.50239 0 0.63556 0 0.632836 -0.101406 
0.502831 0 0.638833 0 0.636459 -0.0882096 
0.503267 0 0.642097 0 0.640092 -0.0751397 
0.503697 0 0.645349 0 0.643732 -0.0622257 
0.504128 0 0.648593 0 0.647378 -0.0494918 
0.504558 0 0.651826 0 0.651026 -0.0369572 
0.50498 0 0.655039 0 0.654671 -0.0246371 
0.505395 0 0.658232 0 0.658312 -0.0125427 
0.50581 0 0.66141 0 0.661951 -0.000682868 
0.506221 0 0.664571 0 0.665583 0.0109365 
0.506624 0 0.667704 0 0.669203 0.0223119 
0.50702 0 0.670808 0 0.672808 0.0334417 
0.507414 0 0.67389 0 0.6764 0.0443271 
0.507805 0 0.676944 0 0.679973 0.0549714 
0.508188 0 0.679963 0 0.683524 0.0653807 
0.508562 0 0.682943 0 0.687049 0.0755617 
0.509503 0 0.686846 0 0.691245 0.0855205 
0.510725 0 0.690966 0 0.6955 0.0952609 
0.511883 0 0.694921 0 0.699615 0.104787 
0.513003 0 0.698797 0 0.703666 0.114101 
0.514131 0 0.702634 0 0.707679 0.123206 
0.515264 0 0.706429 0 0.711649 0.132106 
0.516396 0 0.710172 0 0.715573 0.140802 
0.517528 0 0.713862 0 0.719451 0.1493 
0.518668 0 0.717506 0 0.723285 0.157601 
0.519813 0 0.721101 0 0.727073 0.165709 
0.520958 0 0.724641 0 0.730812 0.173628 
0.522039 0 0.728036 0 0.73442 0.181361 
0.523072 0 0.731299 0 0.737919 0.188912 
0.52407 0 0.734448 0 0.741326 0.196284 
0.525034 0 0.737496 0 0.744654 0.20348 
0.525972 0 0.740453 0 0.747909 0.210504 
0.526894 0 0.743331 0 0.751096 0.217359 
0.5278 0 0.746128 0 0.754214 0.224049 
0.528684 0 0.748834 0 0.757261 0.230577 
0.529549 0 0.751451 0 0.760236 0.236945 
0.5304 0 0.753985 0 0.763146 0.243159 
0.531238 0 0.756438 0 0.765989 0.249219 
0.532054 0 0.758802 0 0.768765 0.255131 
0.532852 0 0.76108 0 0.771475 0.260896 
0.533637 0 0.763279 0 0.774123 0.266518 
0.534408 0 0.765401 0 0.77671 0.272001 
0.535159 0 0.767438 0 0.779234 0.277346 
0.535891 0 0.769391 0 0.781696 0.282558 
0.53661 0 0.771271 0 0.784101 0.287638 
0.537315 0 0.773076 0 0.786449 0.292591 
0.538 0 0.7748 0 0.788737 0.297419 
0.538666 0 0.776444 0 0.790969 0.302125 
0.539319 0 0.778018 0 0.793147 0.306712 
0.539958 0 0.779522 0 0.795274 0.311183 
0.540576 0 0.780949 0 0.797344 0.315541 
0.541175 0 0.7823 0 0.799362 0.319788 
0.541762 0 0.783585 0 0.801331 0.323926 
0.542477 0 0.785024 0 0.803579 0.32796 
0.543259 0 0.786486 0 0.805889 0.331891 
0.544054 0 0.787884 0 0.808154 0.335722 
0.544843 0 0.789209 0 0.810366 0.339454 
0.545622 0 0.790469 0 0.81254 0.34309 
0.546386 0 0.791663 0 0.81467 0.346632 
0.547139 0 0.792801 0 0.816784 0.350081 
0.547886 0 0.793879 0 0.818865 0.353439 
0.548622 0 0.794888 0 0.820904 0.356706 
0.549339 0 0.795818 0 0.822897 0.359883 
0.550038 0 0.796669 0 0.824845 0.36297 
0.550726 0 0.79745 0 0.826754 0.365967 
0.551402 0 0.798159 0 0.82862 0.368875 
0.552059 0 0.798786 0 0.830437 0.371691 
0.552697 0 0.799331 0 0.832202 0.374415 
0.553323 0 0.799801 0 0.83392 0.377046 
0.553935 0 0.800194 0 0.835585 0.37958 
0.554526 0 0.8005 0 0.837191 0.382016 
0.555097 0 0.800717 0 0.838734 0.384351 
0.555653 0 0.800855 0 0.840218 0.38658 
0.555971 0 0.801046 0 0.841015 0.388699 
0.556085 0 0.801204 0 0.841404 0.390704 
0.556101 0 0.801361 0 0.841631 0.392589 
0.556045 0 0.801402 0 0.841816 0.394347 
0.555992 0 0.80143 0 0.841993 0.395971 
0.555937 0 0.801435 0 0.842156 0.397454 
0.555814 0 0.801334 0 0.842271 0.398785 
0.55565 0 0.801164 0 0.842351 0.399956 
0.55549 0 0.800977 0 0.842418 0.400956 
0.555291 0 0.800717 0 0.842448 0.401773 
0.555064 0 0.800399 0 0.842444 0.402396 
0.554825 0 0.800038 0 0.842417 0.402812 
0.554577 0 0.799639 0 0.842368 0.403007 
0.55432 0 0.799197 0 0.842295 0.402968 
0.554056 0 0.798716 0 0.842199 0.402682 
0.553796 0 0.798206 0 0.842088 0.402135 
0.553541 0 0.797669 0 0.841962 0.401314 
0.553285 0 0.797096 0 0.841813 0.400208 
0.553032 0 0.796491 0 0.841645 0.398805 
0.552789 0 0.795863 0 0.841462 0.397095 
0.552557 0 0.795213 0 0.841263 0.395071 
0.552428 0 0.794855 0 0.84103 0.392726 
0.552332 0 0.794619 0 0.840745 0.390058 
0.552254 0 0.794439 0 0.840414 0.387063 
0.552185 0 0.794276 0 0.840046 0.383744 
0.552117 0 0.794097 0 0.839644 0.3801 
0.552065 0 0.793906 0 0.839221 0.376137 
0.55202 0 0.79369 0 0.838771 0.371857 
0.551981 0 0.79345 0 0.838286 0.367263 
0.551942 0 0.79318 0 0.837755 0.362357 
0.551906 0 0.792879 0 0.837175 0.357136 
0.551883 0 0.792557 0 0.836548 0.351592 
0.551873 0 0.792208 0 0.835868 0.345708 
0.551874 0 0.791821 0 0.835123 0.339457 
0.55189 0 0.791389 0 0.834304 0.332802 
0.551934 0 0.790913 0 0.833402 0.325691 
0.552008 0 0.790381 0 0.8324 0.318065 
0.552109 0 0.789767 0 0.831269 0.309862 
0.552243 0 0.789055 0 0.82999 0.301023 
0.552436 0 0.78825 0 0.828559 0.291507 
0.552664 0 0.787304 0 0.826934 0.281295 
0.553014 0 0.786277 0 0.825165 0.270401 
0.553358 0 0.785034 0 0.823157 0.258867 
0.55393 0 0.783907 0 0.821049 0.246762 
0.55437 0 0.782352 0 0.818658 0.234178 
0.555026 0 0.78089 0 0.816157 0.221215 
0.555508 0 0.778989 0 0.81339 0.207973 
0.556198 0 0.777155 0 0.810504 0.194551 
0.556619 0 0.774843 0 0.807405 0.181033 
0.557266 0 0.772662 0 0.804215 0.167497 
0.557673 0 0.770105 0 0.800889 0.154006 
0.558311 0 0.767707 0 0.797518 0.140612 
0.558749 0 0.765063 0 0.794108 0.127357 
0.559386 0 0.762551 0 0.790652 0.114275 
0.559838 0 0.759812 0 0.787176 0.101391 
0.560489 0 0.757275 0 0.783749 0.0887244 
0.560996 0 0.754607 0 0.780363 0.0762913 
0.561659 0 0.752066 0 0.776998 0.0641025 
0.562319 0 0.74953 0 0.773678 0.0521661 
0.562984 0 0.747018 0 0.770417 0.0404875 
0.563552 0 0.744468 0 0.767235 0.0290707 
0.564217 0 0.742 0 0.764062 0.017918 
0.564931 0 0.739594 0 0.760946 0.00703034 
0.565539 0 0.737155 0 0.757944 -0.00359168 
0.566224 0 0.734834 0 0.755015 -0.0139483 
0.566838 0 0.732501 0 0.752139 -0.0240404 
0.567498 0 0.730225 0 0.749308 -0.0338693 
0.567956 0 0.727895 0 0.746524 -0.0434372 
0.568503 0 0.725635 0 0.743754 -0.0527463 
0.568737 0 0.72326 0 0.741003 -0.0617991 
0.569115 0 0.720958 0 0.738225 -0.0705973 
0.569578 0 0.718707 0 0.735478 -0.0791409 
0.569604 0 0.716302 0 0.732893 -0.0874289 
0.569833 0 0.714008 0 0.730207 -0.0954597 
0.570171 0 0.711801 0 0.727525 -0.103232 
0.570513 0 0.70965 0 0.724905 -0.110745 
0.570855 0 0.707567 0 0.722352 -0.117999 
0.570808 0 0.705403 0 0.719986 -0.124997 
0.570944 0 0.703378 0 0.71751 -0.131741 
0.571185 0 0.701485 0 0.715045 -0.138235 
0.571076 0 0.699484 0 0.712749 -0.144484 
0.571149 0 0.697674 0 0.710411 -0.150496 
0.570938 0 0.695801 0 0.70821 -0.156277 
0.570935 0 0.694138 0 0.70596 -0.161835 
0.571045 0 0.692622 0 0.70374 -0.167181 
0.570874 0 0.691073 0 0.701705 -0.172323 
0.570877 0 0.689744 0 0.699661 -0.177272 
0.570788 0 0.688422 0 0.697673 -0.182037 
0.570828 0 0.687285 0 0.695715 -0.18663 
0.570435 0 0.685463 0 0.693331 -0.191059 
0.56979 0 0.683192 0 0.690664 -0.195335 
0.569022 0 0.68074 0 0.687906 -0.199467 
0.568206 0 0.67829 0 0.685183 -0.203466 
0.567385 0 0.675902 0 0.682525 -0.207342 
0.567294 0 0.674644 0 0.680994 -0.211104 
0.567682 0 0.673849 0 0.679971 -0.21476 
0.568073 0 0.673121 0 0.679003 -0.218318 
0.568461 0 0.672451 0 0.678084 -0.221784 
0.568848 0 0.671836 0 0.677213 -0.225165 
0.569239 0 0.671283 0 0.676392 -0.228465 
0.569633 0 0.670789 0 0.675619 -0.231688 
0.569873 0 0.670116 0 0.674801 -0.234836 
0.569988 0 0.669327 0 0.673879 -0.237913 
0.570015 0 0.668492 0 0.67289 -0.240917 
0.569975 0 0.667648 0 0.671873 -0.243851 
0.569878 0 0.666807 0 0.670848 -0.246714 
0.569736 0 0.665975 0 0.669824 -0.249504 
0.569562 0 0.665161 0 0.668807 -0.252219 
0.569358 0 0.664365 0 0.667794 -0.254858 
0.569121 0 0.663581 0 0.666787 -0.257415 
0.568853 0 0.662815 0 0.66579 -0.259886 
0.568564 0 0.662077 0 0.664812 -0.262265 
0.568251 0 0.661369 0 0.663856 -0.264542 
0.567907 0 0.660687 0 0.662928 -0.266707 
0.567534 0 0.660036 0 0.662036 -0.268745 
0.567136 0 0.659427 0 0.66119 -0.270638 
0.56671 0 0.658864 0 0.6604 -0.272363 
0.566246 0 0.657769 0 0.659593 -0.27389 
0.565802 0 0.656475 0 0.658816 -0.275183 
0.565394 0 0.655225 0 0.658166 -0.276197 
0.564987 0 0.65408 0 0.657615 -0.276877 
0.564576 0 0.653049 0 0.657175 -0.277159 
0.564161 0 0.652146 0 0.656865 -0.276964 
0.563748 0 0.6514 0 0.656706 -0.276204 
0.563336 0 0.650828 0 0.656718 -0.274779 
0.562981 0 0.650299 0 0.65694 -0.272584 
0.562659 0 0.649866 0 0.657384 -0.269512 
0.562669 0 0.650365 0 0.658149 -0.265463 
0.562896 0 0.651349 0 0.659288 -0.260357 
0.56322 0 0.652597 0 0.66071 -0.254144 
0.563564 0 0.654033 0 0.662411 -0.246809 
0.563934 0 0.655698 0 0.664396 -0.238379 
0.564331 0 0.657649 0 0.666599 -0.228922 
0.564747 0 0.65983 0 0.669031 -0.218539 
0.565175 0 0.662195 0 0.671667 -0.207352 
0.565614 0 0.664713 0 0.674479 -0.195492 
0.56606 0 0.667353 0 0.677436 -0.183093 
0.566504 0 0.670084 0 0.68051 -0.170282 
0.566947 0 0.672886 0 0.683678 -0.157175 
0.567395 0 0.675746 0 0.686922 -0.143874 
0.567845 0 0.678647 0 0.690221 -0.130466 
0.568289 0 0.681566 0 0.693559 -0.117024 
0.568729 0 0.684494 0 0.696922 -0.103612 
0.56917 0 0.687429 0 0.700304 -0.090278 
0.56961 0 0.690366 0 0.703697 -0.0770649 
0.570043 0 0.693292 0 0.707094 -0.0640052 
0.570468 0 0.696208 0 0.710492 -0.0511254 
0.570892 0 0.69912 0 0.713892 -0.0384467 
0.571313 0 0.702026 0 0.717291 -0.025985 
0.571725 0 0.704919 0 0.720685 -0.0137531 
0.572129 0 0.707798 0 0.724076 -0.00175972 
0.57253 0 0.710672 0 0.727463 0.00998838 
0.572927 0 0.713536 0 0.730843 0.0214871 
0.573315 0 0.716382 0 0.734212 0.0327346 
0.573693 0 0.719207 0 0.737569 0.0437311 
0.57407 0 0.722017 0 0.740914 0.0544793 
0.574443 0 0.724808 0 0.744243 0.0649839 
0.574806 0 0.72757 0 0.747552 0.0752517 
0.575159 0 0.730298 0 0.750837 0.0852889 
0.575507 0 0.732992 0 0.754097 0.0951005 
0.57585 0 0.735644 0 0.757325 0.10469 
0.576727 0 0.739085 0 0.761108 0.114061 
0.577848 0 0.742682 0 0.764916 0.123217 
0.578908 0 0.746132 0 0.768585 0.132162 
0.579931 0 0.749504 0 0.772187 0.140898 
0.580954 0 0.752834 0 0.775752 0.149429 
0.581978 0 0.75612 0 0.77928 0.157759 
0.58301 0 0.75937 0 0.782775 0.165892 
0.584049 0 0.762583 0 0.786234 0.173831 
0.585039 0 0.765706 0 0.789608 0.18158 
0.585986 0 0.768718 0 0.792891 0.189143 
0.586903 0 0.771632 0 0.796093 0.196522 
0.587794 0 0.774454 0 0.799222 0.203723 
0.588657 0 0.777189 0 0.802284 0.210748 
0.589497 0 0.779842 0 0.805284 0.217601 
0.590322 0 0.782423 0 0.808224 0.224285 
0.591132 0 0.784931 0 0.811104 0.230804 
0.591921 0 0.787356 0 0.813921 0.237161 
0.592689 0 0.789699 0 0.816677 0.24336 
0.593444 0 0.791969 0 0.819375 0.249404 
0.594184 0 0.794165 0 0.822015 0.255296 
0.594903 0 0.796281 0 0.824597 0.261039 
0.595602 0 0.798318 0 0.82712 0.266637 
0.596288 0 0.800284 0 0.829591 0.272093 
0.59696 0 0.80218 0 0.832006 0.277411 
0.597611 0 0.803999 0 0.834367 0.282592 
0.598241 0 0.805741 0 0.836674 0.287641 
0.598859 0 0.807416 0 0.838932 0.29256 
0.599463 0 0.809025 0 0.841139 0.297353 
0.600045 0 0.810559 0 0.843295 0.302022 
0.600608 0 0.81202 0 0.845401 0.306571 
0.601264 0 0.813569 0 0.84773 0.311002 
0.601988 0 0.815161 0 0.850146 0.315319 
0.60273 0 0.816709 0 0.852541 0.319523 
0.602291 0 0.817422 1 0.8524 0.323613 
0.601802 0 0.818152 1 0.852113 0.327445 
0.601435 0 0.818859 1 0.851827 0.331012 
0.601149 0 0.819492 1 0.851522 0.334277 
0.600858 0 0.820034 1 0.851212 0.33719 
0.600566 0 0.820494 0 0.850812 0.339713 
0.600271 0 0.820929 0 0.850393 0.342171 
0.599973 0 0.821339 0 0.849954 0.344562 
0.599623 0 0.821707 0 0.849579 0.34688 
0.599229 0 0.822028 0 0.849215 0.349122 
0.598833 0 0.822322 0 0.848831 0.351282 
0.598398 0 0.822577 0 0.848474 0.353355 
0.597929 0 0.82279 0 0.84812 0.355335 
0.59743 0 0.822961 0 0.847765 0.357218 
0.596982 0 0.82322 0 0.847605 0.358996 
0.596541 0 0.823483 0 0.847512 0.360663 
0.596087 0 0.823714 0 0.847423 0.362212 
0.595621 0 0.823914 0 0.847337 0.363636 
0.595152 0 0.824095 0 0.847271 0.364929 
0.594687 0 0.824262 0 0.847232 0.366084 
0.594226 0 0.824418 0 0.847219 0.367092 
0.593772 0 0.824559 0 0.847227 0.367947 
0.593324 0 0.824683 0 0.847251 0.368641 
0.592884 0 0.824791 0 0.847289 0.369168 
0.592452 0 0.824881 0 0.847336 0.36952 
0.59203 0 0.824954 0 0.847393 0.369692 
0.59162 0 0.82501 0 0.847455 0.369678 
0.591222 0 0.825048 0 0.847521 0.369471 
0.590838 0 0.825069 0 0.84759 0.369069 
0.590468 0 0.825073 0 0.847659 0.368465 
0.590113 0 0.82506 0 0.847726 0.367658 
0.589775 0 0.825031 0 0.847792 0.366645 
0.589454 0 0.824987 0 0.847855 0.365425 
0.589151 0 0.824929 0 0.847914 0.363998 
0.588866 0 0.824857 0 0.847968 0.362363 
0.588601 0 0.824773 0 0.848019 0.360522 
0.588356 0 0.824678 0 0.848064 0.358478 
0.588132 0 0.824573 0 0.848105 0.356232 
0.587928 0 0.824459 0 0.848142 0.353789 
0.587746 0 0.824339 0 0.848175 0.351153 
0.587585 0 0.824213 0 0.848204 0.348328 
0.587446 0 0.824084 0 0.848229 0.345319 
0.58733 0 0.823951 0 0.848252 0.342131 
0.587236 0 0.823816 0 0.848272 0.338768 
0.587164 0 0.823682 0 0.84829 0.335236 
0.587115 0 0.823547 0 0.848305 0.331538 
0.587088 0 0.823414 0 0.848318 0.327677 
0.587083 0 0.823283 0 0.848328 0.323656 
0.586999 0 0.823036 0 0.847877 0.319475 
0.586855 0 0.822618 0 0.847181 0.315131 
0.586677 0 0.822074 0 0.846367 0.310619 
0.586486 0 0.821473 0 0.845513 0.305927 
0.586306 0 0.820845 0 0.844638 0.301042 
0.586135 0 0.820188 0 0.843736 0.295943 
0.585975 0 0.819493 0 0.842801 0.290602 
0.585825 0 0.818754 0 0.841823 0.284983 
0.585684 0 0.81796 0 0.840792 0.279045 
0.585553 0 0.8171 0 0.839694 0.272736 
0.585431 0 0.816161 0 0.838514 0.266 
0.585319 0 0.815129 0 0.837238 0.258779 
0.585217 0 0.813989 0 0.835849 0.25102 
0.585168 0 0.812774 0 0.834397 0.242679 
0.585166 0 0.811459 0 0.832846 0.233727 
0.585203 0 0.810032 0 0.831173 0.224159 
0.585278 0 0.808489 0 0.829375 0.213993 
0.585388 0 0.806836 0 0.827459 0.203271 
0.585534 0 0.805085 0 0.825437 0.192057 
0.585717 0 0.80325 0 0.823327 0.180427 
0.585936 0 0.80135 0 0.821147 0.168469 
0.586193 0 0.799404 0 0.818919 0.156269 
0.586488 0 0.797432 0 0.816662 0.14391 
0.586583 0 0.795396 0 0.814142 0.131469 
0.586463 0 0.793217 0 0.811427 0.119012 
0.586199 0 0.790894 0 0.808578 0.106596 
0.585839 0 0.788465 0 0.805654 0.0942673 
0.585417 0 0.785973 0 0.802702 0.0820652 
0.584957 0 0.783448 0 0.799752 0.0700197 
0.584475 0 0.780908 0 0.796822 0.058155 
0.58398 0 0.778361 0 0.793922 0.0464896 
0.583476 0 0.77581 0 0.79106 0.0350377 
0.582968 0 0.77326 0 0.788239 0.02381 
0.582458 0 0.770712 0 0.785464 0.0128142 
0.582164 0 0.768108 0 0.781371 0.00205694 
0.582041 0 0.76542 0 0.776749 -0.00845936 
0.581915 0 0.762692 0 0.772167 -0.0187323 
0.581786 0 0.759934 0 0.767629 -0.0287606 
0.581655 0 0.757153 0 0.763136 -0.0385434 
0.581522 0 0.754356 0 0.758689 -0.0480806 
0.581385 0 0.751547 0 0.754287 -0.0573725 
0.581247 0 0.748731 0 0.749927 -0.0664194 
0.581105 0 0.74591 0 0.745604 -0.0752226 
0.580959 0 0.743084 0 0.74131 -0.0837834 
0.58081 0 0.740254 0 0.737036 -0.0921039 
0.580657 0 0.737422 0 0.732774 -0.100186 
0.580503 0 0.734597 0 0.72852 -0.108029 
0.580349 0 0.731791 0 0.72428 -0.115635 
0.580194 0 0.729019 0 0.720065 -0.123002 
0.580039 0 0.726296 0 0.715886 -0.13013 
0.579885 0 0.723635 0 0.711758 -0.137022 
0.579731 0 0.721043 0 0.707689 -0.143679 
0.579578 0 0.718529 0 0.703687 -0.150104 
0.579425 0 0.716095 0 0.699759 -0.156301 
0.579274 0 0.713745 0 0.695908 -0.162275 
0.579123 0 0.71148 0 0.692136 -0.168031 
0.578973 0 0.7093 0 0.688444 -0.173577 
0.5787 0 0.70737 0 0.685807 -0.178919 
0.578376 0 0.705583 0 0.683526 -0.184066 
0.578062 0 0.703892 0 0.681335 -0.189025 
0.577757 0 0.702294 0 0.67923 -0.193804 
0.57746 0 0.700786 0 0.677208 -0.198412 
0.577172 0 0.699363 0 0.675266 -0.202857 
0.576893 0 0.698024 0 0.673399 -0.207149 
0.576621 0 0.696764 0 0.671605 -0.211296 
0.576357 0 0.695581 0 0.669879 -0.215307 
0.5761 0 0.694471 0 0.668218 -0.219189 
0.57585 0 0.69343 0 0.666619 -0.222951 
0.57559 0 0.692071 0 0.664816 -0.226602 
0.575851 0 0.691283 0 0.663742 -0.23015 
0.576484 0 0.690918 0 0.663166 -0.233602 
0.577126 0 0.690614 0 0.662648 -0.236965 
0.577777 0 0.69037 0 0.662186 -0.240243 
0.57843 0 0.690263 0 0.661899 -0.243442 
0.579069 0 0.690221 0 0.661686 -0.246565 
0.57947 0 0.689596 0 0.66086 -0.249615 
0.579679 0 0.688671 0 0.659648 -0.252594 
0.57976 0 0.687671 0 0.658308 -0.255503 
0.58015 0 0.686973 0 0.657436 -0.258344 
0.580706 0 0.686473 0 0.65683 -0.261117 
0.58153 0 0.686167 0 0.656455 -0.263821 
0.582535 0 0.686034 0 0.656271 -0.266455 
0.583662 0 0.686038 0 0.656235 -0.269016 
0.584865 0 0.686149 0 0.656308 -0.271503 
0.586115 0 0.686347 0 0.656467 -0.273911 
0.587391 0 0.686619 0 0.656695 -0.276235 
0.58868 0 0.686962 0 0.656984 -0.278469 
0.589973 0 0.687372 0 0.657329 -0.280604 
0.591265 0 0.687849 0 0.657726 -0.282629 
0.59255 0 0.688394 0 0.658175 -0.28453 
0.593829 0 0.68901 0 0.658677 -0.286286 
0.595097 0 0.689701 0 0.659235 -0.287873 
0.596356 0 0.690474 0 0.659854 -0.289261 
0.597604 0 0.691338 0 0.660541 -0.290407 
0.598842 0 0.692302 0 0.661305 -0.291261 
0.60007 0 0.69338 0 0.662158 -0.291761 
0.601287 0 0.694589 0 0.663112 -0.291829 
0.602493 0 0.695948 0 0.664187 -0.291373 
0.60369 0 0.69748 0 0.665401 -0.290287 
0.604877 0 0.699211 0 0.666778 -0.288449 
0.606054 0 0.70117 0 0.668342 -0.285733 
0.607221 0 0.703384 0 0.670117 -0.282013 
0.608244 0 0.705284 0 0.67188 -0.27718 
0.609153 0 0.706997 0 0.67377 -0.271156 
0.609981 0 0.708821 0 0.675719 -0.263907 
0.61079 0 0.71088 0 0.677911 -0.255453 
0.611593 0 0.713216 0 0.680363 -0.245864 
0.612376 0 0.715808 0 0.683026 -0.23525 
0.613188 0 0.7186 0 0.685934 -0.22375 
0.614017 0 0.721561 0 0.689036 -0.211517 
0.614855 0 0.724648 0 0.692292 -0.198701 
0.615698 0 0.727824 0 0.695672 -0.185445 
0.616541 0 0.731065 0 0.69915 -0.171878 
0.617384 0 0.734349 0 0.702707 -0.15811 
0.618225 0 0.737659 0 0.706327 -0.144235 
0.619064 0 0.740979 0 0.709997 -0.130333 
0.619899 0 0.744294 0 0.713703 -0.116467 
0.62073 0 0.747593 0 0.717439 -0.10269 
0.621555 0 0.750867 0 0.721197 -0.0890446 
0.622374 0 0.75411 0 0.724974 -0.0755634 
0.623194 0 0.757544 0 0.729072 -0.0622734 
0.624016 0 0.760943 0 0.733215 -0.0491954 
0.624815 0 0.764201 0 0.737317 -0.036345 
0.625653 0 0.767404 0 0.741379 -0.0237345 
0.626488 0 0.770586 0 0.745456 -0.0113732 
0.627322 0 0.773748 0 0.74955 0.000732676 
0.628006 0 0.776866 0 0.753737 0.0125785 
0.628689 0 0.779967 0 0.757948 0.0241619 
0.629509 0 0.783032 0 0.762168 0.0354822 
0.630329 0 0.786078 0 0.766404 0.0465404 
0.63114 0 0.789211 0 0.770701 0.0573391 
0.632096 0 0.79241 0 0.774909 0.0678833 
0.633231 0 0.795734 0 0.779088 0.0781795 
0.634543 0 0.799206 0 0.783261 0.0882346 
0.635991 0 0.802769 0 0.787417 0.0980544 
0.637609 0 0.806387 0 0.791564 0.107644 
0.639346 0 0.810032 0 0.79571 0.117007 
0.641162 0 0.813673 0 0.799847 0.126148 
0.643023 0 0.817284 0 0.803965 0.13507 
0.644905 0 0.820845 0 0.808058 0.143778 
0.646792 0 0.824348 0 0.812123 0.152276 
0.648674 0 0.827786 0 0.816162 0.160567 
0.650556 0 0.831155 0 0.820161 0.168656 
0.65242 0 0.83446 0 0.824156 0.176547 
0.654263 0 0.83769 0 0.828136 0.184243 
0.656107 0 0.840848 0 0.832077 0.191749 
0.657951 0 0.843932 0 0.835981 0.199068 
0.659761 0 0.846945 0 0.839908 0.206204 
0.661352 0 0.8497 0 0.843595 0.213162 
0.662807 0 0.852206 0 0.847145 0.219944 
0.66418 0 0.854538 0 0.850634 0.226554 
0.665459 0 0.856775 0 0.854085 0.232996 
0.666675 0 0.858919 0 0.857495 0.239273 
0.667841 0 0.860962 0 0.86086 0.245389 
0.668969 0 0.862893 0 0.864181 0.251347 
0.670063 0 0.864709 0 0.867459 0.25715 
0.671127 0 0.866411 0 0.870698 0.262803 
0.672165 0 0.868 0 0.8739 0.268307 
0.673178 0 0.869477 0 0.877067 0.273667 
0.674167 0 0.870843 0 0.880202 0.278885 
0.675133 0 0.872097 0 0.883306 0.283965 
0.676075 0 0.87324 0 0.886378 0.28891 
0.677079 0 0.874318 0 0.889618 0.293723 
0.67751 0 0.875443 1 0.889006 0.298386 
0.67756 0 0.877186 1 0.888812 0.302796 
0.677551 0 0.878857 1 0.888468 0.306882 
0.677523 0 0.880285 1 0.888095 0.310617 
0.677438 0 0.881585 1 0.88778 0.31397 
0.677351 0 0.882793 0 0.887373 0.316886 
0.677259 0 0.883971 0 0.88694 0.31973 
0.677164 0 0.885119 0 0.886483 0.3225 
0.677065 0 0.886238 0 0.886001 0.325196 
0.676898 0 0.88733 0 0.885651 0.327815 
0.676676 0 0.888382 0 0.885345 0.330356 
0.67645 0 0.889405 0 0.885015 0.332817 
0.676222 0 0.890398 0 0.884661 0.335194 
0.675991 0 0.891361 0 0.884283 0.337486 
0.675514 1 0.890913 0 0.884828 0.339686 
0.675311 1 0.890791 1 0.884744 0.341166 
0.675325 1 0.890676 1 0.884476 0.341076 
0.675559 1 0.890559 1 0.884299 0.338924 
0.676038 1 0.890478 1 0.884241 0.334356 
0.676782 1 0.89044 1 0.884307 0.327253 
0.677779 1 0.89044 1 0.884493 0.317784 
0.678997 1 0.890473 1 0.884779 0.306329 
0.680398 1 0.890531 1 0.885142 0.293345 
0.68194 1 0.890603 1 0.885554 0.279266 
0.683587 1 0.890684 1 0.885993 0.264459 
0.685309 1 0.890768 1 0.886439 0.24921 
0.687083 1 0.890851 1 0.886879 0.233741 
0.688888 1 0.89093 1 0.887304 0.218212 
0.690711 1 0.891006 1 0.887708 0.202741 
0.692539 1 0.891076 1 0.888085 0.187408 
0.694539 1 0.891007 1 0.888295 0.172284 
0.696623 1 0.890971 1 0.888708 0.157395 
0.698747 1 0.891007 1 0.889247 0.142774 
0.700875 1 0.891105 1 0.88976 0.128435 
0.702995 1 0.89118 1 0.890231 0.114393 
0.705098 1 0.891241 1 0.890676 0.100659 
0.707175 1 0.891301 1 0.891096 0.0872299 
0.709224 1 0.891362 1 0.891495 0.0741057 
0.711244 1 0.891424 1 0.891873 0.0612949 
0.713234 1 0.891483 1 0.892232 0.0487889 
0.715192 1 0.891544 1 0.892573 0.0365769 
0.717119 1 0.891605 1 0.892897 0.0246611 
0.719011 1 0.891667 1 0.893206 0.0130364 
0.72087 1 0.89173 1 0.893501 0.0016919 
0.722694 1 0.891795 1 0.893783 -0.00937754 
0.724483 1 0.891863 1 0.894053 -0.0201691 
0.726237 1 0.891932 1 0.894312 -0.0307001 
0.727957 1 0.892005 1 0.894563 -0.0409653 
0.72964 1 0.892081 1 0.894805 -0.050976 
0.731288 1 0.89216 1 0.895039 -0.0607411 
0.7329 1 0.892242 1 0.895267 -0.0702632 
0.734478 1 0.892328 1 0.89549 -0.0795437 
0.736019 1 0.892419 1 0.895708 -0.0885945 
0.737575 1 0.892452 1 0.895902 -0.0974252 
0.739134 1 0.892552 1 0.896018 -0.106039 
0.740653 1 0.892696 1 0.896177 -0.114438 
0.742098 1 0.892847 1 0.896367 -0.122624 
0.743462 1 0.892987 1 0.896564 -0.130609 
0.744784 1 0.893119 1 0.896752 -0.138398 
0.746064 1 0.893256 1 0.896937 -0.145994 
0.747305 1 0.893396 1 0.897123 -0.15339 
0.748507 1 0.893543 1 0.897311 -0.160601 
0.749628 1 0.893341 1 0.897389 -0.167631 
0.750644 1 0.893255 1 0.897374 -0.174496 
0.751604 1 0.893205 1 0.897297 -0.181179 
0.752535 1 0.893175 1 0.897193 -0.187701 
0.753437 1 0.893153 1 0.897074 -0.194062 
0.754297 1 0.893128 1 0.896942 -0.200263 
0.755122 1 0.893097 1 0.8968 -0.206308 
0.755937 1 0.893122 1 0.896582 -0.212198 
0.756749 1 0.893168 1 0.896352 -0.217941 
0.757554 1 0.893219 1 0.896132 -0.223551 
0.758345 1 0.893266 1 0.895926 -0.229001 
0.759115 1 0.893299 1 0.895735 -0.234327 
0.759858 1 0.893317 1 0.895553 -0.239523 
0.760574 1 0.89332 1 0.895376 -0.244588 
0.761266 1 0.893311 1 0.895203 -0.249528 
0.761937 1 0.893294 1 0.89503 -0.254342 
0.762591 1 0.893274 1 0.894858 -0.259039 
0.763231 1 0.893252 1 0.894688 -0.263612 
0.763857 1 0.893229 1 0.89452 -0.268075 
0.764471 1 0.893206 1 0.894353 -0.272426 
0.765073 1 0.893183 1 0.89419 -0.276671 
0.765664 1 0.89316 1 0.894031 -0.280808 
0.766242 1 0.893136 1 0.893875 -0.284839 
0.76681 1 0.893111 1 0.893722 -0.288767 
0.767367 1 0.893086 1 0.893573 -0.2926 
0.767914 1 0.893062 1 0.893427 -0.296337 
0.768452 1 0.893037 1 0.893286 -0.299983 
0.768982 1 0.893013 1 0.89315 -0.303542 
0.769504 1 0.89299 1 0.893016 -0.307008 
0.770019 1 0.892968 1 0.892888 -0.310386 
0.770526 1 0.892948 1 0.892765 -0.313675 
0.771027 1 0.892929 1 0.892645 -0.316885 
0.771523 1 0.892912 1 0.892532 -0.320022 
0.772012 1 0.892896 1 0.892423 -0.323073 
0.772497 1 0.892882 1 0.89232 -0.326048 
0.772976 1 0.89287 1 0.892222 -0.328951 
0.773451 1 0.89286 1 0.89213 -0.33178 
0.773923 1 0.892852 1 0.892044 -0.334541 
0.77439 1 0.892847 1 0.891963 -0.337228 
0.774854 1 0.892844 1 0.891887 -0.339852 
0.775316 1 0.892844 1 0.891819 -0.342411 
0.775775 1 0.892847 1 0.891755 -0.344904 
0.776232 1 0.892853 1 0.891698 -0.347335 
0.776686 1 0.892862 1 0.891646 -0.349705 
0.777139 1 0.892875 1 0.891601 -0.352016 
0.777591 1 0.89289 1 0.891562 -0.354269 
0.778042 1 0.892908 1 0.891529 -0.356464 
0.778492 1 0.89293 1 0.891502 -0.358609 
0.778942 1 0.892956 1 0.891481 -0.360699 
0.779504 1 0.893006 1 0.89154 -0.362736 
0.780156 1 0.893093 1 0.891661 -0.364721 
0.780869 1 0.893216 1 0.891824 -0.366657 
0.781601 1 0.893348 1 0.892011 -0.368546 
0.782329 1 0.893477 1 0.892207 -0.370385 
0.783032 1 0.893599 1 0.892395 -0.372181 
0.783717 1 0.893715 1 0.892577 -0.373932 
0.784409 1 0.893839 1 0.892768 -0.375638 
0.785104 1 0.893968 1 0.892963 -0.377299 
0.785803 1 0.894104 1 0.893162 -0.37892 
0.786507 1 0.894245 1 0.893367 -0.380501 
0.787215 1 0.894392 1 0.893577 -0.382042 
0.787927 1 0.894545 1 0.893792 -0.383546 
0.788642 1 0.894701 1 0.894013 -0.385011 
0.78936 1 0.894861 1 0.894237 -0.386439 
0.790081 1 0.895026 1 0.894466 -0.387831 
0.790805 1 0.895196 1 0.894699 -0.389191 
0.791532 1 0.895369 1 0.894936 -0.390516 
0.792264 1 0.895548 1 0.895178 -0.391807 
0.793036 1 0.895752 1 0.895418 -0.393067 
0.793846 1 0.895987 1 0.895673 -0.394294 
0.794676 1 0.896238 1 0.895941 -0.395493 
0.795515 1 0.896492 1 0.896219 -0.396659 
0.796358 1 0.896745 1 0.896506 -0.397797 
0.797207 1 0.896997 1 0.8968 -0.398906 
0.798066 1 0.897251 1 0.897101 -0.399986 
0.798937 1 0.897509 1 0.89741 -0.40104 
0.799824 1 0.897773 1 0.897725 -0.402067 
0.800726 1 0.898044 1 0.898047 -0.403071 
0.801643 1 0.898321 1 0.898373 -0.404046 
0.802574 1 0.898605 1 0.898705 -0.404997 
0.803521 1 0.898895 1 0.899041 -0.405928 
0.804483 1 0.899191 1 0.899381 -0.406834 
0.805459 1 0.899491 1 0.899725 -0.407717 
0.806452 1 0.899796 1 0.900074 -0.408577 
0.807461 1 0.900105 1 0.900427 -0.409418 
0.808485 1 0.900419 1 0.900783 -0.410236 
0.809526 1 0.900737 1 0.901142 -0.411036 
0.810584 1 0.901058 1 0.901504 -0.411815 
0.811658 1 0.901383 1 0.901869 -0.412577 
0.81275 1 0.901711 1 0.902235 -0.413315 
0.813858 1 0.902041 1 0.902604 -0.414037 
0.814984 1 0.902374 1 0.902973 -0.414737 
0.816127 1 0.902708 1 0.903343 -0.415421 
0.817287 1 0.903044 1 0.903714 -0.416089 
0.818466 1 0.903381 1 0.904085 -0.41674 
0.819662 1 0.903718 1 0.904455 -0.417377 
0.820876 1 0.904056 1 0.904824 -0.417996 
0.822108 1 0.904394 1 0.905191 -0.4186 
0.823358 1 0.904731 1 0.905556 -0.419189 
0.824626 1 0.905066 1 0.905919 -0.419763 
0.825912 1 0.9054 1 0.906278 -0.420322 
0.827216 1 0.905731 1 0.906634 -0.420869 
0.828538 1 0.90606 1 0.906986 -0.4214 
0.829878 1 0.906385 1 0.907333 -0.421918 
0.831236 1 0.906706 1 0.907675 -0.422426 
0.832612 1 0.907023 1 0.90801 -0.422918 
0.834005 1 0.907335 1 0.908339 -0.423401 
0.835416 1 0.90764 1 0.908661 -0.42387 
0.836845 1 0.90794 1 0.908975 -0.424326 
0.83829 1 0.908233 1 0.909281 -0.424772 
0.839753 1 0.908519 1 0.909578 -0.425208 
0.841232 1 0.908796 1 0.909865 -0.425633 
0.842727 1 0.909064 1 0.910142 -0.426044 
0.84307 1 0.909241 1 0.910049 -0.426455 
0.843054 1 0.909392 1 0.909918 -0.426842 
0.843023 1 0.909476 1 0.90984 -0.427222 
0.843012 1 0.909521 1 0.909768 -0.427596 
0.843008 1 0.909551 1 0.909706 -0.427959 
0.843011 1 0.909571 1 0.909655 -0.428312 
0.843023 1 0.909585 1 0.909611 -0.42866 
0.843048 1 0.909597 1 0.909572 -0.428998 
0.843086 1 0.909611 1 0.909538 -0.429327 
0.843139 1 0.909626 1 0.909508 -0.429648 
0.843206 1 0.909644 1 0.909482 -0.42996 
0.843285 1 0.909664 1 0.909461 -0.430264 
0.843377 1 0.909684 1 0.909445 -0.430562 
0.843482 1 0.909706 1 0.909434 -0.430851 
0.843598 1 0.90973 1 0.909425 -0.431133 
0.843728 1 0.909755 1 0.909421 -0.431409 
0.84387 1 0.909782 1 0.90942 -0.431677 
0.844025 1 0.909812 1 0.909423 -0.431938 
0.844193 1 0.909843 1 0.909428 -0.432193 
0.844248 1 0.909872 1 0.9094 -0.43244 
0.844281 1 0.909894 1 0.909376 -0.432683 
0.844315 1 0.909911 1 0.90935 -0.432921 
0.844362 1 0.909927 1 0.909327 -0.433152 
0.844414 1 0.909943 1 0.909307 -0.433377 
0.844467 1 0.90996 1 0.909287 -0.433597 
0.844519 1 0.90997 1 0.909276 -0.433811 
0.844568 1 0.909979 1 0.909266 -0.434019 
0.844614 1 0.909988 1 0.909255 -0.434223 
0.844658 1 0.909996 1 0.909245 -0.434422 
0.844701 1 0.910004 1 0.909236 -0.434615 
0.844744 1 0.910012 1 0.909226 -0.434804 
0.844785 1 0.910019 1 0.909217 -0.434988 
0.844824 1 0.910027 1 0.909208 -0.435167 
0.844863 1 0.910034 1 0.909199 -0.435342 
0.844901 1 0.91004 1 0.90919 -0.435512 
0.844938 1 0.910047 1 0.909181 -0.435679 
0.844974 1 0.910054 1 0.909173 -0.435841 
0.845009 1 0.91006 1 0.909164 -0.435999 
0.845044 1 0.910066 1 0.909155 -0.436152 
0.845077 1 0.910072 1 0.909147 -0.436303 
0.845109 1 0.910079 1 0.909139 -0.436448 
0.845141 1 0.910084 1 0.909131 -0.436591 
0.845171 1 0.91009 1 0.909123 -0.43673 
0.845201 1 0.910095 1 0.909114 -0.436865 
0.84523 1 0.910101 1 0.909106 -0.436998 
0.845259 1 0.910106 1 0.909099 -0.437126 
0.845286 1 0.910111 1 0.909091 -0.437252 
0.845313 1 0.910116 1 0.909084 -0.437374 
0.84534 1 0.910121 1 0.909076 -0.437493 
0.845356 1 0.910122 1 0.909068 -0.43761 
0.845371 1 0.910121 1 0.909062 -0.437723 
0.845385 1 0.91012 1 0.909056 -0.437833 
0.845397 1 0.910118 1 0.909051 -0.437941 
0.84541 1 0.910117 1 0.909045 -0.438046 
0.845423 1 0.910116 1 0.909039 -0.438149 
0.845435 1 0.910114 1 0.909034 -0.438249 
0.845447 1 0.910113 1 0.909029 -0.438346 
0.845458 1 0.910111 1 0.909023 -0.438441 
0.84547 1 0.91011 1 0.909018 -0.438533 
0.84548 1 0.910108 1 0.909013 -0.438624 
0.845491 1 0.910107 1 0.909008 -0.438712 
0.845501 1 0.910105 1 0.909003 -0.438798 
0.84551 1 0.910104 1 0.908998 -0.438882 
0.84552 1 0.910102 1 0.908993 -0.438964 
0.845529 1 0.9101 1 0.908989 -0.439044 
0.845538 1 0.910099 1 0.908984 -0.439122 
0.845547 1 0.910097 1 0.908979 -0.439197 
0.845555 1 0.910095 1 0.908975 -0.439271 
0.845563 1 0.910094 1 0.90897 -0.439343 
0.845571 1 0.910092 1 0.908965 -0.439412 
0.845578 1 0.91009 1 0.908961 -0.439481 
0.845585 1 0.910089 1 0.908956 -0.439547 
0.845592 1 0.910087 1 0.908952 -0.439612 
0.845599 1 0.910085 1 0.908947 -0.439675 
0.845606 1 0.910083 1 0.908943 -0.439737 
0.845612 1 0.910082 1 0.908939 -0.439797 
0.845618 1 0.91008 1 0.908935 -0.439856 
0.845624 1 0.910078 1 0.908931 -0.439913 
0.84563 1 0.910076 1 0.908927 -0.43997 
0.845635 1 0.910074 1 0.908922 -0.440024 
0.84564 1 0.910072 1 0.908918 -0.440077 
0.845646 1 0.91007 1 0.908914 -0.440129 
0.845651 1 0.910069 1 0.90891 -0.440179 
0.845655 1 0.910067 1 0.908906 -0.440229 
0.84566 1 0.910065 1 0.908903 -0.440276 
0.845664 1 0.910063 1 0.908899 -0.440324 
0.845668 1 0.910061 1 0.908895 -0.440369 
0.845672 1 0.910059 1 0.908891 -0.440414 
0.845676 1 0.910057 1 0.908887 -0.440458 
0.84568 1 0.910055 1 0.908884 -0.440499 
0.845684 1 0.910053 1 0.90888 -0.440541 
0.845687 1 0.910051 1 0.908876 -0.44058 
0.845691 1 0.910049 1 0.908873 -0.440618 
0.845694 1 0.910047 1 0.908869 -0.440657 
0.845697 1 0.910045 1 0.908866 -0.440694 
0.8457 1 0.910043 1 0.908862 -0.44073 
0.845703 1 0.910041 1 0.908859 -0.440765 
0.845706 1 0.910039 1 0.908855 -0.440799 
0.845708 1 0.910037 1 0.908852 -0.440833 
0.845711 1 0.910035 1 0.908848 -0.440866 
0.845713 1 0.910033 1 0.908845 -0.440898 
0.845716 1 0.910031 1 0.908841 -0.440929 
0.845718 1 0.910029 1 0.908838 -0.44096 
0.84572 1 0.910027 1 0.908834 -0.440989 
0.845722 1 0.910025 1 0.908832 -0.441018 
0.845723 1 0.910022 1 0.908829 -0.441046 
0.845725 1 0.91002 1 0.908825 -0.441073 
0.845727 1 0.910018 1 0.908822 -0.4411 
0.845729 1 0.910016 1 0.908819 -0.441126 
0.84573 1 0.910014 1 0.908815 -0.441152 
0.845732 1 0.910012 1 0.908812 -0.441177 
0.845733 1 0.91001 1 0.908809 -0.441201 
0.845735 1 0.910007 1 0.908806 -0.441224 
0.845736 1 0.910005 1 0.908803 -0.441247 
0.845737 1 0.910003 1 0.9088 -0.44127 
0.845738 1 0.910001 1 0.908797 -0.441293 
0.845739 1 0.909999 1 0.908794 -0.441313 
0.84574 1 0.909996 1 0.908791 -0.441333 
0.845741 1 0.909994 1 0.908788 -0.441354 
0.845742 1 0.909992 1 0.908784 -0.441374 
0.845742 1 0.90999 1 0.908782 -0.441393 
0.845742 1 0.909988 1 0.908779 -0.441412 
0.845743 1 0.909985 1 0.908776 -0.441432 
0.845743 1 0.909983 1 0.908773 -0.44145 
0.845744 1 0.909981 1 0.90877 -0.441467 
0.845744 1 0.909979 1 0.908768 -0.441484 
0.845744 1 0.909976 1 0.908765 -0.441499 
0.845745 1 0.909974 1 0.908762 -0.441515 
0.845745 1 0.909972 1 0.908759 -0.441532 
0.845745 1 0.90997 1 0.908756 -0.441546 
0.845746 1 0.909967 1 0.908753 -0.441561 
0.845746 1 0.909965 1 0.90875 -0.441575 
0.845746 1 0.909963 1 0.908748 -0.441589 
0.845746 1 0.909961 1 0.908745 -0.441603 
0.845746 1 0.909958 1 0.908742 -0.441616 
0.845746 1 0.909956 1 0.908739 -0.441628 
0.845746 1 0.909954 1 0.908736 -0.441642 
0.845745 1 0.909951 1 0.908733 -0.441654 
0.845745 1 0.909949 1 0.908731 -0.441667 
0.845745 1 0.909947 1 0.908728 -0.441679 
0.845745 1 0.909944 1 0.908726 -0.441691 
0.845744 1 0.909942 1 0.908723 -0.441703 
0.845744 1 0.90994 1 0.90872 -0.441715 
0.845743 1 0.909937 1 0.908718 -0.441726 
0.845743 1 0.909935 1 0.908715 -0.441736 
0.845742 1 0.909933 1 0.908712 -0.441748 
0.845742 1 0.90993 1 0.908709 -0.441758 
0.845741 1 0.909928 1 0.908707 -0.441767 
0.845741 1 0.909926 1 0.908704 -0.441777 
0.84574 1 0.909924 1 0.908702 -0.441786 
0.84574 1 0.909921 1 0.908699 -0.441796 
0.845739 1 0.909919 1 0.908696 -0.441804 
0.845738 1 0.909916 1 0.908694 -0.441812 
0.845738 1 0.909914 1 0.908692 -0.44182 
0.845737 1 0.909912 1 0.908689 -0.441829 
0.845736 1 0.909909 1 0.908687 -0.441837 
0.845736 1 0.909907 1 0.908684 -0.441845 
0.845734 1 0.909905 1 0.908681 -0.441853 
0.845734 1 0.909902 1 0.908679 -0.44186 
0.845733 1 0.9099 1 0.908676 -0.441867 
0.845732 1 0.909897 1 0.908674 -0.441875 
0.845731 1 0.909895 1 0.908671 -0.441882 
0.845731 1 0.909893 1 0.908669 -0.441887 
0.845729 1 0.90989 1 0.908667 -0.441894 
0.845728 1 0.909888 1 0.908664 -0.4419 
0.845727 1 0.909885 1 0.908662 -0.441904 
0.845726 1 0.909883 1 0.908659 -0.44191 
0.845725 1 0.909881 1 0.908657 -0.441915 
0.845724 1 0.909878 1 0.908654 -0.44192 
0.845723 1 0.909876 1 0.908652 -0.441927 
0.845722 1 0.909873 1 0.90865 -0.441933 
0.845721 1 0.909871 1 0.908647 -0.441938 
0.84572 1 0.909869 1 0.908644 -0.441942 
0.845718 1 0.909866 1 0.908642 -0.441947 
0.845717 1 0.909864 1 0.90864 -0.441952 
0.845716 1 0.909861 1 0.908637 -0.441957 
0.845715 1 0.909859 1 0.908635 -0.441962 
0.845714 1 0.909856 1 0.908632 -0.441967 
0.845713 1 0.909854 1 0.908629 -0.441972 
0.845712 1 0.909852 1 0.908627 -0.441976 
0.84571 1 0.909849 1 0.908625 -0.44198 
0.845709 1 0.909847 1 0.908623 -0.441984 
0.845707 1 0.909844 1 0.90862 -0.441988 
0.845706 1 0.909842 1 0.908618 -0.441992 
0.845705 1 0.90984 1 0.908616 -0.441995 
0.845704 1 0.909837 1 0.908613 -0.441998 
0.845702 1 0.909835 1 0.908611 -0.442002 
0.845701 1 0.909832 1 0.908608 -0.442006 
0.8457 1 0.90983 1 0.908606 -0.442009 
0.845698 1 0.909827 1 0.908603 -0.442013 
0.845697 1 0.909825 1 0.908601 -0.442016 
0.845695 1 0.909823 1 0.908599 -0.442018 
0.845694 1 0.90982 1 0.908597 -0.442022 
0.845693 1 0.909818 1 0.908594 -0.442024 
0.845691 1 0.909815 1 0.908592 -0.442027 
0.84569 1 0.909813 1 0.908589 -0.44203 
0.845688 1 0.909811 1 0.908587 -0.442034 
0.845687 1 0.909808 1 0.908585 -0.442036 
0.845686 1 0.909806 1 0.908582 -0.442039 
0.845684 1 0.909803 1 0.90858 -0.442042 
0.845683 1 0.909801 1 0.908578 -0.442044 
0.845681 1 0.909798 1 0.908575 -0.442046 
0.84568 1 0.909796 1 0.908574 -0.442048 
0.845678 1 0.909793 1 0.908571 -0.442052 
0.845677 1 0.909791 1 0.908568 -0.442055 
0.845675 1 0.909788 1 0.908566 -0.442057 
0.845674 1 0.909786 1 0.908563 -0.44206 
0.845673 1 0.909784 1 0.908561 -0.442062 
0.845671 1 0.909781 1 0.908559 -0.442065 
0.84567 1 0.909779 1 0.908557 -0.442066 
0.845668 1 0.909776 1 0.908554 -0.442068 
0.845667 1 0.909774 1 0.908552 -0.442071 
0.845665 1 0.909771 1 0.90855 -0.442072 
0.845664 1 0.909769 1 0.908548 -0.442075 
0.845663 1 0.909766 1 0.908545 -0.442078 
0.845661 1 0.909764 1 0.908543 -0.442079 
0.84566 1 0.909761 1 0.908541 -0.442081 
0.845658 1 0.909759 1 0.908538 -0.442082 
0.845656 1 0.909756 1 0.908536 -0.442084 
0.845655 1 0.909754 1 0.908534 -0.442086 
0.845653 1 0.909751 1 0.908532 -0.442087 
0.845652 1 0.909749 1 0.908529 -0.442089 
0.845651 1 0.909747 1 0.908527 -0.44209 
0.845649 1 0.909744 1 0.908525 -0.44209 
0.845647 1 0.909742 1 0.908522 -0.442091 
0.845645 1 0.909739 1 0.90852 -0.442091 
0.845644 1 0.909737 1 0.908517 -0.442093 
0.845642 1 0.909734 1 0.908516 -0.442094 
0.845641 1 0.909732 1 0.908513 -0.442095 
0.845639 1 0.909729 1 0.908511 -0.442096 
0.845638 1 0.909727 1 0.908509 -0.442097 
0.845636 1 0.909724 1 0.908506 -0.442099 
0.845634 1 0.909722 1 0.908504 -0.4421 
0.845632 1 0.90972 1 0.908502 -0.442103 
0.845631 1 0.909717 1 0.9085 -0.442104 
0.845629 1 0.909715 1 0.908497 -0.442104 
0.845628 1 0.909712 1 0.908495 -0.442106 
0.845626 1 0.90971 1 0.908493 -0.442106 
0.845624 1 0.909707 1 0.90849 -0.442106 
0.845623 1 0.909705 1 0.908488 -0.442107 
0.845621 1 0.909702 1 0.908485 -0.442108 
0.84562 1 0.9097 1 0.908484 -0.442108 
0.845618 1 0.909697 1 0.908482 -0.442109 
0.845617 1 0.909695 1 0.908479 -0.442111 
0.845615 1 0.909692 1 0.908477 -0.442111 
0.845614 1 0.90969 1 0.908474 -0.442113 
0.845612 1 0.909687 1 0.908472 -0.442114 
0.845611 1 0.909685 1 0.90847 -0.442116 
0.845609 1 0.909682 1 0.908468 -0.442118 
0.845608 1 0.90968 1 0.908466 -0.442119 
0.845606 1 0.909677 1 0.908463 -0.442121 
0.845605 1 0.909675 1 0.908461 -0.442122 
0.845603 1 0.909673 1 0.908459 -0.442122 
0.845601 1 0.90967 1 0.908457 -0.442123 
0.845599 1 0.909667 1 0.908454 -0.442124 
0.845598 1 0.909665 1 0.908452 -0.442126 
0.845596 1 0.909662 1 0.90845 -0.442125 
0.845594 1 0.90966 1 0.908448 -0.442127 
0.845593 1 0.909657 1 0.908445 -0.442127 
0.845591 1 0.909655 1 0.908443 -0.442128 
0.84559 1 0.909652 1 0.908441 -0.442128 
0.845588 1 0.90965 1 0.908438 -0.442129 
0.845587 1 0.909647 1 0.908436 -0.44213 
0.845585 1 0.909645 1 0.908434 -0.442129 
0.845583 1 0.909643 1 0.908431 -0.442129 
0.845582 1 0.90964 1 0.908429 -0.442129 
0.84558 1 0.909638 1 0.908427 -0.44213 
0.845578 1 0.909635 1 0.908425 -0.44213 
0.845576 1 0.909633 1 0.908422 -0.44213 
0.845574 1 0.90963 1 0.90842 -0.442131 
0.845573 1 0.909628 1 0.908418 -0.44213 
0.845571 1 0.909625 1 0.908416 -0.44213 
0.845569 1 0.909623 1 0.908414 -0.442132 
0.845567 1 0.90962 1 0.908411 -0.442131 
0.845566 1 0.909618 1 0.908409 -0.442131 
0.845564 1 0.909615 1 0.908407 -0.442131 
0.845563 1 0.909613 1 0.908405 -0.442131 
0.845562 1 0.90961 1 0.908402 -0.442131 
0.84556 1 0.909608 1 0.908401 -0.442131 
0.845558 1 0.909605 1 0.908398 -0.442131 
0.845556 1 0.909603 1 0.908395 -0.442132 
0.845555 1 0.9096 1 0.908393 -0.442131 
0.845553 1 0.909598 1 0.908391 -0.442131 
0.845551 1 0.909595 1 0.908388 -0.442131 
0.84555 1 0.909593 1 0.908387 -0.442131 
0.845548 1 0.90959 1 0.908384 -0.442132 
0.845546 1 0.909588 1 0.908382 -0.442133 
0.845544 1 0.909585 1 0.90838 -0.442133 
0.845543 1 0.909583 1 0.908378 -0.442134 
0.845541 1 0.90958 1 0.908375 -0.442134 
0.84554 1 0.909578 1 0.908373 -0.442135 
0.845538 1 0.909576 1 0.908371 -0.442136 
0.845536 1 0.909573 1 0.908369 -0.442136 
0.845534 1 0.90957 1 0.908366 -0.442135 
0.845532 1 0.909568 1 0.908364 -0.442136 
0.845531 1 0.909565 1 0.908362 -0.442137 
0.845529 1 0.909563 1 0.90836 -0.442137 
0.845527 1 0.90956 1 0.908357 -0.442139 
0.845526 1 0.909558 1 0.908355 -0.442138 
0.845524 1 0.909556 1 0.908352 -0.442139 
0.845522 1 0.909553 1 0.908351 -0.44214 
0.845521 1 0.909551 1 0.908348 -0.442141 
0.84552 1 0.909548 1 0.908345 -0.442143 
0.845518 1 0.909546 1 0.908344 -0.442143 
0.845517 1 0.909543 1 0.908342 -0.442142 
0.845515 1 0.909541 1 0.908339 -0.442143 
0.845513 1 0.909538 1 0.908337 -0.442144 
0.845512 1 0.909536 1 0.908335 -0.442144 
0.84551 1 0.909533 1 0.908332 -0.442144 
0.845509 1 0.909531 1 0.90833 -0.442144 
0.845507 1 0.909528 1 0.908327 -0.442143 
0.845505 1 0.909526 1 0.908326 -0.442145 
0.845503 1 0.909523 1 0.908323 -0.442145 
0.845502 1 0.909521 1 0.908322 -0.442145 
0.8455 1 0.909518 1 0.908319 -0.442146 
0.845498 1 0.909516 1 0.908317 -0.442145 
0.845496 1 0.909513 1 0.908315 -0.442145 
0.845495 1 0.909511 1 0.908312 -0.442144 
0.845493 1 0.909508 1 0.90831 -0.442144 
0.845491 1 0.909506 1 0.908307 -0.442143 
0.845489 1 0.909503 1 0.908306 -0.442144 
0.845487 1 0.909501 1 0.908303 -0.442144 
0.845486 1 0.909498 1 0.908301 -0.442145 
0.845484 1 0.909496 1 0.908299 -0.442144 
0.845482 1 0.909493 1 0.908297 -0.442144 
0.845481 1 0.909491 1 0.908294 -0.442144 
0.845479 1 0.909488 1 0.908292 -0.442143 
0.845477 1 0.909486 1 0.90829 -0.442143 
0.845476 1 0.909483 1 0.908288 -0.442143 
0.845473 1 0.909481 1 0.908285 -0.442142 
0.845472 1 0.909478 1 0.908283 -0.442143 
0.84547 1 0.909476 1 0.908281 -0.442142 
0.845469 1 0.909473 1 0.908278 -0.442142 
0.845467 1 0.909471 1 0.908276 -0.442142 
0.845465 1 0.909469 1 0.908274 -0.442141 
0.845463 1 0.909466 1 0.908272 -0.442141 
0.845461 1 0.909464 1 0.908269 -0.442142 
0.845459 1 0.909461 1 0.908267 -0.442141 
0.845457 1 0.909459 1 0.908265 -0.442141 
0.845456 1 0.909456 1 0.908263 -0.442141 
0.845454 1 0.909453 1 0.90826 -0.44214 
0.845452 1 0.909451 1 0.908258 -0.44214 
0.84545 1 0.909449 1 0.908256 -0.44214 
0.845449 1 0.909446 1 0.908254 -0.442141 
0.845447 1 0.909444 1 0.908251 -0.442142 
0.845445 1 0.909441 1 0.908249 -0.442142 
0.845443 1 0.909438 1 0.908247 -0.442142 
0.845442 1 0.909436 1 0.908244 -0.442143 
0.84544 1 0.909434 1 0.908242 -0.442144 
0.845438 1 0.909431 1 0.90824 -0.442143 
0.845437 1 0.909429 1 0.908237 -0.442143 
0.845435 1 0.909426 1 0.908235 -0.442144 
0.845433 1 0.909424 1 0.908233 -0.442143 
0.845431 1 0.909421 1 0.908231 -0.442143 
0.845429 1 0.909419 1 0.908229 -0.442145 
0.845428 1 0.909416 1 0.908226 -0.442146 
0.845426 1 0.909414 1 0.908224 -0.442145 
0.845424 1 0.909411 1 0.908221 -0.442146 
0.845423 1 0.909409 1 0.908219 -0.442146 
0.845421 1 0.909406 1 0.908217 -0.442148 
0.84542 1 0.909404 1 0.908215 -0.442147 
0.845418 1 0.909402 1 0.908213 -0.442146 
0.845416 1 0.909399 1 0.90821 -0.442145 
0.845414 1 0.909396 1 0.908208 -0.442146 
0.845412 1 0.909394 1 0.908206 -0.442147 
0.845411 1 0.909391 1 0.908204 -0.442147 
0.845409 1 0.909389 1 0.908201 -0.442147 
0.845407 1 0.909386 1 0.908199 -0.442148 
0.845405 1 0.909384 1 0.908197 -0.442149 
0.845403 1 0.909381 1 0.908194 -0.442148 
0.845402 1 0.909379 1 0.908192 -0.442148 
0.8454 1 0.909377 1 0.90819 -0.442148 
0.845399 1 0.909374 1 0.908188 -0.442147 
0.845397 1 0.909372 1 0.908186 -0.442147 
0.845396 1 0.909369 1 0.908182 -0.442147 
0.845394 1 0.909367 1 0.908181 -0.442146 
0.845392 1 0.909364 1 0.908178 -0.442146 
0.84539 1 0.909362 1 0.908176 -0.442145 
0.845388 1 0.909359 1 0.908174 -0.442146 
0.845386 1 0.909357 1 0.908172 -0.442147 
0.845385 1 0.909354 1 0.908169 -0.442147 
0.845383 1 0.909352 1 0.908167 -0.442146 
0.845381 1 0.909349 1 0.908165 -0.442146 
0.84538 1 0.909347 1 0.908162 -0.442146 
0.845378 1 0.909344 1 0.90816 -0.442147 
0.845376 1 0.909342 1 0.908158 -0.442146 
0.845375 1 0.909339 1 0.908156 -0.442147 
0.845373 1 0.909337 1 0.908153 -0.442146 
0.845371 1 0.909334 1 0.908151 -0.442146 
0.845369 1 0.909332 1 0.908148 -0.442145 
0.845368 1 0.909329 1 0.908146 -0.442145 
0.845366 1 0.909327 1 0.908144 -0.442144 
0.845365 1 0.909324 1 0.908141 -0.442145 
0.845363 1 0.909322 1 0.90814 -0.442144 
0.845362 1 0.909319 1 0.908137 -0.442144 
0.84536 1 0.909317 1 0.908135 -0.442144 
0.845358 1 0.909314 1 0.908133 -0.442144 
0.845356 1 0.909312 1 0.908131 -0.442145 
0.845354 1 0.909309 1 0.908129 -0.442146 
0.845353 1 0.909307 1 0.908126 -0.442145 
0.845351 1 0.909304 1 0.908124 -0.442145 
0.845349 1 0.909302 1 0.908122 -0.442146 
0.845348 1 0.909299 1 0.908119 -0.442147 
0.845346 1 0.909297 1 0.908117 -0.442148 
0.845344 1 0.909294 1 0.908114 -0.442147 
0.845342 1 0.909292 1 0.908112 -0.442147 
0.84534 1 0.90929 1 0.90811 -0.442147 
0.845338 1 0.909287 1 0.908108 -0.442146 
0.845337 1 0.909284 1 0.908105 -0.442147 
0.845335 1 0.909282 1 0.908103 -0.442147 
0.845334 1 0.909279 1 0.908101 -0.442148 
0.845332 1 0.909277 1 0.908099 -0.442147 
0.84533 1 0.909275 1 0.908096 -0.442148 
0.845328 1 0.909272 1 0.908094 -0.442149 
0.845326 1 0.90927 1 0.908092 -0.442148 
0.845325 1 0.909267 1 0.90809 -0.442149 
0.845323 1 0.909265 1 0.908087 -0.442147 
0.845321 1 0.909262 1 0.908085 -0.442148 
0.845319 1 0.90926 1 0.908083 -0.442148 
0.845317 1 0.909257 1 0.908081 -0.442148 
0.845316 1 0.909254 1 0.908078 -0.442148 
0.845314 1 0.909252 1 0.908076 -0.442148 
0.845312 1 0.90925 1 0.908074 -0.442148 
0.845311 1 0.909247 1 0.908072 -0.442148 
0.845309 1 0.909245 1 0.908069 -0.442148 
0.845307 1 0.909242 1 0.908067 -0.442148 
0.845306 1 0.90924 1 0.908064 -0.442148 
0.845304 1 0.909237 1 0.908063 -0.442149 
0.845302 1 0.909235 1 0.90806 -0.442148 
0.8453 1 0.909232 1 0.908058 -0.442148 
0.845299 1 0.90923 1 0.908055 -0.442147 
0.845297 1 0.909227 1 0.908053 -0.442147 
0.845295 1 0.909225 1 0.908051 -0.442147 
0.845293 1 0.909222 1 0.908048 -0.442145 
0.845291 1 0.90922 1 0.908046 -0.442146 
0.845289 1 0.909217 1 0.908043 -0.442146 
0.845287 1 0.909215 1 0.908042 -0.442146 
0.845286 1 0.909212 1 0.908039 -0.442145 
0.845284 1 0.90921 1 0.908037 -0.442145 
0.845282 1 0.909207 1 0.908034 -0.442144 
0.845281 1 0.909205 1 0.908032 -0.442145 
0.845278 1 0.909203 1 0.908029 -0.442144 
0.845276 1 0.9092 1 0.908027 -0.442143 
0.845274 1 0.909198 1 0.908025 -0.442142 
0.845273 1 0.909195 1 0.908023 -0.442141 
0.845271 1 0.909192 1 0.90802 -0.44214 
0.845269 1 0.90919 1 0.908018 -0.44214 
0.845267 1 0.909188 1 0.908016 -0.442139 
0.845265 1 0.909185 1 0.908014 -0.442139 
0.845263 1 0.909183 1 0.908011 -0.442138 
0.845261 1 0.90918 1 0.908009 -0.442138 
0.845259 1 0.909178 1 0.908007 -0.442138 
0.845257 1 0.909175 1 0.908005 -0.442139 
0.845256 1 0.909173 1 0.908002 -0.442138 
0.845254 1 0.90917 1 0.908 -0.44214 
0.845252 1 0.909168 1 0.907998 -0.44214 
0.84525 1 0.909165 1 0.907995 -0.44214 
0.845249 1 0.909163 1 0.907993 -0.44214 
0.845247 1 0.90916 1 0.907991 -0.442141 
0.845245 1 0.909158 1 0.907988 -0.442142 
0.845244 1 0.909155 1 0.907986 -0.442143 
0.845242 1 0.909153 1 0.907984 -0.442142 
0.84524 1 0.90915 1 0.907981 -0.442142 
0.845239 1 0.909148 1 0.907979 -0.442143 
0.845237 1 0.909145 1 0.907976 -0.442142 
0.845235 1 0.909143 1 0.907974 -0.442142 
0.845233 1 0.90914 1 0.907972 -0.442142 
0.845231 1 0.909138 1 0.907969 -0.442143 
0.845229 1 0.909135 1 0.907968 -0.442144 
0.845227 1 0.909133 1 0.907965 -0.442143 
0.845226 1 0.90913 1 0.907963 -0.442142 
0.845224 1 0.909128 1 0.90796 -0.442141 
0.845222 1 0.909125 1 0.907958 -0.442141 
0.845221 1 0.909123 1 0.907956 -0.442143 
0.845218 1 0.909121 1 0.907953 -0.442142 
0.845216 1 0.909118 1 0.907951 -0.442142 
0.845214 1 0.909116 1 0.907948 -0.442142 
0.845213 1 0.909113 1 0.907947 -0.442142 
0.845211 1 0.90911 1 0.907945 -0.442143 
0.84521 1 0.909108 1 0.907942 -0.442142 
0.845208 1 0.909105 1 0.90794 -0.442141 
0.845206 1 0.909103 1 0.907937 -0.442141 
0.845205 1 0.9091 1 0.907935 -0.442141 
0.845203 1 0.909098 1 0.907932 -0.442143 
0.845201 1 0.909096 1 0.90793 -0.442144 
0.845199 1 0.909093 1 0.907928 -0.442144 
0.845197 1 0.909091 1 0.907926 -0.442143 
0.845195 1 0.909088 1 0.907923 -0.442144 
0.845194 1 0.909085 1 0.907921 -0.442143 
0.845192 1 0.909083 1 0.907919 -0.442142 
0.84519 1 0.909081 1 0.907916 -0.442142 
0.845189 1 0.909078 1 0.907914 -0.442144 
0.845187 1 0.909076 1 0.907911 -0.442145 
0.845185 1 0.909073 1 0.90791 -0.442145 
0.845183 1 0.909071 1 0.907907 -0.442145 
0.845181 1 0.909068 1 0.907905 -0.442144 
0.845179 1 0.909066 1 0.907902 -0.442145 
0.845178 1 0.909063 1 0.9079 -0.442145 
0.845176 1 0.909061 1 0.907898 -0.442145 
0.845175 1 0.909058 1 0.907896 -0.442145 
0.845173 1 0.909056 1 0.907893 -0.442144 
0.845171 1 0.909053 1 0.90789 -0.442144 
0.845169 1 0.909051 1 0.907888 -0.442145 
0.845167 1 0.909048 1 0.907886 -0.442145 
0.845166 1 0.909046 1 0.907884 -0.442145 
0.845164 1 0.909043 1 0.907882 -0.442145 
0.845162 1 0.909041 1 0.907879 -0.442146 
0.84516 1 0.909038 1 0.907877 -0.442145 
0.845158 1 0.909036 1 0.907874 -0.442145 
0.845157 1 0.909033 1 0.907872 -0.442144 
0.845155 1 0.909031 1 0.90787 -0.442145 
0.845154 1 0.909028 1 0.907867 -0.442145 
0.845152 1 0.909026 1 0.907865 -0.442145 
0.84515 1 0.909024 1 0.907862 -0.442145 
0.845148 1 0.909021 1 0.90786 -0.442146 
0.845146 1 0.909019 1 0.907858 -0.442145 
0.845144 1 0.909016 1 0.907856 -0.442145 
0.845142 1 0.909014 1 0.907854 -0.442146 
0.84514 1 0.909011 1 0.907852 -0.442147 
0.845139 1 0.909008 1 0.907849 -0.442146 
0.845137 1 0.909006 1 0.907847 -0.442145 
0.845135 1 0.909003 1 0.907845 -0.442143 
0.845134 1 0.909001 1 0.907842 -0.442143 
