0.335322 0 0.455392 0 0.455391 0.500001 
0.335758 0 0.458293 0 0.458069 0.499271 
0.336507 0 0.461598 0 0.461159 0.498406 
0.337465 0 0.465159 0 0.46456 0.497399 
0.33852 0 0.468924 0 0.468058 0.496242 
0.339577 0 0.472717 0 0.471592 0.494927 
0.340631 0 0.476522 0 0.475142 0.493437 
0.341688 0 0.480335 0 0.478701 0.49175 
0.342748 0 0.484144 0 0.482257 0.489837 
0.343805 0 0.487928 0 0.485794 0.487659 
0.34486 0 0.491675 0 0.4893 0.485171 
0.345919 0 0.495384 0 0.492769 0.482319 
0.346982 0 0.499041 0 0.496187 0.479037 
0.348043 0 0.502627 0 0.49954 0.475252 
0.349103 0 0.506132 0 0.502817 0.470885 
0.35017 0 0.509554 0 0.506012 0.465847 
0.351241 0 0.51288 0 0.509112 0.46005 
0.352312 0 0.516091 0 0.512103 0.453406 
0.353384 0 0.519178 0 0.514976 0.445836 
0.354462 0 0.522139 0 0.517723 0.437279 
0.355547 0 0.524963 0 0.520333 0.427693 
0.356631 0 0.527632 0 0.522794 0.41706 
0.357716 0 0.530141 0 0.5251 0.405395 
0.358808 0 0.532492 0 0.527247 0.392737 
0.359906 0 0.534682 0 0.529232 0.379152 
0.361001 0 0.536704 0 0.531053 0.364729 
0.362096 0 0.538563 0 0.532715 0.349581 
0.363003 0 0.53999 0 0.534183 0.333845 
0.363729 0 0.541068 0 0.53538 0.317674 
0.364275 0 0.541843 0 0.536295 0.301228 
0.364684 0 0.542385 0 0.536984 0.284655 
0.364875 0 0.542617 0 0.537445 0.26808 
0.364879 0 0.542583 0 0.53771 0.251602 
0.364719 0 0.542321 0 0.537791 0.235292 
0.364428 0 0.54187 0 0.537704 0.219202 
0.364043 0 0.541263 0 0.537464 0.203365 
0.363589 0 0.540515 0 0.537078 0.187804 
0.363082 0 0.539624 0 0.536542 0.172536 
0.362538 0 0.538594 0 0.535857 0.157571 
0.361977 0 0.537433 0 0.535023 0.142915 
0.361406 0 0.536142 0 0.534038 0.128572 
0.360823 0 0.534716 0 0.532898 0.114544 
0.360234 0 0.53316 0 0.531609 0.100831 
0.359647 0 0.531489 0 0.53018 0.0874303 
0.359065 0 0.529707 0 0.528617 0.0743406 
0.35848 0 0.527816 0 0.526925 0.061558 
0.357895 0 0.525825 0 0.525114 0.0490783 
0.357318 0 0.523751 0 0.523197 0.0368968 
0.356746 0 0.521602 0 0.521185 0.0250082 
0.356173 0 0.519379 0 0.519082 0.0134075 
0.355601 0 0.517093 0 0.516899 0.00208884 
0.355035 0 0.514761 0 0.514652 -0.00895356 
0.354474 0 0.51239 0 0.512348 -0.0197254 
0.353911 0 0.50998 0 0.509991 -0.0302327 
0.353348 0 0.507541 0 0.507593 -0.0404812 
0.35279 0 0.505089 0 0.505164 -0.0504767 
0.352235 0 0.502627 0 0.502712 -0.0602253 
0.351678 0 0.500156 0 0.500239 -0.0697325 
0.350871 0 0.496664 0 0.497346 -0.0790036 
0.349958 0 0.492781 0 0.494258 -0.0880448 
0.349342 0 0.489807 0 0.491278 -0.0968616 
0.348962 0 0.487282 0 0.488513 -0.10546 
0.348719 0 0.484914 0 0.48588 -0.113844 
0.348483 0 0.482581 0 0.483277 -0.122019 
0.348252 0 0.480285 0 0.480707 -0.12999 
0.34802 0 0.478023 0 0.47817 -0.137763 
0.347788 0 0.475799 0 0.475671 -0.145343 
0.347562 0 0.473624 0 0.473215 -0.152733 
0.347342 0 0.471498 0 0.470804 -0.159938 
0.347122 0 0.469417 0 0.468436 -0.166964 
0.346997 0 0.467505 0 0.466213 -0.173814 
0.346952 0 0.465743 0 0.464119 -0.180493 
0.346963 0 0.464092 0 0.462127 -0.187005 
0.347009 0 0.462528 0 0.460218 -0.193354 
0.347082 0 0.461046 0 0.458387 -0.199543 
0.347184 0 0.459653 0 0.456633 -0.205578 
0.347309 0 0.458346 0 0.454954 -0.211461 
0.34745 0 0.457117 0 0.453344 -0.217196 
0.347607 0 0.455963 0 0.451801 -0.222787 
0.347784 0 0.454893 0 0.450329 -0.228237 
0.34798 0 0.453903 0 0.448926 -0.23355 
0.348187 0 0.452984 0 0.447587 -0.238728 
0.348408 0 0.452137 0 0.446312 -0.243776 
0.348647 0 0.451368 0 0.445106 -0.248696 
0.348906 0 0.4508 0 0.444308 -0.253492 
0.349149 0 0.450273 0 0.443615 -0.258165 
0.349393 0 0.449787 0 0.442963 -0.26272 
0.349531 0 0.448867 0 0.442093 -0.267158 
0.349584 0 0.447791 0 0.441113 -0.271483 
0.349591 0 0.446654 0 0.440103 -0.275697 
0.349587 0 0.445525 0 0.439117 -0.279803 
0.349581 0 0.444441 0 0.43817 -0.283802 
0.349581 0 0.443401 0 0.437265 -0.287699 
0.349581 0 0.442399 0 0.436396 -0.291493 
0.349582 0 0.441433 0 0.435563 -0.295189 
0.349621 0 0.440552 0 0.434814 -0.298787 
0.349696 0 0.439749 0 0.434144 -0.302291 
0.349803 0 0.439013 0 0.433542 -0.305701 
0.349917 0 0.438308 0 0.432939 -0.309019 
0.350046 0 0.437636 0 0.432359 -0.312248 
0.350191 0 0.437003 0 0.431812 -0.315388 
0.350347 0 0.436406 0 0.431299 -0.318441 
0.350518 0 0.43585 0 0.430824 -0.321408 
0.35071 0 0.435344 0 0.430393 -0.324291 
0.350922 0 0.434886 0 0.430002 -0.32709 
0.351148 0 0.434468 0 0.429647 -0.329806 
0.351387 0 0.434087 0 0.429326 -0.33244 
0.351647 0 0.433752 0 0.429043 -0.334992 
0.351925 0 0.433458 0 0.428798 -0.337462 
0.352216 0 0.433201 0 0.428584 -0.33985 
0.35252 0 0.432979 0 0.428405 -0.342157 
0.352845 0 0.432801 0 0.428264 -0.34438 
0.353188 0 0.432666 0 0.42816 -0.34652 
0.353543 0 0.432567 0 0.428089 -0.348575 
0.353912 0 0.432503 0 0.428052 -0.350544 
0.3543 0 0.432482 0 0.428054 -0.352423 
0.354706 0 0.432505 0 0.428093 -0.354212 
0.355123 0 0.432562 0 0.428166 -0.355906 
0.355553 0 0.432656 0 0.428275 -0.357503 
0.356002 0 0.432795 0 0.428424 -0.358997 
0.356469 0 0.432978 0 0.428614 -0.360383 
0.356946 0 0.433199 0 0.428841 -0.361657 
0.357436 0 0.433459 0 0.429106 -0.36281 
0.357945 0 0.433768 0 0.429417 -0.363836 
0.358471 0 0.434126 0 0.429774 -0.364726 
0.359008 0 0.434527 0 0.430173 -0.36547 
0.359557 0 0.434974 0 0.430619 -0.366056 
0.360123 0 0.435477 0 0.431117 -0.366473 
0.360707 0 0.436036 0 0.43167 -0.366707 
0.361301 0 0.436647 0 0.432275 -0.366743 
0.361905 0 0.437313 0 0.432936 -0.366564 
0.362527 0 0.438046 0 0.433663 -0.366153 
0.363164 0 0.438848 0 0.434456 -0.365491 
0.363809 0 0.439713 0 0.435315 -0.364557 
0.364463 0 0.440647 0 0.436246 -0.36333 
0.365131 0 0.441662 0 0.437257 -0.361788 
0.365812 0 0.44276 0 0.43835 -0.359909 
0.366498 0 0.443937 0 0.439527 -0.357672 
0.367189 0 0.445198 0 0.440792 -0.355055 
0.367891 0 0.446554 0 0.442155 -0.352038 
0.368601 0 0.448008 0 0.443617 -0.348604 
0.369312 0 0.449555 0 0.445178 -0.344737 
0.370023 0 0.451197 0 0.446842 -0.340426 
0.370741 0 0.452947 0 0.448617 -0.335662 
0.371463 0 0.454802 0 0.450503 -0.330441 
0.372181 0 0.456756 0 0.452496 -0.324764 
0.372897 0 0.458811 0 0.454599 -0.318635 
0.373615 0 0.460972 0 0.456816 -0.312065 
0.374333 0 0.463238 0 0.459144 -0.305066 
0.375046 0 0.465597 0 0.461577 -0.297656 
0.375754 0 0.468047 0 0.464114 -0.289856 
0.376463 0 0.470595 0 0.466757 -0.281687 
0.377173 0 0.473233 0 0.469502 -0.273174 
0.377877 0 0.47595 0 0.47234 -0.264343 
0.378578 0 0.478743 0 0.475269 -0.255217 
0.379285 0 0.481617 0 0.478292 -0.245819 
0.379997 0 0.484566 0 0.481406 -0.236172 
0.38071 0 0.48758 0 0.484604 -0.226292 
0.38143 0 0.490659 0 0.487889 -0.216193 
0.382168 0 0.493811 0 0.491267 -0.205884 
0.382929 0 0.497036 0 0.494742 -0.195367 
0.383713 0 0.500332 0 0.498318 -0.184637 
0.384533 0 0.503706 0 0.502006 -0.17368 
0.385406 0 0.507176 0 0.505828 -0.162476 
0.386344 0 0.510753 0 0.509798 -0.151002 
0.387354 0 0.514441 0 0.513929 -0.139233 
0.388446 0 0.518251 0 0.518232 -0.127157 
0.389625 0 0.522192 0 0.522713 -0.114782 
0.390883 0 0.526253 0 0.527351 -0.102142 
0.392195 0 0.530405 0 0.532114 -0.0892962 
0.393543 0 0.53462 0 0.536966 -0.0763185 
0.394918 0 0.538875 0 0.541875 -0.0632845 
0.396302 0 0.54314 0 0.546806 -0.0502651 
0.39768 0 0.547381 0 0.55173 -0.0373213 
0.399044 0 0.551576 0 0.556623 -0.024504 
0.400398 0 0.555718 0 0.561475 -0.0118532 
0.401738 0 0.559793 0 0.566271 0.000600927 
0.403053 0 0.563781 0 0.570997 0.0128363 
0.404346 0 0.567679 0 0.575648 0.0248377 
0.405622 0 0.571489 0 0.580226 0.0365954 
0.40688 0 0.575209 0 0.584727 0.048104 
0.408115 0 0.578828 0 0.589147 0.0593608 
0.409328 0 0.582346 0 0.593488 0.0703656 
0.410413 0 0.58539 0 0.596714 0.0811206 
0.411374 0 0.588036 0 0.599312 0.0916263 
0.412291 0 0.590586 0 0.601672 0.101886 
0.412961 0 0.592817 0 0.604045 0.111905 
0.413636 0 0.594993 0 0.60638 0.121685 
0.414315 0 0.597116 0 0.608677 0.131232 
0.414992 0 0.599182 0 0.610936 0.14055 
0.415667 0 0.601196 0 0.613163 0.149643 
0.416349 0 0.603172 0 0.615365 0.158515 
0.417035 0 0.605114 0 0.617546 0.167173 
0.41772 0 0.607018 0 0.619706 0.175619 
0.418405 0 0.608891 0 0.621851 0.183859 
0.419098 0 0.610747 0 0.623991 0.191896 
0.419796 0 0.612592 0 0.626129 0.199737 
0.420493 0 0.614423 0 0.628266 0.207385 
0.421192 0 0.616247 0 0.630409 0.214844 
0.421898 0 0.618078 0 0.632566 0.222118 
0.42261 0 0.61992 0 0.634741 0.229213 
0.423323 0 0.621768 0 0.636932 0.236132 
0.424037 0 0.623629 0 0.639144 0.242878 
0.424759 0 0.625512 0 0.641381 0.249457 
0.425488 0 0.627417 0 0.643644 0.255872 
0.426218 0 0.629338 0 0.645927 0.262126 
0.42695 0 0.631273 0 0.64823 0.268224 
0.427553 0 0.633143 0 0.650687 0.27417 
0.428074 0 0.634967 0 0.653194 0.279965 
0.428596 0 0.636804 0 0.65571 0.285615 
0.429122 0 0.63865 0 0.658233 0.291123 
0.429657 0 0.640511 0 0.660762 0.296492 
0.430201 0 0.642383 0 0.663293 0.301725 
0.430747 0 0.644254 0 0.665816 0.306825 
0.431327 0 0.646539 0 0.668481 0.311796 
0.431905 0 0.648896 0 0.67113 0.31664 
0.432489 0 0.651245 0 0.67376 0.321361 
0.433075 0 0.653577 0 0.676362 0.325961 
0.433662 0 0.655888 0 0.678936 0.330443 
0.434257 0 0.658186 0 0.681483 0.33481 
0.43486 0 0.660465 0 0.683999 0.339065 
0.435367 0 0.662444 0 0.686102 0.343209 
0.435785 0 0.664135 0 0.687987 0.347247 
0.436153 0 0.665677 0 0.689787 0.35118 
0.436528 0 0.667198 0 0.69156 0.355009 
0.436955 0 0.66861 0 0.692968 0.358739 
0.43741 0 0.670008 0 0.694188 0.36237 
0.437943 0 0.671736 0 0.695626 0.365905 
0.438408 0 0.673373 0 0.697045 0.369345 
0.438969 0 0.675047 0 0.698431 0.372692 
0.43941 0 0.676542 0 0.699846 0.375947 
0.43986 0 0.678022 0 0.701246 0.379113 
0.440414 0 0.679592 0 0.702596 0.382188 
0.44102 0 0.681187 0 0.70392 0.385175 
0.441515 0 0.682595 0 0.705331 0.388073 
0.442108 0 0.684145 0 0.70668 0.39088 
0.442653 0 0.685599 0 0.707981 0.393597 
0.443257 0 0.687112 0 0.709235 0.396221 
0.443793 0 0.688509 0 0.710447 0.398749 
0.444321 0 0.689945 0 0.711592 0.401177 
0.444838 0 0.69136 0 0.71268 0.403502 
0.44534 0 0.692734 0 0.713712 0.405719 
0.445831 0 0.694069 0 0.714698 0.40782 
0.446321 0 0.695378 0 0.715651 0.409799 
0.446812 0 0.69666 0 0.716575 0.411649 
0.447297 0 0.697906 0 0.717464 0.413359 
0.447778 0 0.699115 0 0.718319 0.414919 
0.448262 0 0.700294 0 0.719142 0.416319 
0.448747 0 0.70144 0 0.71993 0.417545 
0.449226 0 0.702543 0 0.720675 0.418582 
0.449701 0 0.703604 0 0.721378 0.419416 
0.450179 0 0.704629 0 0.722042 0.42003 
0.450658 0 0.705614 0 0.722663 0.420405 
0.451133 0 0.706551 0 0.723235 0.420521 
0.451604 0 0.707436 0 0.723756 0.420358 
0.452078 0 0.708277 0 0.724227 0.419894 
0.452555 0 0.709069 0 0.724644 0.419105 
0.453028 0 0.7098 0 0.724999 0.417969 
0.453497 0 0.710469 0 0.72529 0.41646 
0.453971 0 0.711079 0 0.725516 0.414553 
0.454448 0 0.711625 0 0.725672 0.412222 
0.454921 0 0.712094 0 0.725747 0.409443 
0.455391 0 0.712481 0 0.725739 0.406189 
0.455867 0 0.71279 0 0.725645 0.402434 
0.456346 0 0.713013 0 0.725456 0.398154 
0.456822 0 0.713134 0 0.725162 0.393322 
0.457296 0 0.713147 0 0.724755 0.387915 
0.457775 0 0.713052 0 0.724232 0.381908 
0.458258 0 0.712838 0 0.723582 0.375279 
0.458739 0 0.712488 0 0.722792 0.368008 
0.459218 0 0.711995 0 0.721852 0.360079 
0.459703 0 0.711356 0 0.720758 0.35148 
0.460192 0 0.710561 0 0.719501 0.342208 
0.460678 0 0.709597 0 0.718069 0.332268 
0.461163 0 0.708457 0 0.716458 0.321676 
0.461654 0 0.707149 0 0.714671 0.310458 
0.462149 0 0.705671 0 0.712707 0.298656 
0.46264 0 0.70402 0 0.710569 0.286322 
0.46313 0 0.702205 0 0.708265 0.27352 
0.463625 0 0.700245 0 0.705814 0.26032 
0.464123 0 0.698155 0 0.703228 0.246796 
0.464617 0 0.695943 0 0.700521 0.233026 
0.465109 0 0.69363 0 0.697715 0.219085 
0.465605 0 0.691241 0 0.694832 0.205043 
0.466104 0 0.688795 0 0.69189 0.190965 
0.466598 0 0.686302 0 0.688905 0.176908 
0.467089 0 0.683781 0 0.685894 0.162922 
0.467583 0 0.681256 0 0.682877 0.149049 
0.46808 0 0.678738 0 0.679866 0.135326 
0.468572 0 0.676233 0 0.676869 0.121779 
0.46906 0 0.673754 0 0.673898 0.108433 
0.469551 0 0.671316 0 0.670965 0.0953061 
0.470044 0 0.668927 0 0.668076 0.0824114 
0.470532 0 0.666586 0 0.665232 0.0697594 
0.471016 0 0.664299 0 0.662438 0.0573573 
0.471502 0 0.66208 0 0.659702 0.0452097 
0.47199 0 0.659928 0 0.657024 0.0333192 
0.472472 0 0.657843 0 0.654404 0.0216866 
0.47295 0 0.655827 0 0.651841 0.0103114 
0.47343 0 0.653889 0 0.649341 -0.000808126 
0.47391 0 0.652031 0 0.646903 -0.0116747 
0.474385 0 0.650247 0 0.644523 -0.022292 
0.474854 0 0.64854 0 0.642203 -0.0326644 
0.475324 0 0.646919 0 0.639947 -0.0427963 
0.475345 0 0.644529 0 0.637057 -0.0526923 
0.474829 0 0.641481 0 0.633621 -0.0623569 
0.4739 0 0.638065 0 0.629879 -0.0717942 
0.472685 0 0.634528 0 0.626006 -0.0810073 
0.471473 0 0.631085 0 0.622219 -0.0899997 
0.470258 0 0.62773 0 0.618514 -0.0987747 
0.46904 0 0.624461 0 0.61489 -0.107336 
0.467826 0 0.621283 0 0.611348 -0.115689 
0.466615 0 0.618192 0 0.607886 -0.123836 
0.4654 0 0.615179 0 0.604496 -0.131782 
0.464182 0 0.612243 0 0.601176 -0.139531 
0.462968 0 0.609387 0 0.597929 -0.147089 
0.461755 0 0.606607 0 0.594748 -0.154459 
0.460537 0 0.603891 0 0.591628 -0.161646 
0.459315 0 0.601236 0 0.588565 -0.168654 
0.45804 0 0.598241 0 0.585421 -0.175487 
0.456744 0 0.595042 0 0.582257 -0.18215 
0.455462 0 0.591759 0 0.579131 -0.188647 
0.454229 0 0.588451 0 0.57607 -0.194982 
0.453066 0 0.585134 0 0.573082 -0.201158 
0.451977 0 0.581803 0 0.570157 -0.20718 
0.450689 0 0.578074 0 0.56702 -0.213052 
0.4493 0 0.574159 0 0.563817 -0.218777 
0.448187 0 0.570883 0 0.560947 -0.224359 
0.447245 0 0.567869 0 0.558294 -0.229801 
0.446569 0 0.565071 0 0.555752 -0.235107 
0.445891 0 0.562305 0 0.553228 -0.240281 
0.445216 0 0.559577 0 0.550726 -0.245325 
0.444544 0 0.556886 0 0.548246 -0.250244 
0.443869 0 0.554228 0 0.545786 -0.255039 
0.443193 0 0.551604 0 0.543349 -0.259714 
0.442521 0 0.549024 0 0.540943 -0.264272 
0.442041 0 0.546659 0 0.538723 -0.268717 
0.441677 0 0.544464 0 0.536654 -0.27305 
0.441383 0 0.542384 0 0.534689 -0.277274 
0.441132 0 0.540388 0 0.532804 -0.281393 
0.440909 0 0.538461 0 0.530982 -0.285409 
0.440698 0 0.536591 0 0.529219 -0.289325 
0.440498 0 0.534777 0 0.527514 -0.293142 
0.440312 0 0.533025 0 0.525871 -0.296864 
0.440137 0 0.53133 0 0.52429 -0.300492 
0.439967 0 0.529687 0 0.522765 -0.30403 
0.439803 0 0.528094 0 0.521299 -0.307479 
0.439649 0 0.52656 0 0.519894 -0.310841 
0.439506 0 0.52508 0 0.518549 -0.314119 
0.439366 0 0.523649 0 0.51726 -0.317315 
0.43923 0 0.522264 0 0.516027 -0.32043 
0.439104 0 0.520933 0 0.514852 -0.323467 
0.438988 0 0.519652 0 0.513734 -0.326428 
0.438874 0 0.518414 0 0.512667 -0.329315 
0.438764 0 0.517216 0 0.511652 -0.332128 
0.438664 0 0.516066 0 0.51069 -0.334871 
0.438573 0 0.514961 0 0.50978 -0.337544 
0.438483 0 0.513891 0 0.508915 -0.340149 
0.438396 0 0.512857 0 0.508096 -0.342689 
0.438319 0 0.511865 0 0.507326 -0.345164 
0.438249 0 0.510911 0 0.506601 -0.347576 
0.438181 0 0.509987 0 0.505917 -0.349926 
0.438115 0 0.509093 0 0.505272 -0.352215 
0.438057 0 0.508235 0 0.504671 -0.354446 
0.438006 0 0.50741 0 0.50411 -0.356619 
0.437956 0 0.50661 0 0.503585 -0.358735 
0.437907 0 0.505835 0 0.503095 -0.360796 
0.437865 0 0.505091 0 0.502644 -0.362802 
0.43783 0 0.504375 0 0.502229 -0.364755 
0.437794 0 0.503679 0 0.501845 -0.366655 
0.437759 0 0.503004 0 0.501493 -0.368502 
0.43773 0 0.502355 0 0.501175 -0.370299 
0.4379 0 0.50208 0 0.501194 -0.372044 
0.438181 0 0.501955 0 0.50133 -0.373739 
0.438505 0 0.501853 0 0.501478 -0.375384 
0.438855 0 0.50177 0 0.501643 -0.376978 
0.439211 0 0.501716 0 0.501836 -0.378522 
0.439566 0 0.501684 0 0.502054 -0.380015 
0.439923 0 0.501675 0 0.502297 -0.381456 
0.440286 0 0.501695 0 0.50257 -0.382845 
0.440656 0 0.501744 0 0.502872 -0.38418 
0.441026 0 0.501813 0 0.503199 -0.385458 
0.441498 0 0.502023 0 0.503659 -0.386678 
0.442 0 0.502278 0 0.504137 -0.387838 
0.442514 0 0.502548 0 0.504624 -0.388933 
0.443032 0 0.502828 0 0.505124 -0.389959 
0.443557 0 0.50313 0 0.50565 -0.390911 
0.444097 0 0.503469 0 0.506212 -0.391784 
0.44465 0 0.503846 0 0.506811 -0.39257 
0.44521 0 0.504252 0 0.507441 -0.393262 
0.445776 0 0.504687 0 0.508104 -0.39385 
0.446354 0 0.505158 0 0.508805 -0.394322 
0.446941 0 0.505666 0 0.509543 -0.394668 
0.44753 0 0.506204 0 0.510316 -0.394872 
0.448122 0 0.506775 0 0.511128 -0.394918 
0.448724 0 0.507391 0 0.511989 -0.394789 
0.449333 0 0.508054 0 0.512899 -0.394465 
0.449943 0 0.508759 0 0.513858 -0.393925 
0.450554 0 0.509512 0 0.514872 -0.393144 
0.451174 0 0.510324 0 0.515951 -0.392097 
0.4518 0 0.5112 0 0.517097 -0.390758 
0.452425 0 0.512137 0 0.518313 -0.389099 
0.453051 0 0.51314 0 0.519605 -0.387091 
0.453684 0 0.514225 0 0.520984 -0.384706 
0.454322 0 0.515395 0 0.522456 -0.381917 
0.45496 0 0.516648 0 0.524021 -0.378697 
0.455598 0 0.517991 0 0.525686 -0.375022 
0.456243 0 0.519437 0 0.527463 -0.370874 
0.456893 0 0.520989 0 0.529355 -0.366235 
0.457543 0 0.522643 0 0.531361 -0.361095 
0.458192 0 0.524403 0 0.533486 -0.355448 
0.458848 0 0.526279 0 0.535737 -0.349293 
0.459509 0 0.52827 0 0.538115 -0.342637 
0.460169 0 0.530369 0 0.540616 -0.335491 
0.46061 0 0.532215 0 0.542808 -0.327873 
0.460933 0 0.533883 0 0.544776 -0.319805 
0.461195 0 0.535551 0 0.546676 -0.311314 
0.461442 0 0.537318 0 0.548636 -0.302431 
0.461774 0 0.539259 0 0.550757 -0.29319 
0.462175 0 0.541356 0 0.553036 -0.283627 
0.462628 0 0.543588 0 0.555458 -0.273778 
0.463115 0 0.545929 0 0.558001 -0.263679 
0.463629 0 0.548365 0 0.560656 -0.253366 
0.464076 0 0.550797 0 0.563294 -0.242875 
0.464472 0 0.553214 0 0.565886 -0.23224 
0.464829 0 0.555629 0 0.568448 -0.221493 
0.465166 0 0.558064 0 0.571009 -0.210667 
0.465503 0 0.560537 0 0.573591 -0.199791 
0.465841 0 0.563043 0 0.576194 -0.188893 
0.466177 0 0.56557 0 0.57881 -0.177998 
0.466511 0 0.568107 0 0.581432 -0.16713 
0.466849 0 0.570659 0 0.584057 -0.156313 
0.467189 0 0.573217 0 0.586678 -0.145565 
0.467523 0 0.575768 0 0.589287 -0.134907 
0.467854 0 0.57831 0 0.591878 -0.124353 
0.468187 0 0.580847 0 0.594455 -0.11392 
0.468521 0 0.583373 0 0.59701 -0.10362 
0.468849 0 0.585877 0 0.599537 -0.0934661 
0.469172 0 0.588357 0 0.602033 -0.0834669 
0.469496 0 0.59082 0 0.604501 -0.0736307 
0.469819 0 0.59326 0 0.606937 -0.0639635 
0.470135 0 0.595671 0 0.609336 -0.054469 
0.470445 0 0.59805 0 0.611698 -0.0451485 
0.470756 0 0.600407 0 0.614027 -0.0360003 
0.471065 0 0.602743 0 0.616324 -0.0270202 
0.471366 0 0.605049 0 0.618586 -0.0181996 
0.47166 0 0.607331 0 0.620819 -0.00952599 
0.471954 0 0.609602 0 0.623031 -0.000982098 
0.472246 0 0.611867 0 0.625229 0.00745534 
0.472528 0 0.614124 0 0.627417 0.0158153 
0.472801 0 0.616386 0 0.629607 0.0241328 
0.473115 0 0.618707 0 0.631835 0.0324483 
0.473485 0 0.621105 0 0.634128 0.0408045 
0.473897 0 0.623574 0 0.636497 0.049242 
0.474342 0 0.626112 0 0.638943 0.0577924 
0.474821 0 0.628722 0 0.641466 0.0664718 
0.475328 0 0.6314 0 0.644061 0.0752778 
0.475853 0 0.634128 0 0.646718 0.0841905 
0.476394 0 0.636895 0 0.649429 0.0931783 
0.476957 0 0.639697 0 0.652188 0.102203 
0.477539 0 0.64252 0 0.65498 0.111226 
0.478131 0 0.645343 0 0.657794 0.12021 
0.478838 0 0.64787 0 0.6604 0.129122 
0.479619 0 0.650292 0 0.662968 0.137935 
0.480446 0 0.652683 0 0.665543 0.146627 
0.481216 0 0.655056 0 0.668059 0.155181 
0.481988 0 0.657392 0 0.670547 0.163585 
0.48277 0 0.659704 0 0.673014 0.171829 
0.483559 0 0.661991 0 0.675459 0.179909 
0.484348 0 0.66425 0 0.677884 0.187822 
0.48514 0 0.666489 0 0.680294 0.195565 
0.485836 0 0.668659 0 0.68275 0.203137 
0.48654 0 0.670827 0 0.685202 0.210541 
0.487315 0 0.67293 0 0.687533 0.217776 
0.488116 0 0.675184 0 0.689994 0.224845 
0.488907 0 0.67744 0 0.692425 0.231749 
0.489673 0 0.679657 0 0.694808 0.238491 
0.490507 0 0.681874 0 0.697218 0.245073 
0.491228 0 0.684081 0 0.699677 0.251497 
0.492016 0 0.686285 0 0.702102 0.257766 
0.49278 0 0.688561 0 0.704564 0.263883 
0.493644 0 0.69092 0 0.706859 0.269852 
0.494528 0 0.693307 0 0.709078 0.275673 
0.495426 0 0.695719 0 0.711306 0.281351 
0.496172 0 0.698007 0 0.713644 0.286889 
0.496924 0 0.700334 0 0.715969 0.292289 
0.497804 0 0.702834 0 0.718142 0.297554 
0.498664 0 0.705339 0 0.72029 0.302686 
0.499503 0 0.707826 0 0.722411 0.30769 
0.500311 0 0.71027 0 0.724496 0.312567 
0.500992 0 0.712573 0 0.726661 0.317321 
0.501592 0 0.71476 0 0.728774 0.321953 
0.502265 0 0.716969 0 0.730807 0.326467 
0.502972 0 0.7192 0 0.732845 0.330866 
0.503571 0 0.721313 0 0.734858 0.335151 
0.504303 0 0.723546 0 0.736752 0.339326 
0.504893 0 0.725722 0 0.738744 0.343393 
0.50554 0 0.727895 0 0.740619 0.347354 
0.506204 0 0.730054 0 0.742442 0.351212 
0.506874 0 0.732213 0 0.744209 0.354969 
0.507543 0 0.734354 0 0.74594 0.358627 
0.508203 0 0.736466 0 0.747639 0.362189 
0.508856 0 0.738546 0 0.749309 0.365657 
0.509507 0 0.740601 0 0.750953 0.369032 
0.510155 0 0.742629 0 0.752566 0.372318 
0.510773 0 0.744555 0 0.754128 0.375515 
0.511361 0 0.746396 0 0.755635 0.378626 
0.51193 0 0.748172 0 0.757097 0.381653 
0.512482 0 0.749893 0 0.75852 0.384597 
0.513012 0 0.751559 0 0.759902 0.387461 
0.513524 0 0.753178 0 0.761243 0.390245 
0.514023 0 0.754763 0 0.762547 0.392951 
0.514509 0 0.756318 0 0.76381 0.39558 
0.514975 0 0.757837 0 0.765029 0.398134 
0.515455 0 0.759335 0 0.766218 0.400612 
0.515948 0 0.760821 0 0.767386 0.403016 
0.516447 0 0.762294 0 0.768535 0.405345 
0.516944 0 0.763744 0 0.76966 0.407598 
0.517439 0 0.765172 0 0.770762 0.409775 
0.517937 0 0.766587 0 0.771843 0.411874 
0.518439 0 0.767987 0 0.772901 0.413891 
0.518936 0 0.769365 0 0.773933 0.415823 
0.519431 0 0.77072 0 0.774938 0.417666 
0.51993 0 0.77206 0 0.77592 0.419415 
0.520431 0 0.773383 0 0.776875 0.421062 
0.520927 0 0.77468 0 0.777798 0.422602 
0.521421 0 0.775949 0 0.778691 0.424025 
0.521918 0 0.777198 0 0.779554 0.425323 
0.522416 0 0.778423 0 0.780385 0.426486 
0.52291 0 0.779616 0 0.78118 0.427503 
0.5234 0 0.780775 0 0.781938 0.428363 
0.523892 0 0.781908 0 0.78266 0.429054 
0.524386 0 0.78301 0 0.783343 0.429562 
0.524875 0 0.784072 0 0.783983 0.429873 
0.52536 0 0.785094 0 0.784578 0.429971 
0.525848 0 0.786081 0 0.785131 0.429842 
0.526337 0 0.78703 0 0.785636 0.429467 
0.526821 0 0.787931 0 0.786089 0.42883 
0.527302 0 0.788783 0 0.786489 0.427912 
0.527786 0 0.78959 0 0.786835 0.426695 
0.528271 0 0.790348 0 0.787124 0.425159 
0.528752 0 0.791046 0 0.787348 0.423285 
0.52923 0 0.791682 0 0.787506 0.421051 
0.529711 0 0.79226 0 0.787597 0.418438 
0.530194 0 0.792773 0 0.787615 0.415424 
0.530673 0 0.79321 0 0.787553 0.411987 
0.531149 0 0.793565 0 0.787406 0.408106 
0.531629 0 0.793842 0 0.787172 0.403757 
0.532111 0 0.79403 0 0.786843 0.398919 
0.532589 0 0.794117 0 0.786409 0.393568 
0.533065 0 0.794093 0 0.785865 0.38768 
0.533544 0 0.79396 0 0.785205 0.381235 
0.534026 0 0.793705 0 0.784419 0.374209 
0.534504 0 0.793313 0 0.783496 0.366585 
0.534979 0 0.792775 0 0.782429 0.358347 
0.535458 0 0.792089 0 0.781213 0.349485 
0.535939 0 0.791247 0 0.77984 0.339997 
0.536416 0 0.790235 0 0.778302 0.32989 
0.536891 0 0.789049 0 0.776597 0.319179 
0.537368 0 0.787698 0 0.774727 0.307894 
0.537848 0 0.78618 0 0.772695 0.296072 
0.538322 0 0.784496 0 0.770503 0.283764 
0.538793 0 0.782656 0 0.768163 0.271027 
0.539267 0 0.780679 0 0.765688 0.257927 
0.539741 0 0.778579 0 0.763093 0.24453 
0.540209 0 0.776368 0 0.760392 0.230907 
0.540673 0 0.774064 0 0.757603 0.217125 
0.541138 0 0.771694 0 0.754746 0.203249 
0.541603 0 0.769273 0 0.751837 0.189336 
0.542061 0 0.766814 0 0.74889 0.175442 
0.542514 0 0.764335 0 0.745921 0.161611 
0.542752 0 0.761261 0 0.742573 0.147883 
0.542806 0 0.757719 0 0.738942 0.134294 
0.542751 0 0.753961 0 0.735221 0.12087 
0.542652 0 0.750193 0 0.73154 0.107635 
0.542603 0 0.746525 0 0.727949 0.0946055 
0.542593 0 0.742968 0 0.724446 0.0817972 
0.542609 0 0.739519 0 0.72103 0.0692206 
0.542646 0 0.73618 0 0.717702 0.0568838 
0.542708 0 0.73296 0 0.714467 0.0447924 
0.542789 0 0.729859 0 0.711323 0.0329499 
0.542883 0 0.726875 0 0.708272 0.0213583 
0.542989 0 0.724009 0 0.705313 0.0100179 
0.543113 0 0.721269 0 0.702451 -0.00107202 
0.543126 0 0.718441 0 0.699558 -0.0119132 
0.543041 0 0.715528 0 0.69663 -0.0225081 
0.542872 0 0.712578 0 0.693697 -0.0328599 
0.542629 0 0.709639 0 0.69078 -0.0429727 
0.542305 0 0.706725 0 0.687882 -0.0528505 
0.541748 0 0.703789 0 0.684875 -0.0624977 
0.540962 0 0.700783 0 0.681749 -0.0719186 
0.53996 0 0.69769 0 0.678507 -0.0811172 
0.538761 0 0.694511 0 0.675167 -0.0900973 
0.537396 0 0.691264 0 0.671758 -0.0988626 
0.535907 0 0.68798 0 0.668318 -0.107416 
0.53434 0 0.684692 0 0.66488 -0.115762 
0.532727 0 0.681419 0 0.661466 -0.123904 
0.531088 0 0.678169 0 0.658092 -0.131846 
0.529442 0 0.67495 0 0.654768 -0.139592 
0.528057 0 0.671772 0 0.651175 -0.147147 
0.526889 0 0.668727 0 0.647545 -0.154515 
0.525716 0 0.665754 0 0.643981 -0.1617 
0.524539 0 0.66285 0 0.640479 -0.168706 
0.523364 0 0.660017 0 0.637042 -0.175538 
0.522188 0 0.65725 0 0.633663 -0.182199 
0.521007 0 0.654539 0 0.630338 -0.188695 
0.519825 0 0.651567 0 0.627006 -0.195029 
0.518966 0 0.648842 0 0.624403 -0.201205 
0.518255 0 0.646252 0 0.622043 -0.207226 
0.517576 0 0.643648 0 0.619705 -0.213097 
0.516873 0 0.640964 0 0.61732 -0.218822 
0.516132 0 0.638198 0 0.614887 -0.224403 
0.515352 0 0.635363 0 0.612422 -0.229846 
0.514536 0 0.632475 0 0.60994 -0.235151 
0.513912 0 0.629752 0 0.607522 -0.240325 
0.513432 0 0.627218 0 0.605229 -0.245369 
0.512719 0 0.624593 0 0.602972 -0.250287 
0.511873 0 0.621751 0 0.600703 -0.255082 
0.510956 0 0.618783 0 0.598453 -0.259757 
0.509873 0 0.6157 0 0.59616 -0.264315 
0.508687 0 0.612568 0 0.593826 -0.268759 
0.507434 0 0.609415 0 0.591465 -0.273092 
0.506141 0 0.606261 0 0.58909 -0.277317 
0.504831 0 0.603123 0 0.586715 -0.281436 
0.503512 0 0.600008 0 0.58435 -0.285452 
0.502186 0 0.596915 0 0.581998 -0.289367 
0.500859 0 0.59385 0 0.579666 -0.293185 
0.499538 0 0.590825 0 0.577365 -0.296906 
0.498223 0 0.587838 0 0.575097 -0.300535 
0.49691 0 0.584888 0 0.572862 -0.304073 
0.495597 0 0.581974 0 0.570665 -0.307522 
0.494291 0 0.579105 0 0.568513 -0.310884 
0.493161 0 0.576272 0 0.566533 -0.314162 
0.491982 0 0.573445 0 0.564621 -0.317358 
0.490782 0 0.570645 0 0.562758 -0.320474 
0.489586 0 0.567891 0 0.560947 -0.323512 
0.488393 0 0.565182 0 0.559185 -0.326473 
0.487197 0 0.56251 0 0.557469 -0.32936 
0.485998 0 0.559877 0 0.5558 -0.332174 
0.484804 0 0.557289 0 0.55418 -0.334917 
0.483614 0 0.554743 0 0.552607 -0.337591 
0.482846 0 0.552858 0 0.551128 -0.340197 
0.482373 0 0.55136 0 0.549895 -0.342737 
0.482075 0 0.550069 0 0.548835 -0.345213 
0.481808 0 0.54886 0 0.547825 -0.347625 
0.481541 0 0.547695 0 0.546856 -0.349976 
0.481277 0 0.546573 0 0.545928 -0.352266 
0.481079 0 0.545481 0 0.545082 -0.354498 
0.480934 0 0.544505 0 0.544324 -0.356671 
0.480822 0 0.543605 0 0.543641 -0.358787 
0.480727 0 0.542751 0 0.543011 -0.360847 
0.480648 0 0.541934 0 0.542425 -0.362852 
0.480577 0 0.541152 0 0.541878 -0.364802 
0.480508 0 0.540395 0 0.541368 -0.366699 
0.480442 0 0.539665 0 0.540893 -0.368542 
0.480384 0 0.538968 0 0.540459 -0.370333 
0.480332 0 0.538301 0 0.540061 -0.372071 
0.48028 0 0.537654 0 0.539695 -0.373756 
0.480229 0 0.537029 0 0.539361 -0.375387 
0.480418 0 0.536814 0 0.539379 -0.376965 
0.480728 0 0.536739 0 0.539494 -0.378488 
0.481076 0 0.536678 0 0.539615 -0.379954 
0.4814 0 0.536606 0 0.539737 -0.381362 
0.481731 0 0.536569 0 0.539893 -0.38271 
0.482069 0 0.536566 0 0.540082 -0.383993 
0.482408 0 0.536592 0 0.540301 -0.38521 
0.482748 0 0.536645 0 0.54055 -0.386354 
0.483096 0 0.536736 0 0.540836 -0.387421 
0.483411 0 0.536784 0 0.541095 -0.388405 
0.48369 0 0.536798 0 0.54134 -0.389296 
0.484053 0 0.536932 0 0.541678 -0.390087 
0.48448 0 0.537173 0 0.542105 -0.390767 
0.484945 0 0.537484 0 0.542594 -0.391324 
0.485426 0 0.53784 0 0.543126 -0.391744 
0.485915 0 0.538234 0 0.5437 -0.392011 
0.486417 0 0.538679 0 0.544322 -0.392107 
0.486928 0 0.539172 0 0.544995 -0.392014 
0.48744 0 0.53971 0 0.545717 -0.391709 
0.487953 0 0.540295 0 0.546491 -0.391168 
0.488475 0 0.540938 0 0.547325 -0.390367 
0.489002 0 0.541643 0 0.548224 -0.389279 
0.489529 0 0.542406 0 0.549189 -0.387875 
0.490056 0 0.543235 0 0.550225 -0.386129 
0.49059 0 0.544142 0 0.551344 -0.384013 
0.491129 0 0.545132 0 0.552549 -0.381499 
0.491667 0 0.546201 0 0.553843 -0.378562 
0.492206 0 0.547356 0 0.55523 -0.37518 
0.492751 0 0.54861 0 0.55672 -0.371334 
0.493301 0 0.549964 0 0.558316 -0.367008 
0.49385 0 0.551414 0 0.560017 -0.362193 
0.494399 0 0.552964 0 0.561828 -0.356884 
0.494955 0 0.554623 0 0.563756 -0.35108 
0.495516 0 0.556391 0 0.565799 -0.344788 
0.496075 0 0.55826 0 0.567954 -0.338019 
0.496634 0 0.56023 0 0.570221 -0.330789 
0.497199 0 0.562306 0 0.572604 -0.323119 
0.497769 0 0.564485 0 0.575097 -0.315032 
0.498336 0 0.566754 0 0.577696 -0.306557 
0.498903 0 0.569111 0 0.580395 -0.297723 
0.499475 0 0.571558 0 0.583196 -0.288561 
0.500051 0 0.574088 0 0.586092 -0.279104 
0.500624 0 0.576687 0 0.589073 -0.269384 
0.501195 0 0.57935 0 0.592135 -0.259434 
0.50177 0 0.582079 0 0.595277 -0.249286 
0.502349 0 0.584865 0 0.59849 -0.238973 
0.50268 0 0.58718 0 0.601077 -0.228523 
0.502902 0 0.589223 0 0.603346 -0.217966 
0.503098 0 0.591271 0 0.60556 -0.207332 
0.503334 0 0.593388 0 0.607869 -0.196648 
0.503592 0 0.59555 0 0.610238 -0.185939 
0.503866 0 0.59775 0 0.612658 -0.175228 
0.504162 0 0.599991 0 0.61513 -0.164539 
0.504476 0 0.602268 0 0.617651 -0.153889 
0.504802 0 0.604566 0 0.620211 -0.143299 
0.505139 0 0.606883 0 0.622808 -0.132786 
0.505494 0 0.609223 0 0.625441 -0.122364 
0.505866 0 0.61158 0 0.628105 -0.112048 
0.506248 0 0.613944 0 0.630793 -0.10185 
0.50664 0 0.616312 0 0.633502 -0.0917806 
0.507051 0 0.61869 0 0.636235 -0.0818498 
0.507479 0 0.621075 0 0.638987 -0.0720649 
0.507917 0 0.623456 0 0.641752 -0.0624316 
0.508291 0 0.625771 0 0.644314 -0.0529537 
0.50861 0 0.627994 0 0.6467 -0.0436328 
0.508891 0 0.630157 0 0.648967 -0.0344681 
0.509148 0 0.632288 0 0.651169 -0.025456 
0.509395 0 0.634406 0 0.653342 -0.0165893 
0.509644 0 0.636523 0 0.655503 -0.00785683 
0.509895 0 0.638637 0 0.657653 0.000756723 
0.510141 0 0.640739 0 0.659789 0.00927189 
0.510382 0 0.642833 0 0.661914 0.0177144 
0.510623 0 0.644936 0 0.66404 0.0261151 
0.510864 0 0.647057 0 0.666177 0.0345088 
0.511098 0 0.649199 0 0.668334 0.0429321 
0.511376 0 0.651414 0 0.670541 0.0514189 
0.511708 0 0.653714 0 0.672827 0.0599956 
0.512087 0 0.656093 0 0.675196 0.0686759 
0.512496 0 0.658536 0 0.677638 0.0774583 
0.512933 0 0.661034 0 0.680146 0.0863267 
0.5134 0 0.663584 0 0.682715 0.0952546 
0.513893 0 0.666175 0 0.685335 0.104209 
0.514403 0 0.668787 0 0.687994 0.113155 
0.514929 0 0.671409 0 0.690685 0.12206 
0.515477 0 0.67404 0 0.693403 0.130892 
0.516044 0 0.67667 0 0.696139 0.139626 
0.516621 0 0.679286 0 0.698886 0.148241 
0.5173 0 0.681623 0 0.701408 0.156721 
0.518047 0 0.683866 0 0.703886 0.165054 
0.518837 0 0.686085 0 0.706371 0.173231 
0.519645 0 0.688301 0 0.708867 0.181247 
0.520456 0 0.690501 0 0.711353 0.189098 
0.521277 0 0.692699 0 0.713838 0.196783 
0.522107 0 0.694899 0 0.716323 0.2043 
0.522834 0 0.697063 0 0.718871 0.21165 
0.523564 0 0.699231 0 0.721427 0.218835 
0.524369 0 0.701355 0 0.723867 0.225854 
0.525305 0 0.703689 0 0.726237 0.232711 
0.526296 0 0.706131 0 0.728601 0.239406 
0.527295 0 0.708609 0 0.730966 0.245943 
0.528416 0 0.711195 0 0.73338 0.252324 
0.529356 0 0.713683 0 0.735966 0.258551 
0.530288 0 0.716131 0 0.73842 0.264627 
0.531341 0 0.718703 0 0.74073 0.270555 
0.53236 0 0.721299 0 0.743033 0.276337 
0.533349 0 0.723898 0 0.745321 0.281976 
0.534186 0 0.726375 0 0.747725 0.287476 
0.535038 0 0.728821 0 0.750033 0.292839 
0.535889 0 0.731251 0 0.752313 0.298068 
0.536673 0 0.733614 0 0.754574 0.303166 
0.537562 0 0.736084 0 0.756716 0.308135 
0.538315 0 0.73844 0 0.758989 0.312979 
0.53898 0 0.740687 0 0.761212 0.3177 
0.539773 0 0.743005 0 0.763283 0.322301 
0.540449 0 0.745209 0 0.765433 0.326785 
0.541154 0 0.747411 0 0.767521 0.331154 
0.54187 0 0.749601 0 0.769582 0.33541 
0.542584 0 0.751766 0 0.771614 0.339557 
0.543282 0 0.753892 0 0.77361 0.343597 
0.543964 0 0.755972 0 0.775564 0.347532 
0.544633 0 0.758013 0 0.777476 0.351365 
0.54529 0 0.76001 0 0.779345 0.355098 
0.545928 0 0.761958 0 0.78117 0.358733 
0.546548 0 0.763855 0 0.782951 0.362273 
0.547158 0 0.765712 0 0.78469 0.36572 
0.547756 0 0.767527 0 0.786387 0.369075 
0.548334 0 0.769292 0 0.788038 0.372342 
0.548896 0 0.771009 0 0.789644 0.375522 
0.549446 0 0.772688 0 0.791207 0.378616 
0.549984 0 0.774327 0 0.792725 0.381628 
0.550501 0 0.775921 0 0.794196 0.384558 
0.551 0 0.77747 0 0.79562 0.387408 
0.551484 0 0.778986 0 0.796999 0.39018 
0.551952 0 0.78047 0 0.79833 0.392875 
0.552394 0 0.781916 0 0.799608 0.395495 
0.55281 0 0.783326 0 0.800832 0.398041 
0.553203 0 0.784714 0 0.802001 0.400513 
0.553567 0 0.786079 0 0.803109 0.402912 
0.55398 0 0.787423 0 0.804225 0.405237 
0.554434 0 0.78888 0 0.805378 0.40749 
0.554911 0 0.79035 0 0.806523 0.409667 
0.555392 0 0.791797 0 0.807631 0.41177 
0.555867 0 0.793218 0 0.8087 0.413793 
0.556339 0 0.79462 0 0.809743 0.415736 
0.556816 0 0.796017 0 0.810769 0.417594 
0.557297 0 0.797406 0 0.811776 0.419362 
0.557777 0 0.798776 0 0.81276 0.421036 
0.558255 0 0.800125 0 0.813718 0.422607 
0.558738 0 0.801459 0 0.814649 0.424071 
0.559223 0 0.802775 0 0.81555 0.425418 
0.559705 0 0.804066 0 0.816419 0.426641 
0.560184 0 0.805328 0 0.817253 0.42773 
0.560667 0 0.806571 0 0.818056 0.428675 
0.561153 0 0.807791 0 0.818823 0.429465 
0.561634 0 0.808978 0 0.819551 0.43009 
0.562113 0 0.81013 0 0.820239 0.430536 
0.562595 0 0.811256 0 0.820888 0.430791 
0.563079 0 0.812352 0 0.821494 0.430842 
0.56356 0 0.813407 0 0.822053 0.430673 
0.564037 0 0.814421 0 0.822563 0.43027 
0.564518 0 0.8154 0 0.823025 0.429617 
0.565002 0 0.816341 0 0.823434 0.428697 
0.565482 0 0.817232 0 0.823786 0.427494 
0.56596 0 0.818071 0 0.824079 0.42599 
0.566441 0 0.818865 0 0.824312 0.424167 
0.566926 0 0.819609 0 0.82448 0.422006 
0.567406 0 0.82029 0 0.824577 0.419488 
0.567885 0 0.820905 0 0.824601 0.416593 
0.568368 0 0.821459 0 0.824549 0.413301 
0.568854 0 0.821944 0 0.824414 0.409589 
0.569336 0 0.822347 0 0.824189 0.405437 
0.569817 0 0.822663 0 0.823869 0.400821 
0.570302 0 0.822892 0 0.82345 0.395719 
0.57079 0 0.823026 0 0.822923 0.390105 
0.571275 0 0.823049 0 0.822279 0.383957 
0.571758 0 0.822952 0 0.82151 0.377252 
0.572245 0 0.822734 0 0.82061 0.36997 
0.572736 0 0.822384 0 0.81957 0.362091 
0.573223 0 0.821887 0 0.818381 0.353604 
0.573708 0 0.821234 0 0.817036 0.344501 
0.574198 0 0.820427 0 0.815532 0.334783 
0.57469 0 0.81946 0 0.813865 0.324462 
0.575178 0 0.818324 0 0.812033 0.313559 
0.575664 0 0.81702 0 0.810038 0.302107 
0.576153 0 0.815561 0 0.807889 0.290148 
0.576643 0 0.813953 0 0.805593 0.277735 
0.57713 0 0.8122 0 0.803159 0.264928 
0.577612 0 0.810317 0 0.800604 0.25179 
0.578097 0 0.808327 0 0.797944 0.238389 
0.578582 0 0.806246 0 0.795195 0.224791 
0.579062 0 0.804087 0 0.792373 0.21106 
0.579537 0 0.801867 0 0.789498 0.197257 
0.580013 0 0.799611 0 0.786586 0.183437 
0.580488 0 0.797336 0 0.783652 0.169649 
0.580668 0 0.794093 0 0.780131 0.155936 
0.580652 0 0.790336 0 0.776317 0.142334 
0.580558 0 0.786481 0 0.772504 0.128876 
0.5805 0 0.782703 0 0.768757 0.115586 
0.580467 0 0.779011 0 0.765081 0.102485 
0.580455 0 0.775415 0 0.761485 0.0895912 
0.580467 0 0.771927 0 0.757975 0.0769166 
0.580499 0 0.76855 0 0.754553 0.0644719 
0.580545 0 0.765284 0 0.751223 0.0522645 
0.580603 0 0.762132 0 0.747989 0.0402995 
0.58068 0 0.759104 0 0.744855 0.0285803 
0.580773 0 0.756201 0 0.741821 0.0171087 
0.580876 0 0.753417 0 0.738886 0.00588507 
0.58099 0 0.750755 0 0.736052 -0.00509162 
0.58112 0 0.74822 0 0.73332 -0.015823 
0.581266 0 0.745812 0 0.730687 -0.0263113 
0.58142 0 0.743523 0 0.728152 -0.0365601 
0.581584 0 0.741354 0 0.725714 -0.0465726 
0.581763 0 0.73931 0 0.723373 -0.0563532 
0.581955 0 0.737388 0 0.721128 -0.065906 
0.581817 0 0.735173 0 0.718695 -0.0752355 
0.581366 0 0.732556 0 0.715768 -0.0843455 
0.580681 0 0.729729 0 0.712489 -0.09324 
0.57969 0 0.726762 0 0.709057 -0.101922 
0.578474 0 0.723704 0 0.705537 -0.110396 
0.577105 0 0.720597 0 0.701977 -0.118664 
0.575643 0 0.717474 0 0.698414 -0.126731 
0.574128 0 0.714352 0 0.69487 -0.134601 
0.572582 0 0.711239 0 0.691361 -0.142277 
0.571029 0 0.708142 0 0.687898 -0.149763 
0.56949 0 0.705072 0 0.684491 -0.157065 
0.567977 0 0.702027 0 0.681144 -0.164185 
0.566492 0 0.698996 0 0.677855 -0.171128 
0.565045 0 0.695974 0 0.674626 -0.177899 
0.563647 0 0.69296 0 0.67146 -0.184501 
0.562304 0 0.689944 0 0.668352 -0.190939 
0.561013 0 0.686913 0 0.665299 -0.197217 
0.560105 0 0.684323 0 0.66295 -0.203337 
0.559433 0 0.682001 0 0.660922 -0.209306 
0.55882 0 0.679494 0 0.65875 -0.215125 
0.558207 0 0.676895 0 0.656486 -0.220798 
0.557572 0 0.674244 0 0.654178 -0.22633 
0.556906 0 0.671547 0 0.651845 -0.231724 
0.556199 0 0.668794 0 0.649488 -0.236983 
0.555445 0 0.665982 0 0.647104 -0.242111 
0.554653 0 0.663128 0 0.6447 -0.24711 
0.553838 0 0.660259 0 0.642287 -0.251984 
0.553009 0 0.657396 0 0.639871 -0.256737 
0.552169 0 0.654549 0 0.63746 -0.26137 
0.551322 0 0.651728 0 0.635058 -0.265888 
0.550476 0 0.648943 0 0.632672 -0.270293 
0.549644 0 0.646203 0 0.630317 -0.274587 
0.548821 0 0.643507 0 0.627994 -0.278775 
0.548009 0 0.640856 0 0.625708 -0.282857 
0.547214 0 0.63826 0 0.623466 -0.286837 
0.546435 0 0.635719 0 0.62127 -0.290718 
0.545666 0 0.633228 0 0.61912 -0.294501 
0.544909 0 0.63079 0 0.617021 -0.29819 
0.54417 0 0.628413 0 0.614979 -0.301786 
0.543447 0 0.626096 0 0.612994 -0.305292 
0.542733 0 0.623832 0 0.611065 -0.30871 
0.542028 0 0.621623 0 0.609195 -0.312043 
0.541369 0 0.619503 0 0.607402 -0.315292 
0.54091 0 0.617594 0 0.605727 -0.318459 
0.540508 0 0.615831 0 0.604157 -0.321547 
0.540147 0 0.614172 0 0.602678 -0.324557 
0.539824 0 0.612603 0 0.601282 -0.327491 
0.539531 0 0.611121 0 0.599964 -0.330351 
0.53926 0 0.609719 0 0.598721 -0.333139 
0.539008 0 0.608396 0 0.597552 -0.335857 
0.538783 0 0.607159 0 0.596458 -0.338505 
0.53858 0 0.606003 0 0.595437 -0.341087 
0.538394 0 0.604921 0 0.594483 -0.343602 
0.538255 0 0.603856 0 0.593604 -0.346053 
0.53815 0 0.602839 0 0.592797 -0.348441 
0.538069 0 0.601874 0 0.592057 -0.350767 
0.537999 0 0.600954 0 0.591377 -0.353032 
0.537938 0 0.600076 0 0.590751 -0.355237 
0.53789 0 0.599244 0 0.590179 -0.357384 
0.537852 0 0.598452 0 0.589655 -0.359473 
0.537815 0 0.597691 0 0.589175 -0.361504 
0.537781 0 0.596957 0 0.588737 -0.363478 
0.537756 0 0.596258 0 0.588344 -0.365396 
0.537737 0 0.595591 0 0.587994 -0.367258 
0.537719 0 0.594947 0 0.587682 -0.369062 
0.537933 0 0.594717 0 0.587719 -0.370809 
0.538275 0 0.594635 0 0.58786 -0.372498 
0.538665 0 0.594571 0 0.588007 -0.374127 
0.539034 0 0.594494 0 0.588162 -0.375695 
0.539404 0 0.594448 0 0.58835 -0.377199 
0.539783 0 0.59444 0 0.588577 -0.378635 
0.540169 0 0.594468 0 0.58884 -0.380001 
0.540554 0 0.594527 0 0.589138 -0.381291 
0.540942 0 0.594617 0 0.589472 -0.382499 
0.541338 0 0.594746 0 0.589846 -0.383619 
0.54171 0 0.594857 0 0.590218 -0.384641 
0.542052 0 0.594938 0 0.590584 -0.385557 
0.542491 0 0.595171 0 0.591069 -0.386354 
0.542988 0 0.595492 0 0.591626 -0.38702 
0.543515 0 0.595867 0 0.592229 -0.387539 
0.544052 0 0.596283 0 0.592878 -0.387895 
0.544597 0 0.596746 0 0.593578 -0.388068 
0.545155 0 0.597267 0 0.594337 -0.388037 
0.545721 0 0.597845 0 0.595156 -0.387781 
0.546289 0 0.598473 0 0.59603 -0.387274 
0.546857 0 0.599153 0 0.596964 -0.386491 
0.547433 0 0.599895 0 0.597966 -0.385407 
0.548014 0 0.600704 0 0.599038 -0.383993 
0.548594 0 0.601578 0 0.600184 -0.382225 
0.549173 0 0.602522 0 0.60141 -0.380076 
0.549759 0 0.603549 0 0.602723 -0.377524 
0.55035 0 0.604661 0 0.604127 -0.374548 
0.55094 0 0.605855 0 0.605623 -0.37113 
0.551529 0 0.607134 0 0.607214 -0.367256 
0.552124 0 0.60851 0 0.608908 -0.362917 
0.552724 0 0.609982 0 0.610705 -0.358107 
0.553321 0 0.611545 0 0.612605 -0.352825 
0.553918 0 0.6132 0 0.614609 -0.347077 
0.554521 0 0.614956 0 0.616722 -0.34087 
0.555128 0 0.616809 0 0.618941 -0.334217 
0.555732 0 0.618752 0 0.621264 -0.327134 
0.556335 0 0.620782 0 0.623688 -0.319643 
0.556943 0 0.622904 0 0.626216 -0.311764 
0.557221 0 0.624584 0 0.627994 -0.303523 
0.557343 0 0.626045 0 0.629484 -0.294948 
0.557445 0 0.627512 0 0.631051 -0.286067 
0.55762 0 0.629113 0 0.632786 -0.276911 
0.55785 0 0.630835 0 0.634654 -0.267508 
0.558114 0 0.632653 0 0.636629 -0.257888 
0.558404 0 0.634556 0 0.638699 -0.248079 
0.558723 0 0.636544 0 0.640863 -0.238111 
0.559066 0 0.63861 0 0.643114 -0.228008 
0.559423 0 0.640739 0 0.645444 -0.217797 
0.559795 0 0.642927 0 0.647849 -0.207503 
0.560187 0 0.645177 0 0.650328 -0.197149 
0.560597 0 0.647483 0 0.652876 -0.186755 
0.561019 0 0.649832 0 0.655485 -0.176344 
0.561374 0 0.652131 0 0.657957 -0.165934 
0.561678 0 0.654372 0 0.660306 -0.155543 
0.561947 0 0.656589 0 0.662582 -0.145189 
0.562195 0 0.658804 0 0.664828 -0.134886 
0.562435 0 0.661033 0 0.667071 -0.124651 
0.562679 0 0.66328 0 0.66932 -0.114496 
0.562926 0 0.665537 0 0.671567 -0.104433 
0.563168 0 0.667787 0 0.673803 -0.0944726 
0.563406 0 0.670026 0 0.676019 -0.0846243 
0.563646 0 0.67226 0 0.678217 -0.0748957 
0.563887 0 0.674485 0 0.680392 -0.0652931 
0.564122 0 0.676693 0 0.682542 -0.0558208 
0.564352 0 0.678884 0 0.684665 -0.0464811 
0.564585 0 0.681067 0 0.686767 -0.0372737 
0.56482 0 0.683239 0 0.688845 -0.0281963 
0.565049 0 0.685395 0 0.690897 -0.0192425 
0.565274 0 0.687536 0 0.692926 -0.0104033 
0.565503 0 0.689674 0 0.694937 -0.00166517 
0.565734 0 0.69181 0 0.696934 0.00698992 
0.56596 0 0.693943 0 0.698919 0.0155842 
0.566183 0 0.696079 0 0.700899 0.0241443 
0.56641 0 0.698235 0 0.702887 0.0326999 
0.566641 0 0.700418 0 0.704888 0.0412813 
0.56687 0 0.702628 0 0.706912 0.0499165 
0.567098 0 0.704874 0 0.708966 0.0586259 
0.567334 0 0.707172 0 0.711063 0.0674192 
0.567635 0 0.709558 0 0.713208 0.076293 
0.567985 0 0.712017 0 0.71542 0.0852322 
0.568376 0 0.714536 0 0.717693 0.0942126 
0.568806 0 0.71711 0 0.720018 0.103205 
0.569269 0 0.719723 0 0.722381 0.112178 
0.569754 0 0.722358 0 0.724774 0.121103 
0.570257 0 0.725005 0 0.727191 0.12995 
0.570888 0 0.727306 0 0.729414 0.138697 
0.571591 0 0.729481 0 0.731589 0.147324 
0.572335 0 0.731616 0 0.733766 0.155816 
0.573101 0 0.73375 0 0.735955 0.164161 
0.573878 0 0.735874 0 0.738137 0.172351 
0.574664 0 0.737991 0 0.740313 0.180381 
0.575453 0 0.740096 0 0.742485 0.188246 
0.576141 0 0.742176 0 0.744747 0.195945 
0.57684 0 0.744264 0 0.747017 0.203478 
0.57761 0 0.746279 0 0.749138 0.210844 
0.578365 0 0.748393 0 0.751314 0.218044 
0.579102 0 0.750518 0 0.753485 0.225079 
0.579822 0 0.752629 0 0.755637 0.231952 
0.580524 0 0.754731 0 0.757781 0.238664 
0.581208 0 0.756828 0 0.759932 0.245216 
0.581878 0 0.758928 0 0.762093 0.251613 
0.582542 0 0.761039 0 0.764266 0.257856 
0.583199 0 0.763158 0 0.766446 0.263948 
0.583841 0 0.765274 0 0.768632 0.269892 
0.584471 0 0.767385 0 0.770822 0.27569 
0.585095 0 0.769499 0 0.773017 0.281346 
0.585713 0 0.771614 0 0.775216 0.286862 
0.586319 0 0.773722 0 0.777415 0.292242 
0.586914 0 0.775819 0 0.779614 0.297487 
0.587505 0 0.777913 0 0.781812 0.302602 
0.588091 0 0.779999 0 0.784004 0.307588 
0.588666 0 0.782068 0 0.786188 0.312449 
0.589231 0 0.784117 0 0.788363 0.317187 
0.589794 0 0.786152 0 0.790528 0.321806 
0.590352 0 0.788171 0 0.792679 0.326307 
0.5909 0 0.790164 0 0.794816 0.330694 
0.59144 0 0.792129 0 0.796936 0.334969 
0.591977 0 0.794074 0 0.79904 0.339135 
0.592512 0 0.795995 0 0.801126 0.343194 
0.593037 0 0.797885 0 0.803191 0.347149 
0.593555 0 0.799743 0 0.805237 0.351002 
0.594071 0 0.801575 0 0.807263 0.354755 
0.594586 0 0.803381 0 0.809268 0.358412 
0.595092 0 0.805151 0 0.811251 0.361973 
0.595645 0 0.806898 0 0.813097 0.365442 
0.59621 0 0.808622 0 0.81485 0.36882 
0.596771 0 0.810309 0 0.816542 0.37211 
0.597323 0 0.811973 0 0.818189 0.375314 
0.597866 0 0.813627 0 0.819805 0.378433 
0.598396 0 0.815261 0 0.821369 0.38147 
0.598912 0 0.816858 0 0.822883 0.384427 
0.599407 0 0.818408 0 0.824355 0.387304 
0.599885 0 0.819914 0 0.825788 0.390106 
0.600352 0 0.821388 0 0.827186 0.392831 
0.600807 0 0.822832 0 0.828547 0.395484 
0.601242 0 0.82424 0 0.829867 0.398063 
0.601654 0 0.825615 0 0.831141 0.400573 
0.602048 0 0.826968 0 0.832368 0.403012 
0.602421 0 0.828302 0 0.833542 0.405383 
0.602762 0 0.829614 0 0.83466 0.407685 
0.603068 0 0.830904 0 0.835716 0.40992 
0.603416 0 0.832167 0 0.836774 0.412088 
0.60379 0 0.833439 0 0.83784 0.414188 
0.604177 0 0.834714 0 0.838904 0.41622 
0.604568 0 0.835986 0 0.839952 0.418181 
0.604963 0 0.837254 0 0.840973 0.420071 
0.605357 0 0.838514 0 0.84196 0.421887 
0.605781 0 0.839921 0 0.842978 0.423625 
0.606229 0 0.84136 0 0.843998 0.425282 
0.606688 0 0.842781 0 0.844974 0.426853 
0.607146 0 0.844178 0 0.8459 0.428333 
0.6076 0 0.845556 0 0.846789 0.429716 
0.608051 0 0.846921 0 0.847654 0.430996 
0.608509 0 0.848281 0 0.848497 0.432164 
0.608971 0 0.849629 0 0.849314 0.433215 
0.60943 0 0.850952 0 0.850098 0.434138 
0.609887 0 0.852248 0 0.850844 0.434927 
0.610347 0 0.853523 0 0.851552 0.43557 
0.610809 0 0.854775 0 0.852217 0.436058 
0.611267 0 0.855996 0 0.852839 0.43638 
0.611722 0 0.857184 0 0.853419 0.436526 
0.612181 0 0.858346 0 0.853954 0.436481 
0.612642 0 0.85948 0 0.854442 0.436236 
0.613099 0 0.860574 0 0.854881 0.435775 
0.613386 1 0.860874 0 0.855348 0.43509 
0.613739 1 0.860974 0 0.856072 0.433795 
0.614122 1 0.861004 0 0.856751 0.431809 
0.614488 1 0.860904 0 0.857254 0.42902 
0.614856 0 0.860629 0 0.857581 0.425326 
0.615225 0 0.860282 0 0.857829 0.421288 
0.615593 0 0.859858 0 0.857995 0.416893 
0.61596 0 0.859396 0 0.85808 0.412132 
0.616353 0 0.858837 0 0.857993 0.406994 
0.616735 0 0.858255 0 0.857765 0.401468 
0.617109 0 0.857602 0 0.857401 0.395543 
0.617476 0 0.856856 0 0.856902 0.389207 
0.617837 0 0.856013 0 0.856275 0.382447 
0.618195 0 0.855072 0 0.855523 0.375249 
0.618547 0 0.854031 0 0.854647 0.3676 
0.619483 1 0.85404 0 0.854834 0.359516 
0.620943 0 0.854791 1 0.855269 0.350112 
0.622851 1 0.855566 1 0.856114 0.339381 
0.625102 1 0.856414 1 0.856981 0.326733 
0.627633 1 0.857404 1 0.857896 0.312578 
0.630379 1 0.858504 1 0.858874 0.297342 
0.633269 1 0.859663 1 0.859894 0.2814 
0.636242 1 0.860839 1 0.860925 0.265072 
0.639249 1 0.861997 1 0.861946 0.248601 
0.642255 1 0.863114 1 0.862942 0.232149 
0.645233 1 0.864177 1 0.863901 0.215844 
0.648166 1 0.865177 1 0.864815 0.199773 
0.65104 1 0.86611 1 0.865683 0.183981 
0.653848 1 0.866977 1 0.866499 0.168495 
0.656579 1 0.867776 1 0.867264 0.153347 
0.659318 1 0.868455 1 0.867926 0.138541 
0.662073 1 0.868977 1 0.86876 0.124077 
0.664795 1 0.869526 1 0.86962 0.109961 
0.667431 1 0.870082 1 0.870432 0.0961883 
0.670005 1 0.870637 1 0.871152 0.0827503 
0.672515 1 0.871164 1 0.871802 0.0696394 
0.674961 1 0.871668 1 0.872397 0.056859 
0.677346 1 0.872146 1 0.872948 0.0443923 
0.679671 1 0.872598 1 0.87346 0.0322385 
0.681939 1 0.873027 1 0.873936 0.0203849 
0.68415 1 0.873431 1 0.874382 0.00883001 
0.686307 1 0.873811 1 0.874801 -0.00243851 
0.688623 1 0.874111 1 0.875379 -0.013428 
0.691069 1 0.874454 1 0.87607 -0.0241441 
0.6936 1 0.874862 1 0.876827 -0.0345924 
0.696166 1 0.875324 1 0.877608 -0.0447688 
0.698729 1 0.875824 1 0.87838 -0.0547006 
0.701262 1 0.876344 1 0.879127 -0.0643827 
0.703757 1 0.876868 1 0.879848 -0.0738176 
0.706197 1 0.877394 1 0.880535 -0.0830196 
0.708584 1 0.877915 1 0.881197 -0.0919935 
0.710917 1 0.878428 1 0.881839 -0.100745 
0.713197 1 0.87893 1 0.882467 -0.109279 
0.715424 1 0.87942 1 0.883081 -0.117594 
0.717598 1 0.879898 1 0.883686 -0.125699 
0.719721 1 0.880363 1 0.884284 -0.133606 
0.721793 1 0.880817 1 0.884875 -0.141313 
0.723815 1 0.881252 1 0.885454 -0.14883 
0.725787 1 0.881644 1 0.886021 -0.156158 
0.72772 1 0.882007 1 0.886579 -0.163302 
0.729619 1 0.882351 1 0.887124 -0.170266 
0.731483 1 0.882683 1 0.887653 -0.177056 
0.733313 1 0.883006 1 0.888164 -0.183675 
0.7351 1 0.883311 1 0.888668 -0.190128 
0.736845 0 0.883594 0 0.889165 -0.196418 
0.738549 0 0.883841 0 0.889644 -0.202546 
0.740211 0 0.884047 0 0.890102 -0.208515 
0.741833 0 0.884207 0 0.890537 -0.214323 
0.743416 0 0.884315 0 0.890946 -0.219972 
0.744906 0 0.884665 0 0.891647 -0.225457 
0.746482 0 0.885011 0 0.892573 -0.230773 
0.748176 0 0.885195 0 0.893684 -0.235908 
0.74956 0 0.88505 1 0.894191 -0.240836 
0.750818 0 0.88481 1 0.894575 -0.245598 
0.752061 0 0.884571 1 0.894969 -0.250175 
0.753288 0 0.884338 0 0.895375 -0.25456 
0.754501 0 0.884104 0 0.895788 -0.258654 
0.755699 0 0.883885 0 0.896223 -0.262395 
0.756992 0 0.883652 0 0.896804 -0.265699 
0.758291 0 0.883443 0 0.897629 -0.268462 
0.759593 0 0.883254 0 0.898595 -0.270557 
0.760529 0 0.882847 1 0.899196 -0.271844 
0.761382 0 0.882463 1 0.899718 -0.272671 
0.762134 0 0.882095 1 0.900208 -0.273041 
0.762881 0 0.881807 0 0.900783 -0.272969 
0.763502 0 0.881588 1 0.901308 -0.271838 
0.764043 0 0.88141 1 0.901809 -0.270285 
0.764539 0 0.881282 1 0.902288 -0.268355 
0.76503 0 0.881208 0 0.90284 -0.266092 
0.765409 0 0.881239 1 0.903358 -0.262718 
0.765771 0 0.881318 1 0.903857 -0.259084 
0.766148 0 0.881436 0 0.904433 -0.255245 
0.766452 0 0.881657 1 0.905005 -0.250337 
0.766774 0 0.881901 0 0.905648 -0.245315 
0.767031 0 0.882253 1 0.906255 -0.239277 
0.767308 0 0.882615 0 0.906915 -0.233216 
0.767603 0 0.883078 0 0.907734 -0.226217 
0.76793 0 0.884326 1 0.908453 -0.218322 
0.768589 0 0.885337 0 0.909446 -0.210538 
0.769435 0 0.886151 0 0.910675 -0.20197 
0.770038 0 0.886682 1 0.911639 -0.192676 
0.770545 0 0.887239 0 0.912466 -0.183615 
0.771046 0 0.88781 0 0.91331 -0.173953 
0.77154 0 0.88838 0 0.914153 -0.163758 
0.772026 0 0.888939 0 0.914979 -0.153101 
0.772506 0 0.889474 0 0.915772 -0.142055 
0.772977 0 0.889978 0 0.916516 -0.130692 
0.773442 0 0.89044 0 0.917201 -0.119082 
0.773899 0 0.890856 0 0.917816 -0.107289 
0.774348 0 0.891221 0 0.918355 -0.095371 
0.774791 0 0.891533 0 0.918811 -0.0833821 
0.775225 0 0.89179 0 0.919184 -0.0713685 
0.775653 0 0.891994 0 0.919471 -0.059371 
0.776073 0 0.892145 0 0.919675 -0.0474247 
0.776485 0 0.892245 0 0.919797 -0.0355596 
0.776964 0 0.892105 0 0.91998 -0.023801 
0.777469 0 0.891804 0 0.920175 -0.0121704 
0.777973 0 0.891415 0 0.920337 -0.000685464 
0.778464 0 0.890979 0 0.920447 0.0106392 
0.778936 0 0.890511 0 0.920505 0.0217915 
0.779389 0 0.890013 0 0.920521 0.032762 
0.780292 0 0.890282 1 0.919526 0.0435495 
0.781304 0 0.890447 1 0.918506 0.0539638 
0.781319 0 0.890789 0 0.917912 0.0640053 
0.781166 0 0.890971 0 0.917516 0.073867 
0.781058 0 0.891067 0 0.917127 0.0835462 
0.780954 0 0.891142 0 0.916718 0.0930403 
0.780879 0 0.891201 0 0.916268 0.102347 
0.780826 0 0.891251 0 0.915778 0.111464 
0.780791 0 0.891292 0 0.915249 0.12039 
0.780771 0 0.891325 0 0.914686 0.129123 
0.78012 1 0.890851 0 0.915322 0.137656 
0.779515 1 0.890456 0 0.91589 0.145871 
0.778941 0 0.8901 0 0.91645 0.153757 
0.778383 0 0.889766 0 0.916998 0.161465 
0.777834 0 0.889456 0 0.917537 0.168991 
0.77729 0 0.889171 0 0.91807 0.176331 
0.776892 0 0.889686 1 0.917855 0.183478 
0.776501 0 0.890258 1 0.917667 0.190243 
0.7761 0 0.890869 1 0.917531 0.196597 
0.775682 0 0.891388 0 0.917547 0.202507 
0.775258 0 0.891893 0 0.917592 0.208229 
0.77483 0 0.892407 0 0.917653 0.213755 
0.7744 0 0.892935 0 0.917729 0.219074 
0.773966 0 0.893481 0 0.917818 0.224177 
0.77353 0 0.894044 0 0.917919 0.229055 
0.773093 0 0.894624 0 0.918033 0.233701 
0.772421 0 0.896571 0 0.917444 0.238107 
0.77159 0 0.899537 0 0.916231 0.242264 
0.7708 0 0.902696 0 0.914775 0.246167 
0.770221 1 0.903388 0 0.91504 0.249813 
0.769776 1 0.903614 0 0.915666 0.2528 
0.769377 1 0.904085 0 0.916155 0.255069 
0.768984 0 0.904676 0 0.916617 0.256553 
0.768577 0 0.905283 0 0.917068 0.257764 
0.768161 0 0.905879 0 0.91752 0.2587 
0.768202 0 0.906355 1 0.917585 0.259359 
0.768399 0 0.906897 1 0.917526 0.259013 
0.768662 0 0.907472 1 0.917472 0.257601 
0.768915 0 0.908178 0 0.9174 0.255078 
0.769149 0 0.908923 0 0.917294 0.252335 
0.769364 0 0.909676 0 0.917173 0.249376 
0.769562 0 0.910428 0 0.917039 0.246209 
0.769889 0 0.910545 0 0.917367 0.24284 
0.770525 0 0.910993 1 0.91712 0.239278 
0.771226 0 0.911456 1 0.916833 0.234593 
0.771944 0 0.911926 1 0.916539 0.228821 
0.772666 0 0.912394 0 0.916242 0.222023 
0.773387 0 0.912822 0 0.915916 0.215179 
0.774112 0 0.913209 0 0.915559 0.208296 
0.774844 0 0.913554 0 0.915161 0.201378 
0.775585 0 0.913859 0 0.914716 0.194429 
0.776336 0 0.91412 0 0.91422 0.187452 
0.777179 0 0.914138 0 0.9143 0.180448 
0.778118 0 0.914049 0 0.91443 0.173411 
0.779116 0 0.913933 0 0.91452 0.166341 
0.779924 0 0.913836 0 0.914601 0.159233 
0.780797 0 0.914034 1 0.914511 0.152078 
0.781691 0 0.914231 1 0.914602 0.14407 
0.782671 0 0.914438 1 0.914704 0.135306 
0.783745 0 0.91466 1 0.914792 0.125895 
0.7849 0 0.914886 1 0.914877 0.115945 
0.786125 0 0.915109 1 0.914965 0.10556 
0.787413 0 0.915323 1 0.915057 0.0948344 
0.788756 0 0.915527 1 0.915149 0.0838597 
0.790148 0 0.915722 1 0.915239 0.0727156 
0.79158 0 0.915907 1 0.915328 0.0614788 
0.793043 0 0.916086 1 0.915415 0.0502112 
0.79453 0 0.916258 1 0.915499 0.0389689 
0.796033 0 0.916425 1 0.915582 0.0277985 
0.797546 0 0.916585 1 0.915663 0.0167371 
0.799065 0 0.916739 1 0.915742 0.00581558 
0.800583 0 0.916887 1 0.91582 -0.00494305 
0.802098 0 0.917029 1 0.915895 -0.0155206 
0.803605 0 0.917163 1 0.915968 -0.0259027 
0.805103 0 0.91729 1 0.916039 -0.0360806 
0.806588 0 0.91741 1 0.916106 -0.0460473 
0.808059 0 0.917523 1 0.916171 -0.0557997 
0.809514 0 0.917627 1 0.916232 -0.0653352 
0.810951 0 0.917723 1 0.91629 -0.0746535 
0.812369 0 0.91781 1 0.916344 -0.0837558 
0.813768 0 0.917887 1 0.916394 -0.0926437 
0.815146 0 0.917955 1 0.916438 -0.101321 
0.816503 0 0.91801 1 0.916478 -0.109788 
0.817838 0 0.918054 1 0.916511 -0.118051 
0.81915 0 0.918085 1 0.916538 -0.126112 
0.82044 0 0.918101 1 0.916558 -0.133976 
0.821707 0 0.918102 1 0.91657 -0.141646 
0.82295 0 0.918086 1 0.916573 -0.149127 
0.823737 0 0.918075 1 0.916682 -0.156424 
0.824414 0 0.918089 1 0.916796 -0.163537 
0.825094 0 0.918076 1 0.916858 -0.170474 
0.825785 0 0.918015 1 0.916879 -0.177237 
0.826511 0 0.918088 1 0.916988 -0.183832 
0.827287 0 0.918052 1 0.917046 -0.19026 
0.828153 0 0.91784 1 0.91703 -0.196526 
0.829073 0 0.917535 1 0.916944 -0.202633 
0.830002 0 0.917251 1 0.916751 -0.208583 
0.830885 0 0.916927 0 0.916534 -0.214382 
0.831747 0 0.916513 0 0.916281 -0.220023 
0.832598 0 0.916021 0 0.916001 -0.225507 
0.833441 0 0.915467 0 0.915696 -0.230833 
0.834282 0 0.915 0 0.915361 -0.236 
0.83512 0 0.914485 0 0.91501 -0.241002 
0.835957 0 0.913893 0 0.914643 -0.245833 
0.836793 0 0.913236 0 0.914262 -0.250486 
0.83763 0 0.912522 0 0.913871 -0.254947 
0.838469 0 0.911754 0 0.913471 -0.259199 
0.839312 0 0.910931 0 0.913064 -0.263222 
0.840158 0 0.910052 0 0.912654 -0.266988 
0.841011 0 0.90912 0 0.912243 -0.270463 
0.841869 0 0.908134 0 0.911834 -0.273606 
0.843014 0 0.907483 0 0.911332 -0.276366 
0.844392 0 0.906739 0 0.910752 -0.278685 
0.845886 0 0.905812 0 0.910122 -0.280496 
0.847474 0 0.904779 0 0.909467 -0.281726 
0.84875 0 0.903853 0 0.908687 -0.282296 
0.849908 0 0.902983 0 0.90786 -0.282125 
0.851064 0 0.902089 0 0.906996 -0.281136 
0.852266 0 0.901237 0 0.905642 -0.279256 
0.853423 0 0.900547 0 0.904246 -0.276427 
0.854558 0 0.89991 0 0.902756 -0.272606 
0.854597 0 0.899777 0 0.901881 -0.267772 
0.854538 0 0.899523 0 0.900881 -0.261924 
0.854544 0 0.899122 0 0.899808 -0.255086 
0.854528 0 0.898666 0 0.898657 -0.247303 
0.854506 0 0.89815 0 0.897409 -0.238639 
0.854486 0 0.897573 0 0.896046 -0.229173 
0.854456 0 0.897076 0 0.894518 -0.218993 
0.85443 0 0.896519 0 0.89286 -0.208193 
0.85444 0 0.895886 0 0.89105 -0.196868 
0.85452 0 0.895075 0 0.889154 -0.185112 
0.853607 0 0.89432 0 0.888016 -0.173015 
0.852754 0 0.893584 0 0.886739 -0.160654 
0.851925 0 0.892845 0 0.885393 -0.148105 
0.851555 0 0.891576 0 0.88414 -0.135435 
0.851195 0 0.890302 0 0.882801 -0.122701 
0.850838 0 0.889026 0 0.881405 -0.109955 
0.850481 0 0.887754 0 0.879973 -0.0972426 
0.850122 0 0.88649 0 0.878517 -0.0846003 
0.849761 0 0.885243 0 0.877045 -0.0720612 
0.849398 0 0.88402 0 0.87556 -0.0596524 
0.849021 0 0.882848 0 0.874065 -0.0473971 
0.848645 0 0.881715 0 0.872563 -0.0353146 
0.848268 0 0.880624 0 0.871064 -0.0234215 
0.847892 0 0.879578 0 0.86957 -0.011731 
0.847521 0 0.878579 0 0.868082 -0.00025471 
0.847155 0 0.877628 0 0.866604 0.0109975 
0.846794 0 0.876728 0 0.865138 0.0220175 
0.846438 0 0.87588 0 0.863687 0.032798 
0.846088 0 0.875086 0 0.862253 0.0433326 
0.845742 0 0.874348 0 0.860837 0.0536157 
0.845401 0 0.873667 0 0.859442 0.0636418 
0.845065 0 0.873044 0 0.858069 0.073406 
0.844732 0 0.87248 0 0.856719 0.0829035 
0.844403 0 0.871976 0 0.855394 0.0921296 
0.844077 0 0.871531 0 0.854094 0.101079 
0.843755 0 0.871147 0 0.852822 0.109748 
0.843434 0 0.870823 0 0.851578 0.118132 
0.843116 0 0.87056 0 0.850362 0.126224 
0.842799 0 0.870358 0 0.849176 0.134021 
0.842484 0 0.870216 0 0.848021 0.141517 
0.842169 0 0.870135 0 0.846896 0.148706 
0.841854 0 0.870115 0 0.845803 0.155583 
0.841539 0 0.870156 0 0.844742 0.162141 
0.841223 0 0.870257 0 0.843713 0.168375 
0.841049 0 0.870085 0 0.842636 0.174276 
0.840985 0 0.86992 0 0.841499 0.17984 
0.84095 0 0.869856 0 0.840373 0.185058 
0.840935 0 0.869836 0 0.839271 0.189922 
0.840427 0 0.869827 0 0.838677 0.194425 
0.839768 0 0.870257 1 0.838396 0.198556 
0.839115 0 0.870856 1 0.838227 0.201759 
0.838465 0 0.871586 0 0.838206 0.203932 
0.837674 0 0.872269 0 0.83832 0.205706 
0.836868 0 0.872993 0 0.838438 0.20708 
0.836186 0 0.873719 1 0.838461 0.208054 
0.835562 0 0.874533 1 0.83851 0.207822 
0.834994 0 0.875464 1 0.838567 0.206328 
0.834487 0 0.876538 1 0.838613 0.203554 
0.834049 0 0.87776 1 0.838635 0.199505 
0.833673 0 0.879122 1 0.838645 0.194233 
0.83427 1 0.879528 1 0.838842 0.187826 
0.835515 1 0.879536 1 0.838773 0.179638 
0.837149 1 0.879387 1 0.838761 0.169977 
0.83905 1 0.879169 1 0.838809 0.159164 
0.84115 1 0.878904 1 0.838894 0.147526 
0.843402 1 0.878601 1 0.839004 0.135325 
0.845765 1 0.878266 1 0.839137 0.122774 
0.848209 1 0.877906 1 0.83929 0.110055 
0.850765 1 0.87752 1 0.839521 0.097297 
0.853435 1 0.877106 1 0.839793 0.084589 
0.856155 1 0.876693 1 0.840079 0.0720072 
0.857876 1 0.877038 1 0.840635 0.05959 
0.859311 1 0.877549 1 0.841258 0.0473971 
0.861203 1 0.87746 1 0.841502 0.0354342 
0.863373 1 0.877061 1 0.841783 0.0237035 
0.865628 1 0.876537 1 0.842127 0.0122314 
0.867893 1 0.875957 1 0.842526 0.0010165 
0.87017 1 0.875336 1 0.842963 -0.00993806 
0.872439 1 0.874695 1 0.843424 -0.0206364 
0.874685 1 0.87405 1 0.843898 -0.0310817 
0.876831 1 0.873397 1 0.844383 -0.0412758 
0.878917 1 0.872743 1 0.844876 -0.0512203 
0.880946 1 0.872097 1 0.845367 -0.0609273 
0.882911 1 0.871464 1 0.845851 -0.0703899 
0.884807 1 0.870846 1 0.846329 -0.0796174 
0.886625 1 0.870253 1 0.846803 -0.0886184 
0.888371 1 0.869671 1 0.847261 -0.0973914 
0.890047 1 0.869099 1 0.847699 -0.105952 
0.89165 1 0.868536 1 0.84812 -0.114296 
0.893178 1 0.867981 1 0.84852 -0.122431 
0.89463 1 0.867436 1 0.848897 -0.130363 
0.896004 1 0.8669 1 0.849249 -0.138099 
0.897297 1 0.866375 1 0.849574 -0.145638 
0.898534 1 0.865852 1 0.849867 -0.152988 
0.899704 1 0.865343 1 0.850132 -0.160154 
0.900853 1 0.864774 1 0.850339 -0.167138 
0.901978 1 0.864151 1 0.850511 -0.173946 
0.902905 0 0.863392 0 0.850539 -0.180581 
0.90392 0 0.862382 0 0.850418 -0.187023 
0.905051 0 0.861097 0 0.850199 -0.193266 
0.905164 0 0.86081 0 0.851014 -0.199301 
0.905289 0 0.860593 1 0.851673 -0.205115 
0.905416 0 0.860311 1 0.852287 -0.21074 
0.905508 0 0.859994 1 0.852953 -0.216157 
0.905554 0 0.859661 1 0.853716 -0.221381 
0.905563 0 0.859319 1 0.854603 -0.226414 
0.905547 0 0.858899 1 0.855438 -0.231251 
0.905551 0 0.858343 0 0.856191 -0.235893 
0.90555 0 0.857643 0 0.856855 -0.24022 
0.90584 0 0.856825 1 0.856912 -0.244188 
0.906144 0 0.855907 1 0.856943 -0.247928 
0.906096 0 0.85514 0 0.857326 -0.251454 
0.905861 0 0.854309 1 0.857449 -0.254535 
0.905845 0 0.853423 1 0.85763 -0.2574 
0.90585 0 0.852535 1 0.857822 -0.260065 
0.904928 0 0.852102 1 0.858212 -0.262541 
0.904095 0 0.851559 0 0.858582 -0.264845 
0.903366 0 0.850725 0 0.85871 -0.26663 
0.90261 0 0.849859 0 0.858659 -0.267838 
0.901859 0 0.848834 0 0.858446 -0.268406 
0.901112 0 0.847641 0 0.858059 -0.268276 
0.900367 0 0.846271 0 0.857487 -0.267389 
0.899623 0 0.844716 0 0.85672 -0.265696 
0.89888 0 0.84297 0 0.855747 -0.263154 
0.898137 0 0.84103 0 0.854564 -0.259735 
0.897394 0 0.838894 0 0.853166 -0.255422 
0.896723 0 0.836452 0 0.851555 -0.250217 
0.896082 0 0.833772 0 0.849721 -0.244136 
0.89544 0 0.830913 0 0.847682 -0.237214 
0.894796 0 0.827888 0 0.845447 -0.229495 
0.89415 0 0.824708 0 0.84303 -0.221038 
0.893503 0 0.821391 0 0.840446 -0.211911 
0.892854 0 0.817952 0 0.837713 -0.202186 
0.892258 0 0.814371 0 0.834895 -0.191938 
0.891692 0 0.810691 0 0.831995 -0.181245 
0.891141 0 0.806944 0 0.829022 -0.170179 
0.890599 0 0.803152 0 0.825992 -0.158814 
0.890067 0 0.79933 0 0.822924 -0.147214 
0.889547 0 0.795493 0 0.819837 -0.135442 
0.889085 0 0.791706 0 0.816606 -0.123552 
0.888707 0 0.787915 0 0.813405 -0.111596 
0.888383 0 0.784143 0 0.810255 -0.0996168 
0.888083 0 0.780379 0 0.807124 -0.0876536 
0.88778 0 0.776658 0 0.804011 -0.0757402 
0.888279 0 0.773691 0 0.800805 -0.0639052 
0.88922 0 0.771151 0 0.797624 -0.0521745 
0.890255 0 0.768672 0 0.794621 -0.0405695 
0.89123 0 0.76626 0 0.791754 -0.0291077 
0.892203 0 0.763911 0 0.788958 -0.0178044 
0.893176 0 0.761627 0 0.786237 -0.00667205 
0.894148 0 0.759409 0 0.783592 0.00427885 
0.895118 0 0.757258 0 0.781025 0.0150398 
0.896087 0 0.755176 0 0.778535 0.0256041 
0.897024 0 0.753176 0 0.776127 0.0359658 
0.897945 0 0.751256 0 0.773807 0.0461209 
0.898856 0 0.749413 0 0.771573 0.0560659 
0.899761 0 0.747641 0 0.769413 0.0657982 
0.90066 0 0.745934 0 0.76732 0.075316 
0.900893 0 0.744592 0 0.765614 0.0846177 
0.901319 0 0.743352 0 0.763904 0.0937027 
0.901908 0 0.742245 0 0.76222 0.10257 
0.9026 0 0.74125 0 0.760589 0.111221 
0.90334 0 0.740339 0 0.759026 0.119653 
0.904096 0 0.739498 0 0.757529 0.127867 
0.90486 0 0.738719 0 0.756095 0.135862 
0.905638 0 0.738007 0 0.754721 0.143638 
0.906435 0 0.737365 0 0.753407 0.151193 
0.907259 0 0.736797 0 0.752152 0.158526 
0.90811 0 0.736303 0 0.750958 0.165634 
0.908988 0 0.735883 0 0.749823 0.172515 
0.909891 0 0.735535 0 0.748747 0.179164 
0.910817 0 0.735257 0 0.74773 0.185576 
0.911765 0 0.735049 0 0.74677 0.191745 
0.912733 0 0.734911 0 0.745867 0.197662 
0.913722 0 0.734842 0 0.745023 0.203318 
0.914729 0 0.734844 0 0.744236 0.208699 
0.915754 0 0.734916 0 0.743509 0.213792 
0.915966 0 0.734892 0 0.742886 0.21858 
0.916081 0 0.735006 0 0.742349 0.223043 
0.916259 0 0.735229 0 0.741897 0.22716 
0.916472 0 0.735548 0 0.741519 0.230906 
0.916699 0 0.735953 0 0.741214 0.234257 
0.91693 0 0.736439 0 0.740979 0.237183 
0.917167 0 0.737011 0 0.740818 0.239656 
0.917413 0 0.737674 0 0.740735 0.241646 
0.91767 0 0.738435 0 0.740734 0.243123 
0.917905 0 0.73953 0 0.741058 0.244061 
0.918166 0 0.740938 0 0.741632 0.244434 
0.918466 0 0.742572 0 0.742411 0.244221 
0.918592 0 0.743916 0 0.743008 0.243404 
0.918734 0 0.745465 0 0.743864 0.241973 
0.918889 0 0.747187 0 0.74493 0.239921 
0.919046 0 0.749055 0 0.746168 0.237249 
0.919344 0 0.75043 0 0.747326 0.233966 
0.920058 0 0.751619 0 0.748279 0.230084 
0.921005 0 0.752744 0 0.749158 0.225622 
0.921351 0 0.754279 0 0.750237 0.220604 
0.921512 0 0.75599 0 0.751452 0.21506 
0.921692 0 0.757742 0 0.752717 0.209022 
0.921881 0 0.75955 0 0.75404 0.202528 
0.922085 0 0.761419 0 0.755418 0.195617 
0.922313 0 0.763348 0 0.756846 0.188329 
0.922571 0 0.765336 0 0.758316 0.180705 
0.922859 0 0.767376 0 0.759821 0.172785 
0.923175 0 0.769462 0 0.761357 0.164607 
0.923516 0 0.771587 0 0.762916 0.156209 
0.923879 0 0.773744 0 0.764492 0.147627 
0.924116 0 0.776012 0 0.766158 0.138894 
0.923902 0 0.777432 0 0.767131 0.130042 
0.923721 0 0.778554 0 0.767786 0.121098 
0.923596 0 0.779752 0 0.768463 0.112086 
0.923484 0 0.781011 0 0.769168 0.103031 
0.923362 0 0.782308 0 0.769904 0.0939513 
0.923228 0 0.783637 0 0.770662 0.0848657 
0.923089 0 0.784995 0 0.771434 0.0757899 
0.922952 0 0.786379 0 0.772214 0.0667376 
0.922819 0 0.787789 0 0.772996 0.0577205 
0.92271 0 0.789153 0 0.773751 0.0487482 
0.922642 0 0.790516 0 0.774477 0.0398289 
0.9226 0 0.791888 0 0.775185 0.030969 
0.92257 0 0.793263 0 0.775878 0.0221736 
0.922546 0 0.794628 0 0.776552 0.0134466 
0.922842 0 0.796096 0 0.777531 0.00479145 
0.923362 0 0.797672 0 0.778773 -0.00379015 
0.923792 0 0.798882 0 0.779744 -0.012295 
0.924232 0 0.799937 0 0.780622 -0.0207238 
0.924685 0 0.801004 0 0.781531 -0.0290737 
0.925147 0 0.802091 0 0.782469 -0.0373431 
0.925625 0 0.803183 0 0.783423 -0.04553 
0.926131 0 0.804269 0 0.784392 -0.0536323 
0.926672 0 0.805343 0 0.785372 -0.0616474 
0.927253 0 0.806398 0 0.78636 -0.0695722 
0.92774 0 0.807784 0 0.787607 -0.0774033 
0.928321 0 0.808645 0 0.788448 -0.0851383 
0.928961 0 0.809629 0 0.789369 -0.09277 
0.929624 0 0.810407 0 0.790135 -0.100299 
0.929593 0 0.811729 0 0.791263 -0.107721 
0.929576 0 0.813144 0 0.792446 -0.11503 
0.929531 0 0.814511 0 0.793477 -0.122223 
0.929482 0 0.815478 0 0.794129 -0.129301 
0.929515 0 0.816086 0 0.794584 -0.13626 
0.929633 0 0.816564 0 0.794892 -0.143098 
0.929784 0 0.816977 0 0.795089 -0.149813 
0.929925 0 0.817338 0 0.795222 -0.156404 
0.929921 0 0.818448 0 0.795902 -0.16287 
0.929873 0 0.819717 0 0.796681 -0.169211 
0.929866 0 0.82098 0 0.797516 -0.175427 
0.929861 0 0.822224 0 0.79835 -0.18152 
0.929855 0 0.823434 0 0.799117 -0.187492 
0.929827 0 0.824621 0 0.799829 -0.193344 
0.929793 0 0.825782 0 0.800497 -0.199081 
0.929838 0 0.826659 0 0.800922 -0.204706 
0.929834 0 0.827617 0 0.801391 -0.210224 
0.929809 0 0.82853 0 0.801819 -0.215639 
0.929793 0 0.829378 0 0.802207 -0.220946 
0.929777 0 0.830195 0 0.802548 -0.226164 
0.929948 1 0.830565 0 0.80271 -0.231281 
0.930176 1 0.830875 0 0.802904 -0.236335 
0.930321 1 0.83114 0 0.80308 -0.241322 
0.930369 1 0.831382 0 0.803245 -0.246211 
0.930358 1 0.831604 0 0.803414 -0.250994 
0.930321 1 0.831798 0 0.803596 -0.255664 
0.930275 1 0.831971 0 0.803779 -0.260243 
0.930224 1 0.832129 0 0.803958 -0.264709 
0.930177 1 0.832234 0 0.80414 -0.269072 
0.930121 1 0.832347 0 0.804324 -0.273323 
0.930058 1 0.832469 0 0.804508 -0.277471 
0.929994 1 0.832573 0 0.804673 -0.281515 
0.92992 1 0.832709 0 0.804851 -0.285442 
0.929853 1 0.832812 0 0.805 -0.289251 
0.929792 1 0.83289 0 0.805124 -0.292953 
0.929737 1 0.832902 0 0.805175 -0.29655 
0.929654 1 0.832963 0 0.805252 -0.300003 
0.929582 1 0.833001 0 0.805304 -0.303317 
0.92952 1 0.832966 0 0.805281 -0.306512 
0.929434 1 0.833014 0 0.805278 -0.309551 
0.929379 1 0.832972 0 0.805208 -0.312417 
0.929319 1 0.83295 0 0.805148 -0.315098 
0.929253 1 0.832886 0 0.80503 -0.31756 
0.929181 1 0.832866 0 0.804917 -0.319781 
0.92912 1 0.832774 0 0.804739 -0.321705 
0.929008 1 0.83271 0 0.804563 -0.323277 
0.928892 1 0.832536 0 0.804292 -0.32444 
0.928821 0 0.832071 0 0.803818 -0.325119 
0.928748 0 0.831366 0 0.803134 -0.324873 
0.928674 0 0.830366 0 0.802191 -0.323464 
0.928616 0 0.828931 0 0.800892 -0.320657 
0.928486 0 0.827235 0 0.799381 -0.316258 
0.928424 0 0.824936 0 0.797433 -0.310157 
0.928415 0 0.822277 0 0.795163 -0.302352 
0.928448 0 0.819131 0 0.79249 -0.292948 
0.928475 0 0.815811 0 0.78965 -0.282135 
0.928506 0 0.811975 0 0.786158 -0.270147 
0.92867 0 0.807723 0 0.78229 -0.257225 
0.928962 0 0.803224 0 0.778242 -0.243595 
0.929036 0 0.798949 0 0.774305 -0.229455 
