0.229415 0 0.354398 0 0.354397 0.500001 
0.229224 0 0.355625 0 0.355277 0.477654 
0.228942 0 0.357139 0 0.356285 0.455485 
0.228586 0 0.358898 0 0.357444 0.433602 
0.228168 0 0.360836 0 0.358728 0.41208 
0.227703 0 0.362894 0 0.360109 0.390971 
0.227197 0 0.365019 0 0.361554 0.370305 
0.226607 0 0.36709 0 0.36301 0.350101 
0.226191 0 0.369426 0 0.364628 0.330366 
0.225601 0 0.371578 0 0.36603 0.311101 
0.22506 0 0.373696 0 0.367505 0.292302 
0.224567 0 0.375772 0 0.368997 0.273963 
0.224129 0 0.377797 0 0.370484 0.256076 
0.223748 0 0.379758 0 0.371954 0.238631 
0.223431 0 0.38165 0 0.373407 0.22162 
0.223185 0 0.383477 0 0.374843 0.205032 
0.223011 0 0.385234 0 0.376258 0.188857 
0.222898 0 0.386906 0 0.377641 0.173086 
0.222844 0 0.388485 0 0.37898 0.157708 
0.222851 0 0.389967 0 0.380267 0.142714 
0.222908 0 0.391335 0 0.381483 0.128094 
0.223001 0 0.392562 0 0.382607 0.11384 
0.223131 0 0.39366 0 0.383617 0.0999413 
0.22331 0 0.394636 0 0.384512 0.0863904 
0.223537 0 0.39549 0 0.385289 0.073178 
0.223804 0 0.396213 0 0.385942 0.0602959 
0.22411 0 0.39681 0 0.386472 0.0477357 
0.224459 0 0.397289 0 0.386884 0.0354895 
0.224845 0 0.397654 0 0.38718 0.0235493 
0.225257 0 0.397902 0 0.38736 0.0119077 
0.225693 0 0.398041 0 0.387431 0.000556954 
0.226156 0 0.398088 0 0.387406 -0.01051 
0.22664 0 0.39805 0 0.387291 -0.0213003 
0.227136 0 0.397927 0 0.38709 -0.0318209 
0.227643 0 0.39773 0 0.386814 -0.0420784 
0.228165 0 0.397475 0 0.386476 -0.0520796 
0.228698 0 0.39717 0 0.386083 -0.0618308 
0.229237 0 0.396815 0 0.385639 -0.0713381 
0.22978 0 0.39642 0 0.385153 -0.0806078 
0.230333 0 0.396001 0 0.384639 -0.0896456 
0.230896 0 0.395562 0 0.384102 -0.0984577 
0.23146 0 0.395104 0 0.383544 -0.107049 
0.232028 0 0.394634 0 0.382973 -0.115426 
0.232605 0 0.394165 0 0.3824 -0.123593 
0.23319 0 0.393701 0 0.381829 -0.131557 
0.233777 0 0.39324 0 0.381259 -0.139321 
0.234367 0 0.392786 0 0.380697 -0.14689 
0.234965 0 0.392353 0 0.380152 -0.154271 
0.235572 0 0.391941 0 0.379626 -0.161467 
0.23618 0 0.391546 0 0.379116 -0.168483 
0.23679 0 0.391173 0 0.378629 -0.175323 
0.23741 0 0.390831 0 0.37817 -0.181993 
0.238037 0 0.390521 0 0.377741 -0.188495 
0.238665 0 0.390237 0 0.377338 -0.194835 
0.239295 0 0.389982 0 0.376965 -0.201016 
0.239933 0 0.389765 0 0.376628 -0.207043 
0.240578 0 0.389586 0 0.376327 -0.212918 
0.241224 0 0.389437 0 0.376058 -0.218647 
0.24187 0 0.38932 0 0.375822 -0.224232 
0.242524 0 0.389244 0 0.375625 -0.229677 
0.243184 0 0.389206 0 0.375466 -0.234986 
0.243843 0 0.3892 0 0.37534 -0.240161 
0.244501 0 0.389227 0 0.375249 -0.245208 
0.245166 0 0.389294 0 0.375197 -0.250127 
0.245834 0 0.389399 0 0.375184 -0.254923 
0.2465 0 0.389534 0 0.375202 -0.259599 
0.247164 0 0.389699 0 0.375254 -0.264157 
0.247832 0 0.389902 0 0.375343 -0.268601 
0.248503 0 0.39014 0 0.375468 -0.272933 
0.249168 0 0.390405 0 0.375623 -0.277157 
0.249698 0 0.390242 0 0.375465 -0.281273 
0.250154 0 0.389927 0 0.375171 -0.285287 
0.250581 0 0.3896 0 0.374853 -0.289199 
0.250984 0 0.389282 0 0.374549 -0.293012 
0.251384 0 0.388988 0 0.374265 -0.296729 
0.251786 0 0.388726 0 0.374006 -0.300353 
0.252191 0 0.388493 0 0.37377 -0.303884 
0.25259 0 0.388283 0 0.373551 -0.307326 
0.252986 0 0.388096 0 0.373352 -0.31068 
0.253384 0 0.387939 0 0.373175 -0.31395 
0.253783 0 0.38781 0 0.373021 -0.317135 
0.254095 0 0.387438 0 0.372751 -0.32024 
0.254312 0 0.38685 0 0.372389 -0.323265 
0.254458 0 0.386153 0 0.371974 -0.326213 
0.254555 0 0.385426 0 0.371537 -0.329085 
0.254647 0 0.384722 0 0.371116 -0.331882 
0.254737 0 0.38404 0 0.370713 -0.334608 
0.25484 0 0.3835 0 0.370298 -0.337262 
0.254956 0 0.382992 0 0.369892 -0.339848 
0.255069 0 0.382483 0 0.369486 -0.342366 
0.255176 0 0.381973 0 0.369084 -0.344817 
0.255284 0 0.381478 0 0.3687 -0.347205 
0.255393 0 0.381005 0 0.36834 -0.349528 
0.255499 0 0.380547 0 0.367999 -0.35179 
0.255602 0 0.380104 0 0.367676 -0.353991 
0.25571 0 0.379682 0 0.367375 -0.356133 
0.255819 0 0.379277 0 0.367093 -0.358216 
0.255923 0 0.378882 0 0.366824 -0.360242 
0.256024 0 0.378497 0 0.366569 -0.362212 
0.256128 0 0.378131 0 0.366335 -0.364127 
0.256234 0 0.377781 0 0.36612 -0.365988 
0.256335 0 0.377442 0 0.365917 -0.367797 
0.256433 0 0.377112 0 0.365729 -0.369553 
0.256535 0 0.3768 0 0.365561 -0.371257 
0.256638 0 0.376504 0 0.365411 -0.372911 
0.256727 0 0.376167 0 0.365202 -0.374515 
0.256806 0 0.375802 0 0.36496 -0.37607 
0.256884 0 0.375437 0 0.364709 -0.377577 
0.25696 0 0.375086 0 0.364464 -0.379035 
0.257031 0 0.374749 0 0.364227 -0.380446 
0.257099 0 0.374428 0 0.364004 -0.38181 
0.257171 0 0.374131 0 0.3638 -0.383127 
0.257246 0 0.373855 0 0.363612 -0.384397 
0.257318 0 0.373591 0 0.363433 -0.38562 
0.257388 0 0.373339 0 0.363263 -0.386797 
0.257462 0 0.373105 0 0.363107 -0.387926 
0.257539 0 0.372888 0 0.362963 -0.389009 
0.257612 0 0.372683 0 0.362828 -0.390045 
0.257682 0 0.37249 0 0.362702 -0.391033 
0.257757 0 0.372317 0 0.362593 -0.391973 
0.257836 0 0.372164 0 0.362499 -0.392864 
0.257911 0 0.372022 0 0.362415 -0.393707 
0.257984 0 0.371894 0 0.362342 -0.394499 
0.258063 0 0.371787 0 0.362286 -0.395241 
0.258146 0 0.3717 0 0.362247 -0.395931 
0.258227 0 0.371627 0 0.36222 -0.396569 
0.258307 0 0.371568 0 0.362206 -0.397154 
0.258394 0 0.371532 0 0.362211 -0.397684 
0.258486 0 0.371518 0 0.362236 -0.398158 
0.258578 0 0.371519 0 0.362275 -0.398575 
0.258671 0 0.371538 0 0.362331 -0.398933 
0.258773 0 0.371582 0 0.36241 -0.399229 
0.258884 0 0.371652 0 0.362513 -0.399461 
0.258996 0 0.371741 0 0.362635 -0.399626 
0.259113 0 0.371853 0 0.362779 -0.399719 
0.259242 0 0.371995 0 0.362953 -0.399737 
0.259384 0 0.372169 0 0.363158 -0.399673 
0.259532 0 0.37237 0 0.363392 -0.399521 
0.259689 0 0.372601 0 0.363659 -0.399271 
0.259864 0 0.372875 0 0.363968 -0.398914 
0.259994 0 0.37309 0 0.36422 -0.398436 
0.260057 0 0.373242 0 0.364445 -0.397821 
0.260077 0 0.373386 0 0.364673 -0.397049 
0.260078 0 0.373556 0 0.364923 -0.396093 
0.260062 0 0.373767 0 0.365202 -0.394923 
0.260025 0 0.374017 0 0.365515 -0.393499 
0.25997 0 0.374318 0 0.365877 -0.391771 
0.259902 0 0.374692 0 0.366312 -0.389676 
0.25982 0 0.375158 0 0.36684 -0.387142 
0.259718 0 0.375733 0 0.367481 -0.384077 
0.259598 0 0.376446 0 0.368263 -0.38038 
0.259465 0 0.377335 0 0.369223 -0.375941 
0.25932 0 0.378431 0 0.37039 -0.370649 
0.259155 0 0.379753 0 0.371787 -0.36441 
0.258973 0 0.381323 0 0.373436 -0.357157 
0.25878 0 0.383159 0 0.375352 -0.348867 
0.258576 0 0.385256 0 0.377532 -0.339561 
0.258355 0 0.387593 0 0.379955 -0.329306 
0.258118 0 0.390147 0 0.382599 -0.318199 
0.257874 0 0.392895 0 0.38544 -0.306359 
0.257619 0 0.395802 0 0.388442 -0.293908 
0.257349 0 0.398828 0 0.391567 -0.280968 
0.257064 0 0.401942 0 0.394785 -0.267652 
0.256771 0 0.405122 0 0.39807 -0.254061 
0.256469 0 0.40834 0 0.401397 -0.240282 
0.256151 0 0.411565 0 0.404734 -0.22639 
0.255818 0 0.414778 0 0.408064 -0.212451 
0.255476 0 0.417968 0 0.411373 -0.198518 
0.255125 0 0.421119 0 0.414646 -0.184635 
0.254758 0 0.424211 0 0.417863 -0.17084 
0.254375 0 0.427233 0 0.421015 -0.157165 
0.253984 0 0.430185 0 0.424098 -0.143635 
0.253583 0 0.433056 0 0.427102 -0.13027 
0.253165 0 0.435833 0 0.430016 -0.117088 
0.252732 0 0.438513 0 0.432836 -0.104103 
0.252617 0 0.441647 0 0.436086 -0.0913264 
0.252676 0 0.444902 0 0.439458 -0.0787662 
0.252801 0 0.448112 0 0.442783 -0.0664295 
0.252821 0 0.451146 0 0.445935 -0.0543211 
0.252777 0 0.454041 0 0.448947 -0.0424449 
0.252687 0 0.45681 0 0.451831 -0.0308036 
0.252557 0 0.459454 0 0.454585 -0.0193985 
0.252396 0 0.46198 0 0.457214 -0.00823046 
0.252216 0 0.464402 0 0.459729 0.00270073 
0.25202 0 0.466721 0 0.462133 0.0133956 
0.251802 0 0.468934 0 0.464423 0.0238553 
0.251739 0 0.471254 0 0.466819 0.0340814 
0.251768 0 0.4736 0 0.469246 0.0440758 
0.251824 0 0.475872 0 0.471594 0.0538411 
0.251879 0 0.478048 0 0.473848 0.0633795 
0.251928 0 0.480138 0 0.476019 0.0726941 
0.251979 0 0.482156 0 0.47812 0.0817878 
0.252032 0 0.484103 0 0.480152 0.0906638 
0.25208 0 0.485974 0 0.482109 0.0993255 
0.252125 0 0.487771 0 0.483993 0.107776 
0.252174 0 0.489503 0 0.485813 0.11602 
0.252225 0 0.491172 0 0.487568 0.124059 
0.252272 0 0.492772 0 0.489255 0.131899 
0.252316 0 0.494306 0 0.490877 0.139542 
0.252363 0 0.495782 0 0.492443 0.146992 
0.252412 0 0.497203 0 0.493952 0.154254 
0.252457 0 0.498561 0 0.495401 0.161331 
0.252498 0 0.499861 0 0.496793 0.168228 
0.252544 0 0.501112 0 0.498137 0.174946 
0.252592 0 0.502314 0 0.499432 0.181492 
0.252636 0 0.503463 0 0.500675 0.187868 
0.252677 0 0.504562 0 0.501869 0.194079 
0.252723 0 0.505619 0 0.503022 0.200128 
0.252771 0 0.506636 0 0.504134 0.206018 
0.252815 0 0.507606 0 0.505201 0.211755 
0.252857 0 0.508533 0 0.506226 0.217342 
0.253061 0 0.509719 0 0.507508 0.222781 
0.253334 0 0.510924 0 0.508807 0.228078 
0.253613 0 0.512062 0 0.510043 0.233236 
0.253923 0 0.513176 0 0.51128 0.238258 
0.254238 0 0.514261 0 0.51249 0.243148 
0.254555 0 0.515319 0 0.513673 0.247911 
0.254868 0 0.516343 0 0.514825 0.252548 
0.255178 0 0.517335 0 0.515949 0.257065 
0.25549 0 0.518306 0 0.517048 0.261464 
0.255741 0 0.519174 0 0.518037 0.265749 
0.255955 0 0.519972 0 0.51895 0.269923 
0.256153 0 0.520728 0 0.519823 0.273991 
0.256353 0 0.521462 0 0.520674 0.277954 
0.256554 0 0.522176 0 0.521508 0.281817 
0.256752 0 0.522864 0 0.522316 0.285583 
0.256947 0 0.523525 0 0.523101 0.289256 
0.257145 0 0.524169 0 0.523867 0.292839 
0.257346 0 0.524795 0 0.524614 0.296335 
0.257541 0 0.525396 0 0.525338 0.299748 
0.257732 0 0.525976 0 0.526041 0.303081 
0.257927 0 0.526542 0 0.52673 0.306338 
0.258122 0 0.527095 0 0.527403 0.309523 
0.258311 0 0.527626 0 0.528055 0.312639 
0.258496 0 0.528139 0 0.528687 0.315691 
0.258682 0 0.528641 0 0.529307 0.318681 
0.258868 0 0.529132 0 0.529913 0.321614 
0.259046 0 0.529604 0 0.5305 0.324493 
0.259217 0 0.53006 0 0.531068 0.327323 
0.259389 0 0.530508 0 0.531624 0.330108 
0.259558 0 0.530945 0 0.532166 0.33285 
0.259717 0 0.531367 0 0.532689 0.335553 
0.259868 0 0.531772 0 0.533193 0.338221 
0.260016 0 0.532171 0 0.533684 0.340856 
0.260159 0 0.532561 0 0.53416 0.343461 
0.260289 0 0.532934 0 0.534615 0.346037 
0.260409 0 0.533292 0 0.535049 0.348588 
0.260523 0 0.533643 0 0.535468 0.351113 
0.260629 0 0.533984 0 0.53587 0.353613 
0.260721 0 0.534309 0 0.536249 0.356089 
0.260799 0 0.534617 0 0.536604 0.358539 
0.26087 0 0.534917 0 0.536941 0.360965 
0.260931 0 0.535207 0 0.537258 0.363364 
0.260975 0 0.535478 0 0.537549 0.365735 
0.261004 0 0.535733 0 0.537814 0.368077 
0.261024 0 0.535978 0 0.53806 0.370387 
0.261034 0 0.536212 0 0.538284 0.372665 
0.261027 0 0.536428 0 0.53848 0.374909 
0.261004 0 0.536626 0 0.53865 0.377116 
0.260973 0 0.536814 0 0.5388 0.379283 
0.260932 0 0.536992 0 0.538928 0.38141 
0.260875 0 0.537152 0 0.539029 0.383494 
0.260804 0 0.537296 0 0.539103 0.385532 
0.260726 0 0.537431 0 0.539158 0.387521 
0.26064 0 0.537558 0 0.539191 0.389459 
0.260541 0 0.537669 0 0.539196 0.391341 
0.260429 0 0.537766 0 0.539173 0.393163 
0.260312 0 0.53786 0 0.539129 0.394918 
0.260191 0 0.537949 0 0.539059 0.396598 
0.260057 0 0.538027 0 0.538956 0.398193 
0.260013 0 0.538165 0 0.538942 0.39969 
0.260039 0 0.538359 0 0.538986 0.401071 
0.259977 0 0.538499 0 0.53889 0.402317 
0.260033 0 0.538773 0 0.538854 0.403399 
0.259971 0 0.538916 0 0.538682 0.404289 
0.260031 0 0.53913 0 0.538629 0.404948 
0.260162 0 0.539383 0 0.538629 0.405335 
0.260343 0 0.539658 0 0.538649 0.405403 
0.260559 0 0.539938 0 0.538667 0.405102 
0.260808 0 0.540216 0 0.538674 0.404378 
0.261027 0 0.540518 0 0.538584 0.403181 
0.261252 0 0.540808 0 0.538439 0.40146 
0.261468 0 0.541046 0 0.538209 0.399176 
0.261679 0 0.541226 0 0.537896 0.396297 
0.261891 0 0.541342 0 0.537522 0.392803 
0.262099 0 0.541384 0 0.537078 0.38869 
0.262303 0 0.541346 0 0.53656 0.383968 
0.262511 0 0.541235 0 0.53597 0.378659 
0.262721 0 0.541043 0 0.535304 0.372798 
0.262928 0 0.540764 0 0.534553 0.366429 
0.263131 0 0.540396 0 0.533719 0.359601 
0.263339 0 0.539948 0 0.532807 0.352367 
0.263549 0 0.539418 0 0.531817 0.344782 
0.263552 0 0.538638 0 0.530583 0.336901 
0.263552 0 0.537782 0 0.529277 0.328776 
0.263556 0 0.536862 0 0.527908 0.320455 
0.263835 0 0.536106 0 0.526605 0.311987 
0.264109 0 0.535273 0 0.525231 0.303412 
0.264211 0 0.534296 0 0.523736 0.294768 
0.264401 0 0.533288 0 0.522241 0.286091 
0.264635 0 0.532255 0 0.520733 0.277409 
0.264677 0 0.53102 0 0.51903 0.268751 
0.264957 0 0.529929 0 0.517418 0.260139 
0.265047 0 0.528671 0 0.515665 0.251593 
0.265138 0 0.52739 0 0.51389 0.243129 
0.265223 0 0.526086 0 0.512092 0.234761 
0.265304 0 0.524763 0 0.510276 0.2265 
0.265387 0 0.523434 0 0.508452 0.218353 
0.265471 0 0.522103 0 0.50662 0.210324 
0.265444 0 0.520706 0 0.504711 0.202416 
0.265533 0 0.519369 0 0.502894 0.194627 
0.265701 0 0.518116 0 0.501168 0.186952 
0.265915 0 0.516925 0 0.499501 0.179385 
0.266146 0 0.515762 0 0.497859 0.171914 
0.26638 0 0.514611 0 0.496222 0.164524 
0.266615 0 0.513471 0 0.494582 0.157199 
0.266846 0 0.512332 0 0.492925 0.149918 
0.267063 0 0.511181 0 0.491237 0.142657 
0.267145 0 0.509729 0 0.489342 0.135388 
0.26712 0 0.508041 0 0.487304 0.128083 
0.266975 0 0.506175 0 0.485115 0.12071 
0.266789 0 0.504223 0 0.482839 0.113241 
0.266548 0 0.502204 0 0.480452 0.105644 
0.266311 0 0.500136 0 0.477986 0.0978922 
0.266052 0 0.498007 0 0.475416 0.0899613 
0.265778 0 0.495803 0 0.472737 0.0818294 
0.265506 0 0.493474 0 0.469965 0.0734787 
0.265239 0 0.491032 0 0.467091 0.0648963 
0.26498 0 0.488484 0 0.464114 0.0560803 
0.264724 0 0.485835 0 0.461043 0.0470461 
0.264477 0 0.483101 0 0.457896 0.0378266 
0.264247 0 0.480304 0 0.454695 0.0284649 
0.264033 0 0.477459 0 0.451458 0.0190068 
0.263673 0 0.474374 0 0.448029 0.00949627 
0.263234 0 0.47113 0 0.444467 -2.70561e-05 
0.262717 0 0.46779 0 0.440803 -0.00952904 
0.262166 0 0.464418 0 0.437105 -0.0189806 
0.261641 0 0.461081 0 0.433429 -0.0283578 
0.261193 0 0.457837 0 0.429826 -0.0376409 
0.260875 0 0.454739 0 0.426374 -0.0468141 
0.260672 0 0.451794 0 0.423077 -0.0558645 
0.260565 0 0.448988 0 0.419924 -0.0647822 
0.260548 0 0.446312 0 0.416911 -0.0735595 
0.260622 0 0.443774 0 0.414043 -0.08219 
0.260709 0 0.441283 0 0.411239 -0.0906696 
0.260815 0 0.438839 0 0.408505 -0.0989949 
0.260949 0 0.436464 0 0.40586 -0.107163 
0.261127 0 0.434184 0 0.403322 -0.115174 
0.261352 0 0.432008 0 0.400896 -0.123025 
0.26162 0 0.429933 0 0.398579 -0.130717 
0.261931 0 0.427957 0 0.39637 -0.138249 
0.262289 0 0.426086 0 0.39427 -0.145622 
0.262689 0 0.424312 0 0.392272 -0.152837 
0.263122 0 0.422626 0 0.390371 -0.159895 
0.263586 0 0.421026 0 0.388562 -0.166796 
0.263874 0 0.41932 0 0.386747 -0.173543 
0.263888 0 0.417435 0 0.384812 -0.180137 
0.263747 0 0.415425 0 0.382807 -0.18658 
0.263526 0 0.413369 0 0.380795 -0.192873 
0.263274 0 0.411326 0 0.378826 -0.19902 
0.262986 0 0.409311 0 0.376874 -0.205023 
0.262673 0 0.407326 0 0.374946 -0.210883 
0.262379 0 0.405374 0 0.373103 -0.216604 
0.262102 0 0.403461 0 0.371335 -0.222188 
0.261835 0 0.401585 0 0.36963 -0.227637 
0.261569 0 0.399737 0 0.367972 -0.232956 
0.261304 0 0.397917 0 0.366356 -0.238145 
0.261045 0 0.396132 0 0.364779 -0.243208 
0.26079 0 0.394377 0 0.363234 -0.248147 
0.260517 0 0.39263 0 0.361727 -0.252966 
0.260227 0 0.390891 0 0.360254 -0.257667 
0.259927 0 0.389167 0 0.358817 -0.262252 
0.259653 0 0.387486 0 0.357387 -0.266725 
0.259354 0 0.385811 0 0.355983 -0.271088 
0.259035 0 0.38414 0 0.354605 -0.275342 
0.259081 0 0.383087 0 0.353548 -0.279493 
0.259298 0 0.382275 0 0.352669 -0.28354 
0.259449 0 0.381437 0 0.351726 -0.287487 
0.259534 0 0.380566 0 0.350755 -0.291336 
0.259587 0 0.379684 0 0.349774 -0.29509 
0.259621 0 0.378804 0 0.34879 -0.298751 
0.259639 0 0.377928 0 0.347805 -0.302321 
0.259644 0 0.377058 0 0.346823 -0.305802 
0.259631 0 0.376187 0 0.345856 -0.309197 
0.259617 0 0.375327 0 0.344891 -0.312508 
0.259594 0 0.37447 0 0.343926 -0.315736 
0.259546 0 0.373605 0 0.342972 -0.318884 
0.2597 0 0.373015 0 0.34233 -0.321954 
0.259941 0 0.372544 0 0.34181 -0.324948 
0.260268 0 0.37215 0 0.341405 -0.327867 
0.260636 0 0.371816 0 0.341068 -0.330713 
0.261029 0 0.371542 0 0.340783 -0.333489 
0.261434 0 0.371318 0 0.340537 -0.336196 
0.261838 0 0.371131 0 0.340318 -0.338836 
0.262239 0 0.370976 0 0.340121 -0.34141 
0.262561 0 0.370763 0 0.339847 -0.34392 
0.262841 0 0.370513 0 0.339547 -0.346368 
0.263094 0 0.370255 0 0.339248 -0.348755 
0.263333 0 0.370009 0 0.338965 -0.351083 
0.263569 0 0.36979 0 0.338705 -0.353353 
0.263801 0 0.369594 0 0.338466 -0.355567 
0.264025 0 0.369413 0 0.338242 -0.357726 
0.264238 0 0.369247 0 0.338034 -0.359832 
0.264448 0 0.369099 0 0.337845 -0.361885 
0.264653 0 0.368968 0 0.337672 -0.363887 
0.264844 0 0.368846 0 0.337512 -0.36584 
0.265023 0 0.368732 0 0.337365 -0.367744 
0.265195 0 0.368631 0 0.337234 -0.369601 
0.265357 0 0.36854 0 0.337117 -0.371412 
0.265503 0 0.368451 0 0.337009 -0.373178 
0.265632 0 0.368362 0 0.336911 -0.3749 
0.265748 0 0.368278 0 0.336826 -0.37658 
0.26585 0 0.368194 0 0.336751 -0.378217 
0.265928 0 0.368101 0 0.336683 -0.379814 
0.265983 0 0.367996 0 0.336622 -0.381371 
0.266019 0 0.367883 0 0.336571 -0.38289 
0.266031 0 0.367753 0 0.336527 -0.38437 
0.266063 0 0.36766 0 0.336487 -0.385814 
0.266109 0 0.367602 0 0.336468 -0.387221 
0.266169 0 0.367576 0 0.336473 -0.388594 
0.266236 0 0.367566 0 0.336497 -0.389932 
0.266301 0 0.367559 0 0.33653 -0.391237 
0.266363 0 0.367548 0 0.33657 -0.392509 
0.266428 0 0.367536 0 0.33662 -0.393749 
0.266495 0 0.36752 0 0.336677 -0.394959 
0.266558 0 0.367487 0 0.336735 -0.396138 
0.266619 0 0.367435 0 0.336794 -0.397288 
0.266685 0 0.367365 0 0.336856 -0.398409 
0.266755 0 0.367267 0 0.336918 -0.399502 
0.266823 0 0.367127 0 0.336973 -0.400567 
0.266892 0 0.366943 0 0.337021 -0.401606 
0.266967 0 0.366718 0 0.337069 -0.402619 
0.267047 0 0.366456 0 0.337118 -0.403607 
0.267127 0 0.36616 0 0.33717 -0.404569 
0.267207 0 0.365847 0 0.337233 -0.405508 
0.267292 0 0.365536 0 0.337317 -0.406422 
0.267382 0 0.365237 0 0.337425 -0.407314 
0.267469 0 0.364951 0 0.337555 -0.408183 
0.267553 0 0.364683 0 0.337709 -0.409029 
0.267641 0 0.364444 0 0.337891 -0.409853 
0.267731 0 0.364231 0 0.338098 -0.410656 
0.267815 0 0.364038 0 0.338326 -0.411438 
0.267895 0 0.363866 0 0.338575 -0.412199 
0.267977 0 0.36372 0 0.338848 -0.412939 
0.268058 0 0.363599 0 0.339142 -0.413659 
0.268133 0 0.363495 0 0.339451 -0.414358 
0.268202 0 0.363408 0 0.339777 -0.415036 
0.268272 0 0.363343 0 0.340122 -0.415694 
0.26834 0 0.363299 0 0.340485 -0.416332 
0.268402 0 0.363268 0 0.340859 -0.416949 
0.268457 0 0.363249 0 0.341245 -0.417544 
0.268513 0 0.36325 0 0.341647 -0.418119 
0.268567 0 0.363268 0 0.342062 -0.418672 
0.268614 0 0.363296 0 0.342487 -0.419202 
0.268655 0 0.363334 0 0.34292 -0.41971 
0.268696 0 0.363388 0 0.343367 -0.420195 
0.268735 0 0.363456 0 0.343826 -0.420656 
0.268767 0 0.363532 0 0.344291 -0.421093 
0.268793 0 0.363615 0 0.344764 -0.421504 
0.268819 0 0.363713 0 0.345249 -0.421889 
0.268845 0 0.363823 0 0.345743 -0.422247 
0.268862 0 0.363939 0 0.346244 -0.422578 
0.268874 0 0.36406 0 0.34675 -0.42288 
0.268886 0 0.364195 0 0.347268 -0.423153 
0.268897 0 0.364341 0 0.347796 -0.423396 
0.268901 0 0.364491 0 0.348328 -0.423608 
0.268899 0 0.364646 0 0.348866 -0.423788 
0.268868 0 0.364656 0 0.349228 -0.423936 
0.268764 0 0.364554 0 0.349447 -0.42405 
0.268615 0 0.364402 0 0.349591 -0.424131 
0.268442 0 0.364243 0 0.349704 -0.424177 
0.268273 0 0.364106 0 0.349832 -0.424188 
0.268107 0 0.363989 0 0.349973 -0.424163 
0.267936 0 0.363886 0 0.350123 -0.424103 
0.267762 0 0.363797 0 0.350282 -0.424006 
0.267528 0 0.3637 0 0.350424 -0.423873 
0.267326 0 0.363622 0 0.350562 -0.423704 
0.267133 0 0.363554 0 0.350697 -0.423498 
0.266947 0 0.363497 0 0.350834 -0.423254 
0.26677 0 0.363459 0 0.350979 -0.422974 
0.266599 0 0.363438 0 0.351132 -0.422657 
0.266427 0 0.363426 0 0.351289 -0.422303 
0.266256 0 0.363426 0 0.35145 -0.421911 
0.266091 0 0.363443 0 0.351623 -0.421482 
0.265932 0 0.363476 0 0.351805 -0.421015 
0.265772 0 0.363517 0 0.351989 -0.420511 
0.265613 0 0.363567 0 0.352178 -0.419967 
0.265461 0 0.363634 0 0.352378 -0.419384 
0.265315 0 0.363716 0 0.352588 -0.41876 
0.265168 0 0.363808 0 0.352803 -0.418094 
0.265024 0 0.363911 0 0.353026 -0.417383 
0.264887 0 0.364033 0 0.353263 -0.416624 
0.264759 0 0.364174 0 0.353515 -0.415814 
0.264632 0 0.364327 0 0.353778 -0.414949 
0.26451 0 0.364497 0 0.354055 -0.414023 
0.264398 0 0.364691 0 0.354354 -0.41303 
0.264299 0 0.364911 0 0.354676 -0.411961 
0.264205 0 0.365153 0 0.35502 -0.410807 
0.26412 0 0.36542 0 0.355391 -0.409556 
0.264054 0 0.365726 0 0.3558 -0.408193 
0.264006 0 0.366072 0 0.356251 -0.4067 
0.263973 0 0.36646 0 0.356747 -0.405056 
0.263959 0 0.366899 0 0.357298 -0.403231 
0.263974 0 0.367405 0 0.357922 -0.40119 
0.263982 0 0.367967 0 0.358596 -0.398888 
0.263959 0 0.36858 0 0.359312 -0.396268 
0.263908 0 0.369265 0 0.360088 -0.393259 
0.263837 0 0.370054 0 0.360953 -0.389776 
0.263746 0 0.370973 0 0.361934 -0.385716 
0.263628 0 0.37205 0 0.363061 -0.380967 
0.263487 0 0.37332 0 0.364367 -0.375411 
0.263328 0 0.374821 0 0.365891 -0.368941 
0.263152 0 0.376578 0 0.367655 -0.361478 
0.262951 0 0.378597 0 0.369668 -0.352983 
0.262728 0 0.380882 0 0.371933 -0.343469 
0.262491 0 0.383428 0 0.374443 -0.332995 
0.262239 0 0.386212 0 0.377177 -0.32166 
0.261966 0 0.389196 0 0.380098 -0.309581 
0.261675 0 0.39235 0 0.383176 -0.296887 
0.261372 0 0.395647 0 0.386383 -0.283702 
0.261057 0 0.399053 0 0.389687 -0.270141 
0.260724 0 0.402531 0 0.393051 -0.256309 
0.260375 0 0.406055 0 0.396451 -0.242294 
0.260016 0 0.409608 0 0.399868 -0.228174 
0.259646 0 0.413168 0 0.40328 -0.214014 
0.25926 0 0.41671 0 0.406664 -0.199867 
0.258858 0 0.420218 0 0.410005 -0.18578 
0.258447 0 0.423686 0 0.413295 -0.171789 
0.258027 0 0.4271 0 0.416521 -0.157926 
0.257589 0 0.430445 0 0.419669 -0.144215 
0.2575 0 0.434116 0 0.42334 -0.130677 
0.257591 0 0.437868 0 0.42714 -0.11733 
0.257755 0 0.441578 0 0.430904 -0.104186 
0.257938 0 0.445216 0 0.434597 -0.0912561 
0.258162 0 0.448824 0 0.438247 -0.0785483 
0.258491 0 0.452453 0 0.44193 -0.0660692 
0.258892 0 0.456089 0 0.445622 -0.0538236 
0.259336 0 0.459701 0 0.449291 -0.0418148 
0.259664 0 0.463123 0 0.452777 -0.0300449 
0.259925 0 0.466383 0 0.456093 -0.0185153 
0.260146 0 0.469514 0 0.45927 -0.00722614 
0.260339 0 0.472532 0 0.462329 0.00382275 
0.260516 0 0.475451 0 0.465285 0.0146324 
0.260687 0 0.478285 0 0.46815 0.0252041 
0.260854 0 0.481034 0 0.470928 0.03554 
0.261013 0 0.483695 0 0.473614 0.0456419 
0.261165 0 0.486268 0 0.476212 0.0555127 
0.261317 0 0.488763 0 0.478728 0.065155 
0.261469 0 0.49118 0 0.481162 0.0745719 
0.261615 0 0.493514 0 0.483511 0.0837667 
0.261756 0 0.495768 0 0.485777 0.0927425 
0.261898 0 0.49795 0 0.487968 0.101503 
0.262041 0 0.500063 0 0.490085 0.110052 
0.262085 0 0.501849 0 0.491987 0.118392 
0.262069 0 0.503436 0 0.49377 0.126528 
0.26203 0 0.504926 0 0.495485 0.134464 
0.261971 0 0.506334 0 0.497117 0.142203 
0.261887 0 0.507651 0 0.498652 0.149748 
0.261849 0 0.50904 0 0.500141 0.157105 
0.261848 0 0.510436 0 0.501613 0.164277 
0.261866 0 0.511802 0 0.503047 0.171267 
0.262042 0 0.513394 0 0.504682 0.17808 
0.262315 0 0.515014 0 0.506343 0.184719 
0.262626 0 0.516583 0 0.507958 0.191188 
0.262952 0 0.518101 0 0.509543 0.197491 
0.263275 0 0.519568 0 0.511082 0.203632 
0.263595 0 0.520988 0 0.512576 0.209615 
0.263919 0 0.522371 0 0.514033 0.215443 
0.264247 0 0.523715 0 0.515454 0.221121 
0.264588 0 0.525032 0 0.516854 0.226651 
0.264938 0 0.526311 0 0.518225 0.232037 
0.265299 0 0.527555 0 0.519569 0.237283 
0.265666 0 0.528763 0 0.520888 0.242394 
0.266033 0 0.529932 0 0.522177 0.247371 
0.266402 0 0.531066 0 0.52344 0.252219 
0.266701 0 0.532083 0 0.524579 0.256942 
0.266964 0 0.533027 0 0.525633 0.261541 
0.267204 0 0.533918 0 0.526629 0.266022 
0.267436 0 0.534773 0 0.52759 0.270387 
0.267671 0 0.535605 0 0.528529 0.27464 
0.267909 0 0.536413 0 0.529447 0.278784 
0.268144 0 0.537191 0 0.530339 0.282821 
0.268377 0 0.53794 0 0.531205 0.286756 
0.268613 0 0.538668 0 0.532051 0.290592 
0.268851 0 0.539375 0 0.532875 0.294331 
0.269083 0 0.540054 0 0.533673 0.297978 
0.269311 0 0.540708 0 0.534447 0.301535 
0.269541 0 0.541345 0 0.535203 0.305006 
0.269772 0 0.541965 0 0.535941 0.308393 
0.269997 0 0.542562 0 0.536656 0.311701 
0.270218 0 0.543137 0 0.53735 0.314933 
0.27044 0 0.543698 0 0.538029 0.318092 
0.270662 0 0.544246 0 0.538693 0.321182 
0.270877 0 0.544773 0 0.539336 0.324208 
0.271086 0 0.545281 0 0.539959 0.327171 
0.271295 0 0.545778 0 0.540569 0.330077 
0.271503 0 0.546264 0 0.541164 0.332929 
0.271702 0 0.546731 0 0.541738 0.335732 
0.271892 0 0.547182 0 0.542294 0.338488 
0.272081 0 0.547623 0 0.542837 0.341202 
0.272266 0 0.548053 0 0.543364 0.343877 
0.27244 0 0.548467 0 0.54387 0.346516 
0.272604 0 0.548864 0 0.544356 0.349122 
0.272762 0 0.549252 0 0.544827 0.351697 
0.272915 0 0.54963 0 0.545282 0.354244 
0.273053 0 0.549991 0 0.545713 0.356764 
0.273178 0 0.550335 0 0.546121 0.359257 
0.273296 0 0.550669 0 0.546511 0.361725 
0.273405 0 0.550992 0 0.546882 0.364168 
0.273497 0 0.551296 0 0.547226 0.366585 
0.273573 0 0.551583 0 0.547545 0.368975 
0.27364 0 0.551858 0 0.547843 0.371338 
0.273695 0 0.552121 0 0.548118 0.373672 
0.273733 0 0.552364 0 0.548365 0.375976 
0.273753 0 0.552589 0 0.548584 0.378248 
0.273763 0 0.552801 0 0.54878 0.380486 
0.273761 0 0.553001 0 0.548953 0.382689 
0.273741 0 0.55318 0 0.549096 0.384854 
0.273704 0 0.55334 0 0.549211 0.386981 
0.273657 0 0.553489 0 0.549303 0.389066 
0.273599 0 0.553625 0 0.549373 0.391109 
0.273524 0 0.553742 0 0.549413 0.393107 
0.273433 0 0.553842 0 0.549426 0.395058 
0.273335 0 0.553932 0 0.549418 0.39696 
0.273227 0 0.554012 0 0.549387 0.398811 
0.273104 0 0.554075 0 0.549327 0.400605 
0.272969 0 0.554124 0 0.549238 0.402341 
0.272827 0 0.554168 0 0.549126 0.404012 
0.272678 0 0.554205 0 0.548987 0.40561 
0.272515 0 0.55423 0 0.548813 0.407128 
0.272451 0 0.554328 0 0.548742 0.408552 
0.272463 0 0.554489 0 0.54874 0.409868 
0.272375 0 0.554582 0 0.548578 0.411056 
0.272402 0 0.554807 0 0.548472 0.412091 
0.272303 0 0.554896 0 0.548222 0.412944 
0.272326 0 0.555061 0 0.548102 0.41358 
0.272428 0 0.555277 0 0.548047 0.413957 
0.272582 0 0.55552 0 0.548018 0.414029 
0.272775 0 0.555775 0 0.547994 0.413745 
0.273 0 0.55603 0 0.547962 0.41305 
0.273249 0 0.556271 0 0.547905 0.41189 
0.273511 0 0.55648 0 0.547808 0.410213 
0.273858 0 0.556819 0 0.547752 0.407971 
0.274204 0 0.557121 0 0.547603 0.405127 
0.274771 0 0.557589 0 0.547549 0.401658 
0.275334 0 0.557981 0 0.547425 0.397553 
0.275892 0 0.558295 0 0.547227 0.392817 
0.276454 0 0.558532 0 0.546957 0.387469 
0.277018 0 0.558687 0 0.546609 0.381543 
0.277578 0 0.55875 0 0.546175 0.375081 
0.278135 0 0.558721 0 0.545655 0.368133 
0.278695 0 0.558606 0 0.545053 0.360754 
0.279258 0 0.558404 0 0.544368 0.353 
0.279817 0 0.558109 0 0.543597 0.344929 
0.280372 0 0.557727 0 0.542744 0.336594 
0.280931 0 0.557267 0 0.541817 0.328048 
0.281493 0 0.556732 0 0.540819 0.319338 
0.28205 0 0.556121 0 0.539749 0.31051 
0.282604 0 0.555441 0 0.538615 0.301602 
0.283162 0 0.554704 0 0.537426 0.29265 
0.283721 0 0.553915 0 0.536187 0.283686 
0.284275 0 0.553073 0 0.534899 0.274738 
0.284827 0 0.552186 0 0.533569 0.26583 
0.285141 0 0.551122 0 0.532083 0.25698 
0.285456 0 0.550039 0 0.530576 0.248207 
0.285766 0 0.548937 0 0.529046 0.239523 
0.286073 0 0.547822 0 0.5275 0.230938 
0.286381 0 0.546704 0 0.525944 0.22246 
0.286691 0 0.545587 0 0.52438 0.214091 
0.286996 0 0.544467 0 0.522804 0.205833 
0.287296 0 0.543349 0 0.521219 0.197682 
0.287497 0 0.541925 0 0.519341 0.189631 
0.287566 0 0.540318 0 0.517392 0.181671 
0.287575 0 0.538641 0 0.515412 0.173789 
0.287441 0 0.536842 0 0.513374 0.165967 
0.287274 0 0.535005 0 0.511299 0.158187 
0.287086 0 0.533135 0 0.509179 0.150424 
0.286874 0 0.531223 0 0.507003 0.142652 
0.286646 0 0.529264 0 0.504766 0.134843 
0.286409 0 0.527259 0 0.502465 0.126967 
0.286244 0 0.52525 0 0.500039 0.118994 
0.286085 0 0.523222 0 0.497585 0.110894 
0.285924 0 0.521132 0 0.495022 0.102638 
0.285743 0 0.518939 0 0.492322 0.0942012 
0.285525 0 0.516616 0 0.489466 0.0855599 
0.285252 0 0.514142 0 0.486441 0.0766963 
0.28492 0 0.511506 0 0.483246 0.0676038 
0.284531 0 0.508712 0 0.479892 0.0582941 
0.284088 0 0.505769 0 0.476392 0.0487984 
0.283594 0 0.50269 0 0.472769 0.0391601 
0.283103 0 0.499499 0 0.469098 0.0294264 
0.282612 0 0.496236 0 0.465395 0.0196426 
0.28212 0 0.492926 0 0.461676 0.00984969 
0.281733 0 0.489669 0 0.458014 8.31866e-05 
0.28142 0 0.486486 0 0.454428 -0.00962698 
0.281166 0 0.483377 0 0.450918 -0.0192562 
0.280955 0 0.480327 0 0.447475 -0.0287842 
0.280773 0 0.477324 0 0.444092 -0.0381946 
0.280618 0 0.474374 0 0.440777 -0.0474749 
0.280497 0 0.47149 0 0.437541 -0.0566147 
0.280409 0 0.468679 0 0.43439 -0.0656064 
0.280352 0 0.465942 0 0.431328 -0.0744441 
0.28033 0 0.463287 0 0.428362 -0.0831235 
0.280352 0 0.460727 0 0.425501 -0.0916418 
0.280419 0 0.458264 0 0.422748 -0.0999967 
0.280527 0 0.455897 0 0.420101 -0.108187 
0.280501 0 0.453449 0 0.417457 -0.116213 
0.280291 0 0.450892 0 0.414782 -0.124074 
0.279982 0 0.448269 0 0.412107 -0.13177 
0.279616 0 0.445622 0 0.409466 -0.139302 
0.279181 0 0.442974 0 0.406824 -0.146672 
0.278708 0 0.44035 0 0.404203 -0.15388 
0.278212 0 0.437766 0 0.401617 -0.160929 
0.277699 0 0.435222 0 0.399069 -0.167819 
0.277234 0 0.432713 0 0.396662 -0.174553 
0.276811 0 0.430248 0 0.394366 -0.181133 
0.27641 0 0.427832 0 0.392159 -0.18756 
0.276015 0 0.425461 0 0.390022 -0.193838 
0.275623 0 0.423131 0 0.38795 -0.199968 
0.275234 0 0.420846 0 0.385942 -0.205953 
0.275235 0 0.419065 0 0.384163 -0.211796 
0.275488 0 0.417652 0 0.382636 -0.217499 
0.275881 0 0.416442 0 0.381267 -0.223065 
0.276193 0 0.415243 0 0.379861 -0.228497 
0.276391 0 0.414016 0 0.378391 -0.233798 
0.276504 0 0.41275 0 0.376891 -0.238969 
0.276556 0 0.411455 0 0.375385 -0.244015 
0.276569 0 0.410153 0 0.373892 -0.248938 
0.276554 0 0.408856 0 0.372421 -0.253739 
0.276512 0 0.407568 0 0.370975 -0.258423 
0.27645 0 0.406291 0 0.369558 -0.262992 
0.276378 0 0.405034 0 0.368174 -0.267449 
0.276294 0 0.403794 0 0.366824 -0.271795 
0.276196 0 0.402563 0 0.365503 -0.276035 
0.276084 0 0.401342 0 0.364211 -0.280169 
0.275966 0 0.400137 0 0.362953 -0.284201 
0.27584 0 0.398946 0 0.361726 -0.288134 
0.275701 0 0.397761 0 0.360526 -0.291968 
0.27555 0 0.396583 0 0.359353 -0.295708 
0.275393 0 0.395419 0 0.35821 -0.299355 
0.27523 0 0.394264 0 0.357094 -0.302911 
0.275321 0 0.393475 0 0.356292 -0.306379 
0.275564 0 0.392915 0 0.355684 -0.309761 
0.275887 0 0.392466 0 0.355175 -0.313059 
0.276195 0 0.392029 0 0.354671 -0.316274 
0.27643 0 0.391561 0 0.354127 -0.31941 
0.276597 0 0.391051 0 0.353545 -0.322467 
0.276719 0 0.390509 0 0.352948 -0.325449 
0.27678 0 0.389833 0 0.352194 -0.328356 
0.276943 0 0.389261 0 0.351615 -0.331191 
0.277218 0 0.388816 0 0.351194 -0.333955 
0.27756 0 0.388469 0 0.35087 -0.33665 
0.277935 0 0.388185 0 0.350604 -0.339278 
0.278319 0 0.38794 0 0.350372 -0.341841 
0.278705 0 0.387729 0 0.350167 -0.34434 
0.279095 0 0.387554 0 0.349987 -0.346777 
0.279485 0 0.387411 0 0.349826 -0.349153 
0.279867 0 0.38729 0 0.349678 -0.351469 
0.280241 0 0.387192 0 0.349541 -0.353729 
0.280613 0 0.387122 0 0.349418 -0.355931 
0.280981 0 0.387077 0 0.349308 -0.35808 
0.281264 0 0.386923 0 0.349109 -0.360174 
0.281502 0 0.386713 0 0.348884 -0.362217 
0.281723 0 0.386502 0 0.348667 -0.364209 
0.281938 0 0.386308 0 0.348469 -0.366151 
0.282144 0 0.38613 0 0.348285 -0.368045 
0.282342 0 0.385964 0 0.348113 -0.369892 
0.282538 0 0.385813 0 0.347954 -0.371692 
0.28273 0 0.385672 0 0.347805 -0.373449 
0.28291 0 0.385533 0 0.347664 -0.375161 
0.28308 0 0.385397 0 0.347531 -0.376831 
0.283245 0 0.385268 0 0.347411 -0.37846 
0.283404 0 0.385145 0 0.347302 -0.380048 
0.283549 0 0.38502 0 0.3472 -0.381596 
0.283683 0 0.384892 0 0.347105 -0.383106 
0.28381 0 0.384769 0 0.347022 -0.384578 
0.283929 0 0.384647 0 0.346948 -0.386014 
0.284033 0 0.384518 0 0.34688 -0.387414 
0.284124 0 0.384383 0 0.346819 -0.38878 
0.284206 0 0.384247 0 0.346768 -0.390111 
0.284278 0 0.384106 0 0.346726 -0.391409 
0.284335 0 0.383954 0 0.346689 -0.392675 
0.284376 0 0.383789 0 0.346658 -0.393909 
0.284409 0 0.383618 0 0.346636 -0.395112 
0.284493 0 0.383514 0 0.346628 -0.396286 
0.28461 0 0.383464 0 0.346647 -0.39743 
0.284662 0 0.383337 0 0.346682 -0.398545 
0.284677 0 0.383154 0 0.346704 -0.399633 
0.284752 0 0.383034 0 0.346725 -0.400693 
0.284868 0 0.382973 0 0.346773 -0.401727 
0.285016 0 0.382957 0 0.34685 -0.402735 
0.28519 0 0.382971 0 0.346952 -0.403717 
0.285382 0 0.383 0 0.347069 -0.404675 
0.285583 0 0.383028 0 0.347193 -0.405609 
0.285791 0 0.383053 0 0.347322 -0.406519 
0.286013 0 0.38308 0 0.347462 -0.407406 
0.286248 0 0.383107 0 0.347609 -0.408271 
0.286491 0 0.383129 0 0.347761 -0.409113 
0.286743 0 0.383145 0 0.347919 -0.409934 
0.287013 0 0.383162 0 0.348085 -0.410734 
0.287297 0 0.38318 0 0.34826 -0.411512 
0.287593 0 0.38319 0 0.348439 -0.41227 
0.287901 0 0.383196 0 0.348624 -0.413008 
0.288228 0 0.383204 0 0.34882 -0.413726 
0.288572 0 0.383214 0 0.349026 -0.414423 
0.288929 0 0.383221 0 0.349239 -0.415099 
0.289298 0 0.383227 0 0.349462 -0.415755 
0.289687 0 0.383239 0 0.349701 -0.416389 
0.290093 0 0.38326 0 0.349955 -0.416999 
0.290509 0 0.383282 0 0.350222 -0.417586 
0.290937 0 0.383309 0 0.350504 -0.418145 
0.291381 0 0.383349 0 0.350808 -0.418674 
0.291839 0 0.383404 0 0.351134 -0.419168 
0.292304 0 0.383467 0 0.351479 -0.419621 
0.292775 0 0.383543 0 0.351847 -0.420024 
0.293259 0 0.38364 0 0.352245 -0.420366 
0.293752 0 0.383761 0 0.352674 -0.420633 
0.294247 0 0.383903 0 0.353134 -0.420804 
0.294745 0 0.384071 0 0.353631 -0.420856 
0.29525 0 0.38428 0 0.354176 -0.420757 
0.295759 0 0.384535 0 0.354774 -0.420467 
0.296267 0 0.38484 0 0.355431 -0.419937 
0.296773 0 0.385207 0 0.356159 -0.419109 
0.297283 0 0.385657 0 0.356977 -0.417917 
0.297794 0 0.386204 0 0.357897 -0.416285 
0.298299 0 0.386857 0 0.358931 -0.414132 
0.2988 0 0.387635 0 0.360098 -0.411377 
0.299301 0 0.388561 0 0.361418 -0.407946 
0.299801 0 0.389649 0 0.362904 -0.403775 
0.300294 0 0.390903 0 0.364564 -0.398818 
0.30078 0 0.392331 0 0.366406 -0.39305 
0.301265 0 0.393944 0 0.368438 -0.386472 
0.301747 0 0.395739 0 0.370658 -0.379108 
0.302524 0 0.398376 0 0.373784 -0.370998 
0.303408 0 0.401299 0 0.377187 -0.362202 
0.30439 0 0.404342 0 0.380791 -0.352786 
0.305371 0 0.407533 0 0.384552 -0.342825 
0.306344 0 0.410849 0 0.388452 -0.332392 
0.307311 0 0.414277 0 0.392479 -0.321561 
0.308278 0 0.41781 0 0.396624 -0.310402 
0.309245 0 0.421433 0 0.400873 -0.298979 
0.310205 0 0.425124 0 0.405209 -0.287352 
0.31116 0 0.42887 0 0.40962 -0.275572 
0.312116 0 0.432669 0 0.414102 -0.263687 
0.313071 0 0.436507 0 0.418642 -0.251736 
0.314021 0 0.440367 0 0.423227 -0.239755 
0.314965 0 0.444241 0 0.42785 -0.227773 
0.315911 0 0.448128 0 0.432509 -0.215816 
0.316857 0 0.452021 0 0.437196 -0.203903 
0.317797 0 0.455905 0 0.441902 -0.192051 
0.318731 0 0.459778 0 0.446624 -0.180273 
0.319382 0 0.463241 0 0.450759 -0.168577 
0.319826 0 0.466469 0 0.454514 -0.156972 
0.320138 0 0.469586 0 0.458108 -0.14546 
0.320448 0 0.472699 0 0.461708 -0.134043 
0.320763 0 0.475816 0 0.465321 -0.12272 
0.321082 0 0.478938 0 0.468948 -0.111489 
0.321397 0 0.48206 0 0.472585 -0.100345 
0.321711 0 0.485184 0 0.476237 -0.0892813 
0.32203 0 0.488323 0 0.479913 -0.0782919 
0.322354 0 0.491479 0 0.483613 -0.0673686 
0.322675 0 0.494648 0 0.487337 -0.0565024 
0.322931 0 0.497765 0 0.490897 -0.0456848 
0.323141 0 0.500854 0 0.494346 -0.0349078 
0.323674 0 0.504467 0 0.498133 -0.0241667 
0.324566 0 0.508479 0 0.502204 -0.0134617 
0.325739 0 0.512777 0 0.506471 -0.00280017 
0.327129 0 0.517288 0 0.510891 0.00780475 
0.328676 0 0.521947 0 0.515427 0.0183366 
0.330323 0 0.52669 0 0.520039 0.0287781 
0.332033 0 0.531469 0 0.524694 0.0391129 
0.333784 0 0.536256 0 0.529367 0.0493262 
0.335553 0 0.541024 0 0.534034 0.0594051 
0.33732 0 0.545743 0 0.538676 0.069339 
0.339075 0 0.5504 0 0.54328 0.0791192 
0.34082 0 0.554993 0 0.547844 0.0887386 
0.34257 0 0.559533 0 0.55236 0.0981915 
0.34429 0 0.563984 0 0.556833 0.107474 
0.345982 0 0.568342 0 0.561245 0.116583 
0.34768 0 0.572638 0 0.565602 0.125516 
0.349345 0 0.576833 0 0.569896 0.134273 
0.351008 0 0.580952 0 0.574124 0.142852 
0.352312 0 0.584561 0 0.577936 0.151254 
0.353312 0 0.587773 0 0.581353 0.159479 
0.354102 0 0.590709 0 0.584472 0.167528 
0.354746 0 0.593441 0 0.587381 0.175404 
0.355294 0 0.596015 0 0.590137 0.183106 
0.35578 0 0.598464 0 0.59277 0.190638 
0.356222 0 0.6008 0 0.595283 0.198001 
0.356623 0 0.603027 0 0.597675 0.205198 
0.35699 0 0.60515 0 0.599947 0.212231 
0.357335 0 0.607187 0 0.602111 0.219103 
0.357659 0 0.609139 0 0.60417 0.225816 
0.357958 0 0.611003 0 0.606124 0.232373 
0.358235 0 0.612784 0 0.607978 0.238778 
0.358447 0 0.61434 0 0.609685 0.245032 
0.358598 0 0.61569 0 0.611269 0.251139 
0.358693 0 0.616891 0 0.612748 0.257102 
0.35875 0 0.617987 0 0.61415 0.262924 
0.358787 0 0.619015 0 0.615492 0.268609 
0.358809 0 0.619979 0 0.616776 0.274159 
0.358811 0 0.620874 0 0.617998 0.279578 
0.358795 0 0.6217 0 0.619162 0.284869 
0.358769 0 0.622465 0 0.620275 0.290035 
0.358744 0 0.623219 0 0.621261 0.29508 
0.358702 0 0.623943 0 0.622141 0.300008 
0.358645 0 0.624631 0 0.622944 0.304822 
0.358581 0 0.625287 0 0.62369 0.309525 
0.358507 0 0.625903 0 0.624383 0.31412 
0.358414 0 0.626469 0 0.625015 0.318612 
0.358301 0 0.626988 0 0.625586 0.323003 
0.358394 0 0.627758 0 0.626369 0.327297 
0.358598 0 0.628625 0 0.62725 0.331495 
0.358832 0 0.629484 0 0.628129 0.335602 
0.358997 0 0.630236 0 0.628924 0.339618 
0.359123 0 0.630926 0 0.629648 0.343548 
0.359221 0 0.631569 0 0.630303 0.347391 
0.359289 0 0.632165 0 0.630889 0.351151 
0.35933 0 0.632716 0 0.631411 0.354829 
0.359353 0 0.633232 0 0.63188 0.358427 
0.359356 0 0.633714 0 0.632296 0.361945 
0.359334 0 0.634154 0 0.632655 0.365386 
0.359394 0 0.634637 0 0.633108 0.368751 
0.359497 0 0.635144 0 0.633588 0.37204 
0.359608 0 0.635645 0 0.634053 0.375255 
0.359707 0 0.636118 0 0.63448 0.378397 
0.35979 0 0.63656 0 0.63487 0.381467 
0.359862 0 0.636981 0 0.635228 0.384467 
0.359923 0 0.63738 0 0.635554 0.387397 
0.359966 0 0.637749 0 0.635843 0.390259 
0.359991 0 0.638089 0 0.636097 0.393054 
0.360005 0 0.638409 0 0.636322 0.395782 
0.360007 0 0.638709 0 0.636515 0.398445 
0.359989 0 0.638981 0 0.636671 0.401043 
0.359952 0 0.639225 0 0.636793 0.403579 
0.359904 0 0.639452 0 0.636886 0.406053 
0.359843 0 0.63966 0 0.636948 0.408466 
0.359763 0 0.639841 0 0.636976 0.41082 
0.359664 0 0.639999 0 0.63697 0.413114 
0.359554 0 0.64014 0 0.636938 0.415351 
0.359432 0 0.640264 0 0.636877 0.41753 
0.359292 0 0.640365 0 0.636784 0.419654 
0.359134 0 0.640444 0 0.63666 0.421722 
0.358967 0 0.64051 0 0.63651 0.423736 
0.358789 0 0.640562 0 0.636334 0.425696 
0.358594 0 0.640594 0 0.636127 0.427603 
0.358383 0 0.640608 0 0.63589 0.429458 
0.358164 0 0.640614 0 0.635627 0.43126 
0.357936 0 0.640612 0 0.635336 0.433009 
0.357691 0 0.640595 0 0.63501 0.434706 
0.357431 0 0.640569 0 0.634649 0.436349 
0.357163 0 0.640542 0 0.634255 0.437936 
0.357072 0 0.640649 0 0.634072 0.439466 
0.357097 0 0.640851 0 0.634016 0.440933 
0.356951 0 0.640949 0 0.633699 0.442333 
0.356731 0 0.641115 0 0.633118 0.443658 
0.356448 0 0.641335 0 0.632306 0.444898 
0.356133 0 0.6416 0 0.631325 0.446039 
0.355798 0 0.641907 0 0.630197 0.447064 
0.355307 0 0.642071 0 0.628835 0.447949 
0.354895 0 0.642345 0 0.627434 0.448667 
0.35451 0 0.64267 0 0.62593 0.449181 
0.353998 0 0.642849 0 0.62422 0.449449 
0.35341 0 0.642908 0 0.622385 0.44942 
0.352932 0 0.643054 0 0.62055 0.449034 
0.352366 0 0.643055 0 0.618556 0.448228 
0.351871 0 0.643072 0 0.616525 0.446931 
0.351303 0 0.642937 0 0.614341 0.445074 
0.350689 0 0.642657 0 0.612048 0.442591 
0.350065 0 0.641975 0 0.610693 0.439425 
0.349763 0 0.641454 0 0.609795 0.435535 
0.349644 0 0.641002 0 0.609044 0.430896 
0.349506 0 0.640424 0 0.60822 0.425505 
0.349365 0 0.639733 0 0.607303 0.419377 
0.349224 0 0.63892 0 0.606284 0.412543 
0.349118 0 0.638197 0 0.605191 0.405049 
0.349113 0 0.637404 0 0.604053 0.396949 
0.349116 0 0.636461 0 0.602777 0.388306 
0.349157 0 0.635418 0 0.601418 0.379181 
0.349203 0 0.634249 0 0.599946 0.369636 
0.349252 0 0.632956 0 0.59836 0.359732 
0.349299 0 0.631534 0 0.596656 0.349526 
0.349344 0 0.62999 0 0.594839 0.339067 
0.34926 0 0.628256 0 0.592839 0.328404 
0.34918 0 0.626425 0 0.590741 0.317575 
0.349098 0 0.624499 0 0.588545 0.306615 
0.349014 0 0.622485 0 0.586256 0.295555 
0.348935 0 0.620399 0 0.58388 0.284415 
0.34886 0 0.618245 0 0.581418 0.273215 
0.348782 0 0.616023 0 0.578869 0.261967 
0.348703 0 0.613741 0 0.576232 0.250677 
0.348628 0 0.61141 0 0.573512 0.239347 
0.348563 0 0.608948 0 0.570642 0.227975 
0.34849 0 0.606499 0 0.567762 0.216553 
0.348384 0 0.603948 0 0.56475 0.205071 
0.348237 0 0.601273 0 0.561568 0.193513 
0.348088 0 0.598522 0 0.55825 0.181859 
0.347909 0 0.595682 0 0.554793 0.17009 
0.347678 0 0.59272 0 0.551177 0.158193 
0.347379 0 0.589605 0 0.547382 0.146175 
0.347001 0 0.58632 0 0.543404 0.134061 
0.346537 0 0.582861 0 0.539257 0.121894 
0.345996 0 0.579254 0 0.53497 0.109717 
0.345397 0 0.575533 0 0.530582 0.0975766 
0.344748 0 0.571726 0 0.526122 0.0855103 
0.344158 0 0.567963 0 0.5217 0.0735521 
0.343611 0 0.564253 0 0.517339 0.0617294 
0.343097 0 0.560594 0 0.513038 0.0500645 
0.342606 0 0.55698 0 0.508794 0.0385744 
0.342128 0 0.553412 0 0.504608 0.0272729 
0.341664 0 0.549899 0 0.500489 0.0161698 
0.34122 0 0.546457 0 0.496446 0.00527244 
0.340796 0 0.543092 0 0.492485 -0.0054141 
0.340387 0 0.539803 0 0.488607 -0.0158865 
0.339996 0 0.536597 0 0.484818 -0.026143 
0.33963 0 0.533485 0 0.481126 -0.0361829 
0.339289 0 0.53047 0 0.477534 -0.046007 
0.33897 0 0.527549 0 0.47404 -0.0556158 
0.338676 0 0.524726 0 0.47065 -0.0650117 
0.338415 0 0.52201 0 0.46737 -0.0741967 
0.338188 0 0.519402 0 0.464201 -0.0831737 
0.337993 0 0.5169 0 0.461142 -0.0919454 
0.337833 0 0.514505 0 0.458199 -0.100516 
0.337718 0 0.512227 0 0.455375 -0.108887 
0.33765 0 0.510065 0 0.452674 -0.117064 
0.337625 0 0.508015 0 0.450093 -0.12505 
0.337533 0 0.505724 0 0.447448 -0.132849 
0.33749 0 0.503359 0 0.444811 -0.140464 
0.337504 0 0.501071 0 0.442292 -0.147899 
0.337694 0 0.498998 0 0.440012 -0.155158 
0.338034 0 0.497133 0 0.437949 -0.162245 
0.338512 0 0.495463 0 0.436085 -0.169163 
0.339107 0 0.493967 0 0.4344 -0.175915 
0.339801 0 0.492628 0 0.432878 -0.182506 
0.340584 0 0.491436 0 0.431507 -0.188938 
0.341451 0 0.490389 0 0.430281 -0.195215 
0.342392 0 0.489478 0 0.429186 -0.201341 
0.343393 0 0.48869 0 0.428212 -0.207318 
0.344445 0 0.488017 0 0.427348 -0.213149 
0.345546 0 0.48746 0 0.426589 -0.218839 
0.346689 0 0.487009 0 0.425926 -0.22439 
0.347859 0 0.486653 0 0.425346 -0.229806 
0.349053 0 0.486386 0 0.424844 -0.235088 
0.350269 0 0.486211 0 0.424415 -0.240241 
0.351503 0 0.486119 0 0.424052 -0.245267 
0.352742 0 0.486102 0 0.423747 -0.25017 
0.353985 0 0.486157 0 0.423495 -0.254951 
0.355234 0 0.486285 0 0.423294 -0.259615 
0.356485 0 0.486482 0 0.423138 -0.264163 
0.357729 0 0.48674 0 0.423022 -0.268599 
0.358966 0 0.487057 0 0.422942 -0.272925 
0.359893 0 0.48708 0 0.422572 -0.277143 
0.360535 0 0.48683 0 0.421978 -0.281257 
0.360982 0 0.486399 0 0.421259 -0.285269 
0.361301 0 0.485882 0 0.420476 -0.289181 
0.361545 0 0.48534 0 0.419667 -0.292996 
0.36174 0 0.484795 0 0.418851 -0.296716 
0.361898 0 0.484249 0 0.418039 -0.300344 
0.362032 0 0.483698 0 0.417239 -0.303881 
0.362153 0 0.483149 0 0.416459 -0.30733 
0.362263 0 0.482601 0 0.4157 -0.310693 
0.362361 0 0.48205 0 0.414962 -0.313973 
0.362448 0 0.481499 0 0.414247 -0.31717 
0.362533 0 0.480955 0 0.413559 -0.320288 
0.362615 0 0.480418 0 0.412895 -0.323329 
0.36269 0 0.479881 0 0.412254 -0.326293 
0.362759 0 0.479344 0 0.411636 -0.329183 
0.362828 0 0.478813 0 0.411044 -0.332001 
0.362896 0 0.478286 0 0.410475 -0.334749 
0.362957 0 0.477756 0 0.409928 -0.337428 
0.363014 0 0.477224 0 0.409402 -0.34004 
0.363073 0 0.476697 0 0.408899 -0.342587 
0.363131 0 0.476171 0 0.408419 -0.34507 
0.363183 0 0.47564 0 0.407958 -0.347491 
0.363232 0 0.475105 0 0.407516 -0.349852 
0.363282 0 0.474572 0 0.407096 -0.352153 
0.363333 0 0.474038 0 0.406697 -0.354397 
0.363378 0 0.473498 0 0.406314 -0.356585 
0.36342 0 0.472952 0 0.405948 -0.358717 
0.363464 0 0.472405 0 0.405602 -0.360797 
0.363758 0 0.472413 0 0.405595 -0.362824 
0.364086 0 0.472315 0 0.405569 -0.3648 
0.36438 0 0.472088 0 0.405455 -0.366726 
0.364674 0 0.471827 0 0.405356 -0.368605 
0.364976 0 0.471595 0 0.405279 -0.370436 
0.365309 0 0.471412 0 0.405248 -0.37222 
0.365667 0 0.47129 0 0.40526 -0.37396 
0.36605 0 0.471234 0 0.405312 -0.375656 
0.366451 0 0.471234 0 0.405396 -0.377309 
0.366833 0 0.471232 0 0.405424 -0.37892 
0.367206 0 0.471222 0 0.405438 -0.38049 
0.367585 0 0.471225 0 0.405467 -0.38202 
0.367975 0 0.471252 0 0.405523 -0.383511 
0.368281 0 0.471167 0 0.405602 -0.384964 
0.368539 0 0.471018 0 0.405678 -0.386379 
0.368831 0 0.470896 0 0.405767 -0.387757 
0.369176 0 0.470865 0 0.405872 -0.389099 
0.369562 0 0.470904 0 0.406015 -0.390406 
0.369978 0 0.470995 0 0.406196 -0.391677 
0.370421 0 0.471125 0 0.406412 -0.392914 
0.370885 0 0.471281 0 0.406656 -0.394115 
0.371361 0 0.471452 0 0.406925 -0.395282 
0.371849 0 0.471636 0 0.407218 -0.396415 
0.372355 0 0.47184 0 0.407542 -0.397511 
0.372877 0 0.472064 0 0.407895 -0.398571 
0.373409 0 0.472302 0 0.408274 -0.399594 
0.373952 0 0.472555 0 0.408682 -0.400576 
0.374512 0 0.472832 0 0.409123 -0.401515 
0.375087 0 0.47313 0 0.409595 -0.402407 
0.37567 0 0.473446 0 0.410096 -0.403247 
0.376262 0 0.47378 0 0.410628 -0.404027 
0.376868 0 0.474141 0 0.411197 -0.404739 
0.377485 0 0.47453 0 0.411802 -0.40537 
0.378106 0 0.474943 0 0.412442 -0.405906 
0.378731 0 0.475384 0 0.413121 -0.406327 
0.379366 0 0.475864 0 0.413847 -0.40661 
0.380008 0 0.476387 0 0.414623 -0.406726 
0.380651 0 0.476952 0 0.41545 -0.40664 
0.381294 0 0.477569 0 0.416338 -0.40631 
0.381942 0 0.478253 0 0.417297 -0.405689 
0.382595 0 0.479012 0 0.418336 -0.404723 
0.383244 0 0.479852 0 0.419461 -0.403355 
0.38389 0 0.480784 0 0.420684 -0.401525 
0.38454 0 0.481829 0 0.422021 -0.399174 
0.385191 0 0.482996 0 0.423481 -0.396247 
0.385837 0 0.484289 0 0.425069 -0.392701 
0.386478 0 0.485716 0 0.426794 -0.388501 
0.387292 0 0.48767 0 0.429071 -0.38363 
0.388198 0 0.489898 0 0.431596 -0.378086 
0.389111 0 0.492229 0 0.434231 -0.371884 
0.390119 0 0.494743 0 0.437082 -0.365053 
0.391128 0 0.497402 0 0.440071 -0.357634 
0.392137 0 0.500196 0 0.443192 -0.349677 
0.393141 0 0.50311 0 0.446432 -0.34124 
0.39414 0 0.506135 0 0.449786 -0.332381 
0.395141 0 0.509267 0 0.453246 -0.323162 
0.396143 0 0.512492 0 0.456802 -0.313642 
0.39714 0 0.515793 0 0.46044 -0.303877 
0.398017 0 0.519091 0 0.464097 -0.293922 
0.398896 0 0.522451 0 0.467823 -0.283827 
0.399776 0 0.525859 0 0.471606 -0.273635 
0.400651 0 0.529299 0 0.475434 -0.263388 
0.401521 0 0.532761 0 0.479299 -0.253125 
0.402394 0 0.536242 0 0.483198 -0.242876 
0.403199 0 0.539689 0 0.487109 -0.232672 
0.40401 0 0.543134 0 0.490968 -0.222539 
0.404828 0 0.546572 0 0.494824 -0.212498 
0.405658 0 0.550005 0 0.498694 -0.202569 
0.406494 0 0.553427 0 0.50257 -0.192769 
0.407258 0 0.556767 0 0.506405 -0.183113 
0.408097 0 0.560101 0 0.510277 -0.17361 
0.408869 0 0.563361 0 0.514101 -0.164272 
0.409641 0 0.566579 0 0.51791 -0.155104 
0.41043 0 0.569775 0 0.5217 -0.146112 
0.41123 0 0.572941 0 0.525481 -0.137298 
0.412042 0 0.576074 0 0.529252 -0.128664 
0.412859 0 0.579164 0 0.533008 -0.120208 
0.413436 0 0.581772 0 0.536078 -0.111927 
0.41375 0 0.584006 0 0.538666 -0.103817 
0.413928 0 0.586094 0 0.541026 -0.0958717 
0.414109 0 0.588155 0 0.543373 -0.0880831 
0.41429 0 0.590194 0 0.545731 -0.0804409 
0.414475 0 0.592217 0 0.548101 -0.072933 
0.414672 0 0.594235 0 0.55049 -0.0655454 
0.41488 0 0.596256 0 0.552906 -0.0582621 
0.415095 0 0.598278 0 0.555353 -0.0510658 
0.415319 0 0.60031 0 0.557842 -0.0439378 
0.415559 0 0.602369 0 0.560384 -0.0368586 
0.415815 0 0.60446 0 0.562986 -0.0298086 
0.416004 0 0.60651 0 0.565389 -0.0227682 
0.416147 0 0.608543 0 0.567691 -0.0157195 
0.416277 0 0.610609 0 0.569982 -0.00864642 
0.416412 0 0.612733 0 0.572313 -0.00153557 
0.416556 0 0.614914 0 0.574698 0.00562406 
0.416714 0 0.617151 0 0.577141 0.0128395 
0.416895 0 0.61945 0 0.579639 0.0201149 
0.4171 0 0.621808 0 0.582186 0.0274509 
0.417329 0 0.624218 0 0.584777 0.0348459 
0.417589 0 0.626688 0 0.587416 0.0422959 
0.417899 0 0.629233 0 0.590112 0.0497963 
0.418273 0 0.631865 0 0.592873 0.0573417 
0.418724 0 0.634591 0 0.595708 0.0649273 
0.419275 0 0.637431 0 0.598633 0.072549 
0.41995 0 0.64041 0 0.601669 0.0802033 
0.420758 0 0.643529 0 0.604817 0.087885 
0.421817 0 0.646917 0 0.608101 0.0955867 
0.423092 0 0.650534 0 0.611537 0.103297 
0.424545 0 0.65433 0 0.615103 0.111003 
0.426127 0 0.658246 0 0.618762 0.118689 
0.427791 0 0.662226 0 0.622474 0.126339 
0.429505 0 0.66623 0 0.626214 0.13394 
0.43125 0 0.670237 0 0.629967 0.141478 
0.433009 0 0.674224 0 0.633715 0.148943 
0.434762 0 0.678167 0 0.637444 0.156324 
0.436503 0 0.682054 0 0.641145 0.163614 
0.437957 0 0.685546 0 0.644658 0.170805 
0.439128 0 0.688672 0 0.647919 0.177892 
0.440088 0 0.691528 0 0.65093 0.18487 
0.4409 0 0.694186 0 0.65374 0.191736 
0.441491 0 0.69654 0 0.656275 0.198487 
0.441962 0 0.69867 0 0.658673 0.205122 
0.442349 0 0.700648 0 0.660955 0.211638 
0.442681 0 0.702516 0 0.663149 0.218035 
0.442983 0 0.704305 0 0.665273 0.224313 
0.443264 0 0.706019 0 0.667333 0.230473 
0.443524 0 0.707652 0 0.66933 0.236515 
0.443766 0 0.709206 0 0.671268 0.24244 
0.444013 0 0.710722 0 0.673049 0.248251 
0.444254 0 0.712195 0 0.674709 0.253948 
0.444482 0 0.713614 0 0.676282 0.259535 
0.444699 0 0.714975 0 0.677785 0.265013 
0.444908 0 0.716281 0 0.679224 0.270385 
0.445106 0 0.717529 0 0.680594 0.275653 
0.445284 0 0.718711 0 0.681888 0.280821 
0.445443 0 0.719827 0 0.683108 0.285891 
0.445588 0 0.72089 0 0.684259 0.290864 
0.445718 0 0.721897 0 0.685342 0.295745 
0.445826 0 0.722843 0 0.686356 0.300534 
0.445915 0 0.72373 0 0.687305 0.305233 
0.445989 0 0.724567 0 0.688195 0.309844 
0.446049 0 0.725354 0 0.689025 0.314368 
0.446086 0 0.726084 0 0.689795 0.318806 
0.446102 0 0.72676 0 0.690507 0.323159 
0.446104 0 0.727391 0 0.691165 0.327428 
0.446091 0 0.727976 0 0.69177 0.331613 
0.446055 0 0.72851 0 0.69232 0.335716 
0.445997 0 0.728994 0 0.692816 0.339735 
0.445925 0 0.729438 0 0.693264 0.343674 
0.445836 0 0.729842 0 0.693664 0.34753 
0.446001 0 0.73049 0 0.694425 0.351307 
0.446266 0 0.731207 0 0.695262 0.355003 
0.446481 0 0.731849 0 0.696012 0.35862 
0.446666 0 0.732441 0 0.696697 0.36216 
0.446824 0 0.732988 0 0.697322 0.365622 
0.44696 0 0.733494 0 0.697891 0.369007 
0.447081 0 0.733968 0 0.698409 0.372317 
0.447186 0 0.734408 0 0.698875 0.375553 
0.447266 0 0.734807 0 0.699288 0.378716 
0.447324 0 0.735168 0 0.69965 0.381807 
0.447365 0 0.735499 0 0.699967 0.384827 
0.447389 0 0.7358 0 0.700236 0.387778 
0.447388 0 0.736064 0 0.700456 0.39066 
0.447364 0 0.736294 0 0.700626 0.393474 
0.447322 0 0.736498 0 0.700752 0.396223 
0.447262 0 0.736674 0 0.700831 0.398907 
0.447311 0 0.736908 0 0.701109 0.401528 
0.447402 0 0.737165 0 0.701419 0.404087 
0.447492 0 0.737414 0 0.701701 0.406584 
0.447567 0 0.73764 0 0.70194 0.409022 
0.447618 0 0.737835 0 0.702138 0.411401 
0.447652 0 0.738003 0 0.702301 0.413723 
0.447676 0 0.738152 0 0.702434 0.415988 
0.447689 0 0.738282 0 0.702535 0.418199 
0.447681 0 0.738384 0 0.702599 0.420356 
0.447654 0 0.738458 0 0.702624 0.422459 
0.447611 0 0.738509 0 0.70261 0.424511 
0.447549 0 0.738537 0 0.702553 0.426511 
0.447461 0 0.738533 0 0.702445 0.428461 
0.447344 0 0.738498 0 0.702283 0.430362 
0.447204 0 0.738438 0 0.702068 0.432214 
0.447037 0 0.738353 0 0.701792 0.434018 
0.446835 0 0.738236 0 0.701446 0.435773 
0.446739 0 0.738213 0 0.701239 0.437481 
0.446542 0 0.738109 0 0.700841 0.439139 
0.446459 0 0.738119 0 0.700592 0.440748 
0.446448 0 0.738204 0 0.700418 0.442304 
0.446489 0 0.738351 0 0.700288 0.443806 
0.446572 0 0.738555 0 0.700182 0.445247 
0.446686 0 0.738807 0 0.700087 0.446624 
0.446859 0 0.739139 0 0.700015 0.447926 
0.447029 0 0.739473 0 0.699942 0.449142 
0.447343 0 0.739973 0 0.699935 0.450258 
0.447611 0 0.74041 0 0.699918 0.451252 
0.448048 0 0.741048 0 0.699928 0.452101 
0.448239 0 0.741364 0 0.6999 0.452772 
0.448621 0 0.741919 0 0.699872 0.453227 
0.449117 0 0.742597 0 0.69986 0.453418 
0.449609 0 0.743244 0 0.699837 0.453291 
0.449855 0 0.743554 0 0.6998 0.452781 
0.450247 0 0.744028 0 0.699716 0.451819 
0.45064 0 0.744463 0 0.699634 0.450332 
0.451028 0 0.744851 0 0.699514 0.448248 
0.451451 0 0.745227 0 0.699362 0.445499 
0.451832 0 0.745492 0 0.69914 0.442028 
0.452258 0 0.745732 0 0.698858 0.437796 
0.452532 0 0.745721 0 0.698439 0.432782 
0.452847 0 0.745654 0 0.697913 0.426983 
0.453181 0 0.74549 0 0.69728 0.42042 
0.453515 0 0.745193 0 0.69653 0.413127 
0.45383 0 0.744733 0 0.695647 0.405153 
0.454117 0 0.744091 0 0.694614 0.396558 
0.454258 0 0.743154 0 0.693373 0.387402 
0.454399 0 0.742049 0 0.691943 0.37775 
0.454521 0 0.740758 0 0.690332 0.367666 
0.454619 0 0.739278 0 0.688551 0.357208 
0.454696 0 0.737615 0 0.686604 0.346431 
0.454745 0 0.735769 0 0.684487 0.335382 
0.454758 0 0.733736 0 0.682195 0.324105 
0.454733 0 0.73152 0 0.679728 0.312636 
0.454675 0 0.729135 0 0.677087 0.301004 
0.454582 0 0.726586 0 0.674272 0.289234 
0.454548 0 0.724322 0 0.671524 0.277343 
0.454548 0 0.72206 0 0.668703 0.265345 
0.454523 0 0.719635 0 0.665683 0.253248 
0.454517 0 0.717113 0 0.662494 0.241054 
0.454504 0 0.714513 0 0.659167 0.228758 
0.454486 0 0.711834 0 0.655697 0.216351 
0.454467 0 0.709082 0 0.652077 0.20382 
0.454447 0 0.706248 0 0.648305 0.191155 
0.454421 0 0.703324 0 0.644384 0.178366 
0.45439 0 0.700311 0 0.640335 0.165483 
0.45436 0 0.697222 0 0.636185 0.152549 
0.454176 0 0.693781 0 0.631828 0.139612 
0.453869 0 0.690049 0 0.627339 0.126719 
0.453475 0 0.686136 0 0.622779 0.113911 
0.453031 0 0.68214 0 0.618191 0.101222 
0.45259 0 0.678141 0 0.613617 0.0886835 
0.452146 0 0.674152 0 0.609071 0.076317 
0.451701 0 0.670186 0 0.604566 0.064141 
0.451261 0 0.666263 0 0.600114 0.0521694 
0.450795 0 0.662333 0 0.595712 0.0404126 
0.450304 0 0.658396 0 0.591361 0.028878 
0.44988 0 0.654655 0 0.587232 0.0175706 
0.449505 0 0.651046 0 0.583258 0.00649386 
0.449156 0 0.647522 0 0.579392 -0.00435063 
0.448817 0 0.644071 0 0.575621 -0.0149627 
0.448488 0 0.640699 0 0.571946 -0.0253425 
0.448174 0 0.63742 0 0.568376 -0.0354918 
0.447877 0 0.634237 0 0.564911 -0.0454126 
0.44759 0 0.631146 0 0.56155 -0.0551073 
0.447316 0 0.628146 0 0.558295 -0.0645789 
0.44706 0 0.625245 0 0.555146 -0.0738309 
0.446821 0 0.62244 0 0.552103 -0.0828666 
0.446596 0 0.619729 0 0.549164 -0.0916899 
0.446386 0 0.617112 0 0.546329 -0.100305 
0.446199 0 0.614595 0 0.5436 -0.108715 
0.446036 0 0.612177 0 0.540975 -0.116924 
0.445891 0 0.609853 0 0.538453 -0.124937 
0.445769 0 0.607625 0 0.536035 -0.132758 
0.445679 0 0.6055 0 0.533723 -0.140391 
0.445621 0 0.603476 0 0.531516 -0.14784 
0.445592 0 0.60155 0 0.529413 -0.155108 
0.445597 0 0.599723 0 0.527414 -0.162202 
0.445645 0 0.598003 0 0.525524 -0.169123 
0.445737 0 0.596388 0 0.523739 -0.175877 
0.44587 0 0.594874 0 0.522059 -0.182466 
0.446047 0 0.593462 0 0.520483 -0.188897 
0.446275 0 0.592156 0 0.519013 -0.19517 
0.446554 0 0.590955 0 0.517646 -0.201291 
0.446735 0 0.589634 0 0.516232 -0.207264 
0.446871 0 0.588261 0 0.514798 -0.213091 
0.447099 0 0.586979 0 0.513508 -0.218775 
0.447407 0 0.585834 0 0.512357 -0.224322 
0.447792 0 0.584821 0 0.511329 -0.229732 
0.4484 0 0.584004 0 0.510509 -0.235011 
0.449192 0 0.583412 0 0.509897 -0.24016 
0.450128 0 0.583011 0 0.509457 -0.245183 
0.451166 0 0.582754 0 0.509154 -0.250083 
0.452284 0 0.582617 0 0.508965 -0.254862 
0.453466 0 0.582591 0 0.508875 -0.259524 
0.454698 0 0.582666 0 0.50887 -0.26407 
0.455963 0 0.582829 0 0.508938 -0.268505 
0.457253 0 0.583074 0 0.50907 -0.27283 
0.458274 0 0.58326 0 0.508949 -0.277049 
0.459019 0 0.583298 0 0.508604 -0.281163 
0.459406 0 0.58292 0 0.508026 -0.285175 
0.459579 0 0.582284 0 0.507273 -0.289087 
0.459647 0 0.581561 0 0.506452 -0.292903 
0.459671 0 0.580835 0 0.50563 -0.296624 
0.459658 0 0.580118 0 0.504812 -0.300252 
0.459621 0 0.57941 0 0.503996 -0.303791 
0.459594 0 0.578695 0 0.503225 -0.307241 
0.459572 0 0.577975 0 0.502495 -0.310606 
0.459548 0 0.577249 0 0.501801 -0.313887 
0.459522 0 0.576517 0 0.501136 -0.317086 
0.459498 0 0.575786 0 0.500499 -0.320206 
0.459475 0 0.575051 0 0.499886 -0.323248 
0.459448 0 0.574307 0 0.499294 -0.326214 
0.459419 0 0.573553 0 0.498724 -0.329106 
0.459392 0 0.572795 0 0.498178 -0.331926 
0.459368 0 0.572032 0 0.497655 -0.334675 
0.459341 0 0.571257 0 0.497153 -0.337356 
0.459312 0 0.570471 0 0.496672 -0.33997 
0.459287 0 0.569679 0 0.496213 -0.342519 
0.459265 0 0.56888 0 0.495776 -0.345004 
0.459238 0 0.568067 0 0.495357 -0.347427 
0.45921 0 0.56724 0 0.494958 -0.349789 
0.459183 0 0.566406 0 0.494582 -0.352092 
0.459158 0 0.56556 0 0.494228 -0.354337 
0.459127 0 0.564698 0 0.493895 -0.356526 
0.459091 0 0.563819 0 0.493584 -0.35866 
0.459055 0 0.562929 0 0.493301 -0.360741 
0.459018 0 0.562025 0 0.493046 -0.362769 
0.459178 0 0.561618 0 0.492886 -0.364747 
0.459457 0 0.561387 0 0.49284 -0.366674 
0.459761 0 0.561135 0 0.492815 -0.368553 
0.460106 0 0.560918 0 0.49282 -0.370384 
0.460483 0 0.56074 0 0.492869 -0.372169 
0.46086 0 0.560588 0 0.492935 -0.373909 
0.461242 0 0.560471 0 0.493022 -0.375604 
0.461663 0 0.56035 0 0.493158 -0.377255 
0.462117 0 0.560306 0 0.493248 -0.378864 
0.462613 0 0.560328 0 0.493374 -0.380431 
0.463144 0 0.56039 0 0.49354 -0.381955 
0.463697 0 0.560476 0 0.493738 -0.383439 
0.464263 0 0.560576 0 0.493964 -0.384882 
0.464841 0 0.560694 0 0.494219 -0.386283 
0.465437 0 0.560837 0 0.494507 -0.387643 
0.466047 0 0.561004 0 0.494826 -0.388961 
0.466666 0 0.561187 0 0.495174 -0.390234 
0.467294 0 0.561387 0 0.495551 -0.391462 
0.467934 0 0.561611 0 0.495961 -0.39264 
0.468585 0 0.561858 0 0.496402 -0.393765 
0.46924 0 0.562123 0 0.496873 -0.39483 
0.469898 0 0.562409 0 0.497375 -0.395828 
0.470565 0 0.562724 0 0.497912 -0.396749 
0.471238 0 0.563068 0 0.498485 -0.39758 
0.47191 0 0.563438 0 0.499093 -0.398303 
0.472582 0 0.563837 0 0.499739 -0.398898 
0.473258 0 0.564276 0 0.500431 -0.399339 
0.473937 0 0.56476 0 0.501172 -0.399595 
0.474613 0 0.565289 0 0.501965 -0.399626 
0.475285 0 0.565871 0 0.502818 -0.399391 
0.47596 0 0.566522 0 0.503742 -0.398838 
0.476635 0 0.56725 0 0.504745 -0.397912 
0.477304 0 0.56806 0 0.505833 -0.396557 
0.47797 0 0.568963 0 0.507018 -0.394713 
0.478636 0 0.569978 0 0.508313 -0.392325 
0.479302 0 0.571112 0 0.509725 -0.389345 
0.479961 0 0.572369 0 0.51126 -0.385736 
0.480614 0 0.573754 0 0.512924 -0.381473 
0.481269 0 0.575279 0 0.514726 -0.376547 
0.481922 0 0.576944 0 0.516664 -0.370967 
0.482567 0 0.57874 0 0.518735 -0.364755 
0.483409 0 0.581139 0 0.521396 -0.357946 
0.484323 0 0.583742 0 0.524227 -0.350585 
0.485319 0 0.586438 0 0.5272 -0.342725 
0.48631 0 0.589243 0 0.530282 -0.334424 
0.487298 0 0.592151 0 0.533466 -0.325738 
0.488288 0 0.595156 0 0.536748 -0.316728 
0.489279 0 0.598249 0 0.540117 -0.30745 
0.490265 0 0.601411 0 0.543562 -0.297957 
0.491249 0 0.604633 0 0.547075 -0.2883 
0.492235 0 0.607913 0 0.550652 -0.278526 
0.493223 0 0.611239 0 0.554282 -0.268675 
0.494207 0 0.614595 0 0.557957 -0.258787 
0.495188 0 0.617973 0 0.56167 -0.248895 
0.496173 0 0.621371 0 0.565417 -0.23903 
0.497159 0 0.624782 0 0.569192 -0.229218 
0.498141 0 0.62819 0 0.572986 -0.219483 
0.49912 0 0.631589 0 0.576795 -0.209845 
0.500102 0 0.634981 0 0.580618 -0.200321 
0.501086 0 0.638359 0 0.584449 -0.190926 
0.501971 0 0.641687 0 0.588263 -0.181672 
0.502791 0 0.644951 0 0.592069 -0.172569 
0.503625 0 0.648054 0 0.595777 -0.163623 
0.504463 0 0.651207 0 0.599482 -0.154842 
0.505295 0 0.654318 0 0.60316 -0.146228 
0.506171 0 0.6574 0 0.606868 -0.137783 
0.50705 0 0.660446 0 0.610573 -0.129507 
0.50793 0 0.663453 0 0.614276 -0.121398 
0.508804 0 0.666412 0 0.617974 -0.113452 
0.509603 0 0.669297 0 0.621642 -0.105665 
0.510404 0 0.672146 0 0.625313 -0.0980304 
0.511204 0 0.674958 0 0.628989 -0.0905389 
0.512021 0 0.6777 0 0.632651 -0.0831814 
0.51282 0 0.680451 0 0.63632 -0.0759468 
0.513616 0 0.683183 0 0.64 -0.0688226 
0.514405 0 0.685881 0 0.643689 -0.0617955 
0.514971 0 0.688163 0 0.646699 -0.054851 
0.515294 0 0.690083 0 0.649165 -0.0479743 
0.515481 0 0.691871 0 0.651369 -0.0411505 
0.515612 0 0.693676 0 0.653528 -0.0343649 
0.515735 0 0.695501 0 0.655745 -0.0276018 
0.515857 0 0.697357 0 0.658022 -0.0208462 
0.515988 0 0.699261 0 0.660373 -0.0140833 
0.51613 0 0.701221 0 0.662802 -0.00729958 
0.516277 0 0.703233 0 0.665313 -0.000482873 
0.516434 0 0.705302 0 0.66791 0.00637684 
0.516607 0 0.707441 0 0.670599 0.0132877 
0.516777 0 0.709623 0 0.673168 0.0202548 
0.51694 0 0.711846 0 0.6757 0.0272808 
0.517107 0 0.71413 0 0.678258 0.0343652 
0.517293 0 0.716488 0 0.680868 0.0415053 
0.5175 0 0.718912 0 0.683532 0.0486961 
0.517722 0 0.721386 0 0.686238 0.055931 
0.517962 0 0.723902 0 0.688975 0.0632022 
0.518231 0 0.726468 0 0.69174 0.0705011 
0.518533 0 0.729082 0 0.69453 0.077819 
0.518872 0 0.731742 0 0.697344 0.085148 
0.519264 0 0.734456 0 0.700187 0.0924805 
0.519731 0 0.737246 0 0.703072 0.0998105 
0.520292 0 0.740124 0 0.706009 0.107133 
0.520958 0 0.743096 0 0.709005 0.114444 
0.521743 0 0.746166 0 0.712069 0.12174 
0.522652 0 0.749336 0 0.715202 0.129016 
0.523804 0 0.752735 0 0.718405 0.136266 
0.525151 0 0.756308 0 0.721698 0.143479 
0.526648 0 0.760002 0 0.725065 0.150645 
0.528256 0 0.763775 0 0.728477 0.157755 
0.529938 0 0.767587 0 0.731909 0.164799 
0.531658 0 0.771397 0 0.73534 0.171767 
0.533396 0 0.775185 0 0.73876 0.178651 
0.535143 0 0.778943 0 0.742163 0.185446 
0.536889 0 0.782658 0 0.745542 0.192146 
0.538348 0 0.785976 0 0.748725 0.198746 
0.539529 0 0.788948 0 0.751677 0.205243 
0.540519 0 0.791687 0 0.75441 0.211636 
0.541375 0 0.794254 0 0.756967 0.217921 
0.542131 0 0.796684 0 0.759386 0.224099 
0.542816 0 0.798999 0 0.761694 0.230169 
0.543453 0 0.801224 0 0.763902 0.236131 
0.544052 0 0.803364 0 0.766013 0.241987 
0.544612 0 0.805417 0 0.768025 0.247738 
0.54514 0 0.807389 0 0.769942 0.253385 
0.545541 0 0.809134 0 0.771682 0.25893 
0.545859 0 0.810667 0 0.773312 0.264376 
0.546093 0 0.812036 0 0.774848 0.269725 
0.546269 0 0.813292 0 0.776321 0.274978 
0.546416 0 0.814476 0 0.777744 0.280138 
0.546541 0 0.815596 0 0.779123 0.285207 
0.546645 0 0.816647 0 0.780461 0.290187 
0.546732 0 0.81763 0 0.781761 0.295079 
0.546811 0 0.818553 0 0.78303 0.299883 
0.546911 0 0.819488 0 0.784134 0.304602 
0.547008 0 0.82041 0 0.785125 0.309236 
0.547101 0 0.821306 0 0.786047 0.313784 
0.547192 0 0.822174 0 0.786923 0.318249 
0.547264 0 0.822987 0 0.787761 0.322629 
0.547325 0 0.823755 0 0.788533 0.326925 
0.547371 0 0.824477 0 0.789242 0.331137 
0.547406 0 0.825162 0 0.789897 0.335266 
0.547429 0 0.825807 0 0.790499 0.339311 
0.547432 0 0.826405 0 0.791047 0.343274 
0.547416 0 0.826957 0 0.791545 0.347155 
0.547386 0 0.82747 0 0.791994 0.350955 
0.547342 0 0.827945 0 0.792396 0.354673 
0.547275 0 0.828373 0 0.792749 0.358312 
0.547189 0 0.828757 0 0.793057 0.361872 
0.547352 0 0.829378 0 0.793717 0.365353 
0.547625 0 0.830079 0 0.794452 0.368757 
0.547847 0 0.830701 0 0.795109 0.372086 
0.548039 0 0.831272 0 0.795709 0.37534 
0.548215 0 0.831811 0 0.796264 0.378521 
0.548376 0 0.83232 0 0.796773 0.381629 
0.548517 0 0.832789 0 0.797236 0.384666 
0.548636 0 0.833219 0 0.797654 0.387634 
0.54874 0 0.833617 0 0.798031 0.390533 
0.548829 0 0.833984 0 0.798369 0.393365 
0.548979 0 0.83438 0 0.798793 0.396131 
0.54916 0 0.834788 0 0.799234 0.398833 
0.549352 0 0.835191 0 0.799662 0.401472 
0.549541 0 0.835577 0 0.800064 0.404049 
0.549718 0 0.835935 0 0.800439 0.406566 
0.549884 0 0.836266 0 0.800788 0.409023 
0.550045 0 0.836579 0 0.801112 0.411423 
0.550201 0 0.836873 0 0.801408 0.413766 
0.550341 0 0.837137 0 0.80167 0.416053 
0.550467 0 0.837372 0 0.801899 0.418286 
0.550583 0 0.837586 0 0.802091 0.420466 
0.550684 0 0.837774 0 0.802243 0.422594 
0.550763 0 0.83793 0 0.802347 0.42467 
0.550817 0 0.838052 0 0.802399 0.426696 
0.550849 0 0.838149 0 0.802395 0.428673 
0.550855 0 0.838219 0 0.802329 0.430602 
0.550826 0 0.838256 0 0.802189 0.432483 
0.550757 0 0.838261 0 0.80197 0.434316 
0.550729 0 0.838296 0 0.801797 0.436104 
0.55073 0 0.838359 0 0.801639 0.437845 
0.550748 0 0.838449 0 0.801481 0.43954 
0.550783 0 0.838575 0 0.801316 0.441188 
0.550837 0 0.838752 0 0.801144 0.44279 
0.550939 0 0.839019 0 0.800977 0.444343 
0.551048 0 0.839323 0 0.800804 0.445845 
0.551275 0 0.839801 0 0.800675 0.447293 
0.551477 0 0.840253 0 0.800544 0.448682 
0.551906 0 0.841043 0 0.8004 0.450006 
0.552162 0 0.841569 0 0.800277 0.451255 
0.552626 0 0.842406 0 0.800162 0.452419 
0.552779 0 0.842774 0 0.800068 0.453481 
0.553177 0 0.843516 0 0.799935 0.454423 
0.553288 0 0.843828 0 0.799816 0.45522 
0.55364 0 0.844496 0 0.799653 0.455842 
0.553733 0 0.844775 0 0.799502 0.456251 
0.55406 0 0.845388 0 0.799305 0.456402 
0.55415 0 0.845636 0 0.799113 0.456244 
0.554438 0 0.846173 0 0.79885 0.455717 
0.554503 0 0.846368 0 0.798608 0.454755 
0.554771 0 0.84682 0 0.798285 0.453292 
0.554839 0 0.846955 0 0.797975 0.45126 
0.555076 0 0.84728 0 0.79758 0.448596 
0.555319 0 0.847546 0 0.79715 0.445247 
0.555567 0 0.847739 0 0.796673 0.441174 
0.555884 0 0.847927 0 0.796111 0.436354 
0.556012 0 0.847764 0 0.795541 0.430784 
0.556233 0 0.84761 0 0.794795 0.424478 
0.556477 0 0.847336 0 0.793962 0.417466 
0.556658 0 0.846842 0 0.792992 0.409792 
0.556873 0 0.846215 0 0.791864 0.401506 
0.556995 0 0.845323 0 0.790586 0.392664 
0.557149 0 0.844278 0 0.789129 0.383327 
0.557309 0 0.843048 0 0.787508 0.373552 
0.557372 0 0.841548 0 0.785724 0.363394 
0.557449 0 0.839871 0 0.78375 0.352905 
0.557524 0 0.838004 0 0.7816 0.34213 
0.55758 0 0.835944 0 0.77928 0.331112 
0.557546 0 0.833651 0 0.776784 0.319885 
0.557506 0 0.831184 0 0.774096 0.308478 
0.557448 0 0.828546 0 0.771229 0.296915 
0.557302 0 0.825711 0 0.768177 0.285214 
0.557138 0 0.822719 0 0.764934 0.273387 
0.556879 0 0.819546 0 0.761497 0.261439 
0.5566 0 0.816219 0 0.75785 0.249366 
0.55628 0 0.812732 0 0.754003 0.237159 
0.55572 0 0.809008 0 0.749929 0.224799 
0.555139 0 0.8051 0 0.745563 0.21227 
0.554504 0 0.801005 0 0.740957 0.199567 
0.553797 0 0.796725 0 0.736149 0.18671 
0.553014 0 0.792273 0 0.731176 0.173739 
0.552162 0 0.787675 0 0.726071 0.160703 
0.551248 0 0.782955 0 0.720863 0.147652 
0.550276 0 0.778139 0 0.715585 0.134637 
0.549257 0 0.77326 0 0.710267 0.1217 
0.548206 0 0.768353 0 0.704937 0.108877 
0.54742 0 0.76412 0 0.700016 0.0961999 
0.546838 0 0.760276 0 0.695393 0.0836908 
0.546355 0 0.756535 0 0.690885 0.0713698 
0.54582 0 0.752473 0 0.686446 0.0592517 
0.545261 0 0.748222 0 0.682064 0.0473473 
0.544677 0 0.743945 0 0.677766 0.0356649 
0.544092 0 0.739752 0 0.673552 0.02421 
0.543512 0 0.735655 0 0.669425 0.0129864 
0.542934 0 0.731657 0 0.665388 0.00199615 
0.542353 0 0.727755 0 0.661442 -0.00876011 
0.541771 0 0.723953 0 0.65759 -0.0192826 
0.541193 0 0.720258 0 0.653832 -0.0295727 
0.540618 0 0.716668 0 0.650168 -0.0396321 
0.540145 0 0.71336 0 0.646578 -0.049463 
0.539749 0 0.710179 0 0.643119 -0.0590687 
0.539392 0 0.707051 0 0.639752 -0.068452 
0.53905 0 0.703971 0 0.63647 -0.0776165 
0.538715 0 0.700965 0 0.633284 -0.0865658 
0.53839 0 0.698058 0 0.630205 -0.0953038 
0.538083 0 0.695265 0 0.627236 -0.103834 
0.537792 0 0.69258 0 0.624372 -0.112162 
0.537513 0 0.68999 0 0.621609 -0.120289 
0.537245 0 0.687492 0 0.618942 -0.128222 
0.536996 0 0.685086 0 0.616372 -0.135964 
0.536763 0 0.68277 0 0.613896 -0.143518 
0.536545 0 0.680541 0 0.611513 -0.15089 
0.536343 0 0.678399 0 0.609224 -0.158083 
0.536165 0 0.67635 0 0.607028 -0.165101 
0.536012 0 0.674392 0 0.604924 -0.171948 
0.535881 0 0.67252 0 0.602911 -0.178628 
0.535776 0 0.670735 0 0.60099 -0.185146 
0.535704 0 0.669043 0 0.599162 -0.191504 
0.535668 0 0.667443 0 0.597424 -0.197708 
0.535666 0 0.665931 0 0.595778 -0.203759 
0.535701 0 0.664509 0 0.594224 -0.209663 
0.535782 0 0.663183 0 0.592763 -0.215423 
0.535908 0 0.66195 0 0.591392 -0.221042 
0.536078 0 0.660806 0 0.590111 -0.226523 
0.536292 0 0.65975 0 0.588918 -0.231871 
0.536556 0 0.658786 0 0.587813 -0.237088 
0.536867 0 0.657909 0 0.586792 -0.242177 
0.53722 0 0.657113 0 0.58585 -0.247141 
0.537613 0 0.656394 0 0.584984 -0.251984 
0.538048 0 0.655752 0 0.584192 -0.256709 
0.538521 0 0.655182 0 0.583468 -0.261317 
0.539022 0 0.654674 0 0.582806 -0.265812 
0.539549 0 0.654223 0 0.582203 -0.270198 
0.540104 0 0.65383 0 0.581656 -0.274475 
0.540682 0 0.65349 0 0.58116 -0.278647 
0.541273 0 0.653192 0 0.580709 -0.282716 
0.541876 0 0.652933 0 0.580303 -0.286685 
0.542494 0 0.652715 0 0.579937 -0.290556 
0.543122 0 0.652533 0 0.579609 -0.294331 
0.543754 0 0.652379 0 0.579315 -0.298013 
0.544389 0 0.652251 0 0.579054 -0.301603 
0.54503 0 0.652152 0 0.578825 -0.305105 
0.545676 0 0.652077 0 0.578625 -0.30852 
0.54632 0 0.652022 0 0.578452 -0.311851 
0.546963 0 0.651983 0 0.578306 -0.315098 
0.54761 0 0.651966 0 0.578187 -0.318265 
0.548259 0 0.651968 0 0.578092 -0.321353 
0.548906 0 0.651982 0 0.578021 -0.324365 
0.549551 0 0.652008 0 0.577974 -0.327301 
0.5502 0 0.652052 0 0.577951 -0.330165 
0.550853 0 0.652111 0 0.577951 -0.332957 
0.551503 0 0.652179 0 0.577973 -0.335679 
0.552154 0 0.652257 0 0.578018 -0.338333 
0.55281 0 0.65235 0 0.578086 -0.340922 
0.55347 0 0.652457 0 0.578178 -0.343445 
0.55413 0 0.652572 0 0.578292 -0.345906 
0.554792 0 0.652695 0 0.578429 -0.348305 
0.555462 0 0.652833 0 0.57859 -0.350644 
0.556137 0 0.652985 0 0.578776 -0.352925 
0.556813 0 0.653145 0 0.578984 -0.355148 
0.557493 0 0.653313 0 0.579217 -0.357316 
0.558181 0 0.653497 0 0.579476 -0.359429 
0.558877 0 0.653694 0 0.57976 -0.36149 
0.559575 0 0.6539 0 0.580069 -0.363498 
0.560278 0 0.654116 0 0.580404 -0.365456 
0.560991 0 0.654347 0 0.580767 -0.367365 
0.561493 0 0.654215 0 0.581046 -0.369225 
0.561873 0 0.65391 0 0.581241 -0.371038 
0.562198 0 0.653568 0 0.581434 -0.372805 
0.562649 0 0.653378 0 0.581612 -0.374527 
0.563194 0 0.653334 0 0.581843 -0.376204 
0.563756 0 0.653372 0 0.582102 -0.377838 
0.564378 0 0.653467 0 0.582417 -0.379428 
0.565043 0 0.65361 0 0.582777 -0.380976 
0.565736 0 0.653786 0 0.583176 -0.382481 
0.566445 0 0.653981 0 0.583608 -0.383943 
0.567166 0 0.654193 0 0.584072 -0.385362 
0.567901 0 0.654428 0 0.584571 -0.386737 
0.568647 0 0.654684 0 0.5851 -0.388066 
0.569398 0 0.654956 0 0.585661 -0.389346 
0.570152 0 0.655245 0 0.586253 -0.390575 
0.570914 0 0.655558 0 0.586877 -0.391747 
0.57168 0 0.655893 0 0.587533 -0.392857 
0.572445 0 0.656245 0 0.588219 -0.393896 
0.573209 0 0.656617 0 0.588938 -0.394853 
0.573976 0 0.657016 0 0.589693 -0.395715 
0.574743 0 0.657443 0 0.590484 -0.396464 
0.575506 0 0.657896 0 0.591312 -0.397077 
0.576264 0 0.658378 0 0.592183 -0.397529 
0.577023 0 0.658902 0 0.593102 -0.397787 
0.577781 0 0.659471 0 0.594073 -0.397813 
0.578532 0 0.660087 0 0.595101 -0.397562 
0.579278 0 0.660758 0 0.596193 -0.396986 
0.580022 0 0.661499 0 0.597361 -0.39603 
0.580764 0 0.662319 0 0.59861 -0.394639 
0.581499 0 0.66322 0 0.599948 -0.392759 
0.582226 0 0.664212 0 0.601384 -0.390339 
0.582953 0 0.665311 0 0.602928 -0.387335 
0.583676 0 0.666521 0 0.604584 -0.383714 
0.584525 0 0.668188 0 0.606694 -0.37946 
0.585439 0 0.670057 0 0.608974 -0.374566 
0.586357 0 0.671984 0 0.611326 -0.369045 
0.587359 0 0.674055 0 0.613842 -0.36292 
0.588357 0 0.676241 0 0.61647 -0.356228 
0.589351 0 0.678537 0 0.619206 -0.349015 
0.590346 0 0.680944 0 0.622049 -0.341332 
0.591343 0 0.683453 0 0.624992 -0.333234 
0.592335 0 0.686049 0 0.628025 -0.324779 
0.593324 0 0.688722 0 0.631144 -0.316021 
0.594315 0 0.691473 0 0.634343 -0.307016 
0.59521 0 0.694254 0 0.637609 -0.297813 
0.596101 0 0.697087 0 0.640941 -0.288462 
0.596988 0 0.699964 0 0.644333 -0.279006 
0.597877 0 0.702883 0 0.647781 -0.269484 
0.598767 0 0.705835 0 0.651277 -0.259934 
0.599679 0 0.708766 0 0.654766 -0.250386 
0.600577 0 0.711777 0 0.658304 -0.24087 
0.601463 0 0.714778 0 0.661841 -0.231412 
0.602331 0 0.717738 0 0.66537 -0.222032 
0.603247 0 0.720704 0 0.668951 -0.212751 
0.604081 0 0.723622 0 0.672539 -0.203585 
0.60497 0 0.726539 0 0.676153 -0.194547 
0.605887 0 0.72944 0 0.67979 -0.185649 
0.606731 0 0.732311 0 0.68345 -0.176899 
0.607558 0 0.735121 0 0.687056 -0.168305 
0.608378 0 0.737879 0 0.690646 -0.15987 
0.609196 0 0.740596 0 0.694239 -0.151598 
0.610007 0 0.743271 0 0.697839 -0.14349 
0.610811 0 0.745904 0 0.701448 -0.135545 
0.611615 0 0.748502 0 0.705067 -0.127759 
0.612418 0 0.751061 0 0.708695 -0.120129 
0.613214 0 0.753572 0 0.712333 -0.112649 
0.614003 0 0.756034 0 0.715983 -0.10531 
0.614518 0 0.757966 0 0.71876 -0.0981053 
0.614799 0 0.759556 0 0.720947 -0.0910238 
0.614951 0 0.761049 0 0.722898 -0.0840553 
0.615089 0 0.76253 0 0.724893 -0.0771885 
0.615227 0 0.76402 0 0.726928 -0.0704104 
0.615369 0 0.765527 0 0.729006 -0.0637064 
0.61551 0 0.767054 0 0.731137 -0.0570614 
0.615658 0 0.768609 0 0.733331 -0.0504596 
0.615818 0 0.770209 0 0.735595 -0.0438842 
0.615992 0 0.77186 0 0.737936 -0.0373187 
0.616174 0 0.773559 0 0.740359 -0.0307468 
0.616364 0 0.775313 0 0.74287 -0.0241528 
0.616549 0 0.777173 0 0.745251 -0.0175223 
0.616717 0 0.779079 0 0.747542 -0.010843 
0.61687 0 0.781033 0 0.749802 -0.00410463 
0.61702 0 0.783052 0 0.752085 0.00270034 
0.617181 0 0.785154 0 0.754422 0.00957642 
0.617354 0 0.787338 0 0.75682 0.0165258 
0.617535 0 0.789588 0 0.759272 0.0235471 
0.617723 0 0.7919 0 0.761771 0.0306366 
0.617923 0 0.794278 0 0.764308 0.0377882 
0.618135 0 0.796714 0 0.766878 0.0449936 
0.618352 0 0.799197 0 0.769473 0.0522428 
0.618574 0 0.801722 0 0.772089 0.059525 
0.61881 0 0.804294 0 0.774723 0.0668285 
0.619059 0 0.806905 0 0.777368 0.0741415 
0.619316 0 0.809543 0 0.780017 0.0814524 
0.619584 0 0.812205 0 0.782667 0.0887502 
0.619874 0 0.814898 0 0.785315 0.0960245 
0.620189 0 0.81762 0 0.787957 0.103266 
0.620532 0 0.820364 0 0.790592 0.110467 
0.620912 0 0.823135 0 0.793222 0.117621 
0.621348 0 0.825948 0 0.79585 0.124723 
0.621854 0 0.82881 0 0.798481 0.131769 
0.62244 0 0.831724 0 0.801119 0.138758 
0.623121 0 0.834697 0 0.803773 0.145688 
0.623913 0 0.837743 0 0.806448 0.152558 
0.624814 0 0.840854 0 0.809142 0.159369 
0.625805 0 0.844008 0 0.811848 0.166116 
0.626869 0 0.847184 0 0.814553 0.172798 
0.627988 0 0.850368 0 0.817241 0.17941 
0.629133 0 0.853536 0 0.819892 0.185947 
0.630088 0 0.856478 0 0.822278 0.192404 
0.63095 0 0.859219 0 0.824541 0.198777 
0.631856 0 0.862029 0 0.826691 0.205061 
0.632985 0 0.864967 0 0.828879 0.211255 
0.63426 0 0.867996 0 0.831113 0.217356 
0.635629 0 0.87107 0 0.83337 0.223362 
0.63706 0 0.874164 0 0.835626 0.229273 
0.638522 0 0.877253 0 0.837867 0.235088 
0.639993 0 0.880315 0 0.840092 0.240809 
0.641252 0 0.883012 0 0.842359 0.246435 
0.642296 0 0.885447 0 0.84456 0.251968 
0.643185 0 0.887713 0 0.846628 0.257411 
0.643956 0 0.889854 0 0.848564 0.262765 
0.644642 0 0.8919 0 0.85039 0.268032 
0.645152 0 0.893781 0 0.852018 0.273214 
0.645564 0 0.895515 0 0.853538 0.278313 
0.645919 0 0.897153 0 0.854985 0.28333 
0.646218 0 0.89872 0 0.856385 0.288266 
0.646488 0 0.900231 0 0.857752 0.293122 
0.646762 0 0.901723 0 0.859019 0.297898 
0.647026 0 0.903178 0 0.860201 0.302595 
0.647275 0 0.904588 0 0.861313 0.307213 
0.647516 0 0.905955 0 0.862363 0.31175 
0.647437 1 0.905941 0 0.863528 0.316196 
0.647347 1 0.905608 0 0.864776 0.320434 
0.647299 1 0.905316 0 0.866037 0.324443 
0.647245 0 0.904966 0 0.867243 0.328203 
0.647186 0 0.904598 0 0.868424 0.331939 
0.647123 0 0.904211 0 0.869577 0.335645 
0.647292 0 0.90421 0 0.870917 0.339315 
0.647622 0 0.90436 0 0.872389 0.342945 
0.648073 0 0.904619 0 0.873928 0.346532 
0.648541 0 0.904886 0 0.875485 0.350072 
0.649018 0 0.905145 0 0.877045 0.353561 
0.649502 0 0.905393 0 0.878606 0.356999 
0.649994 0 0.905631 0 0.880171 0.360381 
0.650526 0 0.905893 0 0.881799 0.363709 
0.651087 0 0.906163 0 0.883479 0.366979 
0.651665 0 0.90643 0 0.885197 0.370191 
0.652252 0 0.906686 0 0.886948 0.373346 
0.652841 0 0.906925 0 0.888733 0.376441 
0.653293 0 0.907414 0 0.890084 0.379478 
0.653295 0 0.908429 1 0.889785 0.382448 
0.653302 1 0.908265 1 0.889795 0.385307 
0.653327 1 0.907968 1 0.889917 0.387962 
0.653361 1 0.907671 1 0.889998 0.390344 
0.653377 1 0.907362 1 0.89005 0.392374 
0.653412 1 0.907072 1 0.890086 0.393922 
0.653486 1 0.906801 1 0.890124 0.394833 
0.653618 1 0.906554 1 0.890175 0.394933 
0.653846 1 0.90635 1 0.890251 0.394011 
0.654187 1 0.906196 1 0.890362 0.391859 
0.654655 1 0.906095 1 0.890515 0.388349 
0.655313 1 0.906122 1 0.890661 0.383377 
0.656109 1 0.906184 1 0.890865 0.376966 
0.65706 1 0.906289 1 0.891133 0.369189 
0.658205 1 0.906469 1 0.891476 0.360171 
0.659507 1 0.906704 1 0.891889 0.350095 
0.660946 1 0.906969 1 0.892352 0.339123 
0.662507 1 0.907244 1 0.892849 0.327431 
0.664174 1 0.907547 1 0.893364 0.315183 
0.665932 1 0.907866 1 0.89389 0.302504 
0.667772 1 0.90819 1 0.894418 0.289512 
0.669681 1 0.908511 1 0.894946 0.276312 
0.671648 1 0.908828 1 0.895469 0.262986 
0.673665 1 0.909135 1 0.895983 0.249599 
0.675722 1 0.909431 1 0.896486 0.236209 
0.677811 1 0.909716 1 0.896975 0.222864 
0.679927 1 0.909983 1 0.89745 0.209595 
0.682063 1 0.910237 1 0.897908 0.196442 
0.684212 1 0.910476 1 0.898349 0.183432 
0.686371 1 0.910697 1 0.898774 0.170569 
0.688536 1 0.910904 1 0.899181 0.15788 
0.690703 1 0.911095 1 0.899572 0.145368 
0.692869 1 0.911271 1 0.899947 0.13304 
0.695031 1 0.911433 1 0.900306 0.120901 
0.697188 1 0.911581 1 0.90065 0.108949 
0.699149 1 0.911567 1 0.900905 0.0971915 
0.701208 1 0.911615 1 0.901119 0.085641 
0.703235 1 0.911698 1 0.901307 0.074279 
0.705226 1 0.911766 1 0.901536 0.0631239 
0.707216 1 0.911812 1 0.901763 0.0521769 
0.709193 1 0.911842 1 0.901967 0.0414384 
0.711152 1 0.911862 1 0.902161 0.0309103 
0.713092 1 0.911873 1 0.902346 0.020595 
0.715009 1 0.911876 1 0.902522 0.0104927 
0.716903 1 0.911871 1 0.902692 0.000604257 
0.718773 1 0.911858 1 0.902851 -0.0090717 
0.720615 1 0.911838 1 0.903002 -0.0185283 
0.72243 1 0.911811 1 0.903144 -0.0277832 
0.724217 1 0.911777 1 0.903277 -0.0368247 
0.725974 1 0.911737 1 0.903403 -0.0456592 
0.727701 1 0.911691 1 0.903519 -0.0542912 
0.729396 1 0.911641 1 0.903629 -0.0627199 
0.73106 1 0.911584 1 0.90373 -0.0709541 
0.732692 1 0.911522 1 0.903825 -0.0789913 
0.734291 1 0.911455 1 0.903912 -0.0868373 
0.735859 1 0.911383 1 0.903992 -0.0944992 
0.737258 1 0.911216 1 0.904013 -0.101979 
0.738653 1 0.911057 1 0.90404 -0.109277 
0.740018 1 0.910909 1 0.904051 -0.116401 
0.741353 1 0.910761 1 0.90405 -0.123359 
0.742657 1 0.91061 1 0.90404 -0.130148 
0.743931 1 0.910457 1 0.904024 -0.136778 
0.745115 1 0.910262 1 0.903979 -0.143251 
0.746282 1 0.910069 1 0.903932 -0.149576 
0.747547 1 0.909947 1 0.903928 -0.155755 
0.748772 1 0.909841 1 0.903919 -0.16179 
0.749982 1 0.90973 1 0.903903 -0.167694 
0.751212 1 0.909663 1 0.903868 -0.173469 
0.752436 1 0.909622 1 0.903808 -0.179118 
0.753598 1 0.909547 1 0.903791 -0.184645 
0.754779 1 0.909487 1 0.903794 -0.190054 
0.755898 1 0.90939 1 0.903795 -0.195353 
0.756991 1 0.90928 1 0.903782 -0.200543 
0.758065 1 0.909169 1 0.903762 -0.20563 
0.759125 1 0.90906 1 0.903744 -0.210612 
0.76017 1 0.908954 1 0.90373 -0.215498 
0.761202 1 0.908852 1 0.903719 -0.220286 
0.762221 1 0.908752 1 0.903709 -0.224984 
0.763227 1 0.908655 1 0.903701 -0.22959 
0.76422 1 0.90856 1 0.903694 -0.234106 
0.7652 1 0.908468 1 0.903688 -0.238535 
0.766169 1 0.908379 1 0.903684 -0.24288 
0.767126 1 0.908293 1 0.90368 -0.247138 
0.768071 1 0.908211 1 0.903678 -0.251313 
0.769005 1 0.908133 1 0.903677 -0.25541 
0.769929 1 0.908059 1 0.90368 -0.259427 
0.770842 1 0.907988 1 0.903684 -0.263366 
0.771745 1 0.907922 1 0.90369 -0.267227 
0.772638 1 0.90786 1 0.903699 -0.271014 
0.773521 1 0.907802 1 0.903711 -0.274724 
0.774395 1 0.907748 1 0.903724 -0.278361 
0.77526 1 0.907699 1 0.903742 -0.281926 
0.776116 1 0.907655 1 0.903761 -0.285417 
0.776963 1 0.907616 1 0.903785 -0.288839 
0.777803 1 0.907581 1 0.903812 -0.292191 
0.778635 1 0.907552 1 0.903842 -0.295474 
0.779459 1 0.907528 1 0.903876 -0.29869 
0.780277 1 0.907509 1 0.903915 -0.301842 
0.781088 1 0.907496 1 0.903958 -0.304928 
0.781923 1 0.907501 1 0.904034 -0.30795 
0.782766 1 0.90752 1 0.904118 -0.310908 
0.783609 1 0.907548 1 0.904208 -0.313807 
0.784445 1 0.907581 1 0.904302 -0.316644 
0.785272 1 0.907616 1 0.904399 -0.319421 
0.786088 1 0.907653 1 0.904496 -0.322141 
0.786895 1 0.907693 1 0.904594 -0.324804 
0.787693 1 0.907737 1 0.904694 -0.327412 
0.788484 1 0.907785 1 0.904796 -0.329966 
0.789275 1 0.907841 1 0.904906 -0.332466 
0.790067 1 0.907909 1 0.905024 -0.334914 
0.790856 1 0.907984 1 0.905148 -0.337309 
0.791639 1 0.908062 1 0.905276 -0.339655 
0.792416 1 0.908144 1 0.905406 -0.34195 
0.793189 1 0.908229 1 0.90554 -0.344198 
0.793957 1 0.908319 1 0.905676 -0.346398 
0.794722 1 0.908415 1 0.905815 -0.348553 
0.795483 1 0.908516 1 0.905957 -0.350661 
0.796241 1 0.908623 1 0.906105 -0.352723 
0.796996 1 0.908734 1 0.906255 -0.354745 
0.797747 1 0.90885 1 0.906409 -0.356722 
0.798496 1 0.908969 1 0.906567 -0.358657 
0.799241 1 0.909093 1 0.906726 -0.360551 
0.799982 1 0.90922 1 0.906891 -0.362404 
0.800721 1 0.909351 1 0.907058 -0.364218 
0.801457 1 0.909486 1 0.907228 -0.365996 
0.802191 1 0.909624 1 0.907401 -0.367733 
0.802922 1 0.909765 1 0.907577 -0.369434 
0.803651 1 0.909911 1 0.907756 -0.371097 
0.804377 1 0.910059 1 0.907937 -0.372723 
0.805102 1 0.910211 1 0.908119 -0.374313 
0.805825 1 0.910366 1 0.908307 -0.375872 
0.806546 1 0.910525 1 0.908495 -0.377396 
0.807266 1 0.910687 1 0.908688 -0.378886 
0.807984 1 0.910851 1 0.908881 -0.380345 
0.808701 1 0.911019 1 0.909078 -0.381769 
0.809418 1 0.91119 1 0.909276 -0.383163 
0.810134 1 0.911363 1 0.909477 -0.384525 
0.81085 1 0.911539 1 0.90968 -0.385856 
0.811565 1 0.911718 1 0.909885 -0.387158 
0.81228 1 0.9119 1 0.910093 -0.38843 
0.812995 1 0.912084 1 0.910301 -0.389673 
0.81371 1 0.912271 1 0.910513 -0.39089 
0.814427 1 0.91246 1 0.910725 -0.39208 
0.815143 1 0.912652 1 0.910941 -0.393241 
0.815861 1 0.912846 1 0.911157 -0.394377 
0.81658 1 0.913042 1 0.911374 -0.395489 
0.8173 1 0.91324 1 0.911594 -0.396572 
0.818021 1 0.91344 1 0.911815 -0.397633 
0.818744 1 0.913642 1 0.912039 -0.398669 
0.819469 1 0.913846 1 0.912262 -0.39968 
0.820197 1 0.914051 1 0.912486 -0.400668 
0.820926 1 0.914257 1 0.912713 -0.401632 
0.821658 1 0.914465 1 0.91294 -0.402573 
0.822392 1 0.914675 1 0.913168 -0.403494 
0.823129 1 0.914885 1 0.913395 -0.404394 
0.823869 1 0.915096 1 0.913625 -0.405273 
0.824612 1 0.915308 1 0.913854 -0.406131 
0.825358 1 0.915521 1 0.914082 -0.40697 
0.826108 1 0.915734 1 0.914312 -0.40779 
0.826861 1 0.915948 1 0.914542 -0.408591 
0.827618 1 0.916161 1 0.914771 -0.409372 
0.828378 1 0.916375 1 0.915 -0.410135 
0.829142 1 0.916588 1 0.915228 -0.41088 
0.82991 1 0.916801 1 0.915455 -0.411609 
0.830682 1 0.917013 1 0.915681 -0.41232 
0.831457 1 0.917224 1 0.915908 -0.413014 
0.832237 1 0.917434 1 0.916131 -0.413692 
0.83302 1 0.917643 1 0.916354 -0.414354 
0.833808 1 0.91785 1 0.916574 -0.415 
0.834599 1 0.918055 1 0.916792 -0.415633 
0.835395 1 0.918258 1 0.917008 -0.416249 
0.836195 1 0.918459 1 0.917223 -0.416853 
0.836999 1 0.918658 1 0.917434 -0.417439 
0.837807 1 0.918853 1 0.917641 -0.418012 
0.838619 1 0.919046 1 0.917847 -0.418573 
0.839434 1 0.919235 1 0.918048 -0.419121 
0.840254 1 0.919421 1 0.918245 -0.419657 
0.840148 1 0.919229 1 0.918211 -0.420187 
0.840113 1 0.919203 1 0.918201 -0.420692 
0.840093 1 0.91915 1 0.918184 -0.421189 
0.840074 1 0.919097 1 0.918157 -0.421671 
0.840055 1 0.919046 1 0.918127 -0.422145 
0.840038 1 0.918998 1 0.918093 -0.422607 
0.840026 1 0.918952 1 0.918058 -0.423059 
0.840018 1 0.918911 1 0.918024 -0.423499 
0.840015 1 0.918873 1 0.917992 -0.42393 
0.840018 1 0.918838 1 0.917961 -0.424347 
0.840025 1 0.918806 1 0.917934 -0.424757 
0.840036 1 0.918776 1 0.917908 -0.425155 
0.840052 1 0.918747 1 0.917883 -0.425546 
0.840072 1 0.91872 1 0.917862 -0.425926 
0.840098 1 0.918696 1 0.917842 -0.426299 
0.840129 1 0.918674 1 0.917825 -0.426663 
0.840165 1 0.918654 1 0.917809 -0.427018 
0.840205 1 0.918637 1 0.917796 -0.427364 
0.840252 1 0.918621 1 0.917784 -0.427701 
0.840304 1 0.918608 1 0.917777 -0.428029 
0.84036 1 0.918598 1 0.91777 -0.428351 
0.840423 1 0.918589 1 0.917765 -0.428662 
0.84049 1 0.918583 1 0.917762 -0.428968 
0.840563 1 0.918579 1 0.917763 -0.429267 
0.840643 1 0.918578 1 0.917765 -0.429559 
0.840727 1 0.918579 1 0.91777 -0.429842 
0.840819 1 0.918583 1 0.917778 -0.43012 
0.840915 1 0.918589 1 0.917788 -0.430388 
