0.303353 0 0.425093 0 0.425092 0.500001 
0.303121 0 0.427271 0 0.426984 0.499424 
0.302782 0 0.42942 0 0.42873 0.498882 
0.30239 0 0.431552 0 0.430393 0.498375 
0.301988 0 0.433676 0 0.43202 0.497907 
0.301589 0 0.435775 0 0.433629 0.497478 
0.301188 0 0.437841 0 0.435211 0.497088 
0.300792 0 0.43988 0 0.43677 0.496737 
0.300401 0 0.441892 0 0.438303 0.496424 
0.300007 0 0.443866 0 0.439807 0.496146 
0.299612 0 0.445801 0 0.441278 0.495901 
0.299223 0 0.447706 0 0.442721 0.495688 
0.298838 0 0.449577 0 0.444134 0.495502 
0.298452 0 0.451406 0 0.44551 0.495342 
0.298065 0 0.453194 0 0.446851 0.495204 
0.297686 0 0.454948 0 0.448159 0.495085 
0.297312 0 0.456666 0 0.449434 0.494984 
0.296937 0 0.45834 0 0.45067 0.494897 
0.296563 0 0.459972 0 0.451867 0.494822 
0.296196 0 0.461568 0 0.453032 0.494757 
0.295834 0 0.463129 0 0.454161 0.494699 
0.295472 0 0.464647 0 0.455252 0.494645 
0.295109 0 0.466123 0 0.456306 0.494595 
0.294903 0 0.467653 0 0.457517 0.494545 
0.295021 0 0.46952 0 0.458953 0.494495 
0.295325 0 0.47154 0 0.46052 0.494441 
0.295741 0 0.473631 0 0.46216 0.494382 
0.296231 0 0.475754 0 0.46384 0.494316 
0.296649 0 0.477764 0 0.465426 0.49424 
0.297203 0 0.479914 0 0.467085 0.494153 
0.297685 0 0.481962 0 0.468631 0.494053 
0.298127 0 0.483956 0 0.470098 0.493936 
0.298699 0 0.486064 0 0.471667 0.493799 
0.299333 0 0.488156 0 0.473315 0.493641 
0.300004 0 0.490239 0 0.475003 0.493457 
0.300699 0 0.492317 0 0.476711 0.493243 
0.30141 0 0.49439 0 0.478427 0.492997 
0.302131 0 0.496453 0 0.480147 0.492712 
0.302862 0 0.498511 0 0.481875 0.492383 
0.303612 0 0.500577 0 0.483619 0.492004 
0.304378 0 0.50265 0 0.485379 0.491568 
0.305152 0 0.504726 0 0.487154 0.491067 
0.305935 0 0.506807 0 0.488946 0.490491 
0.306734 0 0.508905 0 0.490761 0.48983 
0.307546 0 0.511021 0 0.492601 0.489069 
0.308366 0 0.513149 0 0.494463 0.488194 
0.309194 0 0.515292 0 0.496351 0.487187 
0.310036 0 0.517461 0 0.49827 0.486027 
0.310891 0 0.519656 0 0.50022 0.48469 
0.311753 0 0.521869 0 0.502199 0.483146 
0.312621 0 0.524103 0 0.504207 0.481362 
0.313504 0 0.526366 0 0.506248 0.479299 
0.314399 0 0.528655 0 0.508321 0.47691 
0.315301 0 0.530962 0 0.510421 0.474142 
0.316209 0 0.533285 0 0.512545 0.470934 
0.317131 0 0.535629 0 0.514695 0.467218 
0.318066 0 0.537986 0 0.516863 0.462917 
0.319007 0 0.54034 0 0.519039 0.457948 
0.319956 0 0.542684 0 0.521214 0.452225 
0.320919 0 0.545013 0 0.523381 0.445662 
0.321894 0 0.547309 0 0.525522 0.438179 
0.322876 0 0.549546 0 0.527616 0.429709 
0.323866 0 0.551704 0 0.529644 0.420206 
0.324869 0 0.553766 0 0.531584 0.409652 
0.325883 0 0.555706 0 0.533411 0.398065 
0.326902 0 0.557492 0 0.535096 0.385496 
0.327924 0 0.5591 0 0.536617 0.372033 
0.328956 0 0.560521 0 0.537958 0.357789 
0.329993 0 0.561737 0 0.539101 0.342897 
0.331027 0 0.562733 0 0.540033 0.327496 
0.332057 0 0.563504 0 0.540748 0.311723 
0.333089 0 0.564062 0 0.541251 0.295706 
0.334117 0 0.56441 0 0.541543 0.27956 
0.335134 0 0.56455 0 0.54163 0.263382 
0.336139 0 0.564496 0 0.541521 0.247255 
0.337137 0 0.564268 0 0.541234 0.231245 
0.338124 0 0.563879 0 0.540778 0.215405 
0.339094 0 0.563339 0 0.540163 0.199776 
0.340046 0 0.562661 0 0.539405 0.18439 
0.340986 0 0.561869 0 0.538521 0.169269 
0.34191 0 0.560974 0 0.53752 0.15443 
0.342812 0 0.559983 0 0.536412 0.139885 
0.343692 0 0.558909 0 0.535209 0.125642 
0.344556 0 0.557771 0 0.533924 0.111705 
0.345402 0 0.556576 0 0.532566 0.098075 
0.346221 0 0.555329 0 0.53114 0.0847527 
0.347015 0 0.554036 0 0.529653 0.0717361 
0.347788 0 0.552714 0 0.528117 0.0590227 
0.348537 0 0.551367 0 0.526536 0.046609 
0.349256 0 0.549994 0 0.524911 0.0344905 
0.349942 0 0.548601 0 0.523247 0.0226624 
0.350599 0 0.547197 0 0.521553 0.0111198 
0.351222 0 0.545785 0 0.51983 -0.000142887 
0.351593 0 0.543794 0 0.517756 -0.0111309 
0.351874 0 0.54145 0 0.51545 -0.0218497 
0.352112 0 0.538976 0 0.513087 -0.0323053 
0.352344 0 0.53653 0 0.510758 -0.042503 
0.352653 0 0.534177 0 0.508515 -0.0524486 
0.353013 0 0.531916 0 0.506338 -0.0621472 
0.353415 0 0.529747 0 0.504217 -0.0716044 
0.353845 0 0.527661 0 0.502141 -0.0808252 
0.354289 0 0.525648 0 0.500102 -0.0898147 
0.354743 0 0.523706 0 0.498097 -0.0985777 
0.35521 0 0.521841 0 0.496128 -0.107119 
0.355685 0 0.520049 0 0.494192 -0.115443 
0.356097 0 0.517992 0 0.492116 -0.123553 
0.356479 0 0.515791 0 0.489987 -0.131453 
0.356872 0 0.513567 0 0.487882 -0.139146 
0.357293 0 0.511382 0 0.485832 -0.146634 
0.357744 0 0.509255 0 0.483847 -0.153918 
0.358221 0 0.50719 0 0.481927 -0.160997 
0.358726 0 0.505194 0 0.480078 -0.167868 
0.359249 0 0.503268 0 0.4783 -0.174525 
0.35978 0 0.501411 0 0.476595 -0.180959 
0.360315 0 0.49963 0 0.47497 -0.187156 
0.360859 0 0.497941 0 0.473438 -0.193094 
0.361407 0 0.496352 0 0.472005 -0.198741 
0.361951 0 0.494867 0 0.470677 -0.204056 
0.362491 0 0.493501 0 0.46947 -0.208983 
0.363033 0 0.492279 0 0.468405 -0.213447 
0.363573 0 0.491222 0 0.467501 -0.217355 
0.364106 0 0.490352 0 0.466784 -0.220589 
0.364632 0 0.489703 0 0.466287 -0.223009 
0.365157 0 0.48932 0 0.46605 -0.224455 
0.365679 0 0.489245 0 0.466114 -0.224757 
0.366193 0 0.489512 0 0.466513 -0.223744 
0.366699 0 0.490156 0 0.467283 -0.221271 
0.367204 0 0.491213 0 0.468456 -0.217232 
0.367706 0 0.492692 0 0.47004 -0.211588 
0.3682 0 0.494581 0 0.472027 -0.204367 
0.368687 0 0.496859 0 0.474398 -0.195673 
0.369173 0 0.499495 0 0.477121 -0.185665 
0.369657 0 0.502443 0 0.480149 -0.174542 
0.370134 0 0.505641 0 0.48343 -0.162517 
0.370603 0 0.509039 0 0.486914 -0.149799 
0.371072 0 0.512595 0 0.490559 -0.136581 
0.37154 0 0.516262 0 0.494319 -0.12303 
0.371999 0 0.519995 0 0.498156 -0.109287 
0.37245 0 0.523762 0 0.502039 -0.0954651 
0.372901 0 0.527544 0 0.505948 -0.0816562 
0.373348 0 0.531317 0 0.50986 -0.0679308 
0.373787 0 0.535058 0 0.513755 -0.0543427 
0.374218 0 0.538753 0 0.517623 -0.040933 
0.374647 0 0.542398 0 0.521457 -0.0277317 
0.375072 0 0.545984 0 0.525248 -0.0147605 
0.375488 0 0.549497 0 0.528987 -0.00203491 
0.375894 0 0.552934 0 0.532671 0.0104347 
0.376298 0 0.556297 0 0.536301 0.0226418 
0.376696 0 0.559583 0 0.539874 0.0345828 
0.377084 0 0.562783 0 0.543384 0.0462565 
0.377461 0 0.565896 0 0.546831 0.057663 
0.378126 0 0.569392 0 0.55063 0.0688042 
0.378949 0 0.57301 0 0.554514 0.0796826 
0.379823 0 0.576569 0 0.558339 0.0903019 
0.3807 0 0.580029 0 0.562095 0.100666 
0.381581 0 0.583414 0 0.565796 0.110778 
0.382464 0 0.586728 0 0.569446 0.120645 
0.383345 0 0.589968 0 0.573046 0.13027 
0.384223 0 0.59314 0 0.576601 0.139658 
0.385107 0 0.596259 0 0.580121 0.148815 
0.385995 0 0.599327 0 0.58361 0.157746 
0.386854 0 0.60236 0 0.587056 0.166456 
0.387692 0 0.605337 0 0.590459 0.17495 
0.38852 0 0.608258 0 0.593826 0.183233 
0.389335 0 0.611126 0 0.597162 0.191311 
0.390134 0 0.613942 0 0.600468 0.199187 
0.390917 0 0.616709 0 0.603747 0.206867 
0.391692 0 0.619439 0 0.607003 0.214356 
0.392454 0 0.622129 0 0.610232 0.221658 
0.393195 0 0.624769 0 0.613427 0.228778 
0.393912 0 0.62736 0 0.616585 0.235719 
0.394608 0 0.629909 0 0.619706 0.242487 
0.395062 0 0.632102 0 0.621512 0.249084 
0.395422 0 0.634099 0 0.622685 0.255517 
0.39571 0 0.635688 0 0.624083 0.261787 
0.395935 0 0.63712 0 0.625615 0.267898 
0.396131 0 0.638487 0 0.627163 0.273855 
0.396324 0 0.639831 0 0.628698 0.279659 
0.396517 0 0.641153 0 0.630219 0.285315 
0.396716 0 0.642461 0 0.631732 0.290826 
0.39692 0 0.643752 0 0.633232 0.296192 
0.397095 0 0.644983 0 0.634744 0.301418 
0.397253 0 0.646171 0 0.636245 0.306506 
0.397408 0 0.647331 0 0.637736 0.311456 
0.397564 0 0.648467 0 0.639216 0.316272 
0.397718 0 0.649575 0 0.640683 0.320954 
0.397875 0 0.650658 0 0.642139 0.325503 
0.398044 0 0.651726 0 0.643589 0.32992 
0.398225 0 0.652779 0 0.645031 0.334206 
0.398411 0 0.653808 0 0.64646 0.338361 
0.398605 0 0.654816 0 0.647876 0.342383 
0.398814 0 0.65581 0 0.649283 0.346273 
0.399037 0 0.65679 0 0.65068 0.350028 
0.399267 0 0.657747 0 0.652061 0.353646 
0.399505 0 0.658683 0 0.653426 0.357124 
0.399758 0 0.659606 0 0.654779 0.36046 
0.400026 0 0.660513 0 0.656118 0.363648 
0.4003 0 0.661397 0 0.657437 0.366683 
0.400582 0 0.662257 0 0.658737 0.369559 
0.400879 0 0.663102 0 0.66002 0.372269 
0.401188 0 0.66393 0 0.661284 0.374804 
0.401503 0 0.66473 0 0.662523 0.377155 
0.401896 0 0.665805 0 0.663626 0.379311 
0.402291 0 0.666847 0 0.664552 0.381259 
0.402655 0 0.66779 0 0.6653 0.382985 
0.402989 0 0.668658 0 0.665927 0.384473 
0.403325 0 0.66948 0 0.666512 0.385705 
0.403668 0 0.670262 0 0.667059 0.386662 
0.404017 0 0.671002 0 0.667563 0.387322 
0.404366 0 0.671687 0 0.668017 0.387659 
0.404665 0 0.672296 0 0.668385 0.387647 
0.404943 0 0.672844 0 0.668678 0.387255 
0.405227 0 0.673333 0 0.668914 0.386451 
0.405511 0 0.673751 0 0.669082 0.385197 
0.405817 0 0.674057 0 0.669109 0.383454 
0.406178 0 0.674367 0 0.669157 0.38118 
0.406558 0 0.674587 0 0.669123 0.378329 
0.40693 0 0.67468 0 0.668964 0.374854 
0.407334 0 0.674683 0 0.668704 0.370707 
0.40773 0 0.674554 0 0.668323 0.365842 
0.408126 0 0.674282 0 0.667804 0.360215 
0.408517 0 0.673848 0 0.667128 0.353788 
0.408908 0 0.673242 0 0.666283 0.346531 
0.409307 0 0.672461 0 0.665263 0.338428 
0.409712 0 0.671492 0 0.664055 0.329479 
0.410117 0 0.670321 0 0.662647 0.319698 
0.410524 0 0.668945 0 0.661038 0.309122 
0.410938 0 0.667371 0 0.659232 0.297805 
0.41136 0 0.665603 0 0.657232 0.285817 
0.411781 0 0.663641 0 0.655043 0.273241 
0.412202 0 0.661499 0 0.652677 0.260171 
0.412629 0 0.659203 0 0.650157 0.246702 
0.413062 0 0.656769 0 0.6475 0.232929 
0.413491 0 0.654213 0 0.644722 0.218944 
0.413919 0 0.651556 0 0.641845 0.204831 
0.414352 0 0.64883 0 0.638896 0.190666 
0.414788 0 0.646052 0 0.635894 0.176513 
0.41522 0 0.643236 0 0.632852 0.162428 
0.415648 0 0.6404 0 0.62979 0.148458 
0.41608 0 0.637568 0 0.626728 0.134641 
0.416514 0 0.634753 0 0.623678 0.121007 
0.416942 0 0.631959 0 0.620646 0.10758 
0.417366 0 0.629199 0 0.617646 0.0943787 
0.417792 0 0.626488 0 0.614689 0.0814171 
0.418217 0 0.623833 0 0.611781 0.0687051 
0.418633 0 0.621231 0 0.608925 0.0562495 
0.419042 0 0.61869 0 0.606126 0.0440549 
0.419446 0 0.61622 0 0.603392 0.0321236 
0.419843 0 0.613822 0 0.600726 0.0204564 
0.420221 0 0.611491 0 0.598126 0.00905264 
0.420579 0 0.609229 0 0.595596 -0.00208927 
0.420915 0 0.607041 0 0.593141 -0.0129717 
0.421222 0 0.604927 0 0.590761 -0.0235978 
0.421557 0 0.602925 0 0.588474 -0.033971 
0.421918 0 0.601045 0 0.586291 -0.0440952 
0.422307 0 0.599289 0 0.584211 -0.0539747 
0.422716 0 0.597647 0 0.582224 -0.0636136 
0.423133 0 0.596107 0 0.58032 -0.0730166 
0.423374 0 0.594049 0 0.57813 -0.0821884 
0.42347 0 0.591603 0 0.575632 -0.0911336 
0.423487 0 0.589015 0 0.573068 -0.099857 
0.423472 0 0.586465 0 0.570572 -0.108364 
0.423484 0 0.584027 0 0.568166 -0.116659 
0.423523 0 0.581695 0 0.565844 -0.124748 
0.423582 0 0.579466 0 0.563601 -0.132634 
0.423654 0 0.577331 0 0.561429 -0.140322 
0.423738 0 0.575289 0 0.559325 -0.147818 
0.423839 0 0.573342 0 0.557289 -0.155125 
0.423955 0 0.571486 0 0.555318 -0.162247 
0.424079 0 0.569713 0 0.553405 -0.169189 
0.424212 0 0.568021 0 0.551548 -0.175955 
0.424358 0 0.566415 0 0.549751 -0.182548 
0.424482 0 0.564732 0 0.547943 -0.188971 
0.424581 0 0.562983 0 0.546115 -0.195227 
0.42467 0 0.561211 0 0.544296 -0.20132 
0.424768 0 0.559459 0 0.542513 -0.20725 
0.424884 0 0.557741 0 0.540775 -0.21302 
0.425017 0 0.556055 0 0.53908 -0.218629 
0.425171 0 0.554398 0 0.537428 -0.224078 
0.425355 0 0.552773 0 0.535824 -0.229362 
0.425566 0 0.551181 0 0.53427 -0.234477 
0.4258 0 0.54962 0 0.532768 -0.239414 
0.426057 0 0.5481 0 0.531329 -0.24416 
0.426342 0 0.54664 0 0.529968 -0.248696 
0.426652 0 0.545251 0 0.528695 -0.252993 
0.426978 0 0.543942 0 0.52752 -0.257011 
0.427319 0 0.542732 0 0.526461 -0.260697 
0.427678 0 0.541649 0 0.525543 -0.263975 
0.428052 0 0.54072 0 0.52479 -0.26675 
0.428432 0 0.53997 0 0.524229 -0.268897 
0.428818 0 0.539441 0 0.523899 -0.270264 
0.429213 0 0.539186 0 0.523852 -0.270672 
0.429615 0 0.539253 0 0.524132 -0.269926 
0.430015 0 0.539687 0 0.524786 -0.267832 
0.430414 0 0.540531 0 0.525858 -0.26422 
0.430818 0 0.541826 0 0.527384 -0.258973 
0.431224 0 0.543583 0 0.529375 -0.25205 
0.431611 0 0.545776 0 0.531807 -0.243495 
0.432372 0 0.548969 0 0.535183 -0.233439 
0.433346 0 0.552784 0 0.53914 -0.222069 
0.434405 0 0.556947 0 0.543439 -0.20961 
0.435489 0 0.561354 0 0.548009 -0.196298 
0.436568 0 0.565952 0 0.552777 -0.182355 
0.437649 0 0.570694 0 0.557696 -0.16798 
0.438732 0 0.575532 0 0.562719 -0.153342 
0.439809 0 0.580418 0 0.567803 -0.138579 
0.440884 0 0.58532 0 0.572917 -0.1238 
0.441964 0 0.590217 0 0.57804 -0.109091 
0.443047 0 0.595088 0 0.58315 -0.0945165 
0.444126 0 0.599907 0 0.588226 -0.0801255 
0.445174 0 0.604692 0 0.59332 -0.0659539 
0.446197 0 0.609392 0 0.598366 -0.0520271 
0.447224 0 0.614014 0 0.603354 -0.0383632 
0.448248 0 0.618544 0 0.608275 -0.0249743 
0.449271 0 0.622978 0 0.613125 -0.0118677 
0.450268 0 0.627229 0 0.617802 0.000952089 
0.451256 0 0.631445 0 0.62246 0.013484 
0.452221 0 0.635527 0 0.627013 0.0257281 
0.453158 0 0.639463 0 0.631458 0.0376865 
0.454108 0 0.643302 0 0.635835 0.0493621 
0.455062 0 0.647042 0 0.640139 0.060759 
0.456011 0 0.650677 0 0.644369 0.0718812 
0.456921 0 0.6542 0 0.648548 0.0827337 
0.457807 0 0.657601 0 0.652611 0.0933216 
0.458676 0 0.660889 0 0.656585 0.10365 
0.459526 0 0.664067 0 0.660484 0.113725 
0.46036 0 0.667144 0 0.664314 0.123551 
0.461186 0 0.670134 0 0.668084 0.133134 
0.462003 0 0.673041 0 0.671795 0.14248 
0.462804 0 0.675859 0 0.675448 0.151594 
0.463592 0 0.678595 0 0.679047 0.160481 
0.464372 0 0.681261 0 0.6826 0.169148 
0.464915 0 0.683519 0 0.684432 0.177597 
0.465342 0 0.685609 0 0.685525 0.185837 
0.465597 0 0.687089 0 0.686915 0.193871 
0.465766 0 0.688378 0 0.688377 0.201705 
0.465899 0 0.689596 0 0.689847 0.209343 
0.466027 0 0.690787 0 0.691306 0.21679 
0.46615 0 0.691953 0 0.692757 0.224051 
0.466236 0 0.693066 0 0.69422 0.23113 
0.466298 0 0.694141 0 0.695681 0.238031 
0.466356 0 0.695194 0 0.697134 0.24476 
0.466398 0 0.696218 0 0.698597 0.251319 
0.466437 0 0.697224 0 0.700067 0.257714 
0.466475 0 0.698213 0 0.701538 0.263948 
0.466511 0 0.699183 0 0.703012 0.270025 
0.466548 0 0.700135 0 0.704491 0.275947 
0.466596 0 0.701082 0 0.70598 0.28172 
0.466655 0 0.702022 0 0.707477 0.287346 
0.466721 0 0.702949 0 0.708978 0.292828 
0.466795 0 0.703861 0 0.710483 0.29817 
0.466885 0 0.70477 0 0.711995 0.303373 
0.46699 0 0.705673 0 0.713511 0.308441 
0.467104 0 0.706562 0 0.715027 0.313376 
0.467228 0 0.707438 0 0.716541 0.31818 
0.467369 0 0.708309 0 0.718058 0.322855 
0.467526 0 0.709173 0 0.719573 0.327403 
0.467692 0 0.710024 0 0.721084 0.331825 
0.467869 0 0.710861 0 0.722588 0.336122 
0.468063 0 0.711694 0 0.72409 0.340296 
0.468273 0 0.71252 0 0.725588 0.344346 
0.468492 0 0.713333 0 0.727076 0.348273 
0.468721 0 0.714134 0 0.728556 0.352077 
0.468968 0 0.71493 0 0.73003 0.355757 
0.46923 0 0.715721 0 0.731496 0.359311 
0.469501 0 0.716499 0 0.732949 0.362738 
0.469782 0 0.717264 0 0.734389 0.366036 
0.47008 0 0.718026 0 0.735821 0.369202 
0.47051 0 0.719441 0 0.737553 0.372232 
0.470938 0 0.72081 0 0.739236 0.375121 
0.471365 0 0.722133 0 0.74087 0.377866 
0.471798 0 0.723418 0 0.742458 0.38046 
0.472234 0 0.724664 0 0.744 0.382896 
0.472704 0 0.725883 0 0.745054 0.385166 
0.473145 0 0.727052 0 0.745741 0.387264 
0.473566 0 0.728207 0 0.746241 0.389177 
0.473983 0 0.729326 0 0.746843 0.390894 
0.474396 0 0.730403 0 0.747446 0.392405 
0.474797 0 0.731418 0 0.747997 0.393695 
0.475262 0 0.732455 0 0.748549 0.394749 
0.475649 0 0.733399 0 0.749015 0.395551 
0.476089 0 0.734335 0 0.74946 0.396083 
0.476506 0 0.735205 0 0.749859 0.396325 
0.476916 0 0.736026 0 0.750207 0.396256 
0.477325 0 0.736796 0 0.750499 0.395854 
0.477727 0 0.73751 0 0.750729 0.395092 
0.478128 0 0.738165 0 0.750895 0.393944 
0.478534 0 0.738769 0 0.751001 0.39238 
0.478945 0 0.739314 0 0.751041 0.390371 
0.479355 0 0.739789 0 0.751005 0.387883 
0.479765 0 0.740187 0 0.750889 0.384881 
0.480184 0 0.740509 0 0.750689 0.38133 
0.480608 0 0.740746 0 0.750395 0.377193 
0.481032 0 0.74088 0 0.749993 0.372435 
0.481457 0 0.740902 0 0.749475 0.367019 
0.48189 0 0.74081 0 0.748833 0.360916 
0.482329 0 0.740592 0 0.748055 0.354097 
0.482768 0 0.740229 0 0.747127 0.346542 
0.483208 0 0.73971 0 0.746038 0.338242 
0.483656 0 0.739036 0 0.744786 0.329198 
0.48411 0 0.738196 0 0.743361 0.319423 
0.484563 0 0.737179 0 0.741754 0.308945 
0.485016 0 0.735983 0 0.739967 0.297809 
0.485476 0 0.734619 0 0.738006 0.286068 
0.48594 0 0.73309 0 0.735875 0.273789 
0.486403 0 0.731399 0 0.733583 0.261047 
0.486864 0 0.729558 0 0.731142 0.247922 
0.487331 0 0.727591 0 0.728574 0.234494 
0.487801 0 0.725514 0 0.725894 0.220842 
0.488268 0 0.723338 0 0.723118 0.207042 
0.488731 0 0.721082 0 0.720265 0.193162 
0.489199 0 0.718772 0 0.717358 0.179264 
0.489668 0 0.716425 0 0.714413 0.165402 
0.490133 0 0.714049 0 0.711444 0.151623 
0.490593 0 0.711661 0 0.708465 0.137966 
0.491055 0 0.709282 0 0.705494 0.124464 
0.491516 0 0.706922 0 0.702541 0.111142 
0.49197 0 0.704585 0 0.699613 0.0980212 
0.492195 0 0.701559 0 0.69625 0.0851199 
0.492253 0 0.698104 0 0.692621 0.0724486 
0.492227 0 0.694523 0 0.688958 0.0600176 
0.492213 0 0.69103 0 0.685369 0.0478333 
0.492211 0 0.687622 0 0.681859 0.0359004 
0.492226 0 0.684315 0 0.678438 0.0242214 
0.492255 0 0.681111 0 0.675109 0.0127975 
0.492293 0 0.678008 0 0.671874 0.00162879 
0.492341 0 0.675012 0 0.668735 -0.00928581 
0.492405 0 0.672131 0 0.6657 -0.0199476 
0.492484 0 0.669366 0 0.662769 -0.0303594 
0.492571 0 0.666711 0 0.659938 -0.0405238 
0.492668 0 0.664167 0 0.65721 -0.0504443 
0.492782 0 0.661742 0 0.654586 -0.0601246 
0.492911 0 0.659432 0 0.652064 -0.0695688 
0.49305 0 0.657228 0 0.649638 -0.0787811 
0.493199 0 0.655129 0 0.647306 -0.0877663 
0.493295 0 0.652914 0 0.644988 -0.0965291 
0.493344 0 0.650613 0 0.642664 -0.105074 
0.493358 0 0.648288 0 0.640364 -0.113407 
0.493357 0 0.645997 0 0.63812 -0.121531 
0.493356 0 0.643773 0 0.635947 -0.129451 
0.493362 0 0.641618 0 0.633841 -0.137172 
0.493368 0 0.639518 0 0.631789 -0.144698 
0.493377 0 0.637461 0 0.629783 -0.152032 
0.493395 0 0.635446 0 0.62782 -0.159179 
0.493421 0 0.633467 0 0.625897 -0.166142 
0.493452 0 0.631514 0 0.624007 -0.172924 
0.493488 0 0.629584 0 0.62215 -0.179527 
0.493539 0 0.627682 0 0.620329 -0.185953 
0.493606 0 0.625803 0 0.61854 -0.192205 
0.493684 0 0.623937 0 0.616778 -0.198281 
0.493777 0 0.622082 0 0.615046 -0.20418 
0.493892 0 0.620245 0 0.613349 -0.209901 
0.49403 0 0.618424 0 0.611688 -0.215437 
0.494186 0 0.616619 0 0.610065 -0.220779 
0.494362 0 0.614835 0 0.60849 -0.225914 
0.494564 0 0.613092 0 0.606977 -0.230822 
0.49479 0 0.6114 0 0.605537 -0.235474 
0.495031 0 0.609771 0 0.604183 -0.239829 
0.495289 0 0.608226 0 0.602936 -0.243831 
0.495566 0 0.606797 0 0.601823 -0.247406 
0.49586 0 0.605512 0 0.600873 -0.250454 
0.496162 0 0.604402 0 0.600115 -0.252848 
0.49647 0 0.603509 0 0.599593 -0.254432 
0.496788 0 0.602889 0 0.599359 -0.255025 
0.497115 0 0.602591 0 0.599462 -0.254428 
0.497441 0 0.602659 0 0.599949 -0.252445 
0.497767 0 0.603138 0 0.600865 -0.24891 
0.498097 0 0.604065 0 0.602245 -0.243712 
0.498429 0 0.605448 0 0.6041 -0.236819 
0.49874 0 0.607258 0 0.6064 -0.228291 
0.499053 0 0.609471 0 0.609133 -0.218271 
0.499808 0 0.612806 0 0.612933 -0.206959 
0.500773 0 0.61663 0 0.617205 -0.194587 
0.501798 0 0.620645 0 0.62169 -0.181393 
0.502815 0 0.624836 0 0.626371 -0.167602 
0.503835 0 0.629158 0 0.631202 -0.153408 
0.504855 0 0.633566 0 0.636135 -0.138978 
0.50587 0 0.638013 0 0.641131 -0.124444 
0.506882 0 0.642468 0 0.646159 -0.109912 
0.507898 0 0.646915 0 0.651199 -0.0954626 
0.508916 0 0.651332 0 0.656229 -0.0811578 
0.509932 0 0.655695 0 0.661232 -0.0670428 
0.510945 0 0.659993 0 0.666195 -0.0531508 
0.511963 0 0.664225 0 0.671114 -0.0395055 
0.512986 0 0.668382 0 0.675981 -0.026123 
0.514005 0 0.672451 0 0.680789 -0.0130142 
0.515022 0 0.676428 0 0.685533 -0.00018528 
0.516045 0 0.68032 0 0.690216 0.0123604 
0.517071 0 0.684123 0 0.694835 0.0246218 
0.518094 0 0.687829 0 0.699387 0.0365999 
0.519082 0 0.691507 0 0.704043 0.048297 
0.520034 0 0.695065 0 0.708647 0.0597164 
0.520968 0 0.698433 0 0.71305 0.070862 
0.52186 0 0.701671 0 0.717329 0.0817383 
0.522718 0 0.70476 0 0.721495 0.0923503 
0.523556 0 0.707723 0 0.725575 0.102703 
0.524378 0 0.71058 0 0.729584 0.112802 
0.525181 0 0.713336 0 0.733528 0.122652 
0.525968 0 0.715999 0 0.737412 0.13226 
0.526747 0 0.71858 0 0.74124 0.14163 
0.527517 0 0.721079 0 0.74501 0.150767 
0.52827 0 0.723488 0 0.748719 0.159678 
0.529008 0 0.725812 0 0.752371 0.168367 
0.529628 0 0.727955 0 0.754936 0.176842 
0.530154 0 0.729972 0 0.756747 0.185104 
0.530562 0 0.731562 0 0.758384 0.19316 
0.53093 0 0.733073 0 0.759979 0.201015 
0.531208 0 0.734465 0 0.761587 0.208675 
0.531489 0 0.735848 0 0.763181 0.216142 
0.531764 0 0.737214 0 0.764758 0.223424 
0.532038 0 0.738565 0 0.766321 0.230523 
0.532316 0 0.739912 0 0.767876 0.237444 
0.532539 0 0.741205 0 0.769465 0.244193 
0.53272 0 0.742454 0 0.771051 0.250772 
0.532901 0 0.743689 0 0.772626 0.257187 
0.533237 0 0.745134 0 0.774011 0.26344 
0.533636 0 0.746694 0 0.775534 0.269537 
0.534052 0 0.748275 0 0.777039 0.27548 
0.53457 0 0.74998 0 0.778509 0.281274 
0.534963 0 0.751509 0 0.780018 0.286922 
0.535463 0 0.753159 0 0.781456 0.292428 
0.536017 0 0.754855 0 0.782863 0.297794 
0.53643 0 0.75637 0 0.784322 0.303023 
0.536921 0 0.757958 0 0.785666 0.30812 
0.53738 0 0.759518 0 0.787044 0.313086 
0.537807 0 0.761039 0 0.788364 0.317925 
0.538311 0 0.76264 0 0.789649 0.322638 
0.53872 0 0.764135 0 0.790915 0.327229 
0.539203 0 0.765681 0 0.792125 0.331699 
0.539637 0 0.767164 0 0.793342 0.33605 
0.54004 0 0.768601 0 0.794512 0.340285 
0.540453 0 0.77003 0 0.795646 0.344405 
0.540844 0 0.771426 0 0.796739 0.348411 
0.541215 0 0.772789 0 0.797789 0.352304 
0.541571 0 0.774126 0 0.798798 0.356086 
0.541925 0 0.775448 0 0.799778 0.359757 
0.542276 0 0.776755 0 0.800729 0.363317 
0.542619 0 0.778041 0 0.801647 0.366766 
0.542955 0 0.779305 0 0.802535 0.370105 
0.543292 0 0.780556 0 0.803396 0.373332 
0.543628 0 0.781793 0 0.804228 0.376447 
0.543957 0 0.783007 0 0.805027 0.379447 
0.544279 0 0.784198 0 0.805795 0.38233 
0.544602 0 0.785377 0 0.806535 0.385095 
0.544924 0 0.78654 0 0.807244 0.387738 
0.545239 0 0.78768 0 0.80792 0.390255 
0.545547 0 0.788797 0 0.80856 0.392641 
0.545856 0 0.789898 0 0.80917 0.394893 
0.546164 0 0.790982 0 0.809746 0.397003 
0.546463 0 0.79204 0 0.810284 0.398966 
0.546755 0 0.793072 0 0.810783 0.400774 
0.547047 0 0.794084 0 0.811245 0.402417 
0.547336 0 0.795076 0 0.811668 0.403889 
0.547616 0 0.796036 0 0.812046 0.405176 
0.547888 0 0.796964 0 0.812378 0.406269 
0.548157 0 0.797866 0 0.812666 0.407155 
0.548423 0 0.79874 0 0.812904 0.407819 
0.54882 0 0.79989 0 0.813357 0.408247 
0.549298 0 0.801095 0 0.813872 0.408422 
0.549806 0 0.802254 0 0.814328 0.408326 
0.550315 0 0.803353 0 0.814701 0.407939 
0.550823 0 0.804405 0 0.815022 0.407241 
0.55133 0 0.805408 0 0.815289 0.406209 
0.551844 0 0.806368 0 0.815503 0.404817 
0.552362 0 0.807279 0 0.815656 0.403041 
0.552881 0 0.808131 0 0.815746 0.400851 
0.553399 0 0.808908 0 0.815754 0.398218 
0.553921 0 0.809611 0 0.81567 0.39511 
0.554444 0 0.810232 0 0.815486 0.391495 
0.554964 0 0.810759 0 0.815196 0.387341 
0.555481 0 0.811184 0 0.814795 0.382613 
0.556004 0 0.811509 0 0.81428 0.37728 
0.55653 0 0.81172 0 0.81364 0.371312 
0.557054 0 0.811799 0 0.812862 0.364684 
0.557575 0 0.811737 0 0.811938 0.357374 
0.558102 0 0.811531 0 0.810861 0.349371 
0.558631 0 0.811171 0 0.809623 0.340671 
0.559157 0 0.810642 0 0.808215 0.331278 
0.559681 0 0.809939 0 0.806635 0.321214 
0.560208 0 0.809068 0 0.804885 0.310507 
0.560737 0 0.808029 0 0.802965 0.2992 
0.561261 0 0.806817 0 0.80088 0.287347 
0.561781 0 0.80544 0 0.798637 0.275009 
0.562303 0 0.803918 0 0.796253 0.262254 
0.562826 0 0.802262 0 0.79374 0.249153 
0.563343 0 0.800481 0 0.791111 0.23578 
0.563854 0 0.798592 0 0.788384 0.222206 
0.564365 0 0.796622 0 0.78558 0.208497 
0.564875 0 0.794585 0 0.782714 0.194715 
0.565377 0 0.792494 0 0.779801 0.180919 
0.565872 0 0.790364 0 0.776858 0.167156 
0.566365 0 0.78822 0 0.773902 0.15347 
0.566586 0 0.785039 0 0.770378 0.1399 
0.566606 0 0.781238 0 0.766515 0.126474 
0.56653 0 0.777261 0 0.762613 0.113219 
0.566468 0 0.773356 0 0.758755 0.100155 
0.566417 0 0.769524 0 0.75495 0.0872993 
0.566371 0 0.76577 0 0.751209 0.0746646 
0.566334 0 0.762107 0 0.747543 0.0622614 
0.566311 0 0.758552 0 0.743965 0.0500971 
0.566302 0 0.755108 0 0.740478 0.0381773 
0.566301 0 0.751776 0 0.737087 0.0265055 
0.56631 0 0.74856 0 0.733796 0.0150843 
0.566335 0 0.745469 0 0.730611 0.00391442 
0.566375 0 0.742506 0 0.727534 -0.00700402 
0.566424 0 0.739666 0 0.724564 -0.017672 
0.566483 0 0.736951 0 0.721703 -0.028091 
0.56656 0 0.734367 0 0.718954 -0.0382631 
0.566653 0 0.731913 0 0.716313 -0.0481914 
0.566756 0 0.729579 0 0.713777 -0.0578793 
0.566871 0 0.727364 0 0.711342 -0.0673303 
0.567003 0 0.725271 0 0.709008 -0.0765489 
0.567151 0 0.723294 0 0.70677 -0.0855396 
0.567307 0 0.721426 0 0.704621 -0.0943068 
0.567473 0 0.719663 0 0.702557 -0.102855 
0.567577 0 0.717623 0 0.700439 -0.111188 
0.567632 0 0.715434 0 0.698298 -0.119311 
0.567657 0 0.713221 0 0.696192 -0.127227 
0.567674 0 0.711059 0 0.694153 -0.134941 
0.567703 0 0.708979 0 0.692188 -0.142455 
0.567744 0 0.706967 0 0.690279 -0.149773 
0.567794 0 0.705 0 0.688409 -0.156896 
0.567855 0 0.703059 0 0.686567 -0.163826 
0.567933 0 0.701142 0 0.684751 -0.170565 
0.56803 0 0.699243 0 0.68296 -0.17711 
0.568141 0 0.697355 0 0.681192 -0.183459 
0.568271 0 0.69548 0 0.67945 -0.189609 
0.568426 0 0.693628 0 0.677743 -0.195549 
0.568608 0 0.691801 0 0.676075 -0.201269 
0.56881 0 0.690001 0 0.674452 -0.206749 
0.569034 0 0.688239 0 0.672887 -0.211963 
0.569284 0 0.686538 0 0.671399 -0.216872 
0.569559 0 0.684916 0 0.670005 -0.221424 
0.56985 0 0.683392 0 0.668726 -0.225547 
0.570155 0 0.681996 0 0.667591 -0.229148 
0.570479 0 0.68077 0 0.666638 -0.232104 
0.570819 0 0.679755 0 0.665904 -0.234265 
0.571166 0 0.678991 0 0.665432 -0.235453 
0.571518 0 0.678529 0 0.665273 -0.235472 
0.57188 0 0.678427 0 0.665479 -0.234121 
0.57225 0 0.678729 0 0.666094 -0.231228 
0.572619 0 0.679461 0 0.667146 -0.226671 
0.572988 0 0.680636 0 0.668651 -0.220404 
0.573363 0 0.682254 0 0.670608 -0.212474 
0.573722 0 0.684276 0 0.672973 -0.203012 
0.574084 0 0.686659 0 0.675721 -0.192215 
0.574405 0 0.68933 0 0.678768 -0.180315 
0.574749 0 0.692256 0 0.682103 -0.167555 
0.575489 0 0.696018 0 0.686205 -0.154162 
0.576426 0 0.700099 0 0.690601 -0.140338 
0.57743 0 0.704239 0 0.695075 -0.126255 
0.578478 0 0.708432 0 0.699641 -0.112049 
0.579529 0 0.71265 0 0.704252 -0.0978302 
0.580575 0 0.716863 0 0.708881 -0.0836816 
0.581619 0 0.721049 0 0.713512 -0.069667 
0.582668 0 0.725203 0 0.718134 -0.0558334 
0.583721 0 0.729309 0 0.722733 -0.042215 
0.58477 0 0.733353 0 0.727299 -0.0288362 
0.585819 0 0.737325 0 0.731827 -0.0157138 
0.586873 0 0.74123 0 0.736316 -0.00285876 
0.587932 0 0.745061 0 0.740761 0.00972223 
0.588988 0 0.748807 0 0.745158 0.0220256 
0.589999 0 0.752523 0 0.749611 0.0340502 
0.590977 0 0.756146 0 0.754037 0.045797 
0.591959 0 0.759684 0 0.758416 0.0572683 
0.592938 0 0.763129 0 0.762749 0.068467 
0.593871 0 0.76628 0 0.766834 0.0793971 
0.594782 0 0.769385 0 0.77089 0.0900631 
0.595678 0 0.772395 0 0.774894 0.10047 
0.59655 0 0.775295 0 0.778838 0.110622 
0.597419 0 0.778102 0 0.78274 0.120526 
0.598291 0 0.780828 0 0.786604 0.130185 
0.599127 0 0.783457 0 0.790446 0.139606 
0.599964 0 0.785988 0 0.794215 0.148794 
0.600787 0 0.788474 0 0.79798 0.157755 
0.601599 0 0.790874 0 0.801699 0.166493 
0.602395 0 0.79318 0 0.805368 0.175013 
0.60317 0 0.795396 0 0.808998 0.183322 
0.603929 0 0.797533 0 0.812599 0.191424 
0.60468 0 0.799604 0 0.816179 0.199324 
0.605351 0 0.801519 0 0.81858 0.207028 
0.605933 0 0.803277 0 0.820054 0.21454 
0.606415 0 0.804722 0 0.821241 0.221863 
0.60682 0 0.805957 0 0.822452 0.229003 
0.607116 0 0.807057 0 0.823755 0.235965 
0.607407 0 0.808146 0 0.825057 0.242753 
0.607696 0 0.809226 0 0.82636 0.249372 
0.60799 0 0.810306 0 0.827666 0.255825 
0.608288 0 0.811386 0 0.828976 0.262116 
0.608511 0 0.812405 0 0.830348 0.26825 
0.608687 0 0.813389 0 0.831751 0.27423 
0.608871 0 0.814377 0 0.833163 0.28006 
0.609061 0 0.815366 0 0.83458 0.285744 
0.60925 0 0.816349 0 0.836002 0.291285 
0.609528 0 0.817512 0 0.837264 0.296688 
0.609855 0 0.818759 0 0.83846 0.301954 
0.610204 0 0.820045 0 0.839611 0.307088 
0.610556 0 0.821344 0 0.840736 0.312092 
0.610924 0 0.82266 0 0.841852 0.31697 
0.611291 0 0.823982 0 0.842969 0.321724 
0.611658 0 0.825307 0 0.844074 0.326357 
0.612015 0 0.826622 0 0.845158 0.330872 
0.612365 0 0.827926 0 0.846219 0.335271 
0.612715 0 0.82923 0 0.847258 0.339557 
0.613065 0 0.830533 0 0.848273 0.343731 
0.613406 0 0.831826 0 0.849266 0.347797 
0.613741 0 0.833109 0 0.850235 0.351756 
0.614077 0 0.834391 0 0.851184 0.355609 
0.614412 0 0.835671 0 0.85211 0.359359 
0.61474 0 0.836939 0 0.853012 0.363007 
0.615062 0 0.838196 0 0.85389 0.366554 
0.615385 0 0.839451 0 0.854745 0.370002 
0.615707 0 0.840702 0 0.855576 0.37335 
0.616022 0 0.841941 0 0.856382 0.3766 
0.61633 0 0.843169 0 0.857162 0.379753 
0.61664 0 0.844394 0 0.857919 0.382808 
0.616949 0 0.845615 0 0.858649 0.385764 
0.61725 0 0.846824 0 0.859352 0.388623 
0.617545 0 0.848021 0 0.860028 0.391383 
0.617841 0 0.849215 0 0.860678 0.394042 
0.618136 0 0.850404 0 0.861299 0.3966 
0.618423 0 0.85158 0 0.861891 0.399054 
0.618703 0 0.852744 0 0.862452 0.401402 
0.618984 0 0.853903 0 0.862983 0.403642 
0.619264 0 0.855056 0 0.863483 0.405769 
0.619535 0 0.856194 0 0.863948 0.40778 
0.6198 0 0.857317 0 0.864379 0.409671 
0.620064 0 0.858432 0 0.864776 0.411436 
0.620325 0 0.859538 0 0.865134 0.41307 
0.620578 0 0.860626 0 0.865454 0.414567 
0.620822 0 0.861693 0 0.865732 0.415919 
0.621065 0 0.862749 0 0.865969 0.417118 
0.621305 0 0.863789 0 0.866161 0.418156 
0.621745 0 0.865287 0 0.866734 0.419022 
0.622246 0 0.866755 0 0.867285 0.419708 
0.622754 0 0.868105 0 0.867699 0.420201 
0.623307 0 0.869457 0 0.868047 0.420489 
0.623858 0 0.87078 0 0.868357 0.420558 
0.624128 1 0.870431 0 0.869306 0.420389 
0.624482 1 0.870635 0 0.870433 0.419681 
0.624804 1 0.87084 0 0.871395 0.418343 
0.625127 0 0.870918 0 0.872219 0.416283 
0.625449 0 0.870936 0 0.872971 0.413881 
0.625761 0 0.871391 1 0.872855 0.411119 
0.626428 1 0.87132 1 0.873171 0.407256 
0.627347 1 0.871537 1 0.873458 0.401476 
0.628631 1 0.871908 1 0.873875 0.393527 
0.630301 1 0.872488 1 0.874402 0.383332 
0.632348 1 0.873285 1 0.875068 0.370964 
0.634732 1 0.874267 1 0.875855 0.35672 
0.637385 1 0.875382 1 0.876735 0.341038 
0.640229 1 0.87657 1 0.87767 0.324381 
0.643157 1 0.877764 1 0.878625 0.307168 
0.646152 1 0.878929 1 0.879587 0.289738 
0.64917 1 0.880051 1 0.880517 0.272332 
0.652191 1 0.881121 1 0.881411 0.255098 
0.655205 1 0.882137 1 0.882265 0.238118 
0.658204 1 0.8831 1 0.883082 0.221442 
0.661183 1 0.884016 1 0.88386 0.205094 
0.664136 1 0.884884 1 0.8846 0.189094 
0.667297 1 0.885674 1 0.88529 0.17343 
0.670668 1 0.88638 1 0.886248 0.158145 
0.674162 1 0.887189 1 0.887404 0.143231 
0.677696 1 0.888071 1 0.888611 0.128669 
0.681191 1 0.889029 1 0.889707 0.114462 
0.684639 1 0.889943 1 0.890703 0.100599 
0.688037 1 0.890821 1 0.891635 0.0870742 
0.691383 1 0.891674 1 0.892518 0.0738815 
0.694675 1 0.892499 1 0.893358 0.0610126 
0.697914 1 0.893293 1 0.894157 0.0484625 
0.701098 1 0.894058 1 0.894921 0.0362237 
0.704229 1 0.894794 1 0.89565 0.0242856 
0.707306 1 0.8955 1 0.896347 0.0126445 
0.710328 1 0.896179 1 0.897015 0.00129185 
0.713298 1 0.896832 1 0.897655 -0.00977809 
0.716214 1 0.897458 1 0.898267 -0.0205739 
0.719077 1 0.89806 1 0.898855 -0.0311018 
0.721888 1 0.898639 1 0.899419 -0.0413669 
0.724647 1 0.899197 1 0.899959 -0.0513761 
0.727354 1 0.899732 1 0.900479 -0.0611367 
0.73001 1 0.900249 1 0.900978 -0.0706532 
0.732616 1 0.900746 1 0.901458 -0.0799338 
0.735172 1 0.901224 1 0.901919 -0.0889835 
0.737678 1 0.901686 1 0.902363 -0.0978062 
0.740136 1 0.902131 1 0.90279 -0.106409 
0.742546 1 0.902559 1 0.903201 -0.114798 
0.744908 1 0.902973 1 0.903597 -0.122977 
0.747223 1 0.903372 1 0.90398 -0.130952 
0.749492 1 0.903758 1 0.904348 -0.138727 
0.751715 1 0.904131 1 0.904704 -0.146309 
0.753894 1 0.904491 1 0.905047 -0.153701 
0.756028 1 0.90484 1 0.905379 -0.160909 
0.758119 1 0.905176 1 0.9057 -0.167937 
0.760167 1 0.905502 1 0.906009 -0.174789 
0.761874 1 0.905719 1 0.906227 -0.181464 
0.763414 1 0.905838 1 0.906361 -0.187976 
0.764919 1 0.905946 1 0.906504 -0.194328 
0.766393 1 0.906058 1 0.906624 -0.200521 
0.767835 1 0.906171 1 0.906728 -0.206558 
0.769246 1 0.906286 1 0.906824 -0.212445 
0.770626 1 0.906398 1 0.906917 -0.218185 
0.771976 1 0.906508 1 0.907006 -0.223781 
0.773296 1 0.906616 1 0.907093 -0.229237 
0.774587 1 0.906721 1 0.907176 -0.234557 
0.77585 1 0.906824 1 0.907258 -0.239744 
0.777072 1 0.906934 1 0.907311 -0.2448 
0.778267 1 0.907041 1 0.907379 -0.249731 
0.779442 1 0.907144 1 0.907452 -0.254539 
0.780601 1 0.907249 1 0.907526 -0.259226 
0.781744 1 0.907355 1 0.907598 -0.263795 
0.782872 1 0.907464 1 0.907675 -0.268251 
0.783985 1 0.907576 1 0.907753 -0.272596 
0.784967 1 0.907697 1 0.907797 -0.276828 
0.785903 1 0.90777 1 0.907803 -0.280957 
0.786814 1 0.907826 1 0.907819 -0.284983 
0.787702 1 0.907875 1 0.907844 -0.288908 
0.78857 1 0.907921 1 0.907873 -0.292736 
0.789418 1 0.907962 1 0.907905 -0.296467 
0.790245 1 0.908003 1 0.907938 -0.300105 
0.791053 1 0.908042 1 0.907972 -0.303652 
0.791841 1 0.908081 1 0.908007 -0.30711 
0.792611 1 0.908119 1 0.908042 -0.310481 
0.793361 1 0.908157 1 0.908077 -0.313768 
0.794094 1 0.908195 1 0.908112 -0.316972 
0.794809 1 0.908233 1 0.908148 -0.320096 
0.795506 1 0.908271 1 0.908184 -0.323141 
0.796186 1 0.908309 1 0.90822 -0.32611 
0.79684 1 0.908353 1 0.908256 -0.329003 
0.797476 1 0.908386 1 0.90829 -0.331825 
0.798102 1 0.908423 1 0.908328 -0.334575 
0.798718 1 0.908463 1 0.908368 -0.337257 
0.799323 1 0.908504 1 0.908411 -0.339871 
0.799915 1 0.908545 1 0.908457 -0.34242 
0.800697 1 0.90852 1 0.908625 -0.344901 
0.801641 1 0.908556 1 0.908913 -0.347324 
0.802687 1 0.908673 1 0.909263 -0.349686 
0.803769 1 0.908847 1 0.909619 -0.351987 
0.80484 1 0.909054 1 0.909947 -0.354229 
0.805871 1 0.909275 1 0.910223 -0.356414 
0.806893 1 0.909507 1 0.910479 -0.358544 
0.807885 1 0.909741 1 0.910718 -0.36062 
0.808891 1 0.910021 1 0.910951 -0.362644 
0.809909 1 0.910304 1 0.911177 -0.364616 
0.810939 1 0.910589 1 0.911413 -0.366538 
0.812002 1 0.910874 1 0.911673 -0.36841 
0.813088 1 0.911163 1 0.911947 -0.370234 
0.813402 1 0.911136 1 0.911951 -0.372013 
0.813666 1 0.911123 1 0.911954 -0.373744 
0.813952 1 0.911124 1 0.911979 -0.375432 
0.814249 1 0.911135 1 0.91201 -0.377074 
0.814551 1 0.911156 1 0.912044 -0.378675 
0.814852 1 0.911185 1 0.912079 -0.380234 
0.815154 1 0.91122 1 0.912116 -0.381752 
0.815459 1 0.911258 1 0.912157 -0.38323 
0.81577 1 0.911302 1 0.912204 -0.384669 
0.816087 1 0.911352 1 0.912258 -0.38607 
0.816413 1 0.911406 1 0.91232 -0.387434 
0.816746 1 0.911468 1 0.912389 -0.388761 
0.817087 1 0.911536 1 0.912464 -0.390053 
0.8173 1 0.911549 1 0.91247 -0.391309 
0.817522 1 0.911583 1 0.91251 -0.392531 
0.817756 1 0.911626 1 0.912556 -0.393719 
0.817999 1 0.911672 1 0.912608 -0.394875 
0.818249 1 0.911724 1 0.912666 -0.395997 
0.818458 1 0.911762 1 0.912683 -0.397088 
0.818663 1 0.911817 1 0.912704 -0.398149 
0.81887 1 0.911876 1 0.912726 -0.39918 
0.819074 1 0.911931 1 0.912742 -0.40018 
0.819272 1 0.911987 1 0.912757 -0.401151 
0.819465 1 0.912039 1 0.91277 -0.402094 
0.819652 1 0.912089 1 0.912782 -0.403009 
0.819833 1 0.912136 1 0.912792 -0.403897 
0.820009 1 0.912182 1 0.912801 -0.404759 
0.82018 1 0.912227 1 0.91281 -0.405594 
0.820346 1 0.91227 1 0.912819 -0.406405 
0.820507 1 0.912312 1 0.912828 -0.40719 
0.820664 1 0.912356 1 0.912839 -0.407951 
0.820816 1 0.912399 1 0.91285 -0.408688 
0.820964 1 0.912441 1 0.912862 -0.409403 
0.821107 1 0.912486 1 0.912876 -0.410095 
0.821246 1 0.91253 1 0.912891 -0.410765 
0.821381 1 0.912575 1 0.912909 -0.411414 
0.821513 1 0.912622 1 0.912929 -0.412042 
0.82164 1 0.912669 1 0.912951 -0.41265 
0.821764 1 0.912718 1 0.912975 -0.413239 
0.821739 1 0.912702 1 0.912985 -0.413809 
0.821684 1 0.912677 1 0.91297 -0.41436 
0.821709 1 0.912642 1 0.912998 -0.414893 
0.821774 1 0.91261 1 0.91303 -0.415409 
0.821858 1 0.91259 1 0.913061 -0.415908 
0.821856 1 0.912572 1 0.913025 -0.41639 
0.821916 1 0.912538 1 0.913038 -0.416857 
0.821917 1 0.912512 1 0.913006 -0.417308 
0.821993 1 0.912481 1 0.913022 -0.417745 
0.822106 1 0.912468 1 0.913054 -0.418166 
0.822134 1 0.912458 1 0.913028 -0.418573 
0.822227 1 0.91243 1 0.913049 -0.418967 
0.822275 1 0.912421 1 0.913028 -0.419348 
0.822392 1 0.912405 1 0.913051 -0.419716 
0.822542 1 0.912406 1 0.913086 -0.420071 
0.822608 1 0.912411 1 0.913063 -0.420415 
0.82274 1 0.912398 1 0.913088 -0.420746 
0.822852 1 0.91241 1 0.913085 -0.421067 
0.823019 1 0.912415 1 0.913117 -0.421375 
0.823118 1 0.912426 1 0.913102 -0.421674 
0.82329 1 0.912429 1 0.913134 -0.421963 
0.823403 1 0.912441 1 0.913127 -0.422239 
0.82359 1 0.912448 1 0.913165 -0.422507 
0.823812 1 0.912474 1 0.913219 -0.422766 
0.823948 1 0.912504 1 0.913214 -0.423016 
0.824151 1 0.912515 1 0.913257 -0.423257 
0.824162 1 0.912503 1 0.913191 -0.423488 
0.824196 1 0.91247 1 0.913164 -0.423713 
0.824189 1 0.912443 1 0.91311 -0.423929 
0.824245 1 0.912405 1 0.913095 -0.424138 
0.824329 1 0.912382 1 0.913093 -0.42434 
0.824331 1 0.912362 1 0.913036 -0.424535 
0.824396 1 0.912326 1 0.913025 -0.424723 
0.824453 1 0.912314 1 0.912996 -0.424904 
0.824549 1 0.912291 1 0.912997 -0.425078 
0.824586 1 0.912279 1 0.912957 -0.425245 
0.824682 1 0.912259 1 0.912955 -0.425405 
0.824808 1 0.912252 1 0.912967 -0.42556 
0.824828 1 0.912225 1 0.912924 -0.425708 
0.82479 1 0.912187 1 0.91287 -0.425852 
0.824811 1 0.912134 1 0.912849 -0.425989 
0.824794 1 0.912093 1 0.912796 -0.426123 
0.824829 1 0.91205 1 0.912775 -0.42625 
0.824889 1 0.912023 1 0.912765 -0.426374 
0.824888 1 0.912002 1 0.912711 -0.426494 
0.824935 1 0.911967 1 0.912692 -0.426609 
0.824985 1 0.91197 1 0.912705 -0.42672 
0.825069 1 0.91197 1 0.912694 -0.426824 
0.825581 1 0.912268 1 0.912429 -0.426927 
0.825454 1 0.912227 1 0.91219 -0.427019 
0.825381 1 0.91224 1 0.912071 -0.427108 
0.825345 1 0.912256 1 0.912051 -0.427197 
0.825314 1 0.912238 1 0.912006 -0.427284 
0.825284 1 0.912198 1 0.91195 -0.427368 
0.825253 1 0.912152 1 0.911896 -0.427446 
0.825205 1 0.91209 1 0.911857 -0.427521 
0.825152 1 0.912024 1 0.911813 -0.427593 
0.824955 1 0.91194 1 0.911693 -0.427663 
0.824761 1 0.911839 1 0.911577 -0.427728 
0.824566 1 0.911735 1 0.911467 -0.427791 
0.824372 1 0.911628 1 0.91136 -0.427852 
0.824177 1 0.911519 1 0.911255 -0.427913 
0.82398 1 0.91141 1 0.91115 -0.427968 
0.823784 1 0.911299 1 0.911047 -0.428021 
0.823587 1 0.911188 1 0.910943 -0.428073 
0.823389 1 0.911077 1 0.91084 -0.428123 
0.823133 1 0.910952 1 0.910709 -0.428171 
0.822848 1 0.910814 1 0.910567 -0.428216 
0.822565 1 0.910673 1 0.910428 -0.428258 
0.822282 1 0.910531 1 0.910291 -0.428298 
0.821998 1 0.910388 1 0.910154 -0.428335 
0.82186 1 0.910356 1 0.909951 -0.428373 
0.821821 1 0.910352 1 0.909892 -0.428409 
0.821841 1 0.910381 1 0.909799 -0.428441 
0.821893 1 0.910427 1 0.90973 -0.428473 
0.821974 1 0.910469 1 0.909708 -0.428504 
0.822054 1 0.910491 1 0.909703 -0.428532 
0.822133 1 0.910502 1 0.909702 -0.428561 
0.822177 1 0.910494 1 0.909692 -0.428587 
0.822222 1 0.910483 1 0.909686 -0.428612 
0.822291 1 0.910473 1 0.909709 -0.428637 
0.822417 1 0.910503 1 0.909711 -0.428658 
0.822579 1 0.910559 1 0.909726 -0.428679 
0.822762 1 0.910628 1 0.909753 -0.428697 
0.822958 1 0.910699 1 0.909789 -0.428714 
0.823163 1 0.91077 1 0.909828 -0.428731 
0.823377 1 0.910844 1 0.909869 -0.428747 
0.823571 1 0.91092 1 0.909894 -0.428762 
0.823763 1 0.910997 1 0.909908 -0.428776 
0.823971 1 0.911079 1 0.909935 -0.428788 
0.824199 1 0.911165 1 0.909972 -0.428798 
0.824445 1 0.911253 1 0.910024 -0.428812 
0.824708 1 0.911344 1 0.910085 -0.428822 
0.824988 1 0.911437 1 0.910156 -0.428832 
0.825284 1 0.911533 1 0.910235 -0.42884 
0.825597 1 0.911633 1 0.910321 -0.428847 
0.825927 1 0.911738 1 0.910412 -0.428855 
0.826275 1 0.911848 1 0.910511 -0.428862 
0.826308 1 0.911791 1 0.910532 -0.428873 
0.826273 1 0.911748 1 0.91053 -0.428879 
0.826257 1 0.911726 1 0.910509 -0.428886 
0.826259 1 0.911716 1 0.910489 -0.42889 
0.826268 1 0.911707 1 0.910471 -0.428896 
0.826276 1 0.9117 1 0.910454 -0.428899 
0.826282 1 0.911692 1 0.910437 -0.428902 
0.826288 1 0.911683 1 0.91042 -0.428907 
0.826294 1 0.911676 1 0.910402 -0.428907 
0.8263 1 0.911668 1 0.910384 -0.428909 
0.826306 1 0.911661 1 0.910366 -0.428911 
0.826311 1 0.911654 1 0.910348 -0.428912 
0.826315 1 0.911647 1 0.910331 -0.428911 
0.82632 1 0.91164 1 0.910313 -0.42891 
0.826324 1 0.911633 1 0.910296 -0.428909 
0.826328 1 0.911626 1 0.910281 -0.428911 
0.826332 1 0.911619 1 0.910264 -0.428908 
0.826336 1 0.911613 1 0.910249 -0.428905 
0.826339 1 0.911606 1 0.910233 -0.428905 
0.826343 1 0.9116 1 0.910217 -0.428902 
0.826347 1 0.911593 1 0.910202 -0.4289 
0.82635 1 0.911587 1 0.910187 -0.428898 
0.826353 1 0.911581 1 0.910173 -0.428895 
0.826356 1 0.911575 1 0.910158 -0.428893 
0.826359 1 0.911568 1 0.910144 -0.42889 
0.826361 1 0.911563 1 0.910129 -0.428885 
0.826363 1 0.911558 1 0.910121 -0.428882 
0.826364 1 0.911551 1 0.910112 -0.428879 
0.826365 1 0.911544 1 0.910103 -0.428872 
0.826366 1 0.911538 1 0.910094 -0.428868 
0.826367 1 0.911533 1 0.910084 -0.428865 
0.826368 1 0.911527 1 0.910074 -0.42886 
0.826369 1 0.911522 1 0.910065 -0.428854 
0.82637 1 0.911517 1 0.910055 -0.428848 
0.826371 1 0.911512 1 0.910045 -0.428843 
0.826371 1 0.911507 1 0.910035 -0.428838 
0.826372 1 0.911502 1 0.910027 -0.42883 
0.826372 1 0.911497 1 0.910018 -0.428824 
0.826372 1 0.911493 1 0.910008 -0.428816 
0.826372 1 0.911489 1 0.909999 -0.428809 
0.826372 1 0.911484 1 0.90999 -0.428802 
0.826372 1 0.91148 1 0.909981 -0.428795 
0.826372 1 0.911476 1 0.909973 -0.42879 
0.826374 1 0.911474 1 0.909957 -0.428784 
0.826374 1 0.911474 1 0.909941 -0.428777 
0.826373 1 0.911473 1 0.909927 -0.428768 
0.826373 1 0.911471 1 0.909917 -0.428763 
0.826374 1 0.911468 1 0.909906 -0.428759 
0.826374 1 0.911465 1 0.909895 -0.428752 
0.826375 1 0.911462 1 0.909886 -0.428746 
0.826374 1 0.911458 1 0.909879 -0.428741 
0.826375 1 0.911454 1 0.909872 -0.428734 
0.826375 1 0.911449 1 0.909866 -0.428726 
0.826375 1 0.911445 1 0.909859 -0.42872 
0.826375 1 0.911441 1 0.909852 -0.428712 
0.826374 1 0.911437 1 0.909847 -0.428707 
0.826374 1 0.911433 1 0.90984 -0.4287 
0.826374 1 0.911429 1 0.909833 -0.428694 
0.826374 1 0.911426 1 0.909826 -0.428687 
0.826375 1 0.911422 1 0.909819 -0.428681 
0.826374 1 0.911419 1 0.909813 -0.428674 
0.826374 1 0.911416 1 0.909807 -0.428666 
0.826374 1 0.911413 1 0.9098 -0.428659 
0.826374 1 0.91141 1 0.909794 -0.42865 
0.826373 1 0.911407 1 0.909788 -0.428644 
0.826373 1 0.911404 1 0.909782 -0.428638 
0.826373 1 0.911401 1 0.909777 -0.42863 
0.826372 1 0.911398 1 0.909771 -0.428624 
0.826372 1 0.911395 1 0.909765 -0.428616 
0.826372 1 0.911392 1 0.90976 -0.428607 
0.826372 1 0.911389 1 0.909754 -0.428602 
0.826371 1 0.911386 1 0.909749 -0.428593 
0.826371 1 0.911384 1 0.909742 -0.428586 
0.826371 1 0.911381 1 0.909738 -0.428577 
0.82637 1 0.911379 1 0.909732 -0.42857 
0.82637 1 0.911376 1 0.909728 -0.428563 
0.826369 1 0.911373 1 0.909722 -0.428558 
0.826368 1 0.911371 1 0.909717 -0.428551 
0.826368 1 0.911368 1 0.909712 -0.428544 
0.826368 1 0.911366 1 0.909708 -0.428536 
0.826367 1 0.911363 1 0.909702 -0.428529 
0.826367 1 0.911361 1 0.909697 -0.428525 
0.826367 1 0.911358 1 0.909693 -0.428518 
0.826368 1 0.911356 1 0.909688 -0.428511 
0.826367 1 0.911354 1 0.909683 -0.428504 
0.826366 1 0.911352 1 0.909679 -0.428494 
0.826366 1 0.911349 1 0.909674 -0.428485 
0.826366 1 0.911347 1 0.909671 -0.428479 
0.826365 1 0.911345 1 0.909666 -0.428469 
0.826365 1 0.911343 1 0.909662 -0.428461 
0.826365 1 0.911341 1 0.909658 -0.428455 
0.826365 1 0.911339 1 0.909653 -0.428451 
0.826364 1 0.911338 1 0.909649 -0.428443 
0.826364 1 0.911336 1 0.909645 -0.428436 
0.826363 1 0.911334 1 0.909641 -0.428427 
0.826363 1 0.911331 1 0.909638 -0.428416 
0.826363 1 0.911329 1 0.909634 -0.428409 
0.826362 1 0.911327 1 0.909631 -0.428401 
0.826361 1 0.911325 1 0.909626 -0.428392 
0.82636 1 0.911323 1 0.909624 -0.428384 
0.82636 1 0.911321 1 0.909619 -0.428377 
0.826359 1 0.91132 1 0.909617 -0.42837 
0.826359 1 0.911318 1 0.909613 -0.428364 
0.826358 1 0.911316 1 0.90961 -0.428357 
0.826357 1 0.911314 1 0.909606 -0.428351 
0.826356 1 0.911312 1 0.909603 -0.428343 
0.826356 1 0.91131 1 0.9096 -0.428339 
0.826356 1 0.911309 1 0.909597 -0.428332 
0.826356 1 0.911307 1 0.909594 -0.428326 
0.826355 1 0.911305 1 0.909591 -0.428318 
0.826355 1 0.911303 1 0.909587 -0.42831 
0.826354 1 0.911302 1 0.909585 -0.428305 
0.826354 1 0.9113 1 0.909581 -0.4283 
0.826353 1 0.911299 1 0.909578 -0.428293 
0.826353 1 0.911297 1 0.909575 -0.428287 
0.826352 1 0.911296 1 0.909574 -0.428278 
0.826352 1 0.911294 1 0.90957 -0.428271 
0.826352 1 0.911292 1 0.909568 -0.428262 
0.826351 1 0.911291 1 0.909564 -0.428256 
0.826351 1 0.911289 1 0.909562 -0.428248 
0.82635 1 0.911288 1 0.909559 -0.428243 
0.826349 1 0.911286 1 0.909557 -0.428236 
0.826348 1 0.911285 1 0.909554 -0.428227 
0.826348 1 0.911283 1 0.909551 -0.428219 
0.826348 1 0.911282 1 0.90955 -0.428212 
0.826347 1 0.911281 1 0.909546 -0.428207 
0.826347 1 0.911279 1 0.909544 -0.428198 
0.826346 1 0.911278 1 0.909541 -0.428191 
0.826345 1 0.911276 1 0.90954 -0.428185 
0.826345 1 0.911275 1 0.909537 -0.428177 
0.826344 1 0.911274 1 0.909535 -0.428173 
0.826344 1 0.911272 1 0.909532 -0.428165 
0.826344 1 0.911271 1 0.90953 -0.428158 
0.826343 1 0.91127 1 0.909528 -0.428151 
0.826342 1 0.911268 1 0.909526 -0.428145 
0.826342 1 0.911267 1 0.909524 -0.428138 
0.826342 1 0.911266 1 0.909521 -0.428131 
0.826341 1 0.911264 1 0.909519 -0.428126 
0.82634 1 0.911263 1 0.909518 -0.428121 
0.82634 1 0.911262 1 0.909516 -0.428116 
0.826339 1 0.911261 1 0.909513 -0.428109 
0.826339 1 0.91126 1 0.909512 -0.428103 
0.826338 1 0.911258 1 0.90951 -0.428099 
0.826338 1 0.911257 1 0.909507 -0.428093 
0.826338 1 0.911256 1 0.909506 -0.42809 
0.826338 1 0.911255 1 0.909503 -0.428084 
0.826337 1 0.911254 1 0.909501 -0.428079 
0.826337 1 0.911253 1 0.9095 -0.428074 
0.826337 1 0.911251 1 0.909498 -0.428065 
0.826337 1 0.91125 1 0.909496 -0.428057 
0.826336 1 0.911249 1 0.909494 -0.42805 
0.826336 1 0.911248 1 0.909492 -0.428043 
0.826335 1 0.911247 1 0.909491 -0.428035 
0.826335 1 0.911246 1 0.909489 -0.42803 
0.826334 1 0.911245 1 0.909487 -0.428024 
0.826333 1 0.911244 1 0.909486 -0.428017 
0.826333 1 0.911243 1 0.909483 -0.42801 
0.826333 1 0.911242 1 0.909482 -0.428006 
0.826333 1 0.911241 1 0.90948 -0.428002 
0.826333 1 0.91124 1 0.909478 -0.427996 
0.826333 1 0.911239 1 0.909476 -0.427989 
0.826332 1 0.911238 1 0.909475 -0.427988 
0.826332 1 0.911237 1 0.909474 -0.427982 
0.826332 1 0.911235 1 0.909473 -0.427979 
0.826332 1 0.911234 1 0.909471 -0.427974 
0.826332 1 0.911233 1 0.909469 -0.427967 
0.826332 1 0.911232 1 0.909468 -0.427965 
0.826332 1 0.911231 1 0.909466 -0.42796 
0.826332 1 0.91123 1 0.909465 -0.427957 
0.826332 1 0.911229 1 0.909464 -0.427954 
0.826332 1 0.911228 1 0.909462 -0.427947 
0.826332 1 0.911227 1 0.90946 -0.42794 
0.826331 1 0.911226 1 0.909459 -0.427934 
0.826331 1 0.911225 1 0.909458 -0.42793 
0.826331 1 0.911224 1 0.909457 -0.427928 
0.826331 1 0.911223 1 0.909455 -0.427925 
0.826331 1 0.911223 1 0.909454 -0.42792 
0.826331 1 0.911222 1 0.909453 -0.427915 
0.82633 1 0.911221 1 0.909451 -0.42791 
0.82633 1 0.91122 1 0.90945 -0.427904 
0.826331 1 0.911219 1 0.909448 -0.427899 
0.82633 1 0.911218 1 0.909448 -0.427893 
0.826331 1 0.911217 1 0.909446 -0.427889 
0.826331 1 0.911216 1 0.909445 -0.427886 
0.82633 1 0.911215 1 0.909443 -0.427881 
0.82633 1 0.911215 1 0.909442 -0.427875 
0.82633 1 0.911214 1 0.909441 -0.427869 
0.82633 1 0.911213 1 0.90944 -0.427864 
0.82633 1 0.911212 1 0.909439 -0.427859 
0.82633 1 0.911211 1 0.909438 -0.427855 
0.82633 1 0.91121 1 0.909436 -0.427849 
0.82633 1 0.911209 1 0.909435 -0.427844 
0.82633 1 0.911208 1 0.909434 -0.42784 
0.826329 1 0.911208 1 0.909432 -0.427835 
0.826329 1 0.911207 1 0.909431 -0.427831 
0.826329 1 0.911206 1 0.909431 -0.427826 
0.826328 1 0.911205 1 0.909429 -0.427823 
0.826328 1 0.911204 1 0.909429 -0.427816 
0.826328 1 0.911203 1 0.909428 -0.427809 
0.826328 1 0.911202 1 0.909426 -0.427806 
0.826328 1 0.911201 1 0.909426 -0.427801 
0.826328 1 0.9112 1 0.909425 -0.427796 
0.826328 1 0.9112 1 0.909422 -0.427793 
0.826328 1 0.911199 1 0.909422 -0.427789 
0.826328 1 0.911198 1 0.90942 -0.427784 
0.826328 1 0.911198 1 0.90942 -0.427781 
0.826328 1 0.911197 1 0.909419 -0.427777 
0.826328 1 0.911196 1 0.909418 -0.427774 
0.826328 1 0.911195 1 0.909418 -0.42777 
0.826328 1 0.911194 1 0.909417 -0.427766 
0.826328 1 0.911193 1 0.909415 -0.42776 
0.826328 1 0.911192 1 0.909414 -0.427758 
0.826328 1 0.911191 1 0.909413 -0.427753 
0.826328 1 0.911191 1 0.909412 -0.427751 
0.826327 1 0.91119 1 0.909411 -0.427747 
0.826327 1 0.911189 1 0.909411 -0.427743 
0.826327 1 0.911188 1 0.909409 -0.427737 
0.826327 1 0.911188 1 0.909407 -0.427731 
0.826326 1 0.911187 1 0.909407 -0.427729 
0.826326 1 0.911186 1 0.909407 -0.427725 
0.826326 1 0.911185 1 0.909405 -0.427722 
0.826326 1 0.911185 1 0.909404 -0.427719 
0.826326 1 0.911184 1 0.909403 -0.427715 
0.826326 1 0.911183 1 0.909403 -0.427712 
0.826327 1 0.911183 1 0.909402 -0.427712 
0.826327 1 0.911182 1 0.909401 -0.427707 
0.826327 1 0.911181 1 0.909401 -0.427704 
0.826327 1 0.91118 1 0.9094 -0.427699 
0.826327 1 0.911179 1 0.909399 -0.427698 
0.826326 1 0.911179 1 0.909397 -0.427691 
0.826326 1 0.911178 1 0.909397 -0.427687 
0.826327 1 0.911177 1 0.909396 -0.427681 
0.826326 1 0.911177 1 0.909395 -0.427678 
0.826326 1 0.911176 1 0.909394 -0.427676 
0.826327 1 0.911175 1 0.909393 -0.427674 
0.826327 1 0.911174 1 0.909392 -0.427671 
0.826327 1 0.911174 1 0.909391 -0.427667 
0.826327 1 0.911173 1 0.90939 -0.427662 
0.826328 1 0.911172 1 0.909389 -0.42766 
0.826328 1 0.911172 1 0.909388 -0.427657 
0.826328 1 0.911171 1 0.909387 -0.427654 
0.826328 1 0.91117 1 0.909387 -0.42765 
0.826329 1 0.911169 1 0.909386 -0.427646 
0.826329 1 0.911169 1 0.909385 -0.427645 
0.826329 1 0.911168 1 0.909385 -0.427641 
0.826329 1 0.911167 1 0.909383 -0.427638 
0.826329 1 0.911166 1 0.909383 -0.427632 
0.82633 1 0.911165 1 0.909382 -0.427628 
0.82633 1 0.911165 1 0.909382 -0.427625 
0.82633 1 0.911164 1 0.909382 -0.427625 
0.82633 1 0.911163 1 0.90938 -0.427621 
0.82633 1 0.911163 1 0.909379 -0.427618 
0.82633 1 0.911162 1 0.909379 -0.427615 
0.826331 1 0.911161 1 0.909377 -0.427611 
0.826331 1 0.911161 1 0.909376 -0.427608 
0.826331 1 0.91116 1 0.909376 -0.427608 
0.826331 1 0.911159 1 0.909375 -0.427605 
0.826332 1 0.911158 1 0.909374 -0.427604 
0.826332 1 0.911158 1 0.909374 -0.427603 
0.826333 1 0.911157 1 0.909373 -0.4276 
0.826333 1 0.911156 1 0.909373 -0.4276 
0.826334 1 0.911155 1 0.909371 -0.427597 
0.826334 1 0.911155 1 0.909371 -0.427593 
0.826334 1 0.911154 1 0.90937 -0.427593 
0.826334 1 0.911153 1 0.90937 -0.427589 
0.826335 1 0.911153 1 0.909369 -0.427584 
0.826336 1 0.911152 1 0.909368 -0.427582 
0.826336 1 0.911151 1 0.909368 -0.427579 
0.826336 1 0.91115 1 0.909367 -0.427575 
0.826336 1 0.91115 1 0.909367 -0.427574 
0.826336 1 0.911149 1 0.909366 -0.42757 
0.826336 1 0.911148 1 0.909365 -0.42757 
0.826337 1 0.911147 1 0.909365 -0.427568 
0.826337 1 0.911147 1 0.909364 -0.427566 
0.826337 1 0.911146 1 0.909363 -0.427564 
0.826338 1 0.911145 1 0.909362 -0.427559 
0.826338 1 0.911145 1 0.909362 -0.427556 
0.826339 1 0.911144 1 0.909361 -0.427554 
0.826338 1 0.911143 1 0.909361 -0.427553 
0.826338 1 0.911143 1 0.90936 -0.427549 
0.826338 1 0.911142 1 0.909359 -0.427547 
0.826338 1 0.911141 1 0.909358 -0.427546 
0.826338 1 0.911141 1 0.909358 -0.427543 
0.826339 1 0.91114 1 0.909357 -0.427542 
0.826339 1 0.911139 1 0.909357 -0.42754 
0.826339 1 0.911139 1 0.909355 -0.427536 
0.826339 1 0.911138 1 0.909355 -0.427533 
0.82634 1 0.911137 1 0.909354 -0.427529 
0.82634 1 0.911136 1 0.909354 -0.427526 
0.82634 1 0.911136 1 0.909352 -0.427525 
0.82634 1 0.911135 1 0.909352 -0.427523 
0.82634 1 0.911134 1 0.909352 -0.42752 
0.82634 1 0.911134 1 0.909351 -0.427518 
0.826341 1 0.911133 1 0.909351 -0.427516 
0.826341 1 0.911132 1 0.90935 -0.427513 
0.826341 1 0.911132 1 0.909349 -0.427513 
0.826342 1 0.911131 1 0.909349 -0.427512 
0.826342 1 0.91113 1 0.909348 -0.42751 
0.826342 1 0.911129 1 0.909348 -0.427508 
0.826343 1 0.911129 1 0.909347 -0.427507 
0.826343 1 0.911128 1 0.909347 -0.427506 
0.826344 1 0.911127 1 0.909345 -0.427504 
0.826344 1 0.911127 1 0.909345 -0.427503 
0.826344 1 0.911126 1 0.909344 -0.427501 
0.826345 1 0.911125 1 0.909343 -0.4275 
0.826346 1 0.911125 1 0.909342 -0.427499 
0.826346 1 0.911124 1 0.909342 -0.427498 
0.826346 1 0.911123 1 0.909342 -0.427492 
0.826346 1 0.911122 1 0.909341 -0.427491 
0.826347 1 0.911122 1 0.909341 -0.427489 
0.826347 1 0.911121 1 0.90934 -0.42749 
0.826348 1 0.91112 1 0.90934 -0.427488 
0.826348 1 0.91112 1 0.909339 -0.427487 
0.826349 1 0.911119 1 0.909337 -0.427486 
0.826349 1 0.911119 1 0.909337 -0.427486 
0.82635 1 0.911118 1 0.909336 -0.427486 
0.82635 1 0.911117 1 0.909336 -0.427483 
0.826351 1 0.911116 1 0.909336 -0.427482 
0.826352 1 0.911116 1 0.909336 -0.427482 
0.826352 1 0.911115 1 0.909335 -0.42748 
0.826353 1 0.911114 1 0.909334 -0.427479 
0.826353 1 0.911114 1 0.909333 -0.427477 
0.826354 1 0.911113 1 0.909333 -0.427475 
0.826354 1 0.911112 1 0.909333 -0.427475 
0.826355 1 0.911111 1 0.909332 -0.427474 
0.826355 1 0.911111 1 0.909332 -0.427475 
0.826356 1 0.91111 1 0.909331 -0.427474 
0.826356 1 0.911109 1 0.90933 -0.427473 
0.826357 1 0.911109 1 0.90933 -0.427471 
0.826357 1 0.911108 1 0.909329 -0.427468 
0.826358 1 0.911107 1 0.909329 -0.427467 
0.826358 1 0.911107 1 0.909328 -0.427466 
0.826358 1 0.911106 1 0.909328 -0.427464 
0.826359 1 0.911105 1 0.909327 -0.427462 
0.826359 1 0.911104 1 0.909327 -0.42746 
0.82636 1 0.911104 1 0.909326 -0.427458 
0.82636 1 0.911103 1 0.909325 -0.427456 
0.826361 1 0.911102 1 0.909324 -0.427453 
0.826361 1 0.911102 1 0.909323 -0.427452 
0.826362 1 0.911101 1 0.909323 -0.42745 
0.826362 1 0.9111 1 0.909322 -0.427448 
0.826363 1 0.9111 1 0.909322 -0.427447 
0.826363 1 0.911099 1 0.909321 -0.427446 
0.826364 1 0.911098 1 0.909321 -0.427444 
0.826364 1 0.911098 1 0.90932 -0.427442 
0.826364 1 0.911097 1 0.90932 -0.427439 
0.826365 1 0.911096 1 0.909319 -0.427437 
0.826365 1 0.911095 1 0.909319 -0.427436 
0.826365 1 0.911095 1 0.909319 -0.427433 
0.826366 1 0.911094 1 0.909317 -0.427432 
0.826366 1 0.911093 1 0.909317 -0.427431 
0.826367 1 0.911093 1 0.909317 -0.427427 
0.826367 1 0.911092 1 0.909316 -0.427426 
0.826368 1 0.911091 1 0.909315 -0.427425 
0.826368 1 0.911091 1 0.909315 -0.427424 
0.826369 1 0.91109 1 0.909314 -0.427423 
0.826369 1 0.911089 1 0.909314 -0.427421 
0.82637 1 0.911088 1 0.909313 -0.427421 
0.826371 1 0.911088 1 0.909313 -0.427422 
0.826371 1 0.911087 1 0.909312 -0.427421 
0.826372 1 0.911086 1 0.909311 -0.427421 
0.826372 1 0.911086 1 0.90931 -0.427421 
0.826372 1 0.911085 1 0.909311 -0.42742 
0.826373 1 0.911084 1 0.90931 -0.427419 
0.826374 1 0.911083 1 0.90931 -0.427418 
0.826375 1 0.911082 1 0.909309 -0.427416 
0.826375 1 0.911082 1 0.909309 -0.427415 
0.826376 1 0.911081 1 0.909309 -0.427415 
0.826376 1 0.91108 1 0.909308 -0.427413 
0.826377 1 0.91108 1 0.909307 -0.427414 
0.826378 1 0.911079 1 0.909307 -0.427413 
0.826378 1 0.911078 1 0.909307 -0.427412 
0.826378 1 0.911077 1 0.909306 -0.427412 
0.826378 1 0.911077 1 0.909305 -0.42741 
0.826379 1 0.911076 1 0.909305 -0.427409 
0.826379 1 0.911075 1 0.909305 -0.427407 
0.82638 1 0.911075 1 0.909304 -0.427407 
0.82638 1 0.911074 1 0.909303 -0.427406 
0.826381 1 0.911074 1 0.909302 -0.427405 
0.826382 1 0.911073 1 0.909302 -0.427404 
0.826383 1 0.911072 1 0.909302 -0.427401 
0.826383 1 0.911071 1 0.909301 -0.4274 
0.826384 1 0.91107 1 0.909301 -0.427397 
0.826385 1 0.91107 1 0.9093 -0.427398 
0.826385 1 0.911069 1 0.909301 -0.427398 
0.826386 1 0.911068 1 0.9093 -0.4274 
0.826386 1 0.911067 1 0.9093 -0.427399 
0.826387 1 0.911066 1 0.909299 -0.4274 
0.826388 1 0.911066 1 0.909297 -0.427399 
0.826388 1 0.911065 1 0.909298 -0.427397 
0.826388 1 0.911065 1 0.909297 -0.427397 
0.826388 1 0.911064 1 0.909297 -0.427395 
0.826389 1 0.911063 1 0.909296 -0.427395 
0.82639 1 0.911062 1 0.909296 -0.427394 
0.82639 1 0.911062 1 0.909296 -0.427393 
0.826391 1 0.911061 1 0.909295 -0.427393 
0.826392 1 0.91106 1 0.909294 -0.427391 
0.826392 1 0.91106 1 0.909294 -0.427391 
0.826393 1 0.911059 1 0.909294 -0.42739 
0.826393 1 0.911058 1 0.909293 -0.427389 
0.826394 1 0.911057 1 0.909292 -0.427387 
0.826395 1 0.911057 1 0.909292 -0.427387 
0.826395 1 0.911056 1 0.909292 -0.427386 
0.826396 1 0.911055 1 0.909292 -0.427384 
0.826396 1 0.911054 1 0.909291 -0.427383 
0.826397 1 0.911053 1 0.90929 -0.427381 
0.826397 1 0.911053 1 0.909291 -0.427382 
0.826398 1 0.911052 1 0.90929 -0.427381 
0.826398 1 0.911051 1 0.909289 -0.427382 
0.826399 1 0.91105 1 0.909289 -0.427382 
0.826399 1 0.91105 1 0.909288 -0.427381 
0.826399 1 0.911049 1 0.909288 -0.42738 
0.8264 1 0.911048 1 0.909288 -0.427379 
0.826401 1 0.911047 1 0.909287 -0.42738 
0.826402 1 0.911047 1 0.909287 -0.42738 
0.826402 1 0.911046 1 0.909287 -0.42738 
0.826413 1 0.911033 1 0.909291 -0.427381 
0.826425 1 0.91102 1 0.909293 -0.42738 
0.826435 1 0.91101 1 0.909294 -0.42738 
0.826444 1 0.911004 1 0.909294 -0.427379 
0.826455 1 0.911002 1 0.909292 -0.427377 
0.826466 1 0.911003 1 0.909288 -0.427377 
0.826477 1 0.911004 1 0.909284 -0.427377 
0.826488 1 0.911004 1 0.909279 -0.427378 
0.826496 1 0.911005 1 0.909274 -0.427377 
0.826504 1 0.911004 1 0.90927 -0.427378 
0.826511 1 0.911003 1 0.909266 -0.427378 
0.826518 1 0.911002 1 0.909262 -0.427378 
0.826524 1 0.911001 1 0.909259 -0.427376 
0.82653 1 0.911 1 0.909256 -0.427376 
0.826543 1 0.911 1 0.909264 -0.427376 
0.826558 1 0.911001 1 0.909264 -0.427375 
0.826566 1 0.911003 1 0.90926 -0.427375 
0.82657 1 0.911004 1 0.909257 -0.427375 
0.826573 1 0.911004 1 0.909255 -0.427374 
0.826577 1 0.911003 1 0.909254 -0.427373 
0.826582 1 0.911003 1 0.909254 -0.427373 
0.826586 1 0.911003 1 0.909254 -0.427373 
0.826589 1 0.911003 1 0.909253 -0.427373 
0.826592 1 0.911002 1 0.909252 -0.427373 
0.826594 1 0.911002 1 0.909251 -0.427373 
0.826595 1 0.911001 1 0.909251 -0.427373 
0.826595 1 0.911 1 0.909251 -0.427372 
0.826595 1 0.910999 1 0.909251 -0.42737 
0.826594 1 0.910998 1 0.909251 -0.42737 
0.826593 1 0.910997 1 0.909251 -0.42737 
0.826594 1 0.910993 1 0.90925 -0.427369 
0.826592 1 0.910988 1 0.909249 -0.42737 
0.826589 1 0.910984 1 0.90925 -0.427369 
0.826587 1 0.91098 1 0.909251 -0.42737 
0.826586 1 0.910977 1 0.909252 -0.427371 
0.826584 1 0.910975 1 0.909253 -0.427371 
0.826583 1 0.910973 1 0.909253 -0.427372 
0.826582 1 0.910971 1 0.909252 -0.427372 
0.82658 1 0.910971 1 0.909249 -0.427372 
0.826578 1 0.91097 1 0.909246 -0.427372 
0.826575 1 0.910971 1 0.909244 -0.427372 
0.826573 1 0.91097 1 0.909242 -0.427372 
0.826571 1 0.91097 1 0.909241 -0.427372 
0.826569 1 0.91097 1 0.90924 -0.427371 
0.826567 1 0.910969 1 0.909238 -0.427371 
0.826564 1 0.910968 1 0.909237 -0.427371 
0.826562 1 0.910968 1 0.909236 -0.42737 
0.82656 1 0.910967 1 0.909236 -0.42737 
0.826558 1 0.910966 1 0.909235 -0.427369 
0.826556 1 0.910965 1 0.909235 -0.42737 
0.826553 1 0.910964 1 0.909233 -0.427369 
0.826552 1 0.910963 1 0.909232 -0.427368 
0.82655 1 0.910962 1 0.909233 -0.427368 
0.826547 1 0.910961 1 0.909232 -0.427368 
0.826546 1 0.91096 1 0.909232 -0.427367 
