0.287368 0 0.409876 0 0.409875 0.500001 
0.287553 0 0.414854 0 0.414752 0.49922 
0.287936 0 0.419996 0 0.419758 0.498269 
0.288469 0 0.425253 0 0.424837 0.497157 
0.289003 0 0.430449 0 0.429848 0.495898 
0.289543 0 0.435578 0 0.43479 0.494508 
0.290084 0 0.440626 0 0.439648 0.492996 
0.290631 0 0.445595 0 0.444418 0.491361 
0.291185 0 0.450479 0 0.449096 0.489592 
0.291739 0 0.455265 0 0.453673 0.487659 
0.292291 0 0.459948 0 0.458144 0.48552 
0.29285 0 0.464534 0 0.46251 0.483117 
0.293414 0 0.469018 0 0.466768 0.480383 
0.293977 0 0.473388 0 0.470912 0.47725 
0.29454 0 0.477642 0 0.474939 0.473652 
0.295111 0 0.481785 0 0.478853 0.469522 
0.295813 0 0.486376 0 0.482501 0.464794 
0.296573 0 0.491091 0 0.485915 0.459391 
0.29733 0 0.495628 0 0.489188 0.453226 
0.297979 0 0.499772 0 0.492216 0.446192 
0.298676 0 0.503682 0 0.495269 0.438171 
0.299377 0 0.507375 0 0.498192 0.429043 
0.300078 0 0.510843 0 0.500928 0.418704 
0.300785 0 0.514077 0 0.503449 0.4071 
0.301499 0 0.517052 0 0.505728 0.394245 
0.302212 0 0.519735 0 0.50774 0.380229 
0.302927 0 0.52211 0 0.509468 0.365214 
0.303651 0 0.524172 0 0.510904 0.349399 
0.304382 0 0.525914 0 0.512042 0.333001 
0.305068 0 0.527297 0 0.51285 0.316222 
0.305747 0 0.528356 0 0.513366 0.299242 
0.306433 0 0.529125 0 0.51361 0.282208 
0.307127 0 0.529616 0 0.513592 0.265236 
0.3079 0 0.529897 0 0.513415 0.248414 
0.308709 0 0.529844 0 0.513142 0.231807 
0.309554 0 0.529549 0 0.512725 0.215462 
0.310423 0 0.52904 0 0.512145 0.199413 
0.3113 0 0.528324 0 0.511392 0.183681 
0.312177 0 0.527417 0 0.510472 0.16828 
0.313055 0 0.526341 0 0.509396 0.153217 
0.313927 0 0.525112 0 0.50817 0.138496 
0.314785 0 0.523739 0 0.506802 0.124118 
0.315624 0 0.522242 0 0.505306 0.110079 
0.316448 0 0.520648 0 0.503703 0.0963764 
0.317254 0 0.518976 0 0.502007 0.0830049 
0.318034 0 0.517236 0 0.500233 0.0699586 
0.318787 0 0.515447 0 0.498399 0.0572311 
0.319519 0 0.513633 0 0.496525 0.044816 
0.320228 0 0.511806 0 0.494621 0.0327062 
0.320908 0 0.509969 0 0.492696 0.0208948 
0.321559 0 0.508133 0 0.49076 0.0093749 
0.322189 0 0.506314 0 0.488825 -0.00186037 
0.322795 0 0.504518 0 0.486896 -0.0128181 
0.323372 0 0.502742 0 0.484975 -0.0235048 
0.323921 0 0.500992 0 0.483066 -0.0339272 
0.32445 0 0.499281 0 0.481179 -0.0440919 
0.324956 0 0.49761 0 0.479314 -0.0540051 
0.325436 0 0.495974 0 0.477471 -0.0636731 
0.32589 0 0.494378 0 0.475652 -0.073102 
0.326326 0 0.492831 0 0.473863 -0.0822974 
0.326744 0 0.491334 0 0.472104 -0.0912654 
0.327139 0 0.489881 0 0.470373 -0.100011 
0.327514 0 0.488474 0 0.46867 -0.108541 
0.327876 0 0.487123 0 0.467002 -0.116859 
0.328225 0 0.485827 0 0.465367 -0.124971 
0.328556 0 0.484579 0 0.46376 -0.132882 
0.328745 0 0.482976 0 0.461966 -0.140596 
0.328986 0 0.481231 0 0.460089 -0.148119 
0.329261 0 0.479469 0 0.458249 -0.155455 
0.329566 0 0.477771 0 0.456496 -0.162609 
0.329962 0 0.476203 0 0.454878 -0.169584 
0.330424 0 0.474753 0 0.453366 -0.176386 
0.330927 0 0.473405 0 0.451938 -0.183018 
0.331452 0 0.472141 0 0.450576 -0.189485 
0.33193 0 0.470793 0 0.449164 -0.19579 
0.332388 0 0.469389 0 0.447743 -0.201937 
0.332844 0 0.467968 0 0.446343 -0.20793 
0.333306 0 0.466553 0 0.444978 -0.213772 
0.333781 0 0.465158 0 0.443657 -0.219466 
0.334278 0 0.463798 0 0.442386 -0.225016 
0.334794 0 0.462474 0 0.441165 -0.230424 
0.335322 0 0.461183 0 0.439991 -0.235691 
0.33586 0 0.45993 0 0.438869 -0.24082 
0.336412 0 0.45873 0 0.437807 -0.245812 
0.336973 0 0.457589 0 0.436811 -0.250665 
0.337536 0 0.45651 0 0.435883 -0.255378 
0.3381 0 0.455504 0 0.435034 -0.259948 
0.338669 0 0.454588 0 0.434279 -0.264367 
0.339241 0 0.453771 0 0.433628 -0.268625 
0.339807 0 0.453055 0 0.433087 -0.272708 
0.340366 0 0.452446 0 0.432666 -0.276596 
0.340922 0 0.45195 0 0.43237 -0.28026 
0.34147 0 0.451565 0 0.432197 -0.283665 
0.342 0 0.45128 0 0.432143 -0.286769 
0.342513 0 0.451098 0 0.432206 -0.289521 
0.343012 0 0.451028 0 0.432393 -0.291865 
0.343496 0 0.451075 0 0.432705 -0.293736 
0.343947 0 0.451235 0 0.433136 -0.295063 
0.344415 0 0.451551 0 0.433743 -0.29577 
0.345157 0 0.452251 0 0.434769 -0.295779 
0.345999 0 0.453245 0 0.436075 -0.295012 
0.346928 0 0.454496 0 0.437644 -0.293395 
0.347861 0 0.455973 0 0.439424 -0.290864 
0.348863 0 0.457726 0 0.441454 -0.287369 
0.349493 0 0.459758 0 0.443367 -0.282879 
0.35033 0 0.461922 0 0.445735 -0.277383 
0.351285 0 0.464309 0 0.448457 -0.270894 
0.352242 0 0.466935 0 0.45141 -0.263446 
0.353125 0 0.469788 0 0.45458 -0.255094 
0.354027 0 0.472851 0 0.457931 -0.245906 
0.354928 0 0.476096 0 0.461459 -0.235964 
0.35583 0 0.479515 0 0.465157 -0.225355 
0.356729 0 0.48309 0 0.469007 -0.214171 
0.357618 0 0.486795 0 0.472986 -0.202502 
0.358497 0 0.490608 0 0.477074 -0.190434 
0.359373 0 0.494517 0 0.481254 -0.178048 
0.360245 0 0.498499 0 0.485504 -0.16542 
0.361104 0 0.502526 0 0.489804 -0.152615 
0.361954 0 0.506583 0 0.494136 -0.139695 
0.362801 0 0.510661 0 0.498491 -0.126712 
0.363644 0 0.514746 0 0.502852 -0.113712 
0.364477 0 0.518816 0 0.507204 -0.100735 
0.365302 0 0.522863 0 0.511537 -0.0878153 
0.366126 0 0.526884 0 0.515846 -0.0749823 
0.366949 0 0.530869 0 0.520121 -0.0622602 
0.367763 0 0.534802 0 0.524349 -0.0496698 
0.368572 0 0.538679 0 0.528526 -0.0372283 
0.369382 0 0.5425 0 0.53265 -0.02495 
0.370192 0 0.54626 0 0.536714 -0.0128465 
0.370997 0 0.549947 0 0.540711 -0.0009274 
0.371797 0 0.553559 0 0.544639 0.0108 
0.372601 0 0.557101 0 0.548498 0.0223298 
0.373408 0 0.56057 0 0.552285 0.0336575 
0.37421 0 0.563955 0 0.555995 0.0447796 
0.375011 0 0.567258 0 0.559628 0.0556941 
0.375816 0 0.570485 0 0.563186 0.0663994 
0.376626 0 0.573634 0 0.566668 0.076895 
0.377434 0 0.576698 0 0.570071 0.0871807 
0.378242 0 0.579677 0 0.573394 0.0972571 
0.379056 0 0.582581 0 0.576644 0.107125 
0.379876 0 0.585408 0 0.579818 0.116786 
0.380695 0 0.588152 0 0.582915 0.126242 
0.381515 0 0.590814 0 0.585936 0.135493 
0.382343 0 0.593403 0 0.588888 0.144544 
0.383176 0 0.59592 0 0.591769 0.153395 
0.38401 0 0.598357 0 0.594578 0.16205 
0.384845 0 0.600716 0 0.597317 0.17051 
0.385687 0 0.603008 0 0.599993 0.178779 
0.386536 0 0.605231 0 0.602606 0.18686 
0.387384 0 0.607379 0 0.605153 0.194755 
0.388232 0 0.609454 0 0.607639 0.202467 
0.389088 0 0.611466 0 0.610069 0.21 
0.389949 0 0.613415 0 0.612444 0.217357 
0.390808 0 0.615292 0 0.614762 0.22454 
0.391667 0 0.6171 0 0.617026 0.231553 
0.392532 0 0.618848 0 0.619242 0.238399 
0.393401 0 0.620537 0 0.621411 0.245082 
0.394266 0 0.622157 0 0.623532 0.251604 
0.395129 0 0.623712 0 0.625607 0.257969 
0.395997 0 0.625209 0 0.627642 0.264179 
0.396866 0 0.626649 0 0.629638 0.27024 
0.397731 0 0.628023 0 0.631592 0.276152 
0.398591 0 0.629333 0 0.633508 0.281921 
0.399454 0 0.630587 0 0.635392 0.287548 
0.400318 0 0.631786 0 0.637243 0.293037 
0.401174 0 0.632919 0 0.63906 0.298392 
0.402024 0 0.633989 0 0.640845 0.303614 
0.402875 0 0.635004 0 0.642604 0.308708 
0.403725 0 0.635963 0 0.644336 0.313676 
0.404565 0 0.636857 0 0.646039 0.318521 
0.405398 0 0.637688 0 0.647715 0.323246 
0.40623 0 0.638463 0 0.649371 0.327854 
0.407058 0 0.639182 0 0.651005 0.332348 
0.407876 0 0.639834 0 0.652614 0.336731 
0.408685 0 0.640422 0 0.6542 0.341004 
0.40949 0 0.640954 0 0.65577 0.345171 
0.410291 0 0.641428 0 0.657321 0.349235 
0.411079 0 0.641835 0 0.658851 0.353197 
0.411856 0 0.642175 0 0.660361 0.357061 
0.412629 0 0.642457 0 0.661857 0.360828 
0.413395 0 0.642679 0 0.663337 0.364501 
0.414148 0 0.642832 0 0.664797 0.368083 
0.414887 0 0.642916 0 0.66624 0.371576 
0.415267 0 0.643118 0 0.667047 0.374981 
0.415506 0 0.643391 0 0.667599 0.378302 
0.415696 0 0.643665 0 0.668052 0.38154 
0.415984 0 0.644012 0 0.668597 0.384697 
0.416341 0 0.644417 0 0.669201 0.387775 
0.416746 0 0.644852 0 0.669848 0.390776 
0.417178 0 0.645292 0 0.670523 0.393703 
0.41763 0 0.645727 0 0.671222 0.396556 
0.418101 0 0.646158 0 0.671946 0.399338 
0.418588 0 0.64658 0 0.67269 0.40205 
0.419079 0 0.646981 0 0.673448 0.404695 
0.419574 0 0.64736 0 0.674221 0.407273 
0.42008 0 0.647725 0 0.675013 0.409788 
0.420595 0 0.648073 0 0.675822 0.412239 
0.42111 0 0.648395 0 0.676643 0.414629 
0.421626 0 0.648693 0 0.677478 0.416959 
0.422151 0 0.648976 0 0.678331 0.419232 
0.422683 0 0.649243 0 0.679202 0.421447 
0.423215 0 0.649486 0 0.680084 0.423607 
0.423872 0 0.650049 0 0.68094 0.425713 
0.424591 0 0.650777 0 0.681783 0.427767 
0.425346 0 0.651594 0 0.682623 0.429769 
0.426118 0 0.652443 0 0.683467 0.431721 
0.426773 0 0.65311 0 0.684263 0.433624 
0.427586 0 0.654067 0 0.685107 0.43548 
0.428271 0 0.654793 0 0.685923 0.437289 
0.42887 0 0.655389 0 0.686707 0.439053 
0.42962 0 0.656313 0 0.687513 0.440773 
0.430379 0 0.657203 0 0.688373 0.44245 
0.43114 0 0.658112 0 0.689246 0.444085 
0.431887 0 0.659036 0 0.690117 0.445679 
0.432616 0 0.659975 0 0.690986 0.447233 
0.433336 0 0.660939 0 0.691864 0.448749 
0.434047 0 0.66193 0 0.692755 0.450226 
0.434741 0 0.662946 0 0.693659 0.451667 
0.435419 0 0.663993 0 0.69458 0.453071 
0.43609 0 0.665084 0 0.695527 0.454441 
0.436751 0 0.666226 0 0.696501 0.455776 
0.437396 0 0.667411 0 0.697503 0.457078 
0.438025 0 0.668645 0 0.698535 0.458347 
0.43848 0 0.669854 0 0.699422 0.459585 
0.438846 0 0.671039 0 0.700299 0.460792 
0.439067 0 0.672121 0 0.701116 0.461968 
0.439215 0 0.673158 0 0.701944 0.463115 
0.439368 0 0.674249 0 0.702826 0.464234 
0.439683 0 0.675615 0 0.703853 0.465324 
0.439969 0 0.676869 0 0.704985 0.466387 
0.440252 0 0.678201 0 0.706107 0.467424 
0.440531 0 0.679574 0 0.707238 0.468434 
0.440803 0 0.680966 0 0.708378 0.46942 
0.441063 0 0.682359 0 0.709518 0.470381 
0.441314 0 0.683747 0 0.710654 0.471317 
0.441563 0 0.685133 0 0.711786 0.472231 
0.441809 0 0.686511 0 0.712905 0.473121 
0.442045 0 0.687867 0 0.714003 0.473989 
0.442272 0 0.689196 0 0.715076 0.474836 
0.442498 0 0.690505 0 0.716125 0.475661 
0.442722 0 0.691788 0 0.717148 0.476466 
0.442935 0 0.693035 0 0.718137 0.477251 
0.443141 0 0.694243 0 0.719092 0.478016 
0.443345 0 0.695422 0 0.720016 0.478762 
0.443548 0 0.696568 0 0.720908 0.479489 
0.443741 0 0.697673 0 0.721762 0.480198 
0.443926 0 0.698736 0 0.722579 0.480889 
0.444111 0 0.699767 0 0.723365 0.481563 
0.444294 0 0.700766 0 0.724118 0.48222 
0.444467 0 0.701723 0 0.724834 0.482861 
0.444633 0 0.702639 0 0.725516 0.483486 
0.444798 0 0.703526 0 0.726168 0.484095 
0.444962 0 0.704382 0 0.726789 0.484689 
0.445116 0 0.705199 0 0.727377 0.485268 
0.445263 0 0.70598 0 0.727932 0.485832 
0.445408 0 0.706733 0 0.728461 0.486383 
0.445552 0 0.707459 0 0.728963 0.48692 
0.445685 0 0.70815 0 0.729433 0.487443 
0.44581 0 0.708809 0 0.729873 0.487953 
0.445934 0 0.709443 0 0.730289 0.488451 
0.446054 0 0.710055 0 0.73068 0.488936 
0.446163 0 0.710634 0 0.731041 0.489409 
0.446262 0 0.711184 0 0.731374 0.48987 
0.446358 0 0.711714 0 0.731683 0.490319 
0.446449 0 0.712224 0 0.731967 0.490757 
0.446526 0 0.712705 0 0.732221 0.491185 
0.446591 0 0.71316 0 0.732446 0.491601 
0.446649 0 0.713597 0 0.732646 0.492008 
0.4467 0 0.714016 0 0.73282 0.492404 
0.446733 0 0.714409 0 0.73296 0.49279 
0.446751 0 0.714777 0 0.733068 0.493166 
0.446758 0 0.715129 0 0.733148 0.493534 
0.446752 0 0.715465 0 0.733197 0.493892 
0.446725 0 0.715777 0 0.733209 0.494241 
0.446676 0 0.716065 0 0.733182 0.494581 
0.446613 0 0.716339 0 0.733122 0.494913 
0.446531 0 0.716598 0 0.733024 0.495236 
0.446423 0 0.716835 0 0.732882 0.495552 
0.446289 0 0.71705 0 0.732695 0.495859 
0.446134 0 0.717253 0 0.732467 0.496159 
0.445958 0 0.717446 0 0.732195 0.496451 
0.445919 0 0.717705 0 0.732104 0.496736 
0.445973 0 0.718012 0 0.732119 0.497014 
0.445865 0 0.718251 0 0.731882 0.497285 
0.445652 0 0.718598 0 0.73136 0.497549 
0.445362 0 0.719035 0 0.730619 0.497807 
0.445026 0 0.71956 0 0.729711 0.498058 
0.44467 0 0.720187 0 0.728663 0.498303 
0.444306 0 0.720932 0 0.727476 0.498542 
0.443935 0 0.721803 0 0.726135 0.498774 
0.443562 0 0.722805 0 0.724633 0.499001 
0.443197 0 0.723935 0 0.722969 0.499222 
0.442839 0 0.725161 0 0.721145 0.499438 
0.442481 0 0.726434 0 0.719169 0.499648 
0.441986 0 0.727566 0 0.716908 0.499853 
0.441667 0 0.728768 0 0.714854 0.500054 
0.441193 0 0.729828 0 0.712457 0.500249 
0.440847 0 0.730895 0 0.710213 0.500439 
0.440356 0 0.731787 0 0.707655 0.500624 
0.439845 0 0.732549 0 0.70504 0.500804 
0.439394 0 0.732484 0 0.703904 0.500981 
0.439245 0 0.73256 0 0.703433 0.501152 
0.43926 0 0.732758 0 0.703198 0.501319 
0.439184 0 0.732821 0 0.702922 0.501482 
0.439111 0 0.73287 0 0.702645 0.501641 
0.439066 0 0.732954 0 0.702298 0.501795 
0.439242 0 0.733266 0 0.702131 0.501946 
0.439525 0 0.733684 0 0.70205 0.502093 
0.439831 0 0.734106 0 0.702011 0.502235 
0.440134 0 0.734514 0 0.701968 0.502374 
0.440435 0 0.734912 0 0.701922 0.502509 
0.44074 0 0.735308 0 0.701879 0.502641 
0.441049 0 0.7357 0 0.701837 0.502768 
0.441242 0 0.735973 0 0.701686 0.502891 
0.441433 0 0.73624 0 0.701533 0.50301 
0.441629 0 0.736507 0 0.701382 0.503125 
0.441829 0 0.736773 0 0.701233 0.503234 
0.442026 0 0.737033 0 0.701082 0.503339 
0.442222 0 0.737286 0 0.700928 0.503436 
0.442581 0 0.737702 0 0.700881 0.503526 
0.442916 0 0.738107 0 0.700809 0.503605 
0.443303 0 0.738534 0 0.700821 0.50367 
0.443722 0 0.738982 0 0.700871 0.503716 
0.444177 0 0.739459 0 0.700954 0.503735 
0.444569 0 0.739873 0 0.700972 0.503714 
0.445058 0 0.740375 0 0.701055 0.503638 
0.445489 0 0.740813 0 0.701093 0.503478 
0.445897 0 0.741222 0 0.701101 0.503199 
0.44631 0 0.741627 0 0.701099 0.502744 
0.446793 0 0.742077 0 0.701139 0.502035 
0.44736 0 0.742588 0 0.701285 0.500961 
0.447978 0 0.743115 0 0.701472 0.49937 
0.448623 0 0.743623 0 0.701655 0.497064 
0.449283 0 0.744087 0 0.701811 0.493792 
0.449963 0 0.744489 0 0.701923 0.489265 
0.450674 0 0.744807 0 0.701974 0.483184 
0.451417 0 0.745 0 0.701932 0.475283 
0.452186 0 0.745014 0 0.701751 0.465394 
0.452984 0 0.744796 0 0.701392 0.453494 
0.453817 0 0.744309 0 0.700818 0.439719 
0.454685 0 0.743515 0 0.699998 0.424339 
0.455578 0 0.742391 0 0.698912 0.4077 
0.456495 0 0.74094 0 0.697561 0.390162 
0.457438 0 0.739186 0 0.695959 0.37205 
0.458402 0 0.737156 0 0.694125 0.35364 
0.459374 0 0.734876 0 0.692079 0.335142 
0.460349 0 0.732385 0 0.68985 0.316712 
0.461329 0 0.729724 0 0.687466 0.298463 
0.462307 0 0.726924 0 0.684949 0.280471 
0.463272 0 0.72401 0 0.68232 0.262788 
0.464221 0 0.721009 0 0.679597 0.245446 
0.465158 0 0.717953 0 0.676801 0.228465 
0.466077 0 0.714862 0 0.673944 0.211858 
0.46697 0 0.711748 0 0.671035 0.195628 
0.467837 0 0.708628 0 0.668082 0.179777 
0.468683 0 0.705523 0 0.665095 0.164302 
0.469504 0 0.702444 0 0.662075 0.1492 
0.470293 0 0.699393 0 0.659022 0.134464 
0.471052 0 0.696379 0 0.655937 0.120089 
0.471785 0 0.693413 0 0.652822 0.106067 
0.472491 0 0.690496 0 0.649677 0.0923913 
0.473164 0 0.687625 0 0.646499 0.0790541 
0.473805 0 0.684799 0 0.643294 0.0660479 
0.474421 0 0.682027 0 0.640069 0.053365 
0.47501 0 0.679305 0 0.636831 0.0409979 
0.475565 0 0.67663 0 0.633586 0.0289392 
0.47609 0 0.674003 0 0.630342 0.0171814 
0.476591 0 0.671432 0 0.627114 0.00571731 
0.477066 0 0.668918 0 0.623908 -0.00546039 
0.477511 0 0.666459 0 0.620731 -0.0163584 
0.477927 0 0.664059 0 0.617592 -0.0269837 
0.478321 0 0.661727 0 0.6145 -0.0373429 
0.478693 0 0.659464 0 0.611459 -0.0474425 
0.479038 0 0.657268 0 0.608474 -0.0572889 
0.479356 0 0.655142 0 0.605548 -0.0668881 
0.479655 0 0.653095 0 0.602688 -0.0762463 
0.479934 0 0.651128 0 0.599897 -0.0853693 
0.480188 0 0.649237 0 0.597175 -0.0942629 
0.480202 0 0.646631 0 0.594098 -0.102932 
0.480194 0 0.643766 0 0.590899 -0.111383 
0.480203 0 0.640985 0 0.587827 -0.119621 
0.480327 0 0.6384 0 0.584952 -0.12765 
0.480528 0 0.635986 0 0.582243 -0.135475 
0.480787 0 0.633729 0 0.57968 -0.143102 
0.481086 0 0.631612 0 0.577246 -0.150533 
0.481407 0 0.629623 0 0.574928 -0.157775 
0.481742 0 0.627756 0 0.572719 -0.16483 
0.482095 0 0.626013 0 0.570617 -0.171703 
0.482459 0 0.624389 0 0.568615 -0.178396 
0.482827 0 0.622877 0 0.566709 -0.184912 
0.4832 0 0.621474 0 0.564894 -0.191255 
0.483582 0 0.620185 0 0.563172 -0.197426 
0.483971 0 0.619006 0 0.561538 -0.203425 
0.484361 0 0.61793 0 0.559988 -0.209254 
0.484753 0 0.616956 0 0.558521 -0.21491 
0.485153 0 0.61609 0 0.557137 -0.22039 
0.48556 0 0.61533 0 0.555836 -0.22569 
0.485967 0 0.614671 0 0.554614 -0.230801 
0.486375 0 0.614115 0 0.553472 -0.235709 
0.48679 0 0.613671 0 0.552417 -0.240399 
0.487211 0 0.613342 0 0.551448 -0.244844 
0.487631 0 0.613129 0 0.55057 -0.249012 
0.488052 0 0.613041 0 0.549791 -0.25286 
0.488478 0 0.613098 0 0.549123 -0.256332 
0.488804 0 0.612912 0 0.548468 -0.259356 
0.489056 0 0.612636 0 0.547893 -0.261843 
0.489272 0 0.612435 0 0.547472 -0.263686 
0.489481 0 0.612431 0 0.547259 -0.264759 
0.489714 0 0.612704 0 0.547281 -0.264919 
0.489959 0 0.613283 0 0.54756 -0.26401 
0.490215 0 0.614209 0 0.548127 -0.261875 
0.490486 0 0.615523 0 0.549015 -0.258365 
0.490755 0 0.617157 0 0.550229 -0.253361 
0.491021 0 0.619149 0 0.55179 -0.246788 
0.491292 0 0.621531 0 0.553714 -0.238635 
0.491577 0 0.624314 0 0.555999 -0.228961 
0.491878 0 0.627476 0 0.558618 -0.217898 
0.492191 0 0.63097 0 0.561531 -0.205634 
0.492517 0 0.634741 0 0.564692 -0.192395 
0.492863 0 0.638736 0 0.568053 -0.178418 
0.493229 0 0.642895 0 0.571562 -0.163927 
0.49361 0 0.647159 0 0.575173 -0.149122 
0.494006 0 0.651482 0 0.57885 -0.134169 
0.494424 0 0.655834 0 0.582562 -0.119198 
0.494863 0 0.660182 0 0.586284 -0.10431 
0.495317 0 0.664496 0 0.589996 -0.0895798 
0.495787 0 0.668758 0 0.593682 -0.075061 
0.49628 0 0.672962 0 0.597337 -0.0607907 
0.496792 0 0.677096 0 0.60095 -0.0467941 
0.497318 0 0.681147 0 0.604516 -0.0330873 
0.497858 0 0.685111 0 0.608031 -0.0196798 
0.498417 0 0.688991 0 0.611498 -0.00657603 
0.498992 0 0.692784 0 0.614913 0.00622302 
0.499577 0 0.696482 0 0.618274 0.0187186 
0.500171 0 0.700087 0 0.621583 0.0309136 
0.50078 0 0.703604 0 0.624842 0.0428123 
0.501401 0 0.707034 0 0.628051 0.0544199 
0.502025 0 0.710369 0 0.63121 0.065742 
0.502654 0 0.713611 0 0.634321 0.0767845 
0.503292 0 0.716768 0 0.637386 0.0875534 
0.503937 0 0.719839 0 0.640406 0.098055 
0.504582 0 0.722818 0 0.64338 0.108295 
0.505517 0 0.726246 0 0.646689 0.118281 
0.506615 0 0.729761 0 0.650041 0.128018 
0.50777 0 0.733161 0 0.653322 0.137511 
0.508987 0 0.73648 0 0.656597 0.146768 
0.510203 0 0.73971 0 0.659816 0.155794 
0.511425 0 0.742862 0 0.662983 0.164594 
0.512649 0 0.745934 0 0.6661 0.173174 
0.513871 0 0.74892 0 0.669166 0.181541 
0.515092 0 0.751822 0 0.672186 0.189698 
0.516317 0 0.75465 0 0.675161 0.197651 
0.517546 0 0.757401 0 0.678094 0.205406 
0.518772 0 0.76007 0 0.680985 0.212966 
0.519996 0 0.762658 0 0.683837 0.220338 
0.521142 0 0.765132 0 0.686631 0.227526 
0.522236 0 0.767491 0 0.689384 0.234534 
0.523326 0 0.769765 0 0.692101 0.241366 
0.524414 0 0.771956 0 0.694785 0.248028 
0.525505 0 0.774071 0 0.697437 0.254524 
0.52662 0 0.776094 0 0.700046 0.260857 
0.527712 0 0.778053 0 0.702611 0.267031 
0.528791 0 0.779917 0 0.705141 0.273052 
0.52986 0 0.781684 0 0.707639 0.278922 
0.530918 0 0.783358 0 0.710107 0.284645 
0.531961 0 0.784939 0 0.712547 0.290225 
0.532991 0 0.786434 0 0.714964 0.295665 
0.534018 0 0.787853 0 0.717359 0.30097 
0.535041 0 0.789193 0 0.719734 0.306142 
0.536053 0 0.790444 0 0.722089 0.311185 
0.537055 0 0.791605 0 0.724426 0.316101 
0.538054 0 0.792687 0 0.726748 0.320895 
0.539048 0 0.793687 0 0.729056 0.325569 
0.540031 0 0.794597 0 0.731348 0.330126 
0.541003 0 0.795417 0 0.733628 0.334569 
0.541972 0 0.796158 0 0.735898 0.338901 
0.542572 0 0.79662 0 0.737357 0.343123 
0.542892 0 0.796901 0 0.738308 0.347241 
0.543074 0 0.797128 0 0.739039 0.351256 
0.543285 0 0.797379 0 0.739794 0.355171 
0.543518 0 0.797644 0 0.740575 0.358988 
0.543763 0 0.797913 0 0.741384 0.36271 
0.544017 0 0.798184 0 0.742221 0.366338 
0.544286 0 0.798466 0 0.74309 0.369876 
0.544568 0 0.798758 0 0.743991 0.373325 
0.544855 0 0.799054 0 0.744927 0.376688 
0.545148 0 0.799355 0 0.7459 0.379967 
0.545453 0 0.799674 0 0.746917 0.383165 
0.545768 0 0.800011 0 0.747979 0.386282 
0.546088 0 0.800361 0 0.749089 0.389321 
0.546413 0 0.800727 0 0.750252 0.392284 
0.546751 0 0.801122 0 0.751473 0.395173 
0.547099 0 0.801548 0 0.752754 0.39799 
0.54745 0 0.801998 0 0.754099 0.400737 
0.547807 0 0.802476 0 0.75551 0.403415 
0.548176 0 0.802991 0 0.756992 0.406026 
0.548555 0 0.803545 0 0.758545 0.408571 
0.548801 0 0.804198 0 0.759816 0.411053 
0.548947 0 0.804924 0 0.760906 0.413474 
0.549039 0 0.80572 0 0.761918 0.415833 
0.549108 0 0.806571 0 0.762923 0.418134 
0.549189 0 0.807484 0 0.763971 0.420376 
0.549278 0 0.808437 0 0.765071 0.422563 
0.549356 0 0.80941 0 0.766197 0.424695 
0.549424 0 0.810409 0 0.767332 0.426774 
0.549477 0 0.811424 0 0.768466 0.428801 
0.549519 0 0.812454 0 0.769598 0.430778 
0.54956 0 0.813502 0 0.770726 0.432704 
0.5496 0 0.814562 0 0.771846 0.434583 
0.549633 0 0.81562 0 0.772953 0.436415 
0.549693 0 0.81664 0 0.774145 0.438201 
0.549809 0 0.817679 0 0.775397 0.439942 
0.549959 0 0.818711 0 0.776693 0.44164 
0.550122 0 0.819717 0 0.778008 0.443295 
0.550288 0 0.820692 0 0.779328 0.444909 
0.550465 0 0.821643 0 0.780645 0.446482 
0.550649 0 0.822568 0 0.781956 0.448017 
0.550834 0 0.823455 0 0.783258 0.449512 
0.551023 0 0.824305 0 0.784553 0.450971 
0.551221 0 0.825123 0 0.785841 0.452393 
0.551428 0 0.825908 0 0.787119 0.453779 
0.551579 0 0.826636 0 0.788306 0.455131 
0.551691 0 0.82733 0 0.789401 0.456449 
0.551784 0 0.828002 0 0.790425 0.457734 
0.551868 0 0.828651 0 0.791397 0.458987 
0.551943 0 0.829266 0 0.79233 0.460209 
0.552013 0 0.829846 0 0.793232 0.4614 
0.552085 0 0.830402 0 0.794107 0.462561 
0.552157 0 0.830933 0 0.794951 0.463694 
0.552222 0 0.831433 0 0.795763 0.464798 
0.55228 0 0.831903 0 0.79654 0.465874 
0.552336 0 0.832353 0 0.797284 0.466923 
0.55239 0 0.832783 0 0.797994 0.467946 
0.552435 0 0.833185 0 0.798667 0.468944 
0.55247 0 0.83356 0 0.799306 0.469917 
0.552503 0 0.833918 0 0.799911 0.470865 
0.552532 0 0.834259 0 0.800483 0.47179 
0.55255 0 0.834574 0 0.801019 0.472691 
0.552557 0 0.834864 0 0.801519 0.47357 
0.552559 0 0.83514 0 0.801986 0.474427 
0.552555 0 0.8354 0 0.802418 0.475263 
0.552537 0 0.835636 0 0.802812 0.476078 
0.552506 0 0.83585 0 0.803168 0.476872 
0.552467 0 0.836051 0 0.803488 0.477646 
0.552418 0 0.836238 0 0.80377 0.478402 
0.552352 0 0.836402 0 0.80401 0.479138 
0.552269 0 0.836546 0 0.804209 0.479856 
0.552174 0 0.836677 0 0.804367 0.480556 
0.552066 0 0.836795 0 0.804482 0.481238 
0.551937 0 0.836892 0 0.80455 0.481903 
0.551786 0 0.836969 0 0.804569 0.482552 
0.551619 0 0.837035 0 0.804542 0.483184 
0.551434 0 0.837089 0 0.804464 0.483801 
0.551224 0 0.837124 0 0.80433 0.484402 
0.550987 0 0.837142 0 0.804139 0.484989 
0.550729 0 0.837152 0 0.80389 0.48556 
0.550449 0 0.837155 0 0.803579 0.486117 
0.550287 0 0.837238 0 0.803423 0.486661 
0.550204 0 0.837377 0 0.803348 0.48719 
0.549972 0 0.837441 0 0.802994 0.487707 
0.549838 0 0.837661 0 0.802658 0.488211 
0.549538 0 0.837745 0 0.802114 0.488702 
0.54938 0 0.837946 0 0.801788 0.489181 
0.549331 0 0.838255 0 0.801567 0.489647 
0.549363 0 0.838657 0 0.801397 0.490103 
0.549448 0 0.83913 0 0.801245 0.490546 
0.549571 0 0.839659 0 0.801092 0.490979 
0.549728 0 0.840233 0 0.800928 0.491401 
0.54991 0 0.840834 0 0.800747 0.491812 
0.550104 0 0.841436 0 0.800544 0.492213 
0.550307 0 0.842031 0 0.800323 0.492604 
0.550523 0 0.842619 0 0.800085 0.492985 
0.550695 0 0.843139 0 0.799793 0.493357 
0.550948 0 0.843741 0 0.799508 0.493719 
0.551029 0 0.844082 0 0.799205 0.494072 
0.551303 0 0.844684 0 0.798863 0.494417 
0.551578 0 0.845256 0 0.798522 0.494752 
0.551684 0 0.845562 0 0.79821 0.49508 
0.551786 0 0.845844 0 0.797902 0.495399 
0.551892 0 0.846112 0 0.797598 0.49571 
0.552142 0 0.846595 0 0.797274 0.496013 
0.552516 0 0.847205 0 0.796971 0.496309 
0.552936 0 0.84786 0 0.796645 0.496597 
0.553358 0 0.8485 0 0.796317 0.496878 
0.55378 0 0.849126 0 0.795987 0.497152 
0.554196 0 0.84973 0 0.795652 0.497419 
0.554607 0 0.850315 0 0.795314 0.49768 
0.55502 0 0.850889 0 0.794974 0.497933 
0.555434 0 0.851451 0 0.794631 0.49818 
0.555842 0 0.851995 0 0.794284 0.498421 
0.556246 0 0.852523 0 0.793933 0.498655 
0.556653 0 0.853043 0 0.79358 0.498882 
0.557061 0 0.853554 0 0.793224 0.499103 
0.557463 0 0.854049 0 0.792862 0.499317 
0.557862 0 0.85453 0 0.792497 0.499525 
0.558264 0 0.855006 0 0.792128 0.499725 
0.558667 0 0.855474 0 0.791755 0.499916 
0.559065 0 0.855928 0 0.791376 0.500098 
0.559526 0 0.856441 0 0.791107 0.500268 
0.560042 0 0.857001 0 0.790889 0.500423 
0.5606 0 0.857596 0 0.790705 0.500558 
0.561194 0 0.85822 0 0.790549 0.500666 
0.561826 0 0.858873 0 0.790418 0.500736 
0.562502 0 0.859565 0 0.790311 0.500753 
0.56322 0 0.860291 0 0.790223 0.500692 
0.563972 0 0.861041 0 0.79015 0.500518 
0.564759 0 0.861812 0 0.79009 0.500181 
0.565584 0 0.862605 0 0.790037 0.499607 
0.566445 0 0.863411 0 0.789984 0.498694 
0.567334 0 0.864214 0 0.789924 0.497303 
0.568251 0 0.865 0 0.789847 0.495246 
0.569201 0 0.865758 0 0.789742 0.492293 
0.570181 0 0.866461 0 0.789592 0.488171 
0.571186 0 0.86707 0 0.789376 0.482593 
0.572214 0 0.867546 0 0.789069 0.4753 
0.573273 0 0.867843 0 0.788641 0.46611 
0.574359 0 0.867908 0 0.788057 0.454972 
0.575464 0 0.867683 0 0.787285 0.44198 
0.576587 0 0.867134 0 0.7863 0.427359 
0.577732 0 0.866248 0 0.785088 0.411415 
0.578461 0 0.864495 0 0.783517 0.394484 
0.578892 0 0.862022 0 0.78169 0.376878 
0.579134 0 0.858929 0 0.779492 0.358873 
0.579393 0 0.855509 0 0.777028 0.340686 
0.579669 0 0.851845 0 0.774334 0.322487 
0.579947 0 0.847991 0 0.771447 0.3044 
0.580219 0 0.843991 0 0.768389 0.286514 
0.580484 0 0.839885 0 0.765175 0.268892 
0.580734 0 0.835703 0 0.761813 0.251576 
0.580962 0 0.83147 0 0.758318 0.234594 
0.581164 0 0.827214 0 0.754699 0.217963 
0.581346 0 0.822959 0 0.750969 0.201694 
0.581506 0 0.818721 0 0.747136 0.185792 
0.581637 0 0.814506 0 0.74321 0.170257 
0.581738 0 0.810323 0 0.739201 0.155087 
0.582051 0 0.806579 0 0.735519 0.140279 
0.582453 0 0.802962 0 0.731896 0.125828 
0.582872 0 0.799388 0 0.728256 0.111728 
0.583242 0 0.795861 0 0.724579 0.0979732 
0.583557 0 0.792397 0 0.720898 0.0845561 
0.583822 0 0.788972 0 0.717207 0.0714701 
0.583848 0 0.785388 0 0.713311 0.0587079 
0.583729 0 0.781717 0 0.70931 0.0462625 
0.583516 0 0.778013 0 0.705246 0.0341268 
0.583206 0 0.774331 0 0.701203 0.0222936 
0.582821 0 0.770689 0 0.697198 0.010756 
0.582378 0 0.767099 0 0.693247 -0.000492808 
0.581898 0 0.763571 0 0.689361 -0.0114595 
0.581386 0 0.760105 0 0.685544 -0.0221505 
0.580844 0 0.756702 0 0.681804 -0.0325723 
0.580281 0 0.753288 0 0.678015 -0.0427307 
0.579687 0 0.749885 0 0.674217 -0.0526319 
0.579061 0 0.746515 0 0.670448 -0.0622819 
0.578401 0 0.743185 0 0.666737 -0.0716861 
0.577709 0 0.739898 0 0.663103 -0.0808499 
0.576996 0 0.736659 0 0.659557 -0.0897785 
0.576542 0 0.733832 0 0.656544 -0.0984769 
0.576235 0 0.731186 0 0.653775 -0.106949 
0.575986 0 0.728639 0 0.651138 -0.115201 
0.575761 0 0.726189 0 0.648608 -0.123236 
0.575552 0 0.723851 0 0.646147 -0.131057 
0.575391 0 0.721648 0 0.643824 -0.138669 
0.575368 0 0.71963 0 0.64167 -0.146076 
0.575452 0 0.71782 0 0.639688 -0.153279 
0.575614 0 0.716186 0 0.637853 -0.160281 
0.575824 0 0.714696 0 0.636141 -0.167085 
0.575985 0 0.713206 0 0.634405 -0.173691 
0.576134 0 0.711722 0 0.632705 -0.1801 
0.576292 0 0.710287 0 0.631078 -0.186311 
0.576466 0 0.708927 0 0.629544 -0.192321 
0.576665 0 0.70765 0 0.628106 -0.198126 
0.576898 0 0.706457 0 0.626763 -0.203717 
0.577164 0 0.705342 0 0.62551 -0.209083 
0.577458 0 0.704294 0 0.624345 -0.214205 
0.577783 0 0.703316 0 0.623274 -0.219058 
0.578146 0 0.702419 0 0.622301 -0.223603 
0.578546 0 0.70161 0 0.621435 -0.227791 
0.578978 0 0.700901 0 0.620688 -0.23155 
0.579442 0 0.700315 0 0.620077 -0.23479 
0.579943 0 0.699886 0 0.619625 -0.237393 
0.580478 0 0.699648 0 0.619357 -0.239218 
0.581037 0 0.699637 0 0.619302 -0.2401 
0.58162 0 0.699895 0 0.619491 -0.239863 
0.582228 0 0.700473 0 0.619958 -0.238334 
0.582859 0 0.701403 0 0.620726 -0.235361 
0.583502 0 0.702709 0 0.621814 -0.230837 
0.584158 0 0.704405 0 0.623231 -0.224715 
0.58483 0 0.706497 0 0.624976 -0.21702 
0.585515 0 0.708967 0 0.627031 -0.207846 
0.586207 0 0.711779 0 0.629371 -0.19735 
0.586893 0 0.714891 0 0.631951 -0.18573 
0.587804 0 0.718724 0 0.635142 -0.173201 
0.588837 0 0.722858 0 0.638545 -0.159982 
0.589899 0 0.727049 0 0.642007 -0.146272 
0.591083 0 0.731362 0 0.645597 -0.132245 
0.59227 0 0.735756 0 0.64923 -0.118048 
0.593458 0 0.740199 0 0.652881 -0.103799 
0.594644 0 0.744662 0 0.656531 -0.0895903 
0.595829 0 0.749127 0 0.660165 -0.0754916 
0.597019 0 0.753585 0 0.663772 -0.0615565 
0.598213 0 0.758022 0 0.667342 -0.047824 
0.599407 0 0.762423 0 0.670867 -0.0343224 
0.600601 0 0.766782 0 0.674345 -0.0210716 
0.601803 0 0.7711 0 0.67777 -0.00808494 
0.603011 0 0.775371 0 0.68114 0.00462894 
0.604219 0 0.779588 0 0.684454 0.0170651 
0.605429 0 0.783748 0 0.687711 0.0292218 
0.606647 0 0.787857 0 0.69091 0.0410988 
0.607873 0 0.791912 0 0.694052 0.0526979 
0.609099 0 0.795908 0 0.697136 0.0640218 
0.610329 0 0.799844 0 0.700165 0.0750741 
0.611568 0 0.803728 0 0.70314 0.0858592 
0.612814 0 0.807558 0 0.706059 0.0963819 
0.614063 0 0.81133 0 0.708925 0.106647 
0.615315 0 0.815043 0 0.711742 0.11666 
0.616576 0 0.818707 0 0.714508 0.126426 
0.617846 0 0.822319 0 0.717225 0.135951 
0.619118 0 0.825875 0 0.719896 0.145239 
0.620393 0 0.829375 0 0.722522 0.154297 
0.621678 0 0.832828 0 0.725105 0.163131 
0.622971 0 0.836232 0 0.727644 0.171744 
0.624267 0 0.839582 0 0.730143 0.180143 
0.625566 0 0.842879 0 0.732604 0.188332 
0.626875 0 0.84613 0 0.735028 0.196318 
0.628191 0 0.849334 0 0.737414 0.204104 
0.62951 0 0.852486 0 0.739766 0.211696 
0.630831 0 0.855583 0 0.742086 0.219099 
0.632162 0 0.858636 0 0.744374 0.226316 
0.6335 0 0.861641 0 0.74663 0.233354 
0.634839 0 0.864592 0 0.748857 0.240215 
0.636181 0 0.867487 0 0.751057 0.246906 
0.637531 0 0.870335 0 0.753231 0.253429 
0.638887 0 0.873132 0 0.755377 0.259789 
0.640243 0 0.875871 0 0.757499 0.26599 
0.641546 0 0.878605 0 0.759525 0.272036 
0.642819 0 0.881283 0 0.761519 0.277931 
0.643974 0 0.883711 0 0.763391 0.283679 
0.64505 0 0.885933 0 0.765144 0.289283 
0.646077 0 0.887933 0 0.766858 0.294747 
0.647077 0 0.889774 0 0.768569 0.300074 
0.648082 0 0.891563 0 0.770269 0.305269 
0.649086 0 0.893293 0 0.771965 0.310333 
0.650091 0 0.894961 0 0.773657 0.315271 
0.651111 0 0.896585 0 0.77537 0.320085 
0.652141 0 0.898156 0 0.777094 0.324779 
0.653175 0 0.899659 0 0.778829 0.329356 
0.654211 0 0.901092 0 0.780578 0.333818 
0.655255 0 0.902459 0 0.782338 0.338169 
0.656255 0 0.903702 0 0.784068 0.342411 
0.657226 0 0.904812 0 0.785805 0.346547 
0.65818 0 0.905804 0 0.787561 0.35058 
0.659129 0 0.9067 0 0.789336 0.354511 
0.660073 0 0.907506 0 0.791126 0.358345 
0.661008 0 0.908216 0 0.792934 0.362082 
0.661936 0 0.908828 0 0.79476 0.365726 
0.662865 0 0.909348 0 0.796605 0.36928 
0.663793 0 0.909772 0 0.798468 0.372744 
0.664712 0 0.910089 0 0.800356 0.376121 
0.665625 0 0.910298 0 0.802271 0.379415 
0.666537 0 0.910408 0 0.804211 0.382626 
0.667447 0 0.910418 0 0.806176 0.385756 
0.668348 0 0.910318 0 0.808171 0.388808 
0.66924 0 0.910109 0 0.810198 0.391785 
0.669838 0 0.909993 0 0.811747 0.394686 
0.670205 0 0.910029 0 0.812907 0.397515 
0.670424 0 0.910197 0 0.813832 0.400273 
0.67058 0 0.910434 0 0.814685 0.402963 
0.670795 0 0.910745 0 0.815568 0.405585 
0.671056 0 0.911105 0 0.816492 0.408141 
0.671343 0 0.911493 0 0.817464 0.410634 
0.671652 0 0.9119 0 0.818487 0.413065 
0.671983 0 0.912332 0 0.819557 0.415434 
0.672332 0 0.912784 0 0.820673 0.417745 
0.672691 0 0.913243 0 0.821839 0.419997 
0.673058 0 0.913705 0 0.823056 0.422194 
0.673439 0 0.914178 0 0.82432 0.424335 
0.673833 0 0.914657 0 0.825629 0.426423 
0.674233 0 0.915131 0 0.826985 0.428459 
0.674638 0 0.915597 0 0.828389 0.430444 
0.675056 0 0.91606 0 0.829834 0.432379 
0.675328 0 0.916687 0 0.831058 0.434266 
0.675495 0 0.917437 0 0.832132 0.436105 
0.675604 0 0.918257 0 0.833132 0.437899 
0.675693 0 0.919114 0 0.83411 0.439648 
0.675777 0 0.919989 0 0.835087 0.441353 
0.675854 0 0.920872 0 0.836071 0.443015 
0.675925 0 0.921767 0 0.837053 0.444636 
0.675994 0 0.922688 0 0.838023 0.446217 
0.676061 0 0.923635 0 0.838973 0.447758 
0.676117 0 0.924597 0 0.839906 0.44926 
0.676165 0 0.925573 0 0.840819 0.450725 
0.676212 0 0.926566 0 0.84171 0.452153 
0.676258 0 0.927573 0 0.842575 0.453545 
0.676169 1 0.927825 0 0.844162 0.4549 
0.676194 1 0.927893 0 0.846051 0.45623 
0.676276 1 0.928006 0 0.847925 0.457521 
0.676391 1 0.928134 0 0.8498 0.458779 
0.676474 0 0.928464 0 0.851437 0.460006 
0.676564 0 0.928827 0 0.853002 0.461202 
0.676659 1 0.929139 0 0.854626 0.462371 
0.676791 1 0.929417 0 0.856273 0.463508 
0.676965 1 0.929686 0 0.857915 0.464617 
0.677158 0 0.929939 0 0.859549 0.465698 
0.677368 0 0.930164 0 0.861172 0.466752 
0.677596 0 0.930357 0 0.862786 0.467779 
0.677818 0 0.930569 0 0.864324 0.468781 
0.678051 0 0.930761 0 0.865838 0.469758 
0.678297 0 0.93092 0 0.867343 0.47071 
0.678541 1 0.930563 0 0.869436 0.471641 
0.678791 1 0.92983 0 0.871911 0.472546 
0.678934 1 0.929081 0 0.87422 0.473428 
0.679044 1 0.928362 0 0.87641 0.474288 
0.679167 1 0.927637 0 0.878573 0.475128 
0.679296 0 0.926892 0 0.880719 0.475946 
0.679428 0 0.926115 0 0.882849 0.476743 
0.679543 0 0.925359 0 0.884888 0.477521 
0.679649 0 0.924587 0 0.886886 0.478279 
0.67975 0 0.923785 0 0.888864 0.479018 
0.679845 0 0.922948 0 0.890829 0.479739 
0.679846 0 0.922296 0 0.892615 0.480442 
0.679777 0 0.92178 0 0.894247 0.481127 
0.679672 0 0.921299 0 0.895803 0.481795 
0.67955 0 0.920807 0 0.897312 0.482447 
0.679438 0 0.92029 0 0.898808 0.483082 
0.679334 0 0.919742 0 0.900292 0.483701 
0.679226 0 0.919179 0 0.901754 0.484305 
0.679088 0 0.918611 0 0.903187 0.484893 
0.678929 0 0.918042 0 0.904592 0.485467 
0.678753 0 0.917465 0 0.905971 0.486027 
0.678564 0 0.916878 0 0.907324 0.486573 
0.678363 0 0.916281 0 0.908653 0.487105 
0.678151 0 0.915675 0 0.909957 0.487623 
0.677927 0 0.915063 0 0.911235 0.488129 
0.67769 0 0.914443 0 0.912489 0.488622 
0.677442 0 0.913817 0 0.913717 0.489103 
0.677182 0 0.913183 0 0.914922 0.489571 
0.67691 0 0.912542 0 0.916102 0.490028 
0.676626 0 0.911893 0 0.917257 0.490474 
0.67633 0 0.911237 0 0.918388 0.490908 
0.676648 0 0.912609 1 0.917647 0.491343 
0.676961 0 0.913922 1 0.917173 0.491756 
0.677347 1 0.913468 1 0.917341 0.49216 
0.677704 1 0.913346 1 0.917414 0.49255 
0.678049 1 0.913322 1 0.917379 0.492924 
0.678386 1 0.913321 1 0.917335 0.493286 
0.678717 1 0.913334 1 0.917292 0.493646 
0.679041 1 0.913354 1 0.917262 0.494003 
0.67936 1 0.913376 1 0.91724 0.494336 
0.679673 1 0.9134 1 0.917219 0.494663 
0.679981 1 0.913425 1 0.917199 0.494996 
0.680284 1 0.913451 1 0.917178 0.495313 
0.680581 1 0.913478 1 0.917157 0.495627 
0.680872 1 0.913506 1 0.917137 0.495932 
0.681156 1 0.913535 1 0.917116 0.496231 
0.681435 1 0.913565 1 0.917094 0.496527 
0.681707 1 0.913594 1 0.917077 0.496803 
0.681973 1 0.913619 1 0.917078 0.497074 
0.682236 1 0.913649 1 0.917112 0.497343 
0.682488 1 0.913705 1 0.91715 0.497593 
0.682731 1 0.913771 1 0.917188 0.49783 
0.682966 1 0.913839 1 0.917225 0.498064 
0.683194 1 0.913908 1 0.917256 0.498305 
0.683416 1 0.913977 1 0.917282 0.498512 
0.683632 1 0.914044 1 0.917306 0.498709 
0.683842 1 0.914112 1 0.917326 0.498876 
0.684047 1 0.914178 1 0.917344 0.499012 
0.684248 1 0.914243 1 0.91736 0.49911 
0.684444 1 0.914307 1 0.917373 0.499149 
0.684638 1 0.914369 1 0.917384 0.499133 
0.68483 1 0.914431 1 0.917393 0.499026 
0.685021 1 0.914491 1 0.9174 0.498818 
0.685213 1 0.914549 1 0.917407 0.498468 
0.685408 1 0.914607 1 0.917413 0.49793 
0.685608 1 0.914662 1 0.917417 0.497169 
0.685814 1 0.914717 1 0.91742 0.496116 
0.686031 1 0.914769 1 0.91742 0.494708 
0.686261 1 0.91482 1 0.917417 0.49286 
0.686508 1 0.914869 1 0.917411 0.490475 
0.686778 1 0.914916 1 0.917401 0.487461 
0.68707 1 0.914959 1 0.917383 0.483734 
0.687407 1 0.915049 1 0.917339 0.479183 
0.687793 1 0.915185 1 0.91724 0.473763 
0.688228 1 0.915295 1 0.917212 0.467374 
0.68872 1 0.915365 1 0.917225 0.460019 
0.689281 1 0.915406 1 0.917232 0.451672 
0.689917 1 0.915434 1 0.91721 0.442366 
0.690631 1 0.915459 1 0.917176 0.43215 
0.691432 1 0.915484 1 0.917138 0.421094 
0.692321 1 0.915509 1 0.917095 0.4093 
0.693301 1 0.915532 1 0.917048 0.39686 
0.694375 1 0.915549 1 0.916996 0.38387 
0.695543 1 0.915561 1 0.916938 0.370447 
0.696802 1 0.915569 1 0.916878 0.356677 
0.69815 1 0.915571 1 0.916818 0.342651 
0.699578 1 0.915566 1 0.916764 0.328441 
0.701098 1 0.91556 1 0.916696 0.314126 
0.702682 1 0.915549 1 0.916638 0.299763 
0.704353 1 0.91554 1 0.916567 0.285412 
0.706077 1 0.915526 1 0.916511 0.271119 
0.707867 1 0.915511 1 0.916449 0.256907 
0.709708 1 0.915494 1 0.916387 0.242821 
0.711611 1 0.915481 1 0.916316 0.228881 
0.713543 1 0.915464 1 0.916262 0.215112 
0.715514 1 0.915443 1 0.916202 0.201534 
0.717516 1 0.915422 1 0.916142 0.188161 
0.719563 1 0.915405 1 0.916085 0.175001 
0.721619 1 0.915388 1 0.91603 0.162073 
0.72369 1 0.915368 1 0.915975 0.149371 
0.725772 1 0.915347 1 0.91592 0.136915 
0.727861 1 0.915326 1 0.915867 0.124693 
0.729954 1 0.915304 1 0.915815 0.112734 
0.732053 1 0.915284 1 0.915764 0.101026 
0.734147 1 0.915264 1 0.915716 0.0895655 
0.736233 1 0.915244 1 0.91567 0.0783576 
0.738309 1 0.915224 1 0.915625 0.0674084 
0.740371 1 0.915205 1 0.915582 0.0567119 
0.742418 1 0.915186 1 0.915541 0.0462691 
0.744447 1 0.915169 1 0.915502 0.0360686 
0.746458 1 0.915152 1 0.915465 0.0261206 
0.748447 1 0.915137 1 0.915431 0.0164259 
0.750412 1 0.915122 1 0.915399 0.00696757 
0.752352 1 0.915109 1 0.91537 -0.0022423 
0.754265 1 0.915097 1 0.915343 -0.0112191 
0.75615 1 0.915087 1 0.915319 -0.0199635 
0.758007 1 0.915077 1 0.915297 -0.0284782 
0.759834 1 0.91507 1 0.915278 -0.036761 
0.76163 1 0.915063 1 0.915261 -0.0448216 
0.763394 1 0.915059 1 0.915246 -0.0526691 
0.765126 1 0.915055 1 0.915234 -0.0603094 
0.766827 1 0.915053 1 0.915224 -0.0677475 
0.768499 1 0.915053 1 0.915217 -0.0749936 
0.770139 1 0.915054 1 0.915211 -0.0820581 
0.771749 1 0.915056 1 0.915208 -0.0889421 
0.773332 1 0.91506 1 0.915206 -0.0956601 
0.774887 1 0.915065 1 0.915206 -0.102223 
0.776418 1 0.915071 1 0.915208 -0.108646 
0.777927 1 0.915078 1 0.915212 -0.11494 
0.779415 1 0.915086 1 0.915217 -0.121119 
0.780885 1 0.915095 1 0.915223 -0.127194 
0.782341 1 0.915106 1 0.915228 -0.133178 
0.783831 1 0.915104 1 0.915221 -0.139084 
0.785327 1 0.915117 1 0.915207 -0.144923 
0.7868 1 0.915135 1 0.915207 -0.150704 
0.788251 1 0.91515 1 0.91521 -0.156436 
0.789679 1 0.915156 1 0.915215 -0.162124 
0.791101 1 0.915159 1 0.915216 -0.167783 
0.792521 1 0.915161 1 0.915217 -0.173407 
0.793925 1 0.915162 1 0.915219 -0.178991 
0.795328 1 0.915164 1 0.91522 -0.184547 
0.796749 1 0.915172 1 0.915218 -0.190061 
0.798165 1 0.915182 1 0.915218 -0.195541 
0.799573 1 0.915197 1 0.915205 -0.200978 
0.80097 1 0.915211 1 0.915203 -0.206369 
0.802368 1 0.915222 1 0.915239 -0.211697 
0.803755 1 0.915238 1 0.91526 -0.216967 
0.805125 1 0.915256 1 0.91528 -0.222166 
0.806462 1 0.915274 1 0.915304 -0.227293 
0.807781 1 0.915293 1 0.915327 -0.232346 
0.809082 1 0.915314 1 0.91535 -0.237308 
0.810381 1 0.915334 1 0.915368 -0.242189 
0.811657 1 0.915352 1 0.915388 -0.246981 
0.812908 1 0.915371 1 0.915409 -0.251684 
0.814136 1 0.915391 1 0.915432 -0.256291 
0.815339 1 0.915412 1 0.915456 -0.260804 
0.816518 1 0.915435 1 0.915481 -0.265223 
0.817672 1 0.915459 1 0.915508 -0.269542 
0.818801 1 0.915484 1 0.915535 -0.273769 
0.819904 1 0.91551 1 0.915564 -0.277902 
0.820982 1 0.915537 1 0.915593 -0.281945 
0.822035 1 0.915565 1 0.915624 -0.285891 
0.823063 1 0.915594 1 0.915655 -0.289749 
0.824065 1 0.915625 1 0.915684 -0.293514 
0.825043 1 0.915657 1 0.915711 -0.29719 
0.825997 1 0.915691 1 0.915741 -0.300778 
0.826927 1 0.915725 1 0.915773 -0.304285 
0.827833 1 0.915759 1 0.915803 -0.307702 
0.828715 1 0.915795 1 0.915835 -0.311037 
0.829575 1 0.915831 1 0.915868 -0.314297 
0.830411 1 0.915867 1 0.915903 -0.317471 
0.831225 1 0.915904 1 0.915936 -0.320572 
0.832017 1 0.91594 1 0.915971 -0.323595 
0.832787 1 0.915977 1 0.916007 -0.326549 
0.833537 1 0.916013 1 0.916043 -0.329428 
0.834266 1 0.916051 1 0.916077 -0.332235 
0.834973 1 0.916088 1 0.916112 -0.334975 
0.835661 1 0.916125 1 0.91615 -0.337647 
0.836328 1 0.916163 1 0.916186 -0.340252 
0.836977 1 0.916201 1 0.916221 -0.34279 
0.837606 1 0.916238 1 0.916256 -0.345272 
0.838217 1 0.916276 1 0.916293 -0.347688 
0.83881 1 0.916313 1 0.916329 -0.350044 
0.839384 1 0.916351 1 0.916364 -0.352342 
0.839942 1 0.916388 1 0.916399 -0.354585 
0.840481 1 0.916425 1 0.916436 -0.356769 
0.841003 1 0.916462 1 0.916471 -0.358902 
0.841509 1 0.916499 1 0.916508 -0.360981 
0.842 1 0.916536 1 0.916541 -0.363004 
0.842474 1 0.916572 1 0.916576 -0.36498 
0.842933 1 0.916609 1 0.91661 -0.366905 
0.843377 1 0.916644 1 0.916644 -0.368786 
0.843806 1 0.91668 1 0.916677 -0.370617 
0.844221 1 0.916715 1 0.916712 -0.372401 
0.844621 1 0.91675 1 0.916744 -0.374145 
0.845009 1 0.916785 1 0.916777 -0.375845 
0.845382 1 0.916819 1 0.916809 -0.377496 
0.845743 1 0.916853 1 0.91684 -0.379113 
0.84609 1 0.916885 1 0.916873 -0.380684 
0.846425 1 0.916918 1 0.916903 -0.382218 
0.846748 1 0.91695 1 0.916933 -0.383711 
0.847058 1 0.916982 1 0.916962 -0.385168 
0.847358 1 0.917014 1 0.916991 -0.386594 
0.847646 1 0.917044 1 0.917021 -0.387977 
0.847922 1 0.917074 1 0.917049 -0.389328 
0.848188 1 0.917104 1 0.917075 -0.390653 
0.848444 1 0.917133 1 0.917103 -0.39194 
0.848689 1 0.917162 1 0.917129 -0.393195 
0.848925 1 0.917189 1 0.917155 -0.394417 
0.849151 1 0.917217 1 0.917181 -0.395609 
0.849367 1 0.917243 1 0.917205 -0.39677 
0.849531 1 0.917185 1 0.917174 -0.397906 
0.849916 1 0.917136 1 0.917148 -0.399014 
0.850327 1 0.917114 1 0.917118 -0.400091 
0.850737 1 0.917099 1 0.917092 -0.401138 
0.851139 1 0.917083 1 0.91707 -0.402163 
0.851535 1 0.917068 1 0.917046 -0.403163 
0.851925 1 0.917053 1 0.917022 -0.404136 
0.852307 1 0.917037 1 0.916998 -0.405086 
0.852682 1 0.917021 1 0.916974 -0.406008 
0.853049 1 0.917004 1 0.916951 -0.40691 
0.85341 1 0.916987 1 0.916927 -0.407791 
0.853764 1 0.916969 1 0.916902 -0.408649 
0.854112 1 0.91695 1 0.916877 -0.409487 
0.854453 1 0.916931 1 0.916851 -0.410306 
0.854788 1 0.916911 1 0.916826 -0.411104 
0.855118 1 0.916891 1 0.9168 -0.41188 
0.855441 1 0.91687 1 0.916772 -0.412636 
0.855759 1 0.916849 1 0.916747 -0.413374 
0.85607 1 0.916827 1 0.916719 -0.414095 
0.856376 1 0.916805 1 0.916692 -0.414797 
0.856676 1 0.916783 1 0.916663 -0.415481 
0.85697 1 0.91676 1 0.916636 -0.416148 
0.857259 1 0.916736 1 0.916609 -0.416796 
0.857542 1 0.916712 1 0.916578 -0.417429 
0.857821 1 0.916687 1 0.91655 -0.418046 
0.858094 1 0.916662 1 0.916521 -0.418649 
0.858363 1 0.916637 1 0.916491 -0.419236 
0.858626 1 0.916612 1 0.916461 -0.419811 
0.858884 1 0.916586 1 0.916431 -0.420368 
0.859138 1 0.916559 1 0.9164 -0.420913 
0.859387 1 0.916532 1 0.916371 -0.421443 
0.859632 1 0.916505 1 0.916338 -0.421961 
0.859873 1 0.916477 1 0.916308 -0.422464 
0.860109 1 0.916449 1 0.916276 -0.422955 
0.86034 1 0.916421 1 0.916245 -0.423435 
0.860567 1 0.916392 1 0.916213 -0.423903 
0.86079 1 0.916363 1 0.91618 -0.42436 
0.861009 1 0.916334 1 0.916149 -0.424801 
0.861224 1 0.916304 1 0.916114 -0.425238 
0.861436 1 0.916275 1 0.916082 -0.425659 
0.861644 1 0.916244 1 0.916049 -0.426074 
0.861847 1 0.916214 1 0.916017 -0.426474 
0.862047 1 0.916183 1 0.915983 -0.426866 
0.862243 1 0.916152 1 0.91595 -0.42725 
0.862435 1 0.916121 1 0.915918 -0.42762 
0.862624 1 0.91609 1 0.915882 -0.427981 
0.862809 1 0.916059 1 0.915847 -0.428336 
0.862991 1 0.916027 1 0.915815 -0.428679 
0.863169 1 0.915995 1 0.915781 -0.429021 
0.863345 1 0.915963 1 0.915748 -0.429347 
0.863516 1 0.915931 1 0.915712 -0.429668 
0.863686 1 0.915899 1 0.915677 -0.429979 
0.863851 1 0.915866 1 0.915644 -0.430283 
0.864013 1 0.915834 1 0.91561 -0.430577 
0.864172 1 0.915801 1 0.915574 -0.430863 
0.864328 1 0.915769 1 0.91554 -0.431142 
0.864481 1 0.915736 1 0.915506 -0.43142 
0.864632 1 0.915703 1 0.915472 -0.431686 
0.864779 1 0.91567 1 0.915438 -0.431948 
0.864923 1 0.915637 1 0.915402 -0.432206 
0.865065 1 0.915604 1 0.915369 -0.432455 
0.865204 1 0.915571 1 0.915334 -0.432695 
0.865341 1 0.915538 1 0.9153 -0.432928 
0.865475 1 0.915506 1 0.915265 -0.433158 
0.865606 1 0.915473 1 0.915232 -0.43338 
0.865734 1 0.91544 1 0.915198 -0.433601 
0.86586 1 0.915407 1 0.915164 -0.433814 
0.865985 1 0.915375 1 0.91513 -0.434023 
0.866106 1 0.915342 1 0.915096 -0.434228 
0.866225 1 0.91531 1 0.915063 -0.434427 
0.866341 1 0.915278 1 0.915028 -0.434622 
0.866455 1 0.915245 1 0.914997 -0.434808 
0.866568 1 0.915213 1 0.914964 -0.434992 
0.866678 1 0.915181 1 0.91493 -0.435168 
0.866786 1 0.915149 1 0.914898 -0.435343 
0.866891 1 0.915118 1 0.914867 -0.435512 
0.866993 1 0.915086 1 0.914835 -0.435677 
0.867094 1 0.915055 1 0.914802 -0.435841 
0.867194 1 0.915024 1 0.914769 -0.435998 
0.867291 1 0.914993 1 0.91474 -0.436153 
0.867385 1 0.914963 1 0.914708 -0.436305 
0.867478 1 0.914933 1 0.914677 -0.436452 
0.867569 1 0.914903 1 0.914646 -0.436595 
0.867659 1 0.914874 1 0.914615 -0.436733 
0.867746 1 0.914844 1 0.914587 -0.436871 
0.867832 1 0.914816 1 0.914556 -0.437001 
0.867916 1 0.914787 1 0.914527 -0.437127 
0.867997 1 0.914759 1 0.914499 -0.43725 
0.868077 1 0.914731 1 0.914471 -0.437373 
0.868156 1 0.914703 1 0.914441 -0.437494 
0.868232 1 0.914676 1 0.914414 -0.437609 
0.868308 1 0.914649 1 0.914387 -0.437725 
0.868381 1 0.914622 1 0.914361 -0.437839 
0.868453 1 0.914596 1 0.914334 -0.437943 
0.868523 1 0.914571 1 0.914307 -0.438049 
0.86859 1 0.914546 1 0.914282 -0.438149 
0.868657 1 0.914521 1 0.914256 -0.438246 
0.868723 1 0.914497 1 0.914231 -0.438346 
0.868788 1 0.914473 1 0.914208 -0.438444 
0.86885 1 0.914449 1 0.914184 -0.438537 
0.868912 1 0.914427 1 0.914161 -0.438625 
0.868972 1 0.914404 1 0.914137 -0.438711 
0.86903 1 0.914383 1 0.914115 -0.4388 
0.869087 1 0.914361 1 0.914094 -0.438885 
0.869143 1 0.91434 1 0.914072 -0.438967 
0.869197 1 0.91432 1 0.914052 -0.439045 
0.869251 1 0.9143 1 0.914031 -0.439126 
0.869303 1 0.914281 1 0.914012 -0.439203 
0.869354 1 0.914262 1 0.913993 -0.439278 
0.869404 1 0.914244 1 0.913975 -0.43935 
0.869452 1 0.914227 1 0.913956 -0.439422 
0.869499 1 0.91421 1 0.913938 -0.439489 
0.869544 1 0.914194 1 0.913922 -0.439554 
0.869589 1 0.914178 1 0.913906 -0.439623 
0.869633 1 0.914163 1 0.913891 -0.439687 
0.869675 1 0.914148 1 0.913876 -0.439749 
0.869716 1 0.914134 1 0.913862 -0.439809 
0.869757 1 0.91412 1 0.913848 -0.439869 
0.869796 1 0.914108 1 0.913834 -0.439926 
0.869834 1 0.914095 1 0.913823 -0.43998 
0.86987 1 0.914084 1 0.913811 -0.440033 
0.869906 1 0.914073 1 0.913799 -0.440086 
0.869942 1 0.914063 1 0.913788 -0.440136 
0.869976 1 0.914053 1 0.91378 -0.440191 
0.870009 1 0.914044 1 0.91377 -0.440241 
0.870041 1 0.914036 1 0.913761 -0.440289 
0.870072 1 0.914028 1 0.913755 -0.440338 
0.870102 1 0.914021 1 0.913747 -0.440383 
0.870131 1 0.914015 1 0.913741 -0.440426 
0.870159 1 0.914009 1 0.913735 -0.440471 
0.870186 1 0.914004 1 0.91373 -0.440513 
0.870213 1 0.914 1 0.913725 -0.440552 
0.870238 1 0.913996 1 0.913722 -0.440591 
0.870262 1 0.913993 1 0.913719 -0.440632 
0.870286 1 0.913991 1 0.913717 -0.44067 
0.870308 1 0.91399 1 0.913714 -0.440707 
0.870329 1 0.913989 1 0.913713 -0.440742 
0.87035 1 0.913989 1 0.913713 -0.440775 
0.870369 1 0.91399 1 0.913713 -0.440807 
0.870388 1 0.913991 1 0.913715 -0.440841 
0.870406 1 0.913993 1 0.913716 -0.440872 
0.870423 1 0.913996 1 0.913719 -0.440902 
0.870438 1 0.913999 1 0.913722 -0.440936 
0.870454 1 0.914003 1 0.913726 -0.440966 
0.870468 1 0.914008 1 0.91373 -0.440997 
0.870482 1 0.914013 1 0.913735 -0.441024 
0.870496 1 0.91402 1 0.91374 -0.44105 
0.870509 1 0.914027 1 0.913748 -0.441073 
0.870521 1 0.914034 1 0.913756 -0.441101 
0.870531 1 0.914042 1 0.913764 -0.441126 
0.87054 1 0.914051 1 0.913772 -0.441153 
0.870549 1 0.914061 1 0.913782 -0.441175 
0.870557 1 0.914071 1 0.913792 -0.441199 
0.870564 1 0.914082 1 0.913803 -0.44122 
0.870571 1 0.914093 1 0.913814 -0.441243 
0.870577 1 0.914106 1 0.913827 -0.441265 
0.870582 1 0.914118 1 0.91384 -0.441286 
0.870587 1 0.914132 1 0.913853 -0.441308 
0.870591 1 0.914146 1 0.913866 -0.441333 
0.870593 1 0.914161 1 0.913882 -0.44135 
0.870595 1 0.914177 1 0.913898 -0.44137 
0.870597 1 0.914193 1 0.913914 -0.44139 
0.870596 1 0.91421 1 0.91393 -0.441404 
0.870596 1 0.914228 1 0.913947 -0.441419 
0.870595 1 0.914246 1 0.913965 -0.441436 
0.870593 1 0.914265 1 0.913985 -0.441455 
0.87059 1 0.914285 1 0.914003 -0.441472 
0.870587 1 0.914304 1 0.914024 -0.441491 
0.870582 1 0.914325 1 0.914044 -0.441509 
0.870577 1 0.914347 1 0.914064 -0.441527 
0.870571 1 0.914368 1 0.914087 -0.441542 
0.870564 1 0.914391 1 0.914109 -0.441557 
0.870557 1 0.914414 1 0.914131 -0.441574 
0.870549 1 0.914438 1 0.914155 -0.441587 
0.870539 1 0.914462 1 0.91418 -0.441601 
0.870529 1 0.914487 1 0.914202 -0.441615 
0.870519 1 0.914512 1 0.914228 -0.441627 
0.870508 1 0.914538 1 0.914253 -0.441641 
0.870495 1 0.914564 1 0.914281 -0.441653 
0.870482 1 0.914591 1 0.914307 -0.441664 
0.870468 1 0.914619 1 0.914334 -0.441675 
0.870453 1 0.914646 1 0.914363 -0.441689 
0.870437 1 0.914675 1 0.914389 -0.441698 
0.87042 1 0.914704 1 0.914419 -0.441709 
0.870402 1 0.914733 1 0.914448 -0.441722 
0.870384 1 0.914763 1 0.914478 -0.441734 
0.870364 1 0.914794 1 0.914508 -0.441744 
0.870344 1 0.914824 1 0.91454 -0.441754 
0.870323 1 0.914855 1 0.91457 -0.44177 
0.870301 1 0.914888 1 0.914599 -0.441779 
0.870278 1 0.91492 1 0.914633 -0.441788 
0.870254 1 0.914952 1 0.914665 -0.441797 
0.870229 1 0.914985 1 0.914696 -0.441806 
0.870203 1 0.915019 1 0.914731 -0.441812 
0.870176 1 0.915052 1 0.914764 -0.441818 
0.870148 1 0.915086 1 0.914798 -0.441825 
0.870119 1 0.915121 1 0.914831 -0.441832 
0.870089 1 0.915156 1 0.914866 -0.44184 
0.870058 1 0.915191 1 0.9149 -0.441849 
0.870026 1 0.915226 1 0.914936 -0.441858 
0.869994 1 0.915261 1 0.914972 -0.441865 
0.869961 1 0.915298 1 0.915006 -0.441871 
0.869925 1 0.915334 1 0.915043 -0.441881 
0.86989 1 0.915371 1 0.915078 -0.441889 
0.869854 1 0.915407 1 0.915116 -0.441895 
0.869816 1 0.915444 1 0.915152 -0.441901 
0.869778 1 0.915482 1 0.915189 -0.441908 
0.869739 1 0.915519 1 0.915227 -0.441911 
0.869698 1 0.915556 1 0.915264 -0.441915 
0.869656 1 0.915594 1 0.915302 -0.441921 
0.869613 1 0.915632 1 0.915339 -0.441928 
0.86957 1 0.915671 1 0.915377 -0.441934 
0.869526 1 0.915709 1 0.915416 -0.441938 
0.86948 1 0.915747 1 0.915453 -0.441943 
0.869433 1 0.915786 1 0.91549 -0.441947 
0.869385 1 0.915825 1 0.915529 -0.44195 
0.869337 1 0.915864 1 0.915568 -0.441955 
0.869287 1 0.915902 1 0.915608 -0.441958 
0.869236 1 0.915941 1 0.915645 -0.441965 
0.869183 1 0.91598 1 0.915686 -0.441968 
0.869131 1 0.916019 1 0.915724 -0.441971 
0.869077 1 0.916058 1 0.915762 -0.441975 
0.869021 1 0.916097 1 0.915802 -0.44198 
0.868965 1 0.916136 1 0.915841 -0.441984 
0.868908 1 0.916175 1 0.91588 -0.441987 
0.868849 1 0.916214 1 0.915919 -0.441991 
0.86879 1 0.916254 1 0.915956 -0.441996 
0.868731 1 0.916294 1 0.915994 -0.442002 
0.86867 1 0.916333 1 0.916033 -0.442004 
0.868608 1 0.916372 1 0.916073 -0.442009 
0.868546 1 0.91641 1 0.916112 -0.442013 
0.868483 1 0.916449 1 0.916149 -0.442015 
0.868417 1 0.916488 1 0.916189 -0.442016 
0.868352 1 0.916526 1 0.916227 -0.44202 
0.868286 1 0.916565 1 0.916264 -0.442022 
0.868219 1 0.916602 1 0.916304 -0.442024 
0.868151 1 0.916641 1 0.916341 -0.442024 
0.868081 1 0.916678 1 0.91638 -0.442023 
0.86801 1 0.916716 1 0.916416 -0.442025 
0.867938 1 0.916754 1 0.916453 -0.442032 
0.867866 1 0.916791 1 0.91649 -0.442033 
0.867793 1 0.916829 1 0.916527 -0.442036 
0.867719 1 0.916866 1 0.916563 -0.442037 
0.867644 1 0.916902 1 0.916601 -0.442037 
0.867568 1 0.916938 1 0.916638 -0.442044 
0.867492 1 0.916975 1 0.916672 -0.442048 
0.867415 1 0.917011 1 0.916708 -0.442049 
0.867337 1 0.917047 1 0.916743 -0.442054 
0.867259 1 0.917082 1 0.91678 -0.442057 
0.867178 1 0.917117 1 0.916814 -0.442058 
0.867097 1 0.917152 1 0.916849 -0.442059 
0.867017 1 0.917187 1 0.916882 -0.442063 
0.866934 1 0.91722 1 0.916918 -0.442067 
0.866851 1 0.917255 1 0.916949 -0.442067 
0.866768 1 0.917288 1 0.916983 -0.442069 
0.866684 1 0.917322 1 0.917016 -0.442067 
0.866599 1 0.917355 1 0.917048 -0.442065 
0.866513 1 0.917387 1 0.917082 -0.442065 
0.866426 1 0.917419 1 0.917113 -0.44207 
0.866339 1 0.917451 1 0.917144 -0.442071 
0.866252 1 0.917482 1 0.917175 -0.44207 
0.866163 1 0.917514 1 0.917206 -0.442071 
0.866139 1 0.91751 1 0.917209 -0.442073 
0.866135 1 0.917502 1 0.91721 -0.442077 
0.866138 1 0.9175 1 0.91721 -0.442081 
0.866144 1 0.917501 1 0.917212 -0.442082 
0.866151 1 0.917503 1 0.917211 -0.442082 
0.866157 1 0.917506 1 0.917215 -0.442084 
0.866163 1 0.917508 1 0.917216 -0.442084 
0.866169 1 0.917511 1 0.917217 -0.442083 
0.866175 1 0.917513 1 0.917219 -0.442085 
0.866181 1 0.917515 1 0.917222 -0.442086 
0.866187 1 0.917517 1 0.917224 -0.442087 
0.866193 1 0.917518 1 0.917227 -0.44209 
0.866198 1 0.91752 1 0.917229 -0.442091 
0.866204 1 0.917522 1 0.917231 -0.442094 
