0.63676 0 0.721892 0 0.721889 0.500001 
0.636956 0 0.722911 0 0.723414 0.498934 
0.637297 0 0.724081 0 0.725335 0.497817 
0.637672 0 0.725376 0 0.727482 0.496632 
0.638242 0 0.727089 0 0.729817 0.495363 
0.638816 0 0.728961 0 0.732321 0.494003 
0.639395 0 0.731019 0 0.735015 0.492551 
0.639969 0 0.733275 0 0.737919 0.491011 
0.640542 0 0.735743 0 0.74105 0.489396 
0.64112 0 0.73843 0 0.744406 0.487718 
0.641703 0 0.741316 0 0.747969 0.485992 
0.642284 0 0.744364 0 0.751711 0.484233 
0.642866 0 0.747539 0 0.755598 0.482456 
0.643455 0 0.750815 0 0.759591 0.480676 
0.644051 0 0.754155 0 0.763657 0.478906 
0.64465 0 0.757522 0 0.767767 0.477159 
0.64525 0 0.760893 0 0.771895 0.475447 
0.64586 0 0.764258 0 0.776019 0.473778 
0.646479 0 0.767602 0 0.780126 0.472162 
0.647101 0 0.770906 0 0.784205 0.470606 
0.647726 0 0.774161 0 0.788244 0.469114 
0.648562 0 0.777932 0 0.791972 0.467692 
0.649512 0 0.781902 0 0.795527 0.466341 
0.650469 0 0.785885 0 0.798912 0.465064 
0.651397 0 0.789804 0 0.802193 0.463861 
0.652465 0 0.793794 0 0.805434 0.462732 
0.653541 0 0.797723 0 0.808598 0.461676 
0.65462 0 0.801582 0 0.811686 0.460694 
0.655701 0 0.80537 0 0.814697 0.459782 
0.65679 0 0.809099 0 0.817632 0.45894 
0.657889 0 0.812767 0 0.820491 0.458164 
0.65899 0 0.816366 0 0.823279 0.457454 
0.660094 0 0.819899 0 0.825994 0.456807 
0.661207 0 0.823375 0 0.828638 0.45622 
0.66233 0 0.826794 0 0.831211 0.455691 
0.663287 0 0.830116 0 0.833602 0.455216 
0.664247 0 0.833379 0 0.835931 0.454795 
0.665243 0 0.836549 0 0.838246 0.454423 
0.66625 0 0.839682 0 0.840473 0.454099 
0.667256 0 0.842769 0 0.842621 0.45382 
0.668179 0 0.845662 0 0.844789 0.453584 
0.669032 0 0.848437 0 0.846885 0.453388 
0.669921 0 0.851143 0 0.848957 0.45323 
0.670736 0 0.853789 0 0.85092 0.453107 
0.671602 0 0.856419 0 0.852833 0.453019 
0.672363 0 0.859025 0 0.854602 0.452962 
0.673174 0 0.861608 0 0.856313 0.452935 
0.67401 0 0.86417 0 0.857963 0.452935 
0.674798 0 0.866625 0 0.859608 0.452962 
0.675548 0 0.869006 0 0.861198 0.453012 
0.676266 0 0.871334 0 0.862718 0.453084 
0.67703 0 0.87366 0 0.864178 0.453178 
0.677754 0 0.875924 0 0.865597 0.45329 
0.678453 0 0.87814 0 0.866959 0.45342 
0.679132 0 0.880317 0 0.868257 0.453565 
0.679789 0 0.882453 0 0.869499 0.453726 
0.680431 0 0.884554 0 0.870685 0.453899 
0.681069 0 0.886629 0 0.871817 0.454085 
0.681703 0 0.888678 0 0.872897 0.454281 
0.682329 0 0.890693 0 0.87393 0.454486 
0.682947 0 0.892675 0 0.874918 0.4547 
0.683563 0 0.894634 0 0.875855 0.454921 
0.684177 0 0.896569 0 0.876743 0.455149 
0.684784 0 0.898473 0 0.877587 0.455381 
0.685383 0 0.900348 0 0.878385 0.455617 
0.685981 0 0.902202 0 0.879134 0.455856 
0.686577 0 0.904036 0 0.879835 0.456097 
0.687167 0 0.905841 0 0.880492 0.456339 
0.687749 0 0.907619 0 0.881104 0.456581 
0.68833 0 0.909379 0 0.881667 0.456822 
0.688911 0 0.91112 0 0.882183 0.457062 
0.689484 0 0.912834 0 0.882655 0.457298 
0.690051 0 0.914523 0 0.883082 0.457532 
0.690617 0 0.916194 0 0.88346 0.45776 
0.691183 0 0.917848 0 0.883791 0.457983 
0.691742 0 0.919476 0 0.884078 0.4582 
0.692294 0 0.921078 0 0.88432 0.45841 
0.692846 0 0.922663 0 0.884513 0.458611 
0.693397 0 0.92423 0 0.884658 0.458803 
0.693942 0 0.925771 0 0.884759 0.458984 
0.69448 0 0.927285 0 0.884816 0.459154 
0.695017 0 0.928781 0 0.884824 0.459312 
0.695337 1 0.928813 0 0.885845 0.459441 
0.695563 1 0.928494 0 0.887533 0.459368 
0.695751 1 0.928032 0 0.889314 0.459042 
0.695955 1 0.927639 0 0.890943 0.458401 
0.696158 1 0.927241 0 0.892553 0.45738 
0.696358 0 0.926843 0 0.894147 0.455889 
0.696557 0 0.926435 0 0.895718 0.454307 
0.696754 0 0.926018 0 0.897267 0.452621 
0.69695 0 0.925593 0 0.898796 0.450815 
0.697144 0 0.925161 0 0.900305 0.448873 
0.697382 0 0.924768 0 0.901732 0.446777 
0.697642 0 0.924394 0 0.903109 0.444505 
0.697914 0 0.924056 0 0.904385 0.442036 
0.698195 0 0.923736 0 0.905608 0.439346 
0.698485 0 0.923428 0 0.906795 0.43641 
0.698788 0 0.923136 0 0.907943 0.433199 
0.699107 0 0.922863 0 0.909048 0.429685 
0.699443 0 0.922613 0 0.91011 0.425836 
0.699798 0 0.922388 0 0.91113 0.421619 
0.700173 0 0.922189 0 0.912112 0.417 
0.700566 0 0.922019 0 0.913058 0.411942 
0.700978 0 0.921881 0 0.913969 0.406407 
0.701409 0 0.921775 0 0.914847 0.400359 
0.701858 0 0.921703 0 0.915692 0.393759 
0.702325 0 0.921667 0 0.916505 0.38657 
0.702809 0 0.921667 0 0.917287 0.378761 
0.702861 0 0.921812 0 0.918196 0.370301 
0.703398 1 0.921107 0 0.919606 0.361178 
0.703671 1 0.92014 0 0.921317 0.350332 
0.70493 0 0.921079 1 0.921076 0.337885 
0.706318 1 0.920508 1 0.921089 0.325179 
0.707817 1 0.920348 1 0.921049 0.311417 
0.7095 1 0.920311 1 0.920945 0.29682 
0.711314 1 0.9203 1 0.920755 0.281598 
0.713249 1 0.920252 1 0.920684 0.265957 
0.715269 1 0.920159 1 0.92067 0.250084 
0.717389 1 0.920062 1 0.920606 0.234134 
0.719594 1 0.919967 1 0.920526 0.218227 
0.72187 1 0.919872 1 0.920443 0.202451 
0.724203 1 0.919777 1 0.920359 0.18687 
0.726581 1 0.919683 1 0.920275 0.171535 
0.728995 1 0.91959 1 0.920191 0.156481 
0.731436 1 0.919498 1 0.920106 0.141726 
0.733897 1 0.919406 1 0.920022 0.127282 
0.736369 1 0.919316 1 0.919938 0.113161 
0.738849 1 0.919228 1 0.919854 0.0993612 
0.741331 1 0.91914 1 0.919771 0.0858858 
0.74381 1 0.919054 1 0.919688 0.0727328 
0.746281 1 0.91897 1 0.919605 0.0598943 
0.748742 1 0.918886 1 0.919523 0.0473665 
0.75119 1 0.918805 1 0.919442 0.0351472 
0.753622 1 0.918724 1 0.919362 0.0232288 
0.756035 1 0.918645 1 0.919282 0.0116048 
0.758427 1 0.918566 1 0.919203 0.000269182 
0.760796 1 0.91849 1 0.919124 -0.0107831 
0.76314 1 0.918414 1 0.919046 -0.0215619 
0.765459 1 0.91834 1 0.918969 -0.0320743 
0.767751 1 0.918266 1 0.918893 -0.0423233 
0.770014 1 0.918195 1 0.918817 -0.0523132 
0.772248 1 0.918124 1 0.918743 -0.0620562 
0.774451 1 0.918054 1 0.918668 -0.0715578 
0.776623 1 0.917985 1 0.918595 -0.0808215 
0.778765 1 0.917917 1 0.918523 -0.089856 
0.780874 1 0.91785 1 0.918451 -0.0986637 
0.78295 1 0.917784 1 0.91838 -0.107248 
0.784993 1 0.917719 1 0.918309 -0.115621 
0.787004 1 0.917655 1 0.91824 -0.123783 
0.788981 1 0.917592 1 0.918171 -0.131744 
0.790925 1 0.917529 1 0.918103 -0.139503 
0.792835 1 0.917468 1 0.918036 -0.147069 
0.794712 1 0.917407 1 0.917969 -0.154446 
0.796555 1 0.917348 1 0.917903 -0.161638 
0.798378 1 0.91718 1 0.917839 -0.168646 
0.800178 1 0.917102 1 0.917764 -0.175483 
0.801968 1 0.917096 1 0.917737 -0.182148 
0.803694 1 0.9171 1 0.917689 -0.188649 
0.805359 1 0.917081 1 0.917664 -0.194986 
0.806987 1 0.917053 1 0.917634 -0.201165 
0.808583 1 0.917026 1 0.917597 -0.20719 
0.810145 1 0.917 1 0.91756 -0.213063 
0.811675 1 0.916975 1 0.917525 -0.218791 
0.813173 1 0.916951 1 0.917491 -0.224375 
0.814639 1 0.916928 1 0.917458 -0.229818 
0.816069 1 0.916903 1 0.917429 -0.235126 
0.817469 1 0.916882 1 0.917397 -0.2403 
0.818841 1 0.916864 1 0.917368 -0.245346 
0.820183 1 0.916848 1 0.917342 -0.250267 
0.821497 1 0.916833 1 0.917316 -0.255065 
0.822783 1 0.916819 1 0.917292 -0.259743 
0.824041 1 0.916806 1 0.917269 -0.264302 
0.825271 1 0.916794 1 0.917247 -0.268749 
0.826474 1 0.916782 1 0.917226 -0.273084 
0.827651 1 0.916772 1 0.917206 -0.27731 
0.828846 1 0.916773 1 0.917223 -0.281431 
0.829987 1 0.91678 1 0.917261 -0.285449 
0.831074 1 0.916791 1 0.917289 -0.289366 
0.832112 1 0.916819 1 0.917301 -0.293185 
0.833129 1 0.916844 1 0.917306 -0.296908 
0.834123 1 0.916862 1 0.917314 -0.30054 
0.835086 1 0.91688 1 0.917324 -0.304079 
0.836025 1 0.916899 1 0.917335 -0.307531 
0.836962 1 0.916923 1 0.917346 -0.310896 
0.837873 1 0.916947 1 0.91736 -0.314177 
0.838763 1 0.916964 1 0.917382 -0.317378 
0.839625 1 0.916969 1 0.91741 -0.320497 
0.840459 1 0.916985 1 0.917439 -0.323538 
0.841259 1 0.917005 1 0.917471 -0.326503 
0.842037 1 0.917031 1 0.917502 -0.329394 
