0.333324 0 0.453504 0 0.453503 0.500001 
0.33376 0 0.456405 0 0.456182 0.499271 
0.334509 0 0.459711 0 0.459272 0.498405 
0.335466 0 0.463272 0 0.462674 0.497396 
0.336521 0 0.467036 0 0.466171 0.496238 
0.337578 0 0.470828 0 0.469704 0.49492 
0.338631 0 0.474632 0 0.473253 0.493426 
0.339688 0 0.478443 0 0.47681 0.491735 
0.340748 0 0.482249 0 0.480364 0.489816 
0.341805 0 0.48603 0 0.483899 0.487632 
0.342859 0 0.489774 0 0.487402 0.485136 
0.343917 0 0.493479 0 0.490868 0.482274 
0.34498 0 0.497133 0 0.494283 0.47898 
0.346041 0 0.500715 0 0.497631 0.475181 
0.3471 0 0.504215 0 0.500905 0.470797 
0.348166 0 0.507632 0 0.504095 0.465739 
0.349238 0 0.510953 0 0.507191 0.459918 
0.350308 0 0.514158 0 0.510177 0.453246 
0.351379 0 0.517239 0 0.513043 0.445646 
0.352457 0 0.520194 0 0.515785 0.437054 
0.353542 0 0.523012 0 0.51839 0.427429 
0.354625 0 0.525675 0 0.520845 0.416757 
0.35571 0 0.528178 0 0.523144 0.405051 
0.356801 0 0.530523 0 0.525286 0.392351 
0.357898 0 0.532708 0 0.527267 0.378725 
0.358992 0 0.534725 0 0.529083 0.364263 
0.360086 0 0.53658 0 0.530742 0.34908 
0.360985 0 0.537994 0 0.532202 0.333315 
0.361697 0 0.539058 0 0.53339 0.317123 
0.362231 0 0.539819 0 0.534296 0.300663 
0.362626 0 0.540351 0 0.534979 0.284084 
0.362803 0 0.540572 0 0.535435 0.26751 
0.362793 0 0.54053 0 0.535696 0.251036 
0.362622 0 0.540263 0 0.535774 0.234733 
0.362321 0 0.539808 0 0.535685 0.218652 
0.361929 0 0.539201 0 0.535444 0.202825 
0.361471 0 0.538453 0 0.535056 0.187275 
0.36096 0 0.537562 0 0.53452 0.172018 
0.360416 0 0.536533 0 0.533833 0.157063 
0.359855 0 0.535373 0 0.532997 0.142418 
0.359285 0 0.534082 0 0.532009 0.128086 
0.358703 0 0.532657 0 0.530867 0.114068 
0.358116 0 0.531101 0 0.529575 0.100366 
0.357532 0 0.529429 0 0.528143 0.086976 
0.356951 0 0.527648 0 0.526578 0.0738968 
0.356369 0 0.525757 0 0.524883 0.0611245 
0.355787 0 0.523766 0 0.523069 0.048655 
0.355212 0 0.521692 0 0.521151 0.0364835 
0.354643 0 0.519543 0 0.519136 0.024605 
0.354072 0 0.517321 0 0.517032 0.0130139 
0.353502 0 0.515036 0 0.514848 0.00170471 
0.352939 0 0.512705 0 0.5126 -0.00932831 
0.35238 0 0.510335 0 0.510295 -0.020091 
0.351819 0 0.507926 0 0.507938 -0.0305894 
0.351258 0 0.505489 0 0.50554 -0.0408291 
0.350702 0 0.503038 0 0.503112 -0.0508162 
0.350149 0 0.500578 0 0.50066 -0.0605564 
0.349503 0 0.497576 0 0.498027 -0.0700556 
0.348768 0 0.494172 0 0.495194 -0.079319 
0.347978 0 0.490586 0 0.49229 -0.0883527 
0.347506 0 0.487942 0 0.489533 -0.0971621 
0.347261 0 0.485704 0 0.48698 -0.105753 
0.347016 0 0.483489 0 0.484453 -0.114129 
0.346779 0 0.481311 0 0.48196 -0.122298 
0.346547 0 0.479172 0 0.479504 -0.130262 
0.346314 0 0.477067 0 0.477083 -0.138029 
0.346082 0 0.475001 0 0.474701 -0.145601 
0.345853 0 0.472776 0 0.472444 -0.152985 
0.345604 0 0.470467 0 0.470211 -0.160185 
0.345329 0 0.468123 0 0.467994 -0.167204 
0.345179 0 0.466062 0 0.465988 -0.174049 
0.345103 0 0.464135 0 0.464113 -0.180722 
0.345057 0 0.462264 0 0.4623 -0.187228 
0.344988 0 0.46041 0 0.460511 -0.193571 
0.3449 0 0.458573 0 0.458748 -0.199755 
0.344803 0 0.456761 0 0.457017 -0.205785 
0.344743 0 0.455039 0 0.455375 -0.211662 
0.344703 0 0.453381 0 0.453803 -0.217392 
0.344671 0 0.451772 0 0.452288 -0.222979 
0.344651 0 0.450215 0 0.450828 -0.228424 
0.344637 0 0.448704 0 0.44942 -0.233732 
0.344622 0 0.447232 0 0.448058 -0.238906 
0.344607 0 0.445798 0 0.446743 -0.24395 
0.344599 0 0.444409 0 0.445479 -0.248866 
0.344595 0 0.443063 0 0.444263 -0.253657 
0.34459 0 0.44175 0 0.443089 -0.258326 
0.344583 0 0.440471 0 0.441959 -0.262877 
0.344583 0 0.439232 0 0.440876 -0.267312 
0.344586 0 0.438033 0 0.439836 -0.271633 
0.344588 0 0.436863 0 0.438837 -0.275844 
0.344588 0 0.435723 0 0.437877 -0.279947 
0.344594 0 0.43462 0 0.43696 -0.283943 
0.344722 0 0.433833 0 0.43635 -0.287837 
0.344879 0 0.433093 0 0.435768 -0.291629 
0.345025 0 0.43232 0 0.435155 -0.295322 
0.345175 0 0.431568 0 0.434575 -0.298918 
0.345332 0 0.430856 0 0.434034 -0.30242 
0.345489 0 0.430177 0 0.433526 -0.305828 
0.345648 0 0.429531 0 0.433051 -0.309145 
0.345814 0 0.428924 0 0.432615 -0.312372 
0.345987 0 0.428356 0 0.432214 -0.315511 
0.346186 0 0.427834 0 0.431841 -0.318563 
0.34641 0 0.427358 0 0.431508 -0.32153 
0.346661 0 0.426931 0 0.431216 -0.324413 
0.346933 0 0.426549 0 0.430964 -0.327212 
0.34722 0 0.426206 0 0.430748 -0.329929 
0.347523 0 0.425903 0 0.43057 -0.332564 
0.347846 0 0.425647 0 0.430434 -0.335117 
0.34819 0 0.425436 0 0.430337 -0.33759 
0.348546 0 0.42526 0 0.430272 -0.339981 
0.348915 0 0.425118 0 0.43024 -0.342291 
0.349304 0 0.425018 0 0.430246 -0.344519 
0.349711 0 0.424959 0 0.430288 -0.346664 
0.35013 0 0.424933 0 0.430363 -0.348725 
0.350562 0 0.424941 0 0.430472 -0.350701 
0.351013 0 0.424992 0 0.43062 -0.352589 
0.351482 0 0.425084 0 0.430805 -0.354387 
0.351963 0 0.42521 0 0.431025 -0.356092 
0.352455 0 0.425371 0 0.43128 -0.357701 
0.352967 0 0.425576 0 0.431576 -0.359209 
0.353496 0 0.425823 0 0.431912 -0.360611 
0.354035 0 0.426106 0 0.432285 -0.361903 
0.354587 0 0.426427 0 0.432698 -0.363076 
0.355157 0 0.426795 0 0.433156 -0.364125 
0.355744 0 0.427211 0 0.433659 -0.36504 
0.356342 0 0.427667 0 0.434206 -0.365811 
0.356951 0 0.428167 0 0.434799 -0.366428 
0.357578 0 0.428721 0 0.435445 -0.36688 
0.358221 0 0.429329 0 0.436146 -0.367151 
0.358874 0 0.429987 0 0.436899 -0.367228 
0.359537 0 0.430698 0 0.43771 -0.367094 
0.360217 0 0.431474 0 0.438586 -0.366731 
0.360912 0 0.432316 0 0.43953 -0.36612 
0.361615 0 0.43322 0 0.44054 -0.365241 
0.362326 0 0.43419 0 0.441623 -0.364073 
0.363052 0 0.435239 0 0.442788 -0.362593 
0.363789 0 0.436369 0 0.444038 -0.360779 
0.364531 0 0.437576 0 0.445372 -0.358607 
0.365277 0 0.438864 0 0.446797 -0.356058 
0.366035 0 0.440247 0 0.448322 -0.353108 
0.3668 0 0.441726 0 0.449949 -0.34974 
0.367565 0 0.443296 0 0.451679 -0.345937 
0.36833 0 0.44496 0 0.453516 -0.341686 
0.369102 0 0.44673 0 0.455467 -0.336977 
0.369877 0 0.448606 0 0.457535 -0.331805 
0.370648 0 0.45058 0 0.459715 -0.326168 
0.371415 0 0.452652 0 0.462009 -0.320071 
0.372185 0 0.454831 0 0.464423 -0.313522 
0.372955 0 0.457114 0 0.466954 -0.306534 
0.373718 0 0.459489 0 0.469597 -0.299122 
0.374475 0 0.461955 0 0.472349 -0.291307 
0.375233 0 0.464516 0 0.475213 -0.283112 
0.375991 0 0.467168 0 0.478185 -0.274559 
0.376743 0 0.469896 0 0.481256 -0.265675 
0.377491 0 0.472699 0 0.484425 -0.256483 
0.378244 0 0.47558 0 0.487694 -0.247008 
0.379002 0 0.478534 0 0.49106 -0.237269 
0.379761 0 0.481552 0 0.494516 -0.227286 
0.380527 0 0.48463 0 0.498065 -0.217071 
0.381311 0 0.48778 0 0.501715 -0.206632 
0.382119 0 0.491001 0 0.50547 -0.19597 
0.382953 0 0.494289 0 0.509334 -0.18508 
0.383823 0 0.497654 0 0.513321 -0.173947 
0.384751 0 0.501112 0 0.517453 -0.162551 
0.385748 0 0.504676 0 0.521744 -0.150869 
0.38682 0 0.508347 0 0.526207 -0.138882 
0.387973 0 0.512133 0 0.530849 -0.126583 
0.389212 0 0.516038 0 0.535668 -0.113994 
0.390184 0 0.519656 0 0.540067 -0.101159 
0.390808 0 0.52304 0 0.544016 -0.0881455 
0.391199 0 0.526253 0 0.547713 -0.0750317 
0.391467 0 0.529384 0 0.55129 -0.0618935 
0.391687 0 0.53247 0 0.554796 -0.0487988 
0.39191 0 0.535524 0 0.558219 -0.0358056 
0.392179 0 0.538562 0 0.561537 -0.0229603 
0.392578 0 0.541671 0 0.56488 -0.0102987 
0.393101 0 0.544814 0 0.56822 0.00215268 
0.393728 0 0.547945 0 0.571503 0.0143752 
0.394441 0 0.551041 0 0.574702 0.0263565 
0.395235 0 0.554103 0 0.577821 0.0380891 
0.396097 0 0.557129 0 0.580867 0.0495691 
0.397009 0 0.560113 0 0.583845 0.0607951 
0.397962 0 0.563055 0 0.586763 0.0717677 
0.398954 0 0.565963 0 0.589631 0.0824888 
0.399973 0 0.568835 0 0.59245 0.0929609 
0.401006 0 0.571663 0 0.595218 0.103188 
0.402062 0 0.574461 0 0.597946 0.113173 
0.403047 0 0.577147 0 0.60059 0.12292 
0.404288 0 0.580028 0 0.603141 0.132434 
0.405237 0 0.58255 0 0.605857 0.14172 
0.406186 0 0.585026 0 0.608537 0.150782 
0.407144 0 0.58747 0 0.611193 0.159624 
0.408366 0 0.590211 0 0.613704 0.168251 
0.409586 0 0.592919 0 0.616189 0.176667 
0.410528 0 0.595305 0 0.618814 0.184878 
0.411478 0 0.597681 0 0.621433 0.192888 
0.412663 0 0.600349 0 0.623882 0.200701 
0.413622 0 0.602838 0 0.626353 0.208321 
0.414828 0 0.60565 0 0.628833 0.215754 
0.415766 0 0.608115 0 0.63141 0.223002 
0.416928 0 0.61088 0 0.633876 0.230072 
0.418091 0 0.613655 0 0.636354 0.236965 
0.419254 0 0.616444 0 0.638846 0.243687 
0.420177 0 0.618985 0 0.641468 0.250242 
0.421292 0 0.621789 0 0.643972 0.256633 
0.422507 0 0.624707 0 0.646453 0.262864 
0.423487 0 0.627375 0 0.649179 0.268939 
0.424633 0 0.630306 0 0.651773 0.274862 
0.425684 0 0.633121 0 0.654316 0.280635 
0.426855 0 0.636099 0 0.656851 0.286263 
0.427784 0 0.63878 0 0.659474 0.29175 
0.428859 0 0.641666 0 0.661979 0.297097 
0.430015 0 0.644629 0 0.664449 0.302309 
0.431171 0 0.64758 0 0.666908 0.307388 
0.432095 0 0.650267 0 0.669461 0.312339 
0.433122 0 0.653066 0 0.671844 0.317163 
0.434198 0 0.655896 0 0.674146 0.321864 
0.435065 0 0.658471 0 0.67651 0.326444 
0.436042 0 0.661198 0 0.678768 0.330907 
0.43692 0 0.663803 0 0.680965 0.335255 
0.437876 0 0.66646 0 0.683078 0.33949 
0.438702 0 0.668969 0 0.685157 0.343616 
0.439618 0 0.671563 0 0.687187 0.347635 
0.440441 0 0.67403 0 0.689176 0.351548 
0.441335 0 0.676533 0 0.691092 0.355359 
0.442132 0 0.678917 0 0.692979 0.35907 
0.443002 0 0.681363 0 0.694818 0.362682 
0.443781 0 0.683684 0 0.696611 0.366198 
0.444697 0 0.686343 0 0.698631 0.369618 
0.445635 0 0.688976 0 0.700609 0.372946 
0.446371 0 0.691202 0 0.702112 0.376182 
0.446888 0 0.693163 0 0.70333 0.379327 
0.447258 0 0.695006 0 0.704415 0.382381 
0.447627 0 0.696817 0 0.705478 0.385345 
0.447997 0 0.698598 0 0.70652 0.388219 
0.448375 0 0.700357 0 0.707545 0.391 
0.44876 0 0.702094 0 0.708551 0.393688 
0.449144 0 0.703799 0 0.709533 0.396279 
0.44953 0 0.705474 0 0.710491 0.398771 
0.449924 0 0.707125 0 0.711429 0.40116 
0.450324 0 0.70875 0 0.712342 0.40344 
0.450724 0 0.71034 0 0.713227 0.405606 
0.451125 0 0.711896 0 0.714082 0.407651 
0.451533 0 0.713425 0 0.71491 0.409569 
0.451947 0 0.714924 0 0.715708 0.411349 
0.452361 0 0.716385 0 0.716472 0.412983 
0.452775 0 0.717807 0 0.7172 0.41446 
0.453196 0 0.719198 0 0.717896 0.415768 
0.45364 0 0.720504 0 0.718426 0.416893 
0.454086 0 0.721759 0 0.71884 0.417822 
0.454535 0 0.722981 0 0.719196 0.418538 
0.454991 0 0.724166 0 0.719518 0.419025 
0.455452 0 0.72531 0 0.719801 0.419264 
0.45591 0 0.726403 0 0.72004 0.419235 
0.456437 0 0.727612 0 0.720497 0.418918 
0.45696 0 0.728575 0 0.720942 0.418292 
0.457474 0 0.729424 0 0.721304 0.417334 
0.457981 0 0.730208 0 0.721591 0.416021 
0.458487 0 0.730935 0 0.721822 0.41433 
0.459001 0 0.731611 0 0.721998 0.412236 
0.459519 0 0.732228 0 0.722114 0.409715 
0.460036 0 0.732777 0 0.72216 0.406743 
0.460519 0 0.733258 0 0.722115 0.403294 
0.460983 0 0.733663 0 0.721974 0.399346 
0.461451 0 0.73399 0 0.721753 0.394872 
0.461917 0 0.734223 0 0.721442 0.38985 
0.462391 0 0.734298 0 0.720973 0.384256 
0.46291 0 0.734348 0 0.720489 0.378068 
0.463439 0 0.734281 0 0.719895 0.371264 
0.463956 0 0.73406 0 0.719153 0.363826 
0.464498 0 0.733721 0 0.718283 0.35574 
0.465026 0 0.73323 0 0.717269 0.346997 
0.465545 0 0.732577 0 0.716098 0.337595 
0.466054 0 0.731751 0 0.714758 0.327542 
0.466555 0 0.730748 0 0.713247 0.316856 
0.466829 0 0.729161 0 0.711288 0.305566 
0.466881 0 0.727024 0 0.708936 0.293715 
0.466778 0 0.724472 0 0.706289 0.281355 
0.466581 0 0.721638 0 0.703416 0.268548 
0.466336 0 0.718608 0 0.700364 0.255363 
0.466063 0 0.715414 0 0.697155 0.241873 
0.465766 0 0.71206 0 0.693803 0.228153 
0.46545 0 0.708557 0 0.690327 0.214274 
0.465125 0 0.704925 0 0.686747 0.200304 
0.46479 0 0.701186 0 0.683081 0.186307 
0.464442 0 0.697353 0 0.679344 0.172336 
0.464083 0 0.693451 0 0.675557 0.158439 
0.463871 0 0.689743 0 0.671964 0.144659 
0.463738 0 0.686113 0 0.66845 0.131029 
0.463633 0 0.682505 0 0.664958 0.117576 
0.463541 0 0.678916 0 0.661483 0.104324 
0.463462 0 0.675365 0 0.65804 0.0912891 
0.463391 0 0.671863 0 0.654637 0.0784857 
0.463321 0 0.668409 0 0.651277 0.0659234 
0.46325 0 0.665006 0 0.647964 0.0536092 
0.463181 0 0.661663 0 0.644703 0.0415477 
0.463109 0 0.658381 0 0.641494 0.0297412 
0.463022 0 0.655152 0 0.638331 0.0181905 
0.462915 0 0.651974 0 0.63521 0.00689509 
0.462781 0 0.648846 0 0.632129 -0.00414691 
0.462647 0 0.645694 0 0.628959 -0.0149382 
0.462498 0 0.642583 0 0.625783 -0.0254826 
0.46246 0 0.639616 0 0.622751 -0.0357843 
0.462493 0 0.63681 0 0.619858 -0.0458476 
0.462567 0 0.634143 0 0.617087 -0.0556767 
0.46266 0 0.631592 0 0.614422 -0.0652755 
0.462763 0 0.629146 0 0.611855 -0.0746473 
0.462879 0 0.626806 0 0.609383 -0.0837956 
0.463003 0 0.624565 0 0.606998 -0.0927233 
0.463128 0 0.622412 0 0.604692 -0.101435 
0.46325 0 0.620344 0 0.602461 -0.109933 
0.463376 0 0.618364 0 0.600305 -0.118223 
0.463498 0 0.616463 0 0.598217 -0.126309 
0.463605 0 0.614629 0 0.596186 -0.134195 
0.463693 0 0.612849 0 0.594204 -0.141886 
0.463755 0 0.611116 0 0.592262 -0.149386 
0.463778 0 0.609409 0 0.590341 -0.1567 
0.46374 0 0.607699 0 0.588421 -0.163832 
0.463339 0 0.60554 0 0.586095 -0.170786 
0.462621 0 0.603013 0 0.58347 -0.177566 
0.461708 0 0.600234 0 0.580697 -0.184178 
0.460671 0 0.59727 0 0.577866 -0.190624 
0.459556 0 0.594148 0 0.575025 -0.19691 
0.458401 0 0.590887 0 0.572207 -0.203039 
0.457222 0 0.587509 0 0.569434 -0.209014 
0.456031 0 0.584041 0 0.566719 -0.21484 
0.454841 0 0.580518 0 0.564074 -0.220521 
0.453802 0 0.577321 0 0.561314 -0.226059 
0.453066 0 0.574441 0 0.558665 -0.231459 
0.452513 0 0.571766 0 0.556149 -0.236725 
0.452042 0 0.569208 0 0.553711 -0.241858 
0.451604 0 0.566718 0 0.551314 -0.246863 
0.451189 0 0.56429 0 0.548958 -0.251743 
0.450788 0 0.561924 0 0.546642 -0.256501 
0.450403 0 0.559625 0 0.544373 -0.26114 
0.450082 0 0.557411 0 0.542197 -0.265663 
0.449803 0 0.555279 0 0.540098 -0.270073 
0.449545 0 0.553212 0 0.538061 -0.274372 
0.449303 0 0.551203 0 0.53608 -0.278564 
0.449078 0 0.549258 0 0.534158 -0.282651 
0.448867 0 0.547374 0 0.532295 -0.286636 
0.448662 0 0.545545 0 0.530488 -0.290521 
0.448465 0 0.543771 0 0.528739 -0.294308 
0.44828 0 0.542061 0 0.527053 -0.298001 
0.448106 0 0.54041 0 0.525429 -0.301601 
0.447937 0 0.538812 0 0.523863 -0.305111 
0.447774 0 0.537268 0 0.522356 -0.308533 
0.447622 0 0.535784 0 0.520913 -0.31187 
0.447481 0 0.534357 0 0.519532 -0.315122 
0.447344 0 0.53298 0 0.518207 -0.318293 
0.447213 0 0.531652 0 0.51694 -0.321384 
0.447092 0 0.530379 0 0.515734 -0.324398 
0.446982 0 0.529157 0 0.514585 -0.327336 
0.446875 0 0.52798 0 0.51349 -0.3302 
0.446772 0 0.526845 0 0.512447 -0.332991 
0.446681 0 0.52576 0 0.51146 -0.335713 
0.446599 0 0.52472 0 0.510526 -0.338365 
0.44652 0 0.523718 0 0.509639 -0.34095 
0.446445 0 0.522753 0 0.5088 -0.34347 
0.446381 0 0.521831 0 0.508011 -0.345925 
0.446325 0 0.520949 0 0.507268 -0.348318 
0.446272 0 0.520099 0 0.506568 -0.35065 
0.446222 0 0.51928 0 0.50591 -0.352922 
0.446181 0 0.518498 0 0.505297 -0.355135 
0.446148 0 0.517751 0 0.504726 -0.35729 
0.446117 0 0.517031 0 0.504192 -0.35939 
0.446089 0 0.516338 0 0.503695 -0.361434 
0.446069 0 0.515677 0 0.503238 -0.363424 
0.446057 0 0.515046 0 0.502819 -0.365361 
0.446046 0 0.514437 0 0.502433 -0.367245 
0.446036 0 0.51385 0 0.50208 -0.369077 
0.446035 0 0.513292 0 0.501763 -0.370858 
0.44604 0 0.51276 0 0.501481 -0.372588 
0.446045 0 0.512246 0 0.501228 -0.374267 
0.446052 0 0.51175 0 0.501005 -0.375896 
0.446066 0 0.51128 0 0.500816 -0.377475 
0.446086 0 0.510833 0 0.500658 -0.379002 
0.446105 0 0.510401 0 0.500528 -0.380478 
0.446125 0 0.509984 0 0.500425 -0.381901 
0.446408 0 0.510014 0 0.500693 -0.383271 
0.446831 0 0.510216 0 0.50108 -0.384586 
0.447302 0 0.510439 0 0.501476 -0.385843 
0.447744 0 0.510638 0 0.501865 -0.38704 
0.448193 0 0.510869 0 0.502286 -0.388174 
0.448648 0 0.511129 0 0.502736 -0.389241 
0.449103 0 0.511411 0 0.503214 -0.390236 
0.449559 0 0.511718 0 0.50372 -0.391154 
0.450023 0 0.512059 0 0.50426 -0.391988 
0.450461 0 0.512384 0 0.504798 -0.392729 
0.450867 0 0.512679 0 0.505323 -0.393371 
0.451245 0 0.512951 0 0.505845 -0.393901 
0.451606 0 0.513221 0 0.506379 -0.394308 
0.452083 0 0.513659 0 0.507036 -0.394579 
0.45263 0 0.514214 0 0.507793 -0.394697 
0.453215 0 0.514843 0 0.508615 -0.394647 
0.453824 0 0.515531 0 0.509494 -0.394408 
0.454448 0 0.516274 0 0.510427 -0.393961 
0.455076 0 0.517067 0 0.511414 -0.39328 
0.455708 0 0.517913 0 0.51246 -0.392343 
0.456348 0 0.518825 0 0.513574 -0.391122 
0.456994 0 0.519803 0 0.514757 -0.389591 
0.457641 0 0.520845 0 0.51601 -0.38772 
0.458287 0 0.521957 0 0.517342 -0.385482 
0.45894 0 0.523153 0 0.518761 -0.38285 
0.459599 0 0.524438 0 0.520274 -0.379796 
0.460257 0 0.52581 0 0.521882 -0.376296 
0.460915 0 0.527276 0 0.523591 -0.372331 
0.46158 0 0.528848 0 0.525412 -0.367881 
0.46225 0 0.530529 0 0.527346 -0.362936 
0.46292 0 0.532314 0 0.529394 -0.357488 
0.463589 0 0.534207 0 0.531559 -0.351535 
0.464265 0 0.536218 0 0.533848 -0.345082 
0.464946 0 0.538344 0 0.53626 -0.338138 
0.465626 0 0.540578 0 0.538791 -0.330719 
0.466306 0 0.542918 0 0.54144 -0.322845 
0.466992 0 0.54537 0 0.544209 -0.314542 
0.467683 0 0.547928 0 0.547094 -0.305837 
0.468372 0 0.55058 0 0.550087 -0.296763 
0.46906 0 0.55332 0 0.553184 -0.287352 
0.469754 0 0.55615 0 0.556383 -0.277639 
0.470205 0 0.558579 0 0.559064 -0.26766 
0.470524 0 0.56072 0 0.561415 -0.257452 
0.470783 0 0.562823 0 0.563661 -0.247049 
0.471046 0 0.565026 0 0.565965 -0.236489 
0.471366 0 0.567333 0 0.568365 -0.225806 
0.471723 0 0.569719 0 0.570848 -0.215031 
0.472108 0 0.57217 0 0.573406 -0.204196 
0.472522 0 0.574684 0 0.576035 -0.19333 
0.47296 0 0.57725 0 0.578725 -0.182459 
0.473412 0 0.579851 0 0.581465 -0.171607 
0.473878 0 0.582481 0 0.584249 -0.160799 
0.474362 0 0.585142 0 0.587076 -0.150055 
0.474863 0 0.587827 0 0.589939 -0.139395 
0.47528 0 0.590402 0 0.592636 -0.128836 
0.475636 0 0.592889 0 0.595199 -0.118393 
0.475962 0 0.595339 0 0.597689 -0.108082 
0.476275 0 0.597774 0 0.60014 -0.0979145 
0.476579 0 0.600194 0 0.602567 -0.0879014 
0.476877 0 0.602593 0 0.604969 -0.0780519 
0.477177 0 0.604973 0 0.607344 -0.0683729 
0.477475 0 0.607328 0 0.609686 -0.0588693 
0.477765 0 0.609648 0 0.611987 -0.0495435 
0.478047 0 0.611933 0 0.614248 -0.0403955 
0.478328 0 0.614193 0 0.616474 -0.0314222 
0.478608 0 0.616429 0 0.618667 -0.0226173 
0.478879 0 0.618637 0 0.620827 -0.0139701 
0.479142 0 0.620821 0 0.62296 -0.00546564 
0.479404 0 0.622995 0 0.625075 0.00291664 
0.479663 0 0.625165 0 0.62718 0.0112032 
0.479913 0 0.627333 0 0.629281 0.019427 
0.480158 0 0.629513 0 0.631393 0.0276269 
0.480469 0 0.631774 0 0.633557 0.0358469 
0.480836 0 0.634118 0 0.635799 0.0441319 
0.481242 0 0.636535 0 0.638121 0.0525222 
0.481679 0 0.639023 0 0.640521 0.0610461 
0.482149 0 0.641588 0 0.643001 0.0697137 
0.482646 0 0.644221 0 0.645555 0.0785156 
0.483161 0 0.646903 0 0.648171 0.087426 
0.483692 0 0.649624 0 0.650842 0.0964084 
0.484246 0 0.652377 0 0.65356 0.105422 
0.484818 0 0.655149 0 0.656311 0.114427 
0.4854 0 0.657916 0 0.659083 0.123386 
0.485993 0 0.66067 0 0.661868 0.132268 
0.486601 0 0.66341 0 0.664661 0.141045 
0.487222 0 0.666126 0 0.667456 0.149696 
0.487848 0 0.668808 0 0.670246 0.158205 
0.488575 0 0.671284 0 0.672818 0.166562 
0.489359 0 0.673655 0 0.675318 0.174758 
0.490175 0 0.675972 0 0.677796 0.182788 
0.490998 0 0.678256 0 0.680265 0.190649 
0.491824 0 0.680515 0 0.682719 0.19834 
0.492659 0 0.682765 0 0.685168 0.205861 
0.493502 0 0.68501 0 0.687613 0.213213 
0.494511 0 0.687266 0 0.689585 0.220397 
0.495561 0 0.689659 0 0.69181 0.227414 
0.496623 0 0.692103 0 0.694038 0.234268 
0.497692 0 0.694562 0 0.696282 0.240959 
0.498762 0 0.697034 0 0.698543 0.247491 
0.499834 0 0.699522 0 0.700826 0.253867 
0.500915 0 0.702038 0 0.703135 0.260089 
0.502003 0 0.704583 0 0.705471 0.266159 
0.503093 0 0.707149 0 0.707833 0.272082 
0.504186 0 0.709736 0 0.710219 0.277859 
0.505287 0 0.712353 0 0.712633 0.283493 
0.506397 0 0.714997 0 0.715072 0.288989 
0.507599 0 0.717724 0 0.717388 0.294347 
0.50863 0 0.720376 0 0.719813 0.299572 
0.509705 0 0.723083 0 0.722188 0.304666 
0.510623 0 0.725613 0 0.724375 0.309632 
0.511351 0 0.727913 0 0.726452 0.314473 
0.512049 0 0.730117 0 0.728468 0.319191 
0.51259 0 0.732283 0 0.730443 0.323789 
0.513176 0 0.7344 0 0.73245 0.328271 
0.513707 0 0.736521 0 0.734386 0.332637 
0.514394 0 0.738733 0 0.736216 0.336893 
0.514927 0 0.74097 0 0.738121 0.341038 
0.515547 0 0.743141 0 0.739946 0.345077 
0.516189 0 0.745308 0 0.741702 0.349011 
0.516844 0 0.74747 0 0.743434 0.352843 
0.51751 0 0.749628 0 0.745158 0.356576 
0.518181 0 0.751773 0 0.746873 0.360211 
0.518847 0 0.753892 0 0.748571 0.363751 
0.519506 0 0.755978 0 0.750244 0.367197 
0.520163 0 0.758037 0 0.751889 0.370553 
0.520795 0 0.760002 0 0.75349 0.37382 
0.521396 0 0.761873 0 0.755033 0.376999 
0.521969 0 0.763665 0 0.756528 0.380094 
0.522526 0 0.765398 0 0.757987 0.383106 
0.523068 0 0.76708 0 0.759411 0.386036 
0.52359 0 0.768711 0 0.760798 0.388887 
0.524093 0 0.770295 0 0.762144 0.39166 
0.524586 0 0.771845 0 0.763452 0.394356 
0.525064 0 0.773364 0 0.764717 0.396976 
0.525521 0 0.774845 0 0.765937 0.399523 
0.52599 0 0.776304 0 0.767126 0.401996 
0.526471 0 0.777752 0 0.768293 0.404397 
0.526959 0 0.779185 0 0.769438 0.406725 
0.527443 0 0.780596 0 0.770558 0.40898 
0.527924 0 0.781983 0 0.771653 0.411163 
0.528408 0 0.783357 0 0.772726 0.41327 
0.528894 0 0.784715 0 0.773775 0.415302 
0.529375 0 0.786051 0 0.774796 0.417254 
0.529853 0 0.787364 0 0.77579 0.419123 
0.530334 0 0.788663 0 0.776759 0.420906 
0.530816 0 0.789945 0 0.777701 0.422597 
0.531294 0 0.791201 0 0.778611 0.424189 
0.531767 0 0.792431 0 0.779491 0.425677 
0.532244 0 0.793641 0 0.780341 0.427052 
0.532721 0 0.794829 0 0.781159 0.428306 
0.533194 0 0.795986 0 0.781942 0.42943 
0.533662 0 0.79711 0 0.782689 0.430414 
0.534132 0 0.798209 0 0.783401 0.431247 
0.534603 0 0.799279 0 0.784076 0.431916 
0.535068 0 0.80031 0 0.78471 0.43241 
0.535528 0 0.801303 0 0.785301 0.432715 
0.535991 0 0.802262 0 0.785851 0.432817 
0.536455 0 0.803185 0 0.786357 0.432699 
0.536913 0 0.804062 0 0.786814 0.432347 
0.537367 0 0.804891 0 0.787221 0.431743 
0.537824 0 0.805678 0 0.787578 0.43087 
0.538281 0 0.806418 0 0.787881 0.42971 
0.538734 0 0.807102 0 0.788125 0.428243 
0.539182 0 0.807725 0 0.788309 0.426451 
0.539633 0 0.808293 0 0.78843 0.424315 
0.540086 0 0.808801 0 0.788485 0.421812 
0.540533 0 0.809235 0 0.788467 0.418924 
0.540977 0 0.809593 0 0.788372 0.415629 
0.541424 0 0.809876 0 0.788199 0.411905 
0.541873 0 0.810077 0 0.787941 0.40773 
0.542316 0 0.810182 0 0.787589 0.403082 
0.542757 0 0.810185 0 0.787139 0.397937 
0.5432 0 0.810085 0 0.786586 0.392274 
0.543646 0 0.809871 0 0.785921 0.386069 
0.544086 0 0.809529 0 0.785134 0.379301 
0.544524 0 0.809048 0 0.784219 0.371949 
0.544964 0 0.808427 0 0.783169 0.363997 
0.545406 0 0.807656 0 0.781975 0.355431 
0.545843 0 0.806718 0 0.780628 0.346246 
0.546277 0 0.805608 0 0.779123 0.336443 
0.546713 0 0.804329 0 0.77746 0.326033 
0.547151 0 0.802877 0 0.775633 0.315038 
0.547583 0 0.801246 0 0.773645 0.30349 
0.548011 0 0.799443 0 0.771498 0.291432 
0.548442 0 0.797482 0 0.769204 0.278918 
0.548872 0 0.795374 0 0.76677 0.266007 
0.549296 0 0.793127 0 0.764209 0.252765 
0.549716 0 0.79076 0 0.761536 0.23926 
0.550136 0 0.788297 0 0.75877 0.22556 
0.550555 0 0.785757 0 0.755925 0.211731 
0.550968 0 0.783154 0 0.753018 0.197833 
0.551374 0 0.780506 0 0.750066 0.183923 
0.551592 0 0.777344 0 0.7468 0.170051 
0.551636 0 0.773718 0 0.743267 0.15626 
0.55157 0 0.769843 0 0.739625 0.142586 
0.551456 0 0.765922 0 0.735995 0.129061 
0.551393 0 0.762097 0 0.732437 0.115711 
0.551369 0 0.758377 0 0.728953 0.102556 
0.551372 0 0.754762 0 0.725542 0.0896128 
0.551396 0 0.751256 0 0.722209 0.0768949 
0.551445 0 0.747869 0 0.718959 0.0644118 
0.551513 0 0.744602 0 0.715794 0.0521703 
0.551594 0 0.741453 0 0.712714 0.0401757 
0.551688 0 0.738427 0 0.709722 0.0284303 
0.551799 0 0.735531 0 0.706822 0.0169359 
0.551814 0 0.732537 0 0.703897 0.00569236 
0.551749 0 0.729483 0 0.700964 -0.00530166 
0.551627 0 0.726434 0 0.698058 -0.0160481 
0.551459 0 0.723437 0 0.695199 -0.0265498 
0.551242 0 0.720498 0 0.692381 -0.0368102 
0.550957 0 0.717602 0 0.689588 -0.0468331 
0.550469 0 0.714695 0 0.686704 -0.0566228 
0.549779 0 0.711736 0 0.683719 -0.0661836 
0.548883 0 0.708699 0 0.680626 -0.0755195 
0.547783 0 0.70558 0 0.677435 -0.0846344 
0.546508 0 0.702395 0 0.674169 -0.093532 
0.545099 0 0.699173 0 0.670863 -0.102216 
0.543594 0 0.695937 0 0.667543 -0.110689 
0.542282 0 0.692727 0 0.663938 -0.118956 
0.541184 0 0.689619 0 0.660275 -0.12702 
0.540089 0 0.686599 0 0.656686 -0.134885 
0.538995 0 0.683663 0 0.653167 -0.142557 
0.537897 0 0.680802 0 0.649713 -0.150039 
0.536795 0 0.678016 0 0.646323 -0.157335 
0.535695 0 0.675306 0 0.642997 -0.16445 
0.534692 0 0.672626 0 0.639645 -0.171388 
0.534137 0 0.670377 0 0.637266 -0.178154 
0.533809 0 0.668339 0 0.635252 -0.184751 
0.53358 0 0.666383 0 0.63337 -0.191183 
0.53337 0 0.664448 0 0.631534 -0.197455 
0.533128 0 0.662509 0 0.629711 -0.20357 
0.532701 0 0.660327 0 0.627666 -0.209533 
0.532083 0 0.657844 0 0.625465 -0.215347 
0.531328 0 0.655107 0 0.623172 -0.221015 
0.53047 0 0.652192 0 0.620835 -0.226542 
0.52954 0 0.649162 0 0.618487 -0.231931 
0.528656 0 0.646218 0 0.616008 -0.237185 
0.527809 0 0.643342 0 0.613551 -0.242308 
0.527184 0 0.640668 0 0.611166 -0.247302 
0.526691 0 0.63817 0 0.60888 -0.252172 
0.526249 0 0.635782 0 0.606648 -0.25692 
0.525844 0 0.633471 0 0.604457 -0.261549 
0.525461 0 0.63123 0 0.602301 -0.266063 
0.525098 0 0.629062 0 0.600184 -0.270464 
0.524759 0 0.626976 0 0.598111 -0.274754 
0.52444 0 0.624969 0 0.596084 -0.278937 
0.524181 0 0.623031 0 0.594141 -0.283016 
0.52396 0 0.621168 0 0.59227 -0.286992 
0.523507 0 0.619138 0 0.590385 -0.290869 
0.522912 0 0.616969 0 0.588578 -0.294649 
0.522232 0 0.614689 0 0.586817 -0.298334 
0.521389 0 0.612303 0 0.585041 -0.301927 
0.520448 0 0.609879 0 0.58325 -0.30543 
0.519445 0 0.607447 0 0.581459 -0.308845 
0.518397 0 0.60502 0 0.57968 -0.312175 
0.51732 0 0.602609 0 0.577925 -0.315421 
0.516226 0 0.600228 0 0.576208 -0.318586 
0.515117 0 0.597879 0 0.574533 -0.321671 
0.513989 0 0.595559 0 0.572903 -0.324678 
0.513083 0 0.593309 0 0.571409 -0.32761 
0.512181 0 0.591105 0 0.569965 -0.330469 
0.511282 0 0.588944 0 0.56857 -0.333255 
0.51038 0 0.58682 0 0.56722 -0.335971 
0.509478 0 0.584732 0 0.565916 -0.338618 
0.508581 0 0.582686 0 0.564659 -0.341198 
0.507687 0 0.58068 0 0.563447 -0.343713 
0.506792 0 0.578707 0 0.562276 -0.346163 
0.505895 0 0.576765 0 0.561145 -0.348551 
0.505005 0 0.57486 0 0.560057 -0.350877 
0.504118 0 0.572991 0 0.559008 -0.353143 
0.503229 0 0.57115 0 0.557995 -0.355351 
0.50234 0 0.569335 0 0.557016 -0.3575 
0.501456 0 0.567554 0 0.556075 -0.359593 
0.500577 0 0.565804 0 0.555169 -0.361629 
0.499695 0 0.564076 0 0.554293 -0.36361 
0.498909 0 0.562274 0 0.553454 -0.365536 
0.498405 0 0.561073 0 0.552645 -0.367409 
0.498268 0 0.560406 0 0.552146 -0.369226 
0.498307 0 0.55991 0 0.551736 -0.37099 
0.498422 0 0.55946 0 0.551347 -0.3727 
0.498548 0 0.559042 0 0.550997 -0.374355 
0.498682 0 0.558662 0 0.550683 -0.375954 
0.498816 0 0.558315 0 0.550401 -0.377497 
0.498953 0 0.557999 0 0.550152 -0.378981 
0.499098 0 0.557723 0 0.54994 -0.380404 
0.499251 0 0.557485 0 0.549762 -0.381763 
0.499404 0 0.557278 0 0.549617 -0.383056 
0.499561 0 0.557104 0 0.549505 -0.384277 
0.499726 0 0.55697 0 0.549431 -0.385422 
0.499865 0 0.556788 0 0.549327 -0.386485 
0.500088 0 0.556721 0 0.5493 -0.387457 
0.500369 0 0.556748 0 0.549349 -0.388331 
0.500691 0 0.556844 0 0.549456 -0.389096 
0.501036 0 0.556992 0 0.549606 -0.38974 
0.50139 0 0.557182 0 0.549798 -0.390251 
0.501752 0 0.557415 0 0.550034 -0.390614 
0.502125 0 0.557702 0 0.55032 -0.39081 
0.502508 0 0.558038 0 0.550653 -0.390822 
0.502892 0 0.558418 0 0.551032 -0.390628 
0.503277 0 0.558843 0 0.551458 -0.390207 
0.50367 0 0.559325 0 0.551942 -0.389533 
0.504068 0 0.559868 0 0.552485 -0.388581 
0.504466 0 0.56047 0 0.55309 -0.387326 
0.504865 0 0.561136 0 0.553762 -0.38574 
0.505271 0 0.561879 0 0.55451 -0.383798 
0.505683 0 0.562701 0 0.555336 -0.381473 
0.506093 0 0.563601 0 0.556242 -0.378742 
0.506504 0 0.564583 0 0.557234 -0.375583 
0.506922 0 0.565658 0 0.558318 -0.371978 
0.507345 0 0.56683 0 0.559497 -0.367913 
0.507767 0 0.568094 0 0.56077 -0.363377 
0.508189 0 0.569453 0 0.562142 -0.358364 
0.508618 0 0.570918 0 0.563617 -0.352876 
0.509052 0 0.572486 0 0.565195 -0.346915 
0.509484 0 0.574152 0 0.566874 -0.340491 
0.509917 0 0.575915 0 0.568653 -0.333618 
0.510356 0 0.577783 0 0.570535 -0.326315 
0.5108 0 0.579751 0 0.572516 -0.318601 
0.511243 0 0.581809 0 0.574591 -0.310502 
0.511685 0 0.583954 0 0.576758 -0.302046 
0.512133 0 0.586192 0 0.579017 -0.293259 
0.512586 0 0.588515 0 0.581361 -0.284173 
0.513036 0 0.590911 0 0.583784 -0.274817 
0.513486 0 0.593377 0 0.586282 -0.265222 
0.513941 0 0.595913 0 0.588852 -0.25542 
0.5144 0 0.598515 0 0.591489 -0.245438 
0.514857 0 0.601167 0 0.594184 -0.235308 
0.515312 0 0.603865 0 0.596933 -0.225057 
0.515773 0 0.606612 0 0.599733 -0.214711 
0.516238 0 0.609399 0 0.602578 -0.204297 
0.5167 0 0.612213 0 0.60546 -0.193839 
0.517161 0 0.61505 0 0.608373 -0.183361 
0.517627 0 0.617911 0 0.611318 -0.172884 
0.518098 0 0.62079 0 0.614286 -0.162428 
0.518567 0 0.623674 0 0.617271 -0.152012 
0.519036 0 0.626558 0 0.620269 -0.141656 
0.519511 0 0.629445 0 0.623278 -0.131374 
0.519991 0 0.632329 0 0.626293 -0.121182 
0.520472 0 0.635198 0 0.629308 -0.111095 
0.520953 0 0.638049 0 0.63232 -0.101124 
0.521444 0 0.640885 0 0.635329 -0.0912808 
0.521942 0 0.643701 0 0.638331 -0.0815756 
0.522443 0 0.646487 0 0.641321 -0.0720162 
0.522949 0 0.649241 0 0.644297 -0.062609 
0.523467 0 0.651969 0 0.647263 -0.0533587 
0.523803 0 0.654228 0 0.649674 -0.0442674 
0.524021 0 0.656152 0 0.651727 -0.0353359 
0.524187 0 0.657985 0 0.653635 -0.0265617 
0.524386 0 0.659831 0 0.655567 -0.0179398 
0.524611 0 0.661687 0 0.657512 -0.00946068 
0.524853 0 0.663545 0 0.659466 -0.00111035 
0.525112 0 0.665411 0 0.661436 0.00713014 
0.525394 0 0.667299 0 0.663431 0.0152853 
0.525699 0 0.669214 0 0.665456 0.0233858 
0.526019 0 0.671155 0 0.667517 0.0314677 
0.526357 0 0.673133 0 0.669622 0.0395708 
0.526719 0 0.675165 0 0.671784 0.0477361 
0.527104 0 0.677258 0 0.67401 0.0560002 
0.527507 0 0.67941 0 0.676304 0.0643893 
0.527928 0 0.681625 0 0.678671 0.0729144 
0.528375 0 0.683909 0 0.681113 0.0815693 
0.528845 0 0.686255 0 0.683623 0.0903322 
0.529331 0 0.688645 0 0.686193 0.0991713 
0.529835 0 0.691067 0 0.688814 0.108049 
0.53036 0 0.693519 0 0.691482 0.116926 
0.530906 0 0.695986 0 0.694184 0.125767 
0.531464 0 0.69845 0 0.696912 0.134539 
0.532035 0 0.700903 0 0.699659 0.143215 
0.532622 0 0.703346 0 0.702425 0.151773 
0.53336 0 0.705713 0 0.70507 0.160196 
0.53418 0 0.708062 0 0.707705 0.168472 
0.535045 0 0.710407 0 0.710342 0.176592 
0.535935 0 0.712753 0 0.712979 0.18455 
0.536778 0 0.715076 0 0.715587 0.192344 
0.537723 0 0.717372 0 0.71817 0.199971 
0.538551 0 0.719636 0 0.720821 0.207432 
0.53939 0 0.721903 0 0.723482 0.214725 
0.540304 0 0.724141 0 0.726064 0.221853 
0.541327 0 0.726549 0 0.728503 0.228817 
0.542341 0 0.728915 0 0.730792 0.235618 
0.543548 0 0.731512 0 0.732966 0.24226 
0.544533 0 0.733892 0 0.735402 0.248744 
0.545577 0 0.736402 0 0.737716 0.255072 
0.54677 0 0.739035 0 0.739921 0.261248 
0.547972 0 0.741698 0 0.742153 0.267275 
0.549183 0 0.744388 0 0.744408 0.273154 
0.550171 0 0.746909 0 0.746933 0.278889 
0.551162 0 0.749451 0 0.749481 0.284483 
0.552184 0 0.751982 0 0.751656 0.289938 
0.553122 0 0.754449 0 0.753894 0.295258 
0.554011 0 0.756872 0 0.756121 0.300445 
0.554864 0 0.759259 0 0.758326 0.305502 
0.555784 0 0.761705 0 0.760525 0.310432 
0.556556 0 0.764054 0 0.762787 0.315238 
0.557419 0 0.766455 0 0.764848 0.319923 
0.558316 0 0.768907 0 0.766802 0.324489 
0.559063 0 0.771209 0 0.768955 0.328939 
0.559804 0 0.77344 0 0.77103 0.333276 
0.560522 0 0.775604 0 0.77305 0.337501 
0.56122 0 0.777723 0 0.775032 0.341619 
0.561908 0 0.779815 0 0.776986 0.345631 
0.562585 0 0.781875 0 0.778906 0.349539 
0.563243 0 0.783892 0 0.780789 0.353347 
0.563883 0 0.785861 0 0.782634 0.357056 
0.564513 0 0.787791 0 0.784442 0.360668 
0.565131 0 0.789679 0 0.786212 0.364187 
0.565731 0 0.791519 0 0.787943 0.367614 
0.566314 0 0.793311 0 0.789635 0.37095 
0.566888 0 0.795064 0 0.791291 0.3742 
0.56745 0 0.796776 0 0.792905 0.377363 
0.567993 0 0.798442 0 0.794478 0.380443 
0.568519 0 0.800061 0 0.796009 0.383441 
0.569035 0 0.801643 0 0.7975 0.386359 
0.569537 0 0.803189 0 0.798947 0.389199 
0.570018 0 0.804691 0 0.80035 0.391962 
0.57048 0 0.806152 0 0.801707 0.39465 
0.570926 0 0.807582 0 0.803019 0.397265 
0.571353 0 0.808982 0 0.804281 0.399807 
0.571752 0 0.810346 0 0.805489 0.402278 
0.572121 0 0.811676 0 0.806639 0.404679 
0.572462 0 0.812986 0 0.807728 0.407009 
0.572862 0 0.814371 0 0.808829 0.409271 
0.573288 0 0.815762 0 0.809922 0.411463 
0.573721 0 0.817132 0 0.810989 0.413585 
0.574161 0 0.81849 0 0.812029 0.415636 
0.574605 0 0.819838 0 0.813047 0.417614 
0.575048 0 0.821174 0 0.814045 0.419517 
0.575489 0 0.822495 0 0.815023 0.421342 
0.575936 0 0.823809 0 0.815981 0.423085 
0.576385 0 0.825111 0 0.816914 0.424742 
0.576831 0 0.826393 0 0.817818 0.426307 
0.577274 0 0.827652 0 0.818692 0.427775 
0.57772 0 0.828896 0 0.819537 0.429139 
0.578168 0 0.830123 0 0.820352 0.430392 
0.578612 0 0.831324 0 0.821133 0.431526 
0.579053 0 0.832498 0 0.821881 0.432533 
0.579497 0 0.833651 0 0.822596 0.433403 
0.579942 0 0.83478 0 0.823275 0.434127 
0.580383 0 0.835876 0 0.823915 0.434693 
0.58082 0 0.836938 0 0.824515 0.435091 
0.58126 0 0.837971 0 0.825075 0.435308 
0.581702 0 0.838974 0 0.825592 0.435331 
0.582139 0 0.839935 0 0.826063 0.435148 
0.582573 0 0.840854 0 0.826487 0.434743 
0.583009 0 0.841736 0 0.826863 0.434102 
0.583448 0 0.842578 0 0.827187 0.43321 
0.583882 0 0.843369 0 0.827457 0.432051 
0.584313 0 0.844106 0 0.827669 0.430607 
0.584747 0 0.844794 0 0.827823 0.428862 
0.585184 0 0.845429 0 0.827913 0.426798 
0.585616 0 0.846 0 0.827937 0.424396 
0.586045 0 0.846501 0 0.82789 0.421639 
0.586478 0 0.846937 0 0.827771 0.418505 
0.586913 0 0.8473 0 0.827573 0.414976 
0.587344 0 0.847578 0 0.82729 0.411028 
0.587772 0 0.847765 0 0.826919 0.406642 
0.588204 0 0.847861 0 0.826454 0.401795 
0.588638 0 0.847856 0 0.825888 0.396462 
0.589068 0 0.847737 0 0.825213 0.390622 
0.589496 0 0.847493 0 0.824423 0.384251 
0.589927 0 0.847124 0 0.823511 0.377327 
0.59036 0 0.846618 0 0.822469 0.369831 
0.59079 0 0.84596 0 0.821289 0.361746 
0.591216 0 0.845141 0 0.819964 0.353062 
0.591646 0 0.844161 0 0.81849 0.343773 
0.592077 0 0.843014 0 0.816862 0.333882 
0.592504 0 0.841691 0 0.815077 0.323404 
0.592928 0 0.840191 0 0.813136 0.312361 
0.593355 0 0.838526 0 0.811043 0.300787 
0.593782 0 0.8367 0 0.808804 0.288726 
0.594204 0 0.834719 0 0.806427 0.27623 
0.594622 0 0.832596 0 0.803924 0.263357 
0.595041 0 0.830355 0 0.80131 0.250172 
0.59546 0 0.828011 0 0.798599 0.23674 
0.595873 0 0.825579 0 0.795806 0.223124 
0.59628 0 0.823078 0 0.792951 0.209388 
0.596688 0 0.820534 0 0.790048 0.19559 
0.597095 0 0.817962 0 0.787113 0.181783 
0.597295 0 0.814772 0 0.783839 0.168015 
0.597319 0 0.811084 0 0.780308 0.154326 
0.597247 0 0.807175 0 0.7767 0.140752 
0.597139 0 0.803264 0 0.773135 0.127324 
0.597072 0 0.799451 0 0.769645 0.114066 
0.597038 0 0.79575 0 0.766234 0.100998 
0.597037 0 0.792172 0 0.762906 0.0881374 
0.597063 0 0.788717 0 0.759661 0.0754967 
0.597105 0 0.785385 0 0.756503 0.0630855 
0.597162 0 0.782177 0 0.753434 0.0509113 
0.597239 0 0.779102 0 0.750459 0.0389791 
0.597334 0 0.77616 0 0.747577 0.0272919 
0.597439 0 0.773348 0 0.744789 0.0158515 
0.597455 0 0.770464 0 0.742003 0.00465818 
0.597406 0 0.767531 0 0.73922 -0.00628899 
0.597308 0 0.764602 0 0.736466 -0.0169917 
0.597163 0 0.761717 0 0.73376 -0.0274525 
0.596972 0 0.758891 0 0.731104 -0.0376745 
0.59673 0 0.756123 0 0.728486 -0.0476614 
0.59642 0 0.753396 0 0.72589 -0.0574172 
0.595894 0 0.750658 0 0.723202 -0.066946 
0.595153 0 0.74786 0 0.720412 -0.0762518 
0.594207 0 0.744986 0 0.717523 -0.0853388 
0.593071 0 0.742039 0 0.714547 -0.0942106 
0.591769 0 0.739031 0 0.711509 -0.10287 
0.590341 0 0.735986 0 0.708436 -0.111322 
0.589077 0 0.732917 0 0.705031 -0.119569 
0.588024 0 0.729929 0 0.701549 -0.127614 
0.586966 0 0.727022 0 0.698136 -0.135462 
0.585906 0 0.724194 0 0.69479 -0.143117 
0.584849 0 0.721447 0 0.691511 -0.150583 
0.583793 0 0.718777 0 0.688295 -0.157865 
0.582846 0 0.716161 0 0.685072 -0.164965 
0.58196 0 0.713607 0 0.681879 -0.17189 
0.581515 0 0.711918 0 0.67987 -0.178642 
0.58125 0 0.709947 0 0.67793 -0.185226 
0.58106 0 0.707931 0 0.676029 -0.191646 
0.580907 0 0.705998 0 0.674233 -0.197905 
0.580756 0 0.704126 0 0.67249 -0.204009 
0.580607 0 0.702309 0 0.670794 -0.209961 
0.580264 0 0.700202 0 0.668844 -0.215764 
0.579811 0 0.697861 0 0.666767 -0.221421 
0.579309 0 0.695399 0 0.66465 -0.226938 
0.578797 0 0.692897 0 0.662537 -0.232317 
0.578361 0 0.690512 0 0.660467 -0.237561 
0.577796 0 0.688002 0 0.658381 -0.242674 
0.577138 0 0.685354 0 0.656199 -0.24766 
0.576416 0 0.682624 0 0.653945 -0.25252 
0.575651 0 0.679871 0 0.651657 -0.25726 
0.574863 0 0.677132 0 0.649364 -0.26188 
0.574044 0 0.67441 0 0.647052 -0.266386 
0.573236 0 0.671724 0 0.64476 -0.270778 
0.572434 0 0.669079 0 0.642488 -0.275061 
0.571637 0 0.666477 0 0.640239 -0.279236 
0.570855 0 0.663925 0 0.638019 -0.283307 
0.570085 0 0.661425 0 0.635832 -0.287276 
0.569323 0 0.658973 0 0.633679 -0.291146 
0.568572 0 0.656573 0 0.631568 -0.294919 
0.567839 0 0.654233 0 0.629505 -0.298597 
0.567121 0 0.651952 0 0.627492 -0.302183 
0.566414 0 0.649726 0 0.62553 -0.305679 
0.565717 0 0.647555 0 0.623623 -0.309088 
0.565036 0 0.645445 0 0.621775 -0.312411 
0.564381 0 0.643405 0 0.619992 -0.31565 
0.563771 0 0.641455 0 0.618286 -0.318809 
0.56335 0 0.639703 0 0.61669 -0.321888 
0.562989 0 0.638102 0 0.615199 -0.324889 
0.562673 0 0.636607 0 0.613797 -0.327815 
0.562386 0 0.635194 0 0.612473 -0.330667 
0.562123 0 0.633862 0 0.611225 -0.333446 
0.56189 0 0.632618 0 0.610056 -0.336156 
0.561681 0 0.631459 0 0.608963 -0.338796 
0.561491 0 0.630378 0 0.607942 -0.34137 
0.56132 0 0.629373 0 0.606992 -0.343877 
0.561215 0 0.628424 0 0.606141 -0.34632 
0.561148 0 0.62753 0 0.605367 -0.3487 
0.5611 0 0.626682 0 0.604657 -0.351017 
0.561065 0 0.625875 0 0.604005 -0.353274 
0.561046 0 0.625115 0 0.603412 -0.355471 
0.561038 0 0.624401 0 0.602874 -0.357608 
0.561036 0 0.623721 0 0.602385 -0.359687 
0.561038 0 0.623075 0 0.601945 -0.361707 
0.561051 0 0.622467 0 0.601554 -0.36367 
0.561072 0 0.621893 0 0.60121 -0.365575 
0.561095 0 0.621345 0 0.600909 -0.367422 
0.561121 0 0.620824 0 0.600651 -0.36921 
0.561155 0 0.620336 0 0.600439 -0.370939 
0.561467 0 0.620342 0 0.600623 -0.372606 
0.561888 0 0.62044 0 0.600858 -0.374209 
0.562333 0 0.620505 0 0.601065 -0.375747 
0.562768 0 0.620587 0 0.601304 -0.377216 
0.563209 0 0.620707 0 0.601581 -0.378612 
0.563652 0 0.620857 0 0.601894 -0.379929 
0.564096 0 0.621041 0 0.602245 -0.381162 
0.564549 0 0.621264 0 0.602639 -0.382303 
0.565008 0 0.621528 0 0.603074 -0.383344 
0.565469 0 0.621826 0 0.603549 -0.384274 
0.565931 0 0.622161 0 0.604066 -0.385082 
0.566358 0 0.622445 0 0.604559 -0.385754 
0.566755 0 0.622704 0 0.605052 -0.386277 
0.567127 0 0.62296 0 0.605565 -0.386632 
0.567587 0 0.623377 0 0.606205 -0.386803 
0.568111 0 0.623917 0 0.606947 -0.386769 
0.56867 0 0.624534 0 0.607757 -0.386509 
0.569239 0 0.625203 0 0.608622 -0.386 
0.569814 0 0.625926 0 0.609547 -0.385221 
0.570398 0 0.626717 0 0.610542 -0.384146 
0.57099 0 0.627579 0 0.61161 -0.382754 
0.571583 0 0.628506 0 0.612748 -0.38102 
0.572175 0 0.629499 0 0.613961 -0.378925 
0.572774 0 0.630568 0 0.615253 -0.376446 
0.573377 0 0.631716 0 0.616627 -0.373568 
0.573978 0 0.632938 0 0.618084 -0.370275 
0.574579 0 0.63424 0 0.619628 -0.366554 
0.575185 0 0.635631 0 0.621265 -0.362398 
0.575797 0 0.637113 0 0.622997 -0.357801 
0.576406 0 0.638679 0 0.624822 -0.352762 
0.577015 0 0.640331 0 0.626741 -0.347285 
0.57763 0 0.642077 0 0.628759 -0.341375 
0.578249 0 0.643916 0 0.630875 -0.335042 
0.578866 0 0.64584 0 0.633086 -0.3283 
0.579483 0 0.647846 0 0.63539 -0.321164 
0.579877 0 0.649513 0 0.63729 -0.313652 
0.580131 0 0.650941 0 0.638914 -0.305786 
0.580312 0 0.65234 0 0.640445 -0.297591 
0.580478 0 0.65383 0 0.642024 -0.289089 
0.580701 0 0.65545 0 0.643716 -0.280309 
0.580968 0 0.657184 0 0.645518 -0.271275 
0.581264 0 0.659017 0 0.647422 -0.262015 
0.581585 0 0.660937 0 0.649421 -0.252554 
0.581933 0 0.662947 0 0.651513 -0.242918 
0.582305 0 0.66504 0 0.653691 -0.233133 
0.582612 0 0.667099 0 0.6558 -0.223222 
0.582869 0 0.669133 0 0.657849 -0.213211 
0.583104 0 0.671179 0 0.659875 -0.203122 
0.583329 0 0.673257 0 0.661907 -0.192978 
0.583547 0 0.675366 0 0.663953 -0.182799 
0.583762 0 0.677503 0 0.666017 -0.172605 
0.583982 0 0.679667 0 0.668094 -0.162416 
0.584203 0 0.681852 0 0.670176 -0.15225 
0.58442 0 0.684043 0 0.672256 -0.142123 
0.584632 0 0.686238 0 0.67433 -0.13205 
0.584847 0 0.688443 0 0.676398 -0.122048 
0.585064 0 0.690652 0 0.678455 -0.112128 
0.585274 0 0.692856 0 0.680498 -0.102304 
0.585481 0 0.695052 0 0.682523 -0.0925859 
0.585691 0 0.697246 0 0.684531 -0.0829834 
0.585901 0 0.699434 0 0.686518 -0.0735047 
0.586106 0 0.701606 0 0.688481 -0.0641559 
0.586306 0 0.703762 0 0.690418 -0.0549417 
0.586509 0 0.705908 0 0.69233 -0.0458643 
0.586713 0 0.708043 0 0.694216 -0.0369234 
0.586912 0 0.710159 0 0.696075 -0.0281159 
0.587106 0 0.712259 0 0.697907 -0.0194353 
0.587303 0 0.714352 0 0.699718 -0.0108711 
0.587501 0 0.71644 0 0.701509 -0.00240899 
0.587694 0 0.718522 0 0.703283 0.00597076 
0.587884 0 0.720602 0 0.705046 0.0142925 
0.588076 0 0.722696 0 0.706809 0.0225857 
0.588271 0 0.724813 0 0.708578 0.0308835 
0.588461 0 0.726955 0 0.710362 0.0392208 
0.588649 0 0.729132 0 0.712174 0.0476304 
0.58884 0 0.731365 0 0.714025 0.0561385 
0.589102 0 0.733696 0 0.71592 0.0647595 
0.589417 0 0.736118 0 0.717885 0.0734938 
0.589777 0 0.73862 0 0.719918 0.0823281 
0.590179 0 0.741196 0 0.72201 0.0912377 
0.590616 0 0.743833 0 0.724147 0.100191 
0.591237 0 0.746202 0 0.726242 0.109153 
0.591949 0 0.748462 0 0.728312 0.11809 
0.592713 0 0.750682 0 0.730372 0.12697 
0.593504 0 0.752891 0 0.732428 0.135763 
0.594204 0 0.755058 0 0.734471 0.144448 
0.595027 0 0.757164 0 0.736457 0.153004 
0.595736 0 0.759259 0 0.738521 0.161418 
0.596454 0 0.761338 0 0.740574 0.16968 
0.597268 0 0.763411 0 0.742542 0.177783 
0.597986 0 0.765512 0 0.744659 0.185722 
0.598695 0 0.767582 0 0.746612 0.193494 
0.5994 0 0.769623 0 0.748515 0.201099 
0.600096 0 0.77165 0 0.750413 0.208536 
0.600785 0 0.773675 0 0.752319 0.215806 
0.601472 0 0.775711 0 0.754236 0.22291 
0.602154 0 0.777754 0 0.756161 0.22985 
0.602824 0 0.779796 0 0.758094 0.236628 
0.603481 0 0.781832 0 0.760035 0.243245 
0.604131 0 0.783868 0 0.761984 0.249705 
0.604773 0 0.785904 0 0.763942 0.25601 
0.605401 0 0.787934 0 0.765911 0.262163 
0.606018 0 0.789961 0 0.767894 0.268167 
0.606629 0 0.791994 0 0.769891 0.274023 
0.607236 0 0.794032 0 0.771901 0.279737 
0.60783 0 0.796066 0 0.773922 0.285309 
0.608415 0 0.798096 0 0.775954 0.290744 
0.608996 0 0.800128 0 0.777995 0.296044 
0.609573 0 0.802157 0 0.78004 0.301211 
0.610139 0 0.804177 0 0.78209 0.30625 
0.610696 0 0.806183 0 0.784143 0.311162 
0.611252 0 0.808184 0 0.786197 0.315951 
0.611803 0 0.810176 0 0.788247 0.320619 
0.612346 0 0.812149 0 0.790295 0.325169 
0.612881 0 0.814103 0 0.792337 0.329604 
0.613414 0 0.816044 0 0.794372 0.333926 
0.613945 0 0.817969 0 0.796398 0.338138 
0.614468 0 0.81987 0 0.798414 0.342243 
0.614983 0 0.821745 0 0.80042 0.346243 
0.615499 0 0.823603 0 0.802414 0.35014 
0.616013 0 0.82544 0 0.804393 0.353937 
0.616519 0 0.827249 0 0.806359 0.357636 
0.617019 0 0.82903 0 0.808311 0.361239 
0.61752 0 0.830791 0 0.810248 0.36475 
0.61802 0 0.832528 0 0.812169 0.368169 
0.618514 0 0.834237 0 0.814075 0.371499 
0.619001 0 0.835916 0 0.815966 0.374743 
0.61949 0 0.837573 0 0.817842 0.377902 
0.619979 0 0.839208 0 0.819701 0.380978 
0.620461 0 0.840815 0 0.821545 0.383973 
0.620938 0 0.842393 0 0.823374 0.386889 
0.621415 0 0.843952 0 0.825189 0.389729 
0.621892 0 0.845491 0 0.826989 0.392492 
0.622361 0 0.847005 0 0.828775 0.395183 
0.622814 0 0.848366 0 0.8303 0.397801 
0.623258 0 0.849604 0 0.831665 0.400349 
0.623685 0 0.850807 0 0.832945 0.402827 
0.624103 0 0.852019 0 0.834189 0.405238 
0.62452 0 0.853247 0 0.835421 0.407582 
0.624941 0 0.854491 0 0.83664 0.409861 
0.625363 0 0.855735 0 0.837835 0.412075 
0.625774 0 0.856964 0 0.838998 0.414224 
0.626174 0 0.858175 0 0.840122 0.41631 
0.626569 0 0.859377 0 0.841207 0.418331 
0.626958 0 0.860572 0 0.842251 0.420288 
0.627335 0 0.861756 0 0.843257 0.422179 
0.627703 0 0.862929 0 0.844226 0.424004 
0.628067 0 0.864099 0 0.845157 0.425759 
0.628427 0 0.865265 0 0.84605 0.427443 
0.628775 0 0.866418 0 0.846903 0.429052 
0.629158 0 0.867732 0 0.847784 0.430582 
0.629571 0 0.869086 0 0.84866 0.432028 
0.629992 0 0.870415 0 0.849486 0.433387 
0.630405 0 0.871708 0 0.850259 0.434651 
0.630814 0 0.872979 0 0.850994 0.435814 
0.631049 1 0.872842 0 0.852263 0.436888 
0.631317 1 0.873125 0 0.853654 0.43771 
0.63156 1 0.873397 0 0.854963 0.438253 
0.631802 0 0.873588 0 0.8562 0.43846 
0.632044 0 0.873735 0 0.857394 0.438498 
0.632284 0 0.873834 0 0.858544 0.438355 
0.632523 0 0.873883 0 0.859647 0.438017 
0.632761 0 0.87388 0 0.860699 0.437473 
0.633063 0 0.87394 0 0.861713 0.436709 
0.633388 0 0.873955 0 0.862635 0.435712 
0.633713 0 0.873893 0 0.863447 0.434468 
0.634039 0 0.873768 0 0.864163 0.432964 
0.634369 0 0.873596 0 0.864807 0.431187 
0.634692 0 0.873392 0 0.865387 0.429122 
0.635007 0 0.873141 0 0.865899 0.426758 
0.635315 0 0.872831 0 0.866334 0.424079 
0.635615 0 0.872455 0 0.866684 0.421073 
0.635907 0 0.872007 0 0.86694 0.417728 
0.636191 0 0.871486 0 0.8671 0.414028 
0.636606 0 0.871738 1 0.867065 0.409961 
0.637023 0 0.871652 1 0.866778 0.404712 
0.637441 0 0.871256 0 0.8662 0.398197 
0.637858 0 0.870744 0 0.865502 0.391295 
0.638273 0 0.870114 0 0.864681 0.383994 
0.639238 1 0.870192 0 0.865145 0.376277 
0.64065 1 0.8708 1 0.865808 0.367338 
0.642415 1 0.871357 1 0.866452 0.356302 
0.64447 1 0.872047 1 0.867176 0.343432 
0.646759 1 0.87287 1 0.867971 0.329083 
0.649224 1 0.873782 1 0.868819 0.313662 
0.65181 1 0.874735 1 0.869688 0.297523 
0.65447 1 0.875695 1 0.870558 0.280971 
0.657163 1 0.876634 1 0.871412 0.264244 
0.659858 1 0.877533 1 0.872236 0.247521 
0.662532 1 0.878379 1 0.873025 0.230923 
0.665171 1 0.879164 1 0.873775 0.214534 
0.667761 1 0.879886 1 0.874478 0.198421 
0.670293 1 0.880545 1 0.875136 0.182613 
0.67278 1 0.881148 1 0.875751 0.167137 
0.675219 1 0.881703 1 0.876325 0.152006 
0.677607 1 0.882212 1 0.876857 0.137224 
0.679941 1 0.882676 1 0.877351 0.122792 
0.68222 1 0.883098 1 0.877804 0.108707 
0.684442 1 0.88348 1 0.878222 0.0949613 
0.686709 1 0.883739 1 0.878587 0.0815576 
0.689036 1 0.883869 1 0.879119 0.0684816 
0.691382 1 0.884021 1 0.879765 0.0557336 
0.693715 1 0.884207 1 0.880426 0.0432972 
0.696018 1 0.884415 1 0.881045 0.0311724 
0.698293 1 0.88464 1 0.881608 0.0193485 
0.700553 1 0.884876 1 0.882128 0.00781627 
0.70281 1 0.88512 1 0.882624 -0.00342595 
0.705069 1 0.885373 1 0.883111 -0.0143873 
0.707328 1 0.885634 1 0.883595 -0.0250761 
0.709579 1 0.885903 1 0.884075 -0.0354989 
0.711811 1 0.886179 1 0.884545 -0.0456598 
0.714014 1 0.88646 1 0.884996 -0.0555663 
0.716178 1 0.886742 1 0.885426 -0.065225 
0.718295 1 0.887021 1 0.88583 -0.0746416 
0.720364 1 0.887295 1 0.88621 -0.083824 
0.72238 1 0.88756 1 0.886567 -0.0927755 
0.724344 1 0.887819 1 0.886902 -0.101503 
0.726254 1 0.888067 1 0.887219 -0.110012 
0.728111 1 0.888304 1 0.887518 -0.118308 
0.729914 1 0.888532 1 0.887803 -0.126397 
0.731663 1 0.88875 1 0.888073 -0.134282 
0.733359 1 0.88896 1 0.888331 -0.14197 
0.735003 1 0.88916 1 0.888578 -0.149465 
0.736595 1 0.889353 1 0.888816 -0.156772 
0.738138 1 0.889539 1 0.889045 -0.163896 
0.739632 1 0.889719 1 0.889269 -0.170841 
0.741079 1 0.889896 1 0.889488 -0.177612 
0.74248 1 0.890069 1 0.889704 -0.184212 
0.743674 1 0.890242 1 0.889851 -0.190651 
0.744773 1 0.890351 1 0.889981 -0.196927 
0.745837 1 0.890415 1 0.890092 -0.203042 
0.746945 1 0.890454 1 0.890238 -0.209003 
0.748011 1 0.890494 1 0.890327 -0.214812 
0.749014 1 0.890497 1 0.89037 -0.220474 
0.750088 1 0.890467 1 0.890486 -0.225993 
0.751089 0 0.890432 0 0.890586 -0.231372 
0.752061 0 0.890327 0 0.890661 -0.236603 
0.75311 0 0.890156 0 0.890837 -0.241686 
0.754085 0 0.889948 0 0.890925 -0.246614 
0.75507 0 0.889685 0 0.891019 -0.25138 
0.756008 0 0.889354 0 0.89108 -0.255968 
0.756922 0 0.888956 0 0.891132 -0.260355 
0.75782 0 0.888503 0 0.891195 -0.264506 
0.758709 0 0.888014 0 0.891287 -0.268372 
0.759591 0 0.887509 0 0.891428 -0.271882 
0.760469 0 0.887011 0 0.89164 -0.274939 
0.761345 0 0.886549 0 0.891952 -0.277415 
0.76222 0 0.886151 0 0.892399 -0.279153 
0.763094 0 0.885853 0 0.89302 -0.279969 
0.763969 0 0.885686 0 0.893853 -0.279668 
0.764845 0 0.885677 0 0.894932 -0.278065 
0.765722 0 0.885838 0 0.896281 -0.275016 
0.766603 0 0.886164 0 0.897906 -0.270436 
0.767485 0 0.886633 0 0.899792 -0.264316 
0.768371 0 0.887203 0 0.901908 -0.256723 
0.769259 0 0.887817 0 0.904206 -0.247779 
0.770151 0 0.888416 0 0.906628 -0.237648 
0.771046 0 0.888936 0 0.909112 -0.226511 
0.771944 0 0.889318 0 0.911592 -0.214551 
0.772844 0 0.889514 0 0.914008 -0.201941 
0.773747 0 0.889481 0 0.916303 -0.188838 
0.774653 0 0.889191 0 0.918424 -0.17538 
0.77556 0 0.888623 0 0.920328 -0.161685 
0.77647 0 0.887771 0 0.921978 -0.147851 
0.77738 0 0.886633 0 0.923344 -0.133961 
0.778291 0 0.885216 0 0.924405 -0.120083 
0.779203 0 0.883534 0 0.925148 -0.10627 
0.780114 0 0.881603 0 0.925566 -0.0925667 
0.781025 0 0.879443 0 0.925661 -0.0790088 
0.781934 0 0.877074 0 0.92544 -0.0656241 
0.783045 0 0.874713 0 0.924408 -0.0524345 
0.784316 0 0.872113 0 0.923023 -0.0394566 
0.785651 0 0.869286 0 0.921415 -0.0267037 
0.787005 0 0.866296 0 0.919532 -0.014185 
0.788348 0 0.863193 0 0.917364 -0.0019079 
0.789681 0 0.859996 0 0.914947 0.0101231 
0.791003 0 0.85672 0 0.912316 0.0219046 
0.791647 0 0.854898 1 0.91082 0.0334401 
0.791352 0 0.854625 1 0.910882 0.0445885 
0.791114 0 0.854422 1 0.910689 0.0554159 
0.790898 0 0.854262 0 0.910559 0.0658848 
0.790647 0 0.854153 0 0.910481 0.0761246 
0.79036 0 0.854095 0 0.910458 0.0861375 
0.790038 0 0.854088 0 0.910486 0.0959257 
0.78968 0 0.854132 0 0.910567 0.105491 
0.789287 0 0.854228 0 0.910698 0.114834 
0.788858 0 0.854376 0 0.910881 0.123957 
0.788393 0 0.854575 0 0.911113 0.132861 
0.787894 0 0.854825 0 0.911394 0.141547 
0.787359 0 0.855125 0 0.911723 0.150016 
0.786789 0 0.855476 0 0.9121 0.158267 
0.786184 0 0.855876 0 0.912525 0.1663 
0.785545 0 0.856324 0 0.912996 0.174116 
0.784873 0 0.856819 0 0.913514 0.181713 
0.784168 0 0.857359 0 0.914079 0.18909 
0.783431 0 0.857943 0 0.914692 0.196245 
0.782663 0 0.858569 0 0.915353 0.203176 
0.781864 0 0.859235 0 0.916063 0.209881 
0.781037 0 0.859939 0 0.916824 0.216358 
0.780181 0 0.860679 0 0.917634 0.222604 
0.779297 0 0.861453 0 0.918495 0.228615 
0.778718 0 0.863069 0 0.91927 0.23439 
0.778821 1 0.861583 0 0.920946 0.239926 
0.778929 1 0.861712 0 0.920067 0.245022 
0.779048 1 0.862192 0 0.919138 0.249626 
0.779232 1 0.862638 0 0.918589 0.253681 
0.779491 1 0.862979 0 0.918238 0.257123 
0.779806 1 0.863298 0 0.917952 0.25988 
0.78018 1 0.863606 0 0.917701 0.261882 
0.780623 1 0.863905 0 0.917482 0.263046 
0.781147 1 0.864193 0 0.917298 0.263303 
0.781763 1 0.864471 0 0.917149 0.262591 
0.782479 1 0.864737 0 0.917032 0.260862 
0.783301 1 0.864988 0 0.91695 0.258081 
0.784233 1 0.86522 0 0.9169 0.254229 
0.785277 1 0.865431 0 0.916881 0.249332 
0.786431 1 0.86562 0 0.916894 0.243419 
0.787693 1 0.865787 0 0.916935 0.236545 
0.78906 1 0.865931 0 0.917001 0.228781 
0.790528 1 0.866052 0 0.917091 0.220226 
0.792089 1 0.866151 0 0.9172 0.210965 
0.793736 1 0.866229 0 0.917326 0.201091 
0.795461 1 0.866286 0 0.917468 0.190699 
0.797445 1 0.866345 1 0.917375 0.179885 
0.799702 1 0.866295 1 0.917096 0.168195 
0.802132 1 0.866262 1 0.916723 0.155893 
0.804678 1 0.866254 1 0.916295 0.143191 
0.807306 1 0.866263 1 0.915829 0.13028 
0.80999 1 0.866283 1 0.915335 0.117289 
0.812712 1 0.866309 1 0.914819 0.104329 
0.815457 1 0.866339 1 0.914286 0.0914783 
0.818177 1 0.866285 1 0.914108 0.07878 
0.820879 1 0.866205 1 0.91409 0.06628 
0.822611 1 0.866352 1 0.9143 0.0539871 
0.824025 1 0.866481 1 0.91447 0.0419445 
0.825408 1 0.866644 1 0.914636 0.0301301 
0.826803 1 0.866837 1 0.914796 0.0185801 
0.8282 1 0.86704 1 0.914951 0.00732116 
0.82958 1 0.867238 1 0.915101 -0.00369854 
0.830945 1 0.867434 1 0.915248 -0.0144603 
0.832287 1 0.867623 1 0.91539 -0.0250028 
0.833607 1 0.867811 1 0.915528 -0.0352844 
0.834898 1 0.867994 1 0.915662 -0.0453652 
0.836156 1 0.868176 1 0.915788 -0.0551422 
0.837384 1 0.868355 1 0.915911 -0.0646938 
0.838591 1 0.868533 1 0.916026 -0.073935 
0.839786 1 0.868701 1 0.91613 -0.0830503 
0.840975 1 0.868853 1 0.916224 -0.0918933 
0.842084 1 0.868997 1 0.916297 -0.100528 
0.843203 1 0.869139 1 0.916372 -0.108954 
0.844343 1 0.869257 1 0.91643 -0.117154 
0.845462 1 0.869379 1 0.91648 -0.125152 
0.846538 1 0.86951 1 0.916537 -0.132969 
0.847577 1 0.869628 1 0.91658 -0.140576 
0.848557 1 0.869758 1 0.916636 -0.147966 
0.849493 1 0.869892 1 0.916688 -0.155193 
0.850395 1 0.870028 1 0.916739 -0.162178 
0.851242 1 0.870172 1 0.916792 -0.168992 
0.852048 1 0.870306 1 0.916834 -0.175677 
0.852818 1 0.870407 1 0.91686 -0.18216 
0.853552 1 0.870479 1 0.916866 -0.18846 
0.854242 1 0.870507 1 0.91687 -0.194674 
0.854641 0 0.870531 1 0.917056 -0.200704 
0.855013 0 0.870494 1 0.917245 -0.206575 
0.855369 0 0.870381 1 0.917414 -0.212226 
0.855692 0 0.87018 1 0.917576 -0.217642 
0.855972 0 0.869887 1 0.917737 -0.222868 
0.856203 0 0.869508 1 0.917891 -0.227905 
0.856394 0 0.869041 1 0.918042 -0.232749 
0.856546 0 0.868485 1 0.918189 -0.237382 
0.856655 0 0.867842 1 0.91833 -0.241795 
0.856724 0 0.867121 1 0.918466 -0.246012 
0.856758 0 0.866316 1 0.9186 -0.250024 
0.856752 0 0.865432 1 0.918726 -0.253802 
0.856708 0 0.864473 1 0.918846 -0.257357 
0.856632 0 0.86344 1 0.918964 -0.2607 
0.856523 0 0.862344 1 0.919076 -0.263822 
0.856384 0 0.861183 1 0.919184 -0.266725 
0.856215 0 0.859966 1 0.919287 -0.269407 
0.856019 0 0.858695 1 0.919386 -0.271867 
0.855695 0 0.857525 1 0.918723 -0.274097 
0.855404 0 0.856132 0 0.918122 -0.276103 
0.855069 0 0.854421 0 0.917624 -0.277518 
0.854656 0 0.852627 0 0.916969 -0.278244 
0.854246 0 0.850722 0 0.91611 -0.278187 
0.853839 0 0.8487 0 0.915025 -0.277262 
0.853433 0 0.846552 0 0.913699 -0.275394 
0.853027 0 0.844272 0 0.912115 -0.272524 
0.85262 0 0.841852 0 0.910263 -0.268616 
0.852211 0 0.839286 0 0.908135 -0.263656 
0.8518 0 0.836573 0 0.905732 -0.257657 
0.851386 0 0.833712 0 0.903057 -0.250653 
0.850969 0 0.830705 0 0.900121 -0.242704 
0.850549 0 0.827557 0 0.896939 -0.233883 
0.850126 0 0.824277 0 0.893532 -0.224279 
0.849699 0 0.820874 0 0.889921 -0.213987 
0.849269 0 0.817361 0 0.886132 -0.203104 
0.848837 0 0.813751 0 0.882191 -0.191729 
0.8484 0 0.810058 0 0.878123 -0.179953 
0.847961 0 0.806298 0 0.873953 -0.167865 
0.847371 0 0.802536 0 0.869619 -0.155543 
0.846777 0 0.798729 0 0.865228 -0.143059 
0.846326 0 0.794721 0 0.861007 -0.130475 
0.845619 0 0.790816 0 0.856813 -0.117847 
0.844851 0 0.786942 0 0.852673 -0.105222 
0.844092 0 0.783073 0 0.848569 -0.0926413 
0.843329 0 0.77922 0 0.844476 -0.0801391 
0.842562 0 0.77539 0 0.840406 -0.0677445 
0.841791 0 0.77159 0 0.836364 -0.0554819 
0.841016 0 0.767824 0 0.832358 -0.0433714 
0.840249 0 0.764099 0 0.828442 -0.0314297 
0.839496 0 0.760413 0 0.824624 -0.0196704 
0.838755 0 0.756776 0 0.820902 -0.00810452 
0.83802 0 0.753192 0 0.817269 0.00325911 
0.837291 0 0.749665 0 0.813721 0.0144138 
0.836565 0 0.746198 0 0.810258 0.0253541 
0.836799 0 0.744393 0 0.807276 0.0360756 
0.837406 0 0.743352 0 0.80459 0.0465764 
0.837989 0 0.742379 0 0.802029 0.056855 
0.838569 0 0.741446 0 0.799546 0.0669101 
0.839144 0 0.740555 0 0.797141 0.0767413 
0.839715 0 0.739704 0 0.794814 0.0863486 
0.840282 0 0.738895 0 0.792563 0.0957324 
0.840844 0 0.738126 0 0.790387 0.104893 
0.841402 0 0.737397 0 0.788286 0.113832 
0.841954 0 0.736709 0 0.786257 0.122548 
0.842502 0 0.736062 0 0.784301 0.131043 
0.843044 0 0.735455 0 0.782415 0.139318 
0.84358 0 0.734888 0 0.780599 0.14737 
0.844109 0 0.734362 0 0.778851 0.155201 
0.844512 0 0.733571 0 0.776712 0.162809 
0.844883 0 0.732732 0 0.774562 0.170191 
0.845248 0 0.73193 0 0.772477 0.177345 
0.845605 0 0.731167 0 0.770458 0.184265 
0.845954 0 0.730444 0 0.768505 0.190946 
0.846149 0 0.72971 0 0.766565 0.19738 
0.846335 0 0.729018 0 0.764691 0.203558 
0.846511 0 0.728372 0 0.762883 0.209469 
0.846678 0 0.727773 0 0.761143 0.215098 
0.846834 0 0.727224 0 0.759475 0.22043 
0.846981 0 0.726729 0 0.757881 0.225448 
0.847017 0 0.726453 0 0.756722 0.230129 
0.847006 0 0.726384 0 0.755889 0.234451 
0.84697 0 0.726499 0 0.755315 0.238392 
0.846918 0 0.726775 0 0.754952 0.241924 
0.84685 0 0.727195 0 0.75477 0.245021 
0.84677 0 0.727747 0 0.754751 0.247656 
0.84728 0 0.729037 0 0.754988 0.249803 
0.847575 0 0.730341 0 0.755078 0.251435 
0.847899 0 0.731765 0 0.755284 0.25253 
0.848208 0 0.733289 0 0.755607 0.253065 
0.848505 0 0.73492 0 0.756049 0.253021 
0.848788 0 0.73666 0 0.756613 0.252386 
0.849058 0 0.738512 0 0.757302 0.251151 
0.849315 0 0.740479 0 0.758116 0.249311 
0.849493 0 0.741367 0 0.758739 0.246868 
0.850145 0 0.742388 0 0.759294 0.24383 
0.851127 0 0.743623 0 0.759938 0.240207 
0.852237 0 0.745006 0 0.760712 0.236017 
0.853343 0 0.746493 0 0.761602 0.231281 
0.853656 0 0.748271 0 0.762615 0.226027 
0.853822 0 0.750188 0 0.763742 0.220284 
0.853982 0 0.752204 0 0.764975 0.214087 
0.854127 0 0.754224 0 0.766288 0.207472 
0.854269 0 0.756308 0 0.767684 0.200476 
0.854408 0 0.758462 0 0.769157 0.193138 
0.854719 0 0.760769 0 0.770695 0.185494 
0.855143 0 0.763161 0 0.772279 0.177581 
0.855626 0 0.765611 0 0.773904 0.169435 
0.856135 0 0.768109 0 0.77557 0.161088 
0.856655 0 0.770649 0 0.777269 0.152572 
0.857188 0 0.773225 0 0.778995 0.143915 
0.857739 0 0.775833 0 0.780736 0.135144 
0.858317 0 0.778472 0 0.782486 0.126283 
0.858927 0 0.781138 0 0.784238 0.117352 
0.859568 0 0.783826 0 0.785986 0.10837 
0.859931 0 0.786583 0 0.787723 0.099353 
0.860268 0 0.789375 0 0.789445 0.0903139 
0.860646 0 0.792181 0 0.791147 0.0812645 
0.861053 0 0.794995 0 0.792828 0.072214 
0.861333 0 0.797764 0 0.794486 0.06317 
0.861647 0 0.800545 0 0.796119 0.0541388 
0.86199 0 0.80333 0 0.797723 0.0451256 
0.862357 0 0.806114 0 0.799294 0.036135 
0.862746 0 0.808894 0 0.800828 0.0271714 
0.863157 0 0.811665 0 0.802322 0.018239 
0.863587 0 0.814427 0 0.803773 0.00934245 
0.864039 0 0.817175 0 0.805176 0.000486902 
0.864789 0 0.820078 0 0.807037 -0.00832185 
0.865741 0 0.82312 0 0.809252 -0.0170776 
0.866785 0 0.826206 0 0.811593 -0.0257733 
0.867831 0 0.829273 0 0.813921 -0.0344015 
0.868167 0 0.832433 0 0.815997 -0.0429545 
0.868415 0 0.835615 0 0.818072 -0.0514246 
0.868722 0 0.838752 0 0.82015 -0.0598045 
0.868967 0 0.841821 0 0.822191 -0.0680867 
0.869196 0 0.844856 0 0.824196 -0.0762643 
0.869458 0 0.847839 0 0.826169 -0.0843311 
0.869748 0 0.850766 0 0.828103 -0.0922813 
0.870067 0 0.853633 0 0.829996 -0.10011 
0.870416 0 0.85644 0 0.831848 -0.107812 
0.870797 0 0.859184 0 0.833659 -0.115385 
0.871208 0 0.861862 0 0.835429 -0.122826 
0.87165 0 0.864475 0 0.837157 -0.130131 
0.872122 0 0.86702 0 0.838844 -0.1373 
0.872622 0 0.869497 0 0.840489 -0.144332 
0.873147 0 0.871908 0 0.842095 -0.151226 
0.874859 1 0.871744 0 0.841392 -0.157998 
0.876801 1 0.871723 0 0.840747 -0.164679 
0.878842 0 0.871736 0 0.84011 -0.171267 
0.87961 0 0.872261 0 0.838752 -0.177706 
0.880135 0 0.872973 0 0.837431 -0.184 
0.880722 0 0.873688 0 0.836228 -0.190153 
0.881294 0 0.874423 0 0.835064 -0.19617 
0.881609 0 0.875219 0 0.833998 -0.202054 
0.881892 0 0.876037 0 0.832953 -0.207811 
0.882157 0 0.876926 0 0.831988 -0.213445 
0.882417 0 0.877893 0 0.831123 -0.218961 
0.88269 0 0.878935 0 0.830366 -0.22436 
0.882997 0 0.880032 0 0.829715 -0.229645 
0.883358 0 0.881161 0 0.829166 -0.234815 
0.883798 0 0.882289 0 0.828709 -0.239872 
0.884081 0 0.883267 0 0.828119 -0.244815 
0.884346 0 0.884255 0 0.827587 -0.249645 
0.88462 0 0.885262 0 0.827121 -0.254361 
0.884893 0 0.886283 0 0.826709 -0.258965 
0.885157 0 0.887308 0 0.826336 -0.263456 
0.88541 0 0.888331 0 0.825989 -0.267838 
0.885653 0 0.889345 0 0.825653 -0.27211 
0.885886 0 0.890342 0 0.825317 -0.276274 
0.886111 0 0.891316 0 0.824975 -0.280331 
0.88633 0 0.892263 0 0.824618 -0.284283 
0.886543 0 0.89318 0 0.824245 -0.288133 
0.886752 0 0.894062 0 0.823853 -0.291881 
0.88696 0 0.89491 0 0.823443 -0.29553 
0.887507 1 0.894823 0 0.822955 -0.299088 
0.888326 1 0.894519 0 0.82219 -0.302562 
0.888705 0 0.894602 0 0.821197 -0.305959 
0.888928 0 0.894753 0 0.820137 -0.309266 
0.889134 0 0.894868 0 0.819077 -0.312488 
0.889315 0 0.894951 0 0.818005 -0.315626 
0.88947 0 0.895002 0 0.816921 -0.318686 
0.889606 0 0.895025 0 0.815832 -0.321668 
0.889724 0 0.89502 0 0.814743 -0.324576 
0.889826 0 0.89499 0 0.813656 -0.327413 
0.889912 0 0.894936 0 0.812572 -0.33018 
0.890033 0 0.894802 0 0.811474 -0.332879 
0.89018 0 0.894628 0 0.810305 -0.335511 
0.890302 0 0.894005 0 0.808543 -0.33808 
0.890616 0 0.893081 0 0.806634 -0.340585 
0.891067 0 0.892036 0 0.804761 -0.343028 
0.891185 0 0.89117 0 0.803052 -0.34541 
0.89125 0 0.890281 0 0.80132 -0.347732 
0.891263 0 0.889369 0 0.79956 -0.349995 
0.891223 0 0.888434 0 0.797771 -0.352199 
0.891131 0 0.887477 0 0.795948 -0.354345 
0.890987 0 0.886499 0 0.79409 -0.356434 
0.890792 0 0.885499 0 0.792193 -0.358466 
0.890544 0 0.88448 0 0.790258 -0.360441 
0.890273 0 0.88367 0 0.788295 -0.36236 
0.889978 0 0.88298 0 0.78624 -0.364223 
0.889645 0 0.882361 0 0.784106 -0.36603 
0.889262 0 0.881787 0 0.781924 -0.367782 
0.888823 0 0.881237 0 0.779712 -0.369478 
0.888326 0 0.880694 0 0.77747 -0.371118 
0.887774 0 0.880145 0 0.775195 -0.372703 
0.887167 0 0.879577 0 0.772878 -0.374231 
0.886506 0 0.878983 0 0.770515 -0.375703 
0.88579 0 0.878355 0 0.768106 -0.377117 
0.885019 0 0.87769 0 0.76565 -0.378474 
0.883823 0 0.877529 0 0.763862 -0.379773 
0.882452 0 0.877525 0 0.762141 -0.381012 
0.881198 0 0.877428 0 0.76041 -0.382191 
0.879937 0 0.87736 0 0.758661 -0.383309 
0.87867 0 0.877276 0 0.7569 -0.384364 
0.877396 0 0.877177 0 0.755127 -0.385354 
0.876116 0 0.87706 0 0.753344 -0.386278 
0.87483 0 0.876925 0 0.751552 -0.387135 
0.873538 0 0.876772 0 0.749752 -0.387922 
0.872241 0 0.876599 0 0.747946 -0.388638 
0.870939 0 0.876406 0 0.746134 -0.389279 
0.869631 0 0.876192 0 0.744317 -0.389845 
0.868318 0 0.875956 0 0.742496 -0.390331 
0.867001 0 0.875697 0 0.74067 -0.390736 
0.86567 0 0.875361 0 0.738757 -0.391057 
0.864326 0 0.874967 0 0.73678 -0.391291 
0.862971 0 0.874529 0 0.734768 -0.391434 
0.861605 0 0.874054 0 0.732736 -0.391483 
0.86023 0 0.873539 0 0.730689 -0.391435 
0.858846 0 0.872982 0 0.728623 -0.391287 
0.857454 0 0.872378 0 0.726534 -0.391035 
0.856051 0 0.871726 0 0.72442 -0.390675 
0.854639 0 0.871022 0 0.72228 -0.390202 
0.853217 0 0.870266 0 0.720113 -0.389615 
0.851784 0 0.869457 0 0.717921 -0.388907 
0.850475 0 0.868637 0 0.715845 -0.388077 
0.849208 0 0.867808 0 0.713824 -0.387119 
0.847937 0 0.866968 0 0.711803 -0.386029 
0.846656 0 0.866093 0 0.709759 -0.384805 
0.845362 0 0.865172 0 0.707685 -0.383442 
0.844053 0 0.864202 0 0.70558 -0.381938 
0.84273 0 0.86318 0 0.703446 -0.38029 
0.841393 0 0.862105 0 0.701284 -0.378495 
0.840041 0 0.860975 0 0.699095 -0.376553 
0.838675 0 0.859789 0 0.696878 -0.374462 
0.837335 0 0.858564 0 0.694681 -0.372224 
0.835687 0 0.856355 0 0.69166 -0.36984 
0.834005 0 0.85373 0 0.688403 -0.367315 
0.832344 0 0.850934 0 0.685099 -0.364655 
0.830688 0 0.848091 0 0.681813 -0.361868 
0.829004 0 0.845205 0 0.678522 -0.358963 
0.827294 0 0.842281 0 0.675229 -0.355953 
0.825559 0 0.839324 0 0.671935 -0.352851 
0.823799 0 0.83634 0 0.668642 -0.349671 
0.822016 0 0.833333 0 0.665352 -0.346427 
0.82021 0 0.830309 0 0.662067 -0.343137 
0.818382 0 0.827273 0 0.658788 -0.339816 
0.816533 0 0.82423 0 0.655519 -0.336477 
0.814734 0 0.821212 0 0.652313 -0.333137 
0.812969 0 0.818222 0 0.649165 -0.329806 
0.811116 0 0.814979 0 0.645842 -0.326495 
0.809232 0 0.811642 0 0.642475 -0.323212 
0.807329 0 0.808272 0 0.639105 -0.319962 
0.805406 0 0.804885 0 0.635738 -0.316747 
0.803458 0 0.801483 0 0.632373 -0.313567 
0.801486 0 0.798064 0 0.629007 -0.31042 
0.799493 0 0.794624 0 0.62564 -0.3073 
0.797481 0 0.791159 0 0.62227 -0.304199 
0.79545 0 0.787667 0 0.618897 -0.301109 
0.793401 0 0.784146 0 0.615519 -0.298019 
0.791333 0 0.780595 0 0.612134 -0.29492 
0.789242 0 0.777012 0 0.608739 -0.2918 
0.78713 0 0.773394 0 0.605333 -0.288648 
0.784994 0 0.769739 0 0.601912 -0.285455 
0.782835 0 0.766044 0 0.598476 -0.282209 
0.780651 0 0.762308 0 0.595021 -0.278902 
0.778442 0 0.758527 0 0.591546 -0.275524 
0.776208 0 0.754701 0 0.588049 -0.272067 
0.773947 0 0.750826 0 0.584528 -0.268523 
0.771659 0 0.746901 0 0.58098 -0.264884 
0.769618 0 0.743278 0 0.577757 -0.261141 
0.767706 0 0.739679 0 0.574639 -0.257286 
0.765834 0 0.736032 0 0.571534 -0.253309 
0.763936 0 0.732324 0 0.568391 -0.2492 
0.762002 0 0.728588 0 0.565218 -0.244946 
0.760034 0 0.724821 0 0.562013 -0.240533 
0.758033 0 0.72102 0 0.558774 -0.235942 
0.755999 0 0.717181 0 0.555498 -0.231152 
0.753932 0 0.713299 0 0.552182 -0.226134 
0.75184 0 0.709345 0 0.548817 -0.220853 
0.749708 0 0.705304 0 0.545385 -0.215265 
0.74753 0 0.70123 0 0.541899 -0.209314 
0.745349 0 0.696991 0 0.538334 -0.20293 
0.743113 0 0.692549 0 0.534636 -0.196033 
0.740842 0 0.687939 0 0.530824 -0.18853 
0.738531 0 0.683257 0 0.526928 -0.180329 
0.736141 0 0.678274 0 0.522827 -0.171354 
0.733713 0 0.673154 0 0.518612 -0.161567 
0.73125 0 0.667951 0 0.514306 -0.150983 
0.728752 0 0.662643 0 0.509907 -0.139672 
0.726221 0 0.657256 0 0.505432 -0.127742 
0.723583 0 0.651646 0 0.500784 -0.115326 
0.720905 0 0.64601 0 0.496093 -0.102559 
0.72001 0 0.643912 0 0.493833 -0.0895706 
0.719364 0 0.642324 0 0.491933 -0.076472 
0.718686 0 0.640715 0 0.490029 -0.0633589 
0.717978 0 0.639097 0 0.488126 -0.0503089 
0.71724 0 0.63748 0 0.486231 -0.037383 
0.716472 0 0.635868 0 0.484348 -0.0246261 
0.715657 0 0.634229 0 0.482448 -0.0120707 
0.714816 0 0.632581 0 0.480556 0.000262239 
0.713954 0 0.630942 0 0.478682 0.0123584 
0.71308 0 0.629333 0 0.476841 0.0242096 
0.712197 0 0.627759 0 0.475038 0.0358115 
0.711313 0 0.626229 0 0.47328 0.0471623 
0.710435 0 0.624747 0 0.471573 0.0582621 
0.709569 0 0.623314 0 0.469923 0.0691122 
0.708716 0 0.621932 0 0.468329 0.0797148 
0.707879 0 0.620597 0 0.466793 0.0900729 
0.707059 0 0.619309 0 0.465315 0.10019 
0.706256 0 0.618063 0 0.463894 0.110069 
0.705472 0 0.616858 0 0.462529 0.119715 
0.704707 0 0.61569 0 0.461221 0.12913 
0.703962 0 0.614556 0 0.459968 0.138321 
0.703238 0 0.613451 0 0.45877 0.147289 
0.702535 0 0.612371 0 0.457627 0.15604 
0.701855 0 0.611314 0 0.456539 0.164578 
0.701196 0 0.610273 0 0.455505 0.172907 
0.700561 0 0.609246 0 0.454525 0.181031 
0.699948 0 0.608228 0 0.453598 0.188953 
0.699359 0 0.607214 0 0.452725 0.196678 
0.698794 0 0.606202 0 0.451906 0.204209 
0.698103 0 0.604966 0 0.450929 0.21155 
0.697379 0 0.603611 0 0.449911 0.218705 
0.696681 0 0.602223 0 0.448933 0.225675 
0.695982 0 0.600797 0 0.447978 0.232466 
