0.315342 0 0.436477 0 0.436476 0.500001 
0.31511 0 0.438655 0 0.438366 0.499426 
0.314772 0 0.440809 0 0.440112 0.498886 
0.314381 0 0.442952 0 0.441779 0.498383 
0.31398 0 0.445092 0 0.443415 0.49792 
0.313583 0 0.447209 0 0.445035 0.497495 
0.313184 0 0.449296 0 0.446632 0.497111 
0.312789 0 0.451362 0 0.448209 0.496765 
0.3124 0 0.453402 0 0.449764 0.496456 
0.312008 0 0.455409 0 0.451293 0.496183 
0.311615 0 0.45738 0 0.452793 0.495942 
0.311227 0 0.459324 0 0.454268 0.495732 
0.310844 0 0.461238 0 0.455715 0.495549 
0.31046 0 0.463113 0 0.45713 0.49539 
0.310076 0 0.464949 0 0.458512 0.495253 
0.309698 0 0.466755 0 0.459865 0.495135 
0.309326 0 0.468528 0 0.461186 0.495032 
0.308953 0 0.47026 0 0.462472 0.494943 
0.308581 0 0.471952 0 0.463723 0.494864 
0.308216 0 0.473612 0 0.464943 0.494793 
0.307856 0 0.47524 0 0.466131 0.494729 
0.307496 0 0.476827 0 0.467283 0.494667 
0.307136 0 0.478374 0 0.468401 0.494607 
0.306937 0 0.479981 0 0.469685 0.494545 
0.307077 0 0.481944 0 0.471204 0.49448 
0.307409 0 0.484068 0 0.472865 0.49441 
0.307856 0 0.486267 0 0.474605 0.494331 
0.30838 0 0.488503 0 0.476389 0.494242 
0.308868 0 0.490628 0 0.478153 0.494141 
0.309442 0 0.492824 0 0.479959 0.494024 
0.309941 0 0.494919 0 0.481659 0.493888 
0.310579 0 0.497165 0 0.483438 0.493731 
0.311166 0 0.499346 0 0.485125 0.493548 
0.311802 0 0.501519 0 0.486886 0.493336 
0.312473 0 0.503695 0 0.48868 0.49309 
0.313181 0 0.505885 0 0.4905 0.492804 
0.313918 0 0.508085 0 0.492342 0.492473 
0.314672 0 0.510284 0 0.4942 0.49209 
0.315441 0 0.512484 0 0.496076 0.491646 
0.31623 0 0.514694 0 0.497974 0.491133 
0.317036 0 0.516915 0 0.499893 0.49054 
0.317851 0 0.519141 0 0.501831 0.489854 
0.318676 0 0.521375 0 0.50379 0.489061 
0.319517 0 0.523628 0 0.505776 0.488142 
0.320371 0 0.525901 0 0.507788 0.487079 
0.321233 0 0.528186 0 0.509826 0.485846 
0.322103 0 0.530488 0 0.51189 0.484416 
0.322988 0 0.532813 0 0.513986 0.482754 
0.323886 0 0.535162 0 0.516112 0.480824 
0.32479 0 0.537527 0 0.518264 0.478577 
0.325701 0 0.539906 0 0.520441 0.475963 
0.326627 0 0.542306 0 0.522646 0.472919 
0.327565 0 0.544722 0 0.524873 0.469378 
0.328509 0 0.54714 0 0.527114 0.465261 
0.32946 0 0.549555 0 0.529362 0.460486 
0.330425 0 0.551966 0 0.531612 0.454965 
0.331402 0 0.554357 0 0.533851 0.448607 
0.332386 0 0.556707 0 0.53606 0.441331 
0.333377 0 0.558998 0 0.538222 0.433064 
0.334382 0 0.561215 0 0.54032 0.423755 
0.335398 0 0.563335 0 0.542329 0.413381 
0.336419 0 0.565322 0 0.54422 0.401954 
0.337445 0 0.567153 0 0.545967 0.389523 
0.338481 0 0.568813 0 0.547552 0.376171 
0.339525 0 0.57028 0 0.548951 0.362011 
0.340568 0 0.57153 0 0.550145 0.347175 
0.341609 0 0.572555 0 0.551123 0.331804 
0.342653 0 0.57336 0 0.551884 0.316039 
0.343696 0 0.573943 0 0.552426 0.300009 
0.34473 0 0.574303 0 0.552748 0.283833 
0.345754 0 0.574451 0 0.55286 0.267611 
0.346773 0 0.574407 0 0.552776 0.251429 
0.347783 0 0.574183 0 0.552506 0.235356 
0.348776 0 0.573786 0 0.552061 0.219446 
0.349754 0 0.573234 0 0.551454 0.203742 
0.35072 0 0.57255 0 0.550704 0.188277 
0.351673 0 0.571746 0 0.549824 0.173076 
0.352606 0 0.570831 0 0.548822 0.158155 
0.353517 0 0.569818 0 0.547713 0.143528 
0.354415 0 0.568729 0 0.546511 0.129202 
0.355295 0 0.567572 0 0.545227 0.115182 
0.356151 0 0.566352 0 0.543865 0.101471 
0.356983 0 0.56508 0 0.542437 0.0880674 
0.357797 0 0.563771 0 0.540955 0.0749712 
0.358591 0 0.562431 0 0.539423 0.0621793 
0.359356 0 0.561061 0 0.537844 0.0496884 
0.360093 0 0.559667 0 0.536225 0.037494 
0.360805 0 0.55826 0 0.534574 0.0255916 
0.361488 0 0.556845 0 0.532895 0.0139761 
0.362133 0 0.555416 0 0.531187 0.0026422 
0.362737 0 0.553977 0 0.529454 -0.00841561 
0.3633 0 0.552536 0 0.527706 -0.0192028 
0.363813 0 0.551093 0 0.525943 -0.0297252 
0.363948 0 0.548642 0 0.523926 -0.0399884 
0.36392 0 0.545718 0 0.521735 -0.0499977 
0.36381 0 0.542717 0 0.519511 -0.0597587 
0.363701 0 0.53976 0 0.5173 -0.0692769 
0.363726 0 0.537126 0 0.514951 -0.0785575 
0.363879 0 0.534734 0 0.512692 -0.0876057 
0.36413 0 0.532503 0 0.510533 -0.0964263 
0.364444 0 0.530382 0 0.508451 -0.105024 
0.364795 0 0.528345 0 0.506426 -0.113404 
0.36517 0 0.526388 0 0.504451 -0.12157 
0.365554 0 0.52433 0 0.502405 -0.129525 
0.365945 0 0.522181 0 0.500319 -0.137274 
0.366346 0 0.519992 0 0.498237 -0.144818 
0.36677 0 0.517813 0 0.496196 -0.152159 
0.367225 0 0.515685 0 0.494219 -0.159298 
0.367708 0 0.513621 0 0.49231 -0.166233 
0.368209 0 0.511623 0 0.490472 -0.17296 
0.368722 0 0.509695 0 0.488708 -0.179471 
0.369249 0 0.507849 0 0.487026 -0.185756 
0.369785 0 0.506088 0 0.485429 -0.191797 
0.37032 0 0.504413 0 0.483922 -0.197569 
0.370853 0 0.502835 0 0.482514 -0.203036 
0.371389 0 0.501374 0 0.481222 -0.20815 
0.371926 0 0.500043 0 0.48006 -0.212848 
0.372455 0 0.498857 0 0.479043 -0.217047 
0.372977 0 0.497841 0 0.478198 -0.220642 
0.3735 0 0.497034 0 0.477559 -0.223504 
0.37402 0 0.496471 0 0.477159 -0.225483 
0.37453 0 0.496185 0 0.477034 -0.226412 
0.375034 0 0.496219 0 0.477227 -0.226115 
0.375535 0 0.496621 0 0.47778 -0.22443 
0.376034 0 0.497421 0 0.478724 -0.221225 
0.376524 0 0.498632 0 0.480075 -0.21642 
0.377006 0 0.500261 0 0.481838 -0.210006 
0.377487 0 0.502301 0 0.484007 -0.202048 
0.377966 0 0.504721 0 0.486549 -0.192677 
0.378437 0 0.50747 0 0.489422 -0.182076 
0.3789 0 0.5105 0 0.492577 -0.170455 
0.379363 0 0.513765 0 0.495967 -0.15803 
0.379824 0 0.517211 0 0.499542 -0.145004 
0.380277 0 0.520783 0 0.503252 -0.13156 
0.380723 0 0.524441 0 0.507058 -0.117853 
0.381167 0 0.528156 0 0.51093 -0.104013 
0.381609 0 0.531897 0 0.514837 -0.090143 
0.382042 0 0.535632 0 0.518755 -0.0763233 
0.382466 0 0.539342 0 0.522664 -0.0626165 
0.382889 0 0.543021 0 0.526555 -0.0490702 
0.383309 0 0.546653 0 0.530414 -0.0357196 
0.383719 0 0.550222 0 0.53423 -0.0225906 
0.38412 0 0.553722 0 0.537997 -0.00970132 
0.384519 0 0.557154 0 0.541714 0.00293516 
0.384914 0 0.560514 0 0.545377 0.0153109 
0.385297 0 0.56379 0 0.548978 0.0274207 
0.385671 0 0.566981 0 0.552517 0.0392625 
0.386041 0 0.570094 0 0.555998 0.0508357 
0.386768 0 0.57376 0 0.559985 0.0621414 
0.387632 0 0.577471 0 0.56398 0.0731821 
0.388505 0 0.581029 0 0.567873 0.0839609 
0.389382 0 0.58451 0 0.571708 0.0944816 
0.390262 0 0.587914 0 0.575484 0.104748 
0.391139 0 0.591238 0 0.579203 0.114765 
0.392013 0 0.594485 0 0.582868 0.124538 
0.392892 0 0.597669 0 0.586489 0.13407 
0.393774 0 0.600794 0 0.59007 0.143368 
0.394653 0 0.603859 0 0.593611 0.152437 
0.395531 0 0.606868 0 0.597119 0.161281 
0.396371 0 0.609799 0 0.600514 0.169906 
0.397178 0 0.612651 0 0.603839 0.178317 
0.397954 0 0.615432 0 0.607111 0.186519 
0.398703 0 0.618151 0 0.610336 0.194517 
0.399431 0 0.620819 0 0.61352 0.202316 
0.400136 0 0.623435 0 0.61666 0.209921 
0.400879 0 0.626119 0 0.619906 0.217336 
0.401622 0 0.628769 0 0.623129 0.224566 
0.402347 0 0.631362 0 0.626301 0.231615 
0.403033 0 0.6339 0 0.629416 0.238487 
0.40369 0 0.636383 0 0.632485 0.245188 
0.404047 0 0.638454 0 0.633998 0.251719 
0.4043 0 0.640326 0 0.634864 0.258088 
0.404553 0 0.642166 0 0.635722 0.264295 
0.404715 0 0.643547 0 0.637036 0.270346 
0.40484 0 0.644794 0 0.638477 0.276243 
0.404947 0 0.645983 0 0.639937 0.28199 
0.405059 0 0.647157 0 0.641385 0.287589 
0.405169 0 0.648307 0 0.642818 0.293044 
0.405268 0 0.649418 0 0.644258 0.298357 
0.405368 0 0.650507 0 0.645699 0.303531 
0.405473 0 0.651576 0 0.647133 0.308567 
0.405578 0 0.652621 0 0.648559 0.313468 
0.405688 0 0.653643 0 0.649978 0.318235 
0.40581 0 0.654653 0 0.651393 0.32287 
0.405944 0 0.65565 0 0.652804 0.327374 
0.406085 0 0.656625 0 0.654204 0.331747 
0.406234 0 0.65758 0 0.655595 0.33599 
0.406398 0 0.658523 0 0.65698 0.340103 
0.406576 0 0.659454 0 0.658356 0.344085 
0.406762 0 0.660364 0 0.659719 0.347936 
0.406957 0 0.661254 0 0.661069 0.351653 
0.407167 0 0.662132 0 0.662411 0.355235 
0.407392 0 0.662998 0 0.663741 0.358679 
0.407625 0 0.663842 0 0.665055 0.361981 
0.407866 0 0.664667 0 0.666353 0.365137 
0.408123 0 0.665478 0 0.667638 0.368143 
0.408394 0 0.666276 0 0.668909 0.37099 
0.408672 0 0.667051 0 0.670158 0.373674 
0.408998 0 0.668148 0 0.671507 0.376184 
0.409327 0 0.669259 0 0.672812 0.378513 
0.40966 0 0.670334 0 0.674074 0.380648 
0.409993 0 0.671362 0 0.675288 0.382579 
0.410326 0 0.672344 0 0.676454 0.384291 
0.410634 0 0.673173 0 0.677115 0.385768 
0.410923 0 0.673926 0 0.677645 0.386995 
0.411221 0 0.674665 0 0.678112 0.387951 
0.411528 0 0.675378 0 0.67853 0.388615 
0.411843 0 0.676047 0 0.678906 0.388963 
0.412163 0 0.676669 0 0.679235 0.388968 
0.412484 0 0.67723 0 0.679508 0.388603 
0.412805 0 0.677728 0 0.679722 0.387834 
0.413135 0 0.678167 0 0.679876 0.386626 
0.413472 0 0.678537 0 0.679963 0.384942 
0.413784 0 0.678839 0 0.679965 0.38274 
0.414082 0 0.679048 0 0.679868 0.379976 
0.414387 0 0.679166 0 0.679682 0.376605 
0.414711 0 0.679129 0 0.679325 0.37258 
0.41508 0 0.679038 0 0.67894 0.367855 
0.415463 0 0.678809 0 0.678429 0.362385 
0.415848 0 0.67842 0 0.677756 0.356132 
0.416265 0 0.677898 0 0.676935 0.349065 
0.416671 0 0.677191 0 0.67594 0.341165 
0.417072 0 0.676291 0 0.67476 0.332424 
0.417478 0 0.675201 0 0.673389 0.322856 
0.41789 0 0.673913 0 0.671819 0.312489 
0.418301 0 0.672419 0 0.670045 0.301372 
0.418714 0 0.670723 0 0.66807 0.289569 
0.419133 0 0.668842 0 0.665907 0.277159 
0.419558 0 0.666785 0 0.663567 0.264231 
0.419983 0 0.664561 0 0.661063 0.250879 
0.420406 0 0.662191 0 0.658413 0.237199 
0.420837 0 0.659702 0 0.655644 0.223281 
0.421271 0 0.657114 0 0.652775 0.209211 
0.421702 0 0.654442 0 0.649823 0.195067 
0.422132 0 0.651707 0 0.64681 0.180916 
0.422567 0 0.648938 0 0.64376 0.166817 
0.423004 0 0.64615 0 0.640688 0.152818 
0.423437 0 0.643353 0 0.637608 0.13896 
0.423867 0 0.640563 0 0.634535 0.125276 
0.4243 0 0.6378 0 0.631485 0.111791 
0.424734 0 0.635074 0 0.628469 0.0985248 
0.425163 0 0.632386 0 0.625489 0.0854934 
0.425587 0 0.629746 0 0.622557 0.0727081 
0.42601 0 0.627167 0 0.619681 0.0601766 
0.426432 0 0.624652 0 0.616867 0.0479042 
0.426842 0 0.622199 0 0.614114 0.035894 
0.427239 0 0.619812 0 0.611426 0.0241472 
0.427626 0 0.617499 0 0.608812 0.0126636 
0.427998 0 0.61526 0 0.606272 0.00144206 
0.428341 0 0.613087 0 0.603804 -0.0095195 
0.428649 0 0.610981 0 0.601411 -0.0202239 
0.428997 0 0.608998 0 0.599123 -0.0306745 
0.429375 0 0.607141 0 0.596945 -0.040875 
0.429772 0 0.605398 0 0.594866 -0.0508293 
0.430183 0 0.603764 0 0.592879 -0.0605418 
0.430611 0 0.602238 0 0.590984 -0.070017 
0.431052 0 0.600817 0 0.589172 -0.0792595 
0.431498 0 0.59949 0 0.587437 -0.088274 
0.431689 0 0.597216 0 0.585173 -0.0970648 
0.431706 0 0.59455 0 0.582561 -0.105638 
0.43167 0 0.591899 0 0.579994 -0.113997 
0.431651 0 0.589363 0 0.577508 -0.122148 
0.431646 0 0.586918 0 0.575092 -0.130096 
0.431658 0 0.584566 0 0.572749 -0.137844 
0.431685 0 0.582308 0 0.570477 -0.145398 
0.431721 0 0.580136 0 0.568271 -0.152762 
0.431766 0 0.578048 0 0.56613 -0.159941 
0.431826 0 0.57605 0 0.564055 -0.166937 
0.4319 0 0.574138 0 0.562043 -0.173756 
0.431981 0 0.572303 0 0.560088 -0.1804 
0.43207 0 0.570545 0 0.55819 -0.186873 
0.432172 0 0.56887 0 0.556353 -0.193178 
0.432287 0 0.567276 0 0.554575 -0.199318 
0.432408 0 0.565755 0 0.552852 -0.205295 
0.432535 0 0.564309 0 0.551185 -0.211109 
0.432675 0 0.562944 0 0.549579 -0.216762 
0.432826 0 0.56166 0 0.548034 -0.222252 
0.432981 0 0.560452 0 0.546548 -0.227576 
0.433201 0 0.558837 0 0.545046 -0.23273 
0.4334 0 0.557095 0 0.543418 -0.237704 
0.433617 0 0.555389 0 0.54186 -0.242485 
0.433736 0 0.553727 0 0.540272 -0.247054 
0.433851 0 0.552145 0 0.538756 -0.251382 
0.433969 0 0.550662 0 0.537329 -0.25543 
0.434088 0 0.549291 0 0.536005 -0.259141 
0.434393 0 0.548018 0 0.534971 -0.262442 
0.434761 0 0.547096 0 0.534253 -0.265236 
0.435156 0 0.546366 0 0.533744 -0.267396 
0.435702 0 0.545893 0 0.533608 -0.268771 
0.436055 0 0.545655 0 0.533549 -0.269179 
0.436561 0 0.545727 0 0.533946 -0.268427 
0.43708 0 0.546165 0 0.534721 -0.266317 
0.437416 0 0.547006 0 0.535755 -0.262681 
0.438125 0 0.548758 0 0.5377 -0.257403 
0.439058 0 0.551216 0 0.540334 -0.250444 
0.440098 0 0.554184 0 0.543474 -0.241852 
0.441174 0 0.557568 0 0.547036 -0.231758 
0.44224 0 0.561315 0 0.550962 -0.220354 
0.443299 0 0.565368 0 0.555199 -0.207869 
0.444359 0 0.569677 0 0.559694 -0.194537 
0.445418 0 0.57418 0 0.564388 -0.180583 
0.446471 0 0.578816 0 0.569225 -0.166205 
0.44752 0 0.583539 0 0.574159 -0.151571 
0.448573 0 0.588317 0 0.579158 -0.136819 
0.449629 0 0.593116 0 0.584187 -0.122057 
0.450662 0 0.597944 0 0.589303 -0.107369 
0.451668 0 0.602721 0 0.594406 -0.0928191 
0.45268 0 0.607455 0 0.599481 -0.0784558 
0.453695 0 0.612129 0 0.604515 -0.0643136 
0.454708 0 0.616727 0 0.609495 -0.0504179 
0.455719 0 0.621241 0 0.614413 -0.0367859 
0.456707 0 0.625676 0 0.619312 -0.0234296 
0.457659 0 0.62994 0 0.624022 -0.0103563 
0.458585 0 0.634062 0 0.628618 0.00243035 
0.459494 0 0.638066 0 0.633133 0.0149292 
0.460396 0 0.641972 0 0.637578 0.0271404 
0.461274 0 0.645768 0 0.641949 0.0390662 
0.462148 0 0.64946 0 0.646243 0.0507098 
0.463029 0 0.653047 0 0.65045 0.0620749 
0.463903 0 0.656562 0 0.65461 0.073166 
0.464767 0 0.659976 0 0.658692 0.0839878 
0.465613 0 0.663273 0 0.662688 0.0945456 
0.466442 0 0.666458 0 0.666604 0.104845 
0.467263 0 0.669548 0 0.670451 0.114891 
0.468075 0 0.672546 0 0.674232 0.124689 
0.468871 0 0.675449 0 0.677947 0.134245 
0.469653 0 0.678262 0 0.6816 0.143564 
0.470429 0 0.680998 0 0.685198 0.152651 
0.471196 0 0.683661 0 0.688746 0.161513 
0.471857 0 0.686105 0 0.691279 0.170155 
0.472432 0 0.688376 0 0.6931 0.178582 
0.472883 0 0.69019 0 0.694826 0.186798 
0.473298 0 0.691931 0 0.69652 0.194809 
0.473607 0 0.693531 0 0.698221 0.20262 
0.473912 0 0.695107 0 0.699909 0.210236 
0.474222 0 0.696671 0 0.701588 0.217662 
0.474535 0 0.698223 0 0.703259 0.224902 
0.474844 0 0.699754 0 0.704918 0.23196 
0.475151 0 0.701266 0 0.706567 0.238842 
0.475397 0 0.702709 0 0.708238 0.245551 
0.475605 0 0.704105 0 0.709906 0.252092 
0.475811 0 0.705482 0 0.711564 0.258469 
0.476017 0 0.706841 0 0.713212 0.264685 
0.476229 0 0.708191 0 0.714853 0.270744 
0.476423 0 0.709508 0 0.716504 0.276651 
0.4766 0 0.710791 0 0.718151 0.282408 
0.476769 0 0.712047 0 0.719793 0.288019 
0.477099 0 0.713598 0 0.721232 0.293486 
0.477453 0 0.715147 0 0.722646 0.298814 
0.477814 0 0.716693 0 0.724019 0.304004 
0.478174 0 0.718227 0 0.725355 0.30906 
0.478539 0 0.719753 0 0.726666 0.313984 
0.478906 0 0.721266 0 0.727955 0.318778 
0.479267 0 0.722754 0 0.729214 0.323444 
0.479622 0 0.724211 0 0.73044 0.327984 
0.479977 0 0.725646 0 0.731634 0.3324 
0.480329 0 0.727056 0 0.732791 0.336693 
0.480672 0 0.728433 0 0.733909 0.340864 
0.481008 0 0.729778 0 0.734987 0.344914 
0.481342 0 0.7311 0 0.736032 0.348843 
0.481675 0 0.732398 0 0.737042 0.352651 
0.481999 0 0.733663 0 0.738012 0.356338 
0.482315 0 0.734897 0 0.738944 0.359903 
0.48263 0 0.736108 0 0.739842 0.363345 
0.482943 0 0.737293 0 0.740704 0.366662 
0.483248 0 0.738446 0 0.741526 0.369852 
0.483544 0 0.739566 0 0.742308 0.372911 
0.48384 0 0.740662 0 0.743055 0.375836 
0.484133 0 0.741732 0 0.743765 0.378624 
0.484418 0 0.742767 0 0.744432 0.381268 
0.484694 0 0.743769 0 0.745058 0.383762 
0.484969 0 0.744744 0 0.745646 0.386101 
0.485241 0 0.74569 0 0.746193 0.388275 
0.485503 0 0.746599 0 0.746695 0.390276 
0.485757 0 0.747469 0 0.74715 0.392095 
0.486008 0 0.748309 0 0.747562 0.39372 
0.486256 0 0.749114 0 0.747926 0.395139 
0.486492 0 0.749874 0 0.748239 0.396338 
0.486718 0 0.750589 0 0.748497 0.397301 
0.487169 0 0.751747 0 0.749116 0.398013 
0.48768 0 0.752882 0 0.749721 0.398456 
0.488229 0 0.753961 0 0.750215 0.39861 
0.488776 0 0.75499 0 0.750659 0.398455 
0.48933 0 0.755976 0 0.751055 0.397966 
0.489888 0 0.756913 0 0.751397 0.39712 
0.490445 0 0.75779 0 0.751678 0.39589 
0.491 0 0.758603 0 0.751895 0.394248 
0.491562 0 0.759356 0 0.752047 0.392163 
0.492128 0 0.760041 0 0.752127 0.389604 
0.492692 0 0.760645 0 0.752125 0.386537 
0.493245 0 0.761117 0 0.751963 0.382927 
0.493789 0 0.76147 0 0.751652 0.37874 
0.494305 0 0.76169 0 0.751275 0.37394 
0.494803 0 0.761773 0 0.750777 0.368494 
0.495287 0 0.761707 0 0.750133 0.362373 
0.495768 0 0.761495 0 0.74934 0.355549 
0.496248 0 0.761132 0 0.748392 0.348005 
0.496722 0 0.760605 0 0.747285 0.339728 
0.497194 0 0.759907 0 0.746013 0.330722 
0.497671 0 0.759038 0 0.744573 0.320998 
0.49815 0 0.757992 0 0.74296 0.310582 
0.498626 0 0.756759 0 0.74117 0.299516 
0.499099 0 0.755342 0 0.739205 0.287851 
0.499575 0 0.753757 0 0.737076 0.27565 
0.500052 0 0.75201 0 0.734791 0.262986 
0.500524 0 0.750109 0 0.732361 0.249934 
0.500991 0 0.748071 0 0.7298 0.236573 
0.50146 0 0.745919 0 0.72713 0.222981 
0.501929 0 0.743672 0 0.724367 0.209232 
0.502391 0 0.741341 0 0.721525 0.195393 
0.502847 0 0.738946 0 0.718623 0.181527 
0.503303 0 0.736513 0 0.715681 0.167687 
0.503758 0 0.734056 0 0.712713 0.153921 
0.504203 0 0.731585 0 0.70973 0.140268 
0.504383 0 0.72822 0 0.706239 0.126764 
0.504381 0 0.724355 0 0.702461 0.113432 
0.504298 0 0.720369 0 0.698661 0.100296 
0.504225 0 0.71645 0 0.694903 0.0873724 
0.504163 0 0.7126 0 0.691198 0.0746754 
0.504116 0 0.708838 0 0.68756 0.0622146 
0.504083 0 0.705172 0 0.683995 0.0499976 
0.504058 0 0.701605 0 0.680509 0.0380293 
0.504044 0 0.698141 0 0.677108 0.026313 
0.504044 0 0.694794 0 0.673801 0.0148504 
0.50406 0 0.691563 0 0.670588 0.00364183 
0.504084 0 0.688447 0 0.667471 -0.00731346 
0.504117 0 0.685449 0 0.664452 -0.0180168 
0.504168 0 0.682577 0 0.661538 -0.0284705 
0.504233 0 0.679831 0 0.658727 -0.038677 
0.504308 0 0.677205 0 0.656017 -0.0486393 
0.504394 0 0.6747 0 0.653408 -0.0583613 
0.504497 0 0.672321 0 0.650901 -0.0678468 
0.504617 0 0.670063 0 0.648492 -0.0770999 
0.504746 0 0.667918 0 0.646174 -0.0861252 
0.504886 0 0.665883 0 0.643944 -0.0949273 
0.505043 0 0.663963 0 0.641803 -0.103511 
0.505214 0 0.662151 0 0.639743 -0.111881 
0.505337 0 0.660213 0 0.637708 -0.120041 
0.505412 0 0.658152 0 0.635648 -0.127997 
0.505457 0 0.656043 0 0.633592 -0.135753 
0.50549 0 0.653955 0 0.631574 -0.143312 
0.505519 0 0.651923 0 0.62961 -0.150679 
0.505551 0 0.649959 0 0.6277 -0.157858 
0.505597 0 0.648061 0 0.625839 -0.164851 
0.505656 0 0.646214 0 0.624015 -0.171661 
0.505723 0 0.644401 0 0.62222 -0.178292 
0.505802 0 0.642618 0 0.620452 -0.184745 
0.505901 0 0.640868 0 0.618716 -0.19102 
0.506021 0 0.639148 0 0.617011 -0.197118 
0.506158 0 0.637452 0 0.615336 -0.203037 
0.506317 0 0.635781 0 0.613696 -0.208774 
0.506504 0 0.634142 0 0.612099 -0.214321 
0.50672 0 0.63254 0 0.61055 -0.219668 
0.506959 0 0.630974 0 0.609054 -0.2248 
0.507222 0 0.629456 0 0.607624 -0.229694 
0.507514 0 0.628006 0 0.606278 -0.234317 
0.507832 0 0.62664 0 0.60503 -0.238622 
0.508166 0 0.625374 0 0.603898 -0.242547 
0.508517 0 0.624234 0 0.602907 -0.246008 
0.508888 0 0.623259 0 0.602091 -0.248894 
0.509275 0 0.622486 0 0.601486 -0.251067 
0.50967 0 0.621953 0 0.601129 -0.252358 
0.51007 0 0.62171 0 0.601071 -0.252577 
0.510482 0 0.621817 0 0.601364 -0.251521 
0.5109 0 0.622323 0 0.602056 -0.249002 
0.511319 0 0.62326 0 0.603182 -0.244869 
0.511738 0 0.624653 0 0.604766 -0.23904 
0.512156 0 0.626508 0 0.606809 -0.231521 
0.512564 0 0.628798 0 0.609286 -0.222406 
0.512964 0 0.631478 0 0.612163 -0.211865 
0.513743 0 0.635099 0 0.615906 -0.200118 
0.514736 0 0.639244 0 0.620124 -0.187407 
0.515815 0 0.643629 0 0.624579 -0.173965 
0.516927 0 0.648169 0 0.629221 -0.160007 
0.518035 0 0.65282 0 0.633985 -0.14572 
0.519146 0 0.657548 0 0.638837 -0.131255 
0.520258 0 0.662315 0 0.64374 -0.116734 
0.521367 0 0.667084 0 0.648664 -0.102252 
0.522473 0 0.671833 0 0.653588 -0.087882 
0.523584 0 0.676551 0 0.6585 -0.0736781 
0.524699 0 0.681221 0 0.663385 -0.05968 
0.525811 0 0.685825 0 0.668229 -0.0459167 
0.526922 0 0.690355 0 0.673026 -0.032408 
0.528001 0 0.694856 0 0.677855 -0.0191679 
0.529049 0 0.699261 0 0.682637 -0.00620466 
0.530094 0 0.703571 0 0.687361 0.00647664 
0.531138 0 0.707786 0 0.692025 0.0188738 
0.532186 0 0.71191 0 0.696632 0.0309872 
0.533208 0 0.715822 0 0.701054 0.0428183 
0.534196 0 0.719651 0 0.705419 0.0543698 
0.535162 0 0.723364 0 0.709713 0.0656455 
0.536113 0 0.72696 0 0.713934 0.0766496 
0.53705 0 0.730448 0 0.718089 0.0873867 
0.537995 0 0.733835 0 0.722186 0.0978621 
0.538902 0 0.737117 0 0.726245 0.108081 
0.539799 0 0.740297 0 0.730227 0.118049 
0.540686 0 0.743376 0 0.734146 0.12777 
0.541558 0 0.746353 0 0.73801 0.137252 
0.542416 0 0.749231 0 0.741822 0.146499 
0.543266 0 0.752024 0 0.74559 0.155516 
0.544108 0 0.754732 0 0.749314 0.164309 
0.544934 0 0.757353 0 0.752997 0.172884 
0.54561 0 0.759635 0 0.755416 0.181245 
0.546176 0 0.761689 0 0.75698 0.189398 
0.546611 0 0.763275 0 0.75846 0.197348 
0.547001 0 0.764794 0 0.759922 0.205099 
0.547291 0 0.766186 0 0.761424 0.212656 
0.547583 0 0.767567 0 0.762924 0.220025 
0.547878 0 0.768936 0 0.76442 0.22721 
0.548169 0 0.770286 0 0.765913 0.234215 
0.548458 0 0.77162 0 0.767404 0.241044 
0.548753 0 0.772948 0 0.768895 0.247703 
0.548991 0 0.774227 0 0.770448 0.254195 
0.549187 0 0.775461 0 0.772015 0.260525 
0.549382 0 0.77668 0 0.77358 0.266696 
0.549584 0 0.777894 0 0.775147 0.272712 
0.549792 0 0.779103 0 0.776713 0.278577 
0.549999 0 0.780297 0 0.778277 0.284294 
0.550186 0 0.781464 0 0.779877 0.289868 
0.550501 0 0.782826 0 0.781288 0.295301 
0.550843 0 0.78424 0 0.78262 0.300596 
0.551191 0 0.785666 0 0.783896 0.305758 
0.551538 0 0.787091 0 0.785137 0.310788 
0.551902 0 0.788532 0 0.786366 0.31569 
0.55226 0 0.789963 0 0.787582 0.320466 
0.552611 0 0.791375 0 0.788774 0.325119 
0.552954 0 0.792765 0 0.789937 0.329652 
0.553296 0 0.794138 0 0.79107 0.334066 
0.553635 0 0.795495 0 0.792171 0.338363 
0.553964 0 0.796828 0 0.793239 0.342547 
0.554286 0 0.798137 0 0.794273 0.346617 
0.554606 0 0.799432 0 0.795278 0.350577 
0.554925 0 0.800711 0 0.796252 0.354426 
0.555235 0 0.801965 0 0.797193 0.358167 
0.555537 0 0.803195 0 0.798102 0.3618 
0.555838 0 0.80441 0 0.79898 0.365325 
0.556137 0 0.805609 0 0.799825 0.368743 
0.556428 0 0.806782 0 0.800637 0.372054 
0.55671 0 0.80793 0 0.801415 0.375258 
0.556992 0 0.809064 0 0.802161 0.378353 
0.557272 0 0.81018 0 0.802874 0.381339 
0.557542 0 0.81127 0 0.803552 0.384214 
0.557805 0 0.812335 0 0.804195 0.386975 
0.558067 0 0.813384 0 0.804805 0.389622 
0.558326 0 0.814415 0 0.80538 0.392149 
0.558576 0 0.815418 0 0.805917 0.394554 
0.558818 0 0.816394 0 0.806417 0.396832 
0.559058 0 0.817351 0 0.806881 0.398978 
0.559295 0 0.818287 0 0.807306 0.400987 
0.559523 0 0.819193 0 0.80769 0.402853 
0.559741 0 0.820067 0 0.808032 0.404567 
0.559958 0 0.820918 0 0.808333 0.406122 
0.56017 0 0.821742 0 0.80859 0.407508 
0.560371 0 0.82253 0 0.8088 0.408717 
0.560561 0 0.82328 0 0.808961 0.409735 
0.560943 0 0.824452 0 0.809431 0.410553 
0.561396 0 0.825634 0 0.809912 0.411155 
0.56184 0 0.826705 0 0.810278 0.411528 
0.562327 0 0.827758 0 0.810582 0.411656 
0.56282 0 0.828778 0 0.810846 0.411522 
0.563318 0 0.82976 0 0.811068 0.411108 
0.563814 0 0.830695 0 0.811242 0.410393 
0.564309 0 0.831579 0 0.811365 0.409357 
0.564757 0 0.832413 0 0.811434 0.407976 
0.565197 0 0.833189 0 0.811449 0.406225 
0.565641 0 0.833808 0 0.811303 0.404079 
0.566094 0 0.834401 0 0.811143 0.401508 
0.566547 0 0.834905 0 0.810897 0.398484 
0.566991 0 0.835303 0 0.810543 0.394977 
0.567424 0 0.835594 0 0.810088 0.390955 
0.567884 0 0.835795 0 0.809538 0.386387 
0.568316 0 0.835917 0 0.808895 0.381242 
0.568745 0 0.835869 0 0.80812 0.375491 
0.569168 0 0.835669 0 0.80721 0.369108 
0.56959 0 0.83532 0 0.806165 0.362071 
0.570016 0 0.834822 0 0.804982 0.354364 
0.570444 0 0.834163 0 0.803654 0.345979 
0.570869 0 0.833326 0 0.802173 0.336918 
0.57129 0 0.832306 0 0.800535 0.327191 
0.571714 0 0.831106 0 0.798738 0.316822 
0.572138 0 0.829722 0 0.796779 0.305844 
0.572557 0 0.828153 0 0.794662 0.294303 
0.57297 0 0.826407 0 0.792392 0.282254 
0.573384 0 0.8245 0 0.789981 0.269757 
0.573797 0 0.822446 0 0.787439 0.25688 
0.574202 0 0.820255 0 0.78478 0.243693 
0.574601 0 0.817946 0 0.782018 0.230266 
0.574999 0 0.815545 0 0.779172 0.216666 
0.575395 0 0.813068 0 0.776256 0.202957 
0.575781 0 0.81053 0 0.773284 0.189197 
0.575904 0 0.806919 0 0.769831 0.175442 
0.575853 0 0.802733 0 0.766104 0.161734 
0.575729 0 0.798421 0 0.762359 0.148116 
0.575613 0 0.794154 0 0.758619 0.13462 
0.575505 0 0.789941 0 0.754898 0.121277 
0.57541 0 0.785806 0 0.751214 0.108109 
0.575329 0 0.781763 0 0.74758 0.0951374 
0.575256 0 0.777817 0 0.744007 0.0823763 
0.575193 0 0.773979 0 0.740504 0.0698386 
0.575146 0 0.77026 0 0.737081 0.0575335 
0.575113 0 0.766664 0 0.733743 0.0454679 
0.575089 0 0.763192 0 0.730493 0.0336471 
0.575076 0 0.759847 0 0.727338 0.022074 
0.57508 0 0.756639 0 0.724283 0.0107503 
0.575099 0 0.753567 0 0.72133 -0.000323069 
0.575127 0 0.750629 0 0.718479 -0.0111465 
0.575167 0 0.747826 0 0.715732 -0.0217209 
0.575224 0 0.745165 0 0.713093 -0.0320484 
0.575298 0 0.742643 0 0.710558 -0.0421309 
0.575382 0 0.740253 0 0.708126 -0.0519714 
0.575479 0 0.737993 0 0.705794 -0.0615735 
0.575593 0 0.735866 0 0.703559 -0.0709408 
0.575723 0 0.733865 0 0.701417 -0.0800776 
0.575862 0 0.731982 0 0.699361 -0.0889879 
0.576012 0 0.730214 0 0.697388 -0.0976765 
0.576177 0 0.728563 0 0.695494 -0.106148 
0.576288 0 0.726604 0 0.693537 -0.114406 
0.576354 0 0.724503 0 0.69157 -0.122455 
0.576402 0 0.722406 0 0.689653 -0.130298 
0.576455 0 0.72039 0 0.687812 -0.13794 
0.576512 0 0.718469 0 0.686015 -0.145384 
0.576569 0 0.71663 0 0.684258 -0.152631 
0.57665 0 0.714835 0 0.682548 -0.159685 
0.576756 0 0.713082 0 0.680872 -0.166545 
0.576887 0 0.71136 0 0.679221 -0.173213 
0.577037 0 0.709662 0 0.677593 -0.179686 
0.577209 0 0.70799 0 0.675992 -0.185961 
0.577411 0 0.706353 0 0.674424 -0.192031 
0.577643 0 0.704753 0 0.672894 -0.197886 
0.577901 0 0.70319 0 0.671407 -0.203509 
0.578186 0 0.701673 0 0.669976 -0.208878 
0.578502 0 0.70022 0 0.668615 -0.21396 
0.578846 0 0.698848 0 0.667342 -0.218706 
0.579211 0 0.697572 0 0.666174 -0.223055 
0.579595 0 0.696418 0 0.665138 -0.22692 
0.580002 0 0.695427 0 0.664265 -0.230191 
0.580428 0 0.694633 0 0.663591 -0.232725 
0.580863 0 0.694077 0 0.663154 -0.234354 
0.581307 0 0.693807 0 0.663002 -0.234884 
0.581764 0 0.693883 0 0.663184 -0.234115 
0.58223 0 0.69435 0 0.663746 -0.231857 
0.582698 0 0.695242 0 0.66472 -0.227964 
0.583168 0 0.696581 0 0.66613 -0.222358 
0.58363 0 0.698368 0 0.667968 -0.215053 
0.584091 0 0.700581 0 0.670221 -0.206149 
0.584523 0 0.703168 0 0.672837 -0.195822 
0.58537 0 0.70676 0 0.676321 -0.184299 
0.586425 0 0.710787 0 0.680181 -0.171822 
0.58755 0 0.714979 0 0.684207 -0.158627 
0.588667 0 0.71933 0 0.688391 -0.144929 
0.58978 0 0.723793 0 0.692691 -0.130912 
0.590896 0 0.728335 0 0.697073 -0.116727 
0.592014 0 0.73292 0 0.701506 -0.102494 
0.593129 0 0.737515 0 0.705963 -0.0883044 
0.594242 0 0.742098 0 0.710426 -0.0742304 
0.595359 0 0.746659 0 0.714882 -0.0603238 
0.596481 0 0.751182 0 0.71932 -0.0466235 
0.5976 0 0.75565 0 0.723728 -0.0331564 
0.598718 0 0.760054 0 0.7281 -0.0199418 
0.599842 0 0.764395 0 0.732435 -0.00699244 
0.600971 0 0.768667 0 0.736727 0.00568355 
0.602097 0 0.772858 0 0.740973 0.018082 
0.603223 0 0.776966 0 0.745173 0.0302012 
0.604354 0 0.780995 0 0.749327 0.0420415 
0.60549 0 0.784942 0 0.753435 0.0536047 
0.606623 0 0.788799 0 0.757495 0.0648939 
0.607717 0 0.792648 0 0.76168 0.0759125 
0.608777 0 0.79639 0 0.765847 0.0866652 
0.609821 0 0.799945 0 0.769854 0.0971566 
0.610827 0 0.803381 0 0.773773 0.107392 
0.611805 0 0.806665 0 0.777614 0.117376 
0.612765 0 0.809819 0 0.781399 0.127114 
0.613708 0 0.812865 0 0.785142 0.136612 
0.614632 0 0.815812 0 0.788854 0.145875 
0.615541 0 0.818666 0 0.792538 0.154909 
0.616442 0 0.821436 0 0.796196 0.163718 
0.617336 0 0.82412 0 0.799829 0.172309 
0.618214 0 0.82671 0 0.80344 0.180685 
0.61891 0 0.828806 0 0.805617 0.188853 
0.61947 0 0.830571 0 0.806814 0.196817 
0.619918 0 0.831887 0 0.807936 0.204583 
0.620309 0 0.833137 0 0.809056 0.212155 
0.620602 0 0.834286 0 0.810267 0.219538 
0.620898 0 0.835428 0 0.811487 0.226737 
0.621197 0 0.836564 0 0.812718 0.233756 
0.621493 0 0.837687 0 0.813959 0.2406 
0.621786 0 0.838799 0 0.815212 0.247272 
0.622085 0 0.839911 0 0.816478 0.253778 
0.622333 0 0.841006 0 0.817853 0.260121 
0.622538 0 0.842072 0 0.81927 0.266305 
0.622745 0 0.843131 0 0.820701 0.272334 
0.622958 0 0.844194 0 0.822146 0.278212 
0.623298 0 0.845411 0 0.82329 0.283943 
0.623673 0 0.846743 0 0.824518 0.289531 
0.624053 0 0.848089 0 0.825699 0.294978 
0.624523 0 0.84953 0 0.826775 0.300288 
0.62488 0 0.850841 0 0.82798 0.305465 
0.625321 0 0.852235 0 0.829055 0.310511 
0.62581 0 0.85366 0 0.830078 0.315431 
0.626188 0 0.855008 0 0.831182 0.320226 
0.626574 0 0.856346 0 0.832233 0.324899 
0.626928 0 0.857651 0 0.833247 0.329454 
0.627269 0 0.858938 0 0.834219 0.333893 
0.627596 0 0.860217 0 0.835164 0.338218 
0.627915 0 0.861491 0 0.836081 0.342432 
0.628221 0 0.862753 0 0.836972 0.346537 
0.628517 0 0.864004 0 0.837837 0.350535 
0.628812 0 0.865251 0 0.838676 0.354429 
0.629103 0 0.866491 0 0.839488 0.35822 
0.629384 0 0.867717 0 0.840271 0.361909 
0.629657 0 0.868929 0 0.841027 0.365498 
0.629929 0 0.870135 0 0.841754 0.368989 
0.630197 0 0.871334 0 0.842452 0.372383 
0.630456 0 0.872518 0 0.843121 0.37568 
0.630707 0 0.873686 0 0.84376 0.378881 
0.630956 0 0.874848 0 0.84437 0.381988 
0.631203 0 0.876001 0 0.844948 0.385 
0.631439 0 0.877139 0 0.845495 0.387916 
0.631668 0 0.87826 0 0.846011 0.390738 
0.631826 1 0.877767 0 0.847299 0.393434 
0.631916 1 0.877356 0 0.848703 0.396035 
0.632005 1 0.87702 0 0.850146 0.398498 
0.632094 0 0.876644 0 0.851558 0.400805 
0.632182 0 0.876238 0 0.852944 0.403 
0.632269 0 0.8758 0 0.854302 0.405077 
0.632355 0 0.875331 0 0.855632 0.407032 
0.632441 0 0.874828 0 0.856932 0.408861 
0.632515 0 0.874321 0 0.858239 0.410558 
0.632593 0 0.873881 0 0.859589 0.412117 
0.632774 0 0.8742 0 0.861225 0.41353 
0.632993 0 0.87469 0 0.862891 0.414792 
0.633207 0 0.875146 0 0.864523 0.415894 
0.633425 0 0.875584 0 0.866129 0.416827 
0.633647 0 0.875998 0 0.867707 0.417582 
0.633874 0 0.876388 0 0.869254 0.418149 
0.634105 0 0.876751 0 0.870769 0.418518 
0.63434 0 0.877087 0 0.87225 0.418676 
0.634578 0 0.877393 0 0.873695 0.418613 
0.634509 0 0.87824 1 0.873177 0.418313 
0.634534 0 0.879122 1 0.872623 0.417347 
0.634657 0 0.879926 0 0.872236 0.415579 
0.63483 0 0.88071 0 0.87188 0.413467 
0.635031 0 0.881433 0 0.871489 0.410991 
0.635419 1 0.881658 0 0.871812 0.408128 
0.635953 1 0.881606 0 0.872353 0.404305 
0.636816 1 0.881987 1 0.872659 0.399441 
0.637984 1 0.882258 1 0.873078 0.392557 
0.639474 1 0.882667 1 0.873658 0.383481 
0.641279 1 0.88325 1 0.874329 0.372229 
0.643379 1 0.883983 1 0.875107 0.358984 
0.645737 1 0.88483 1 0.875969 0.344114 
0.648296 1 0.885752 1 0.876887 0.328037 
0.650979 1 0.886709 1 0.877826 0.311213 
0.65373 1 0.887664 1 0.878768 0.294003 
0.656516 1 0.888588 1 0.879685 0.276701 
0.659311 1 0.889463 1 0.880563 0.259497 
0.662101 1 0.890285 1 0.881398 0.242507 
0.664879 1 0.891055 1 0.882193 0.22579 
0.667639 1 0.891776 1 0.88295 0.209386 
0.670376 1 0.89245 1 0.883666 0.193318 
0.673087 1 0.893081 1 0.884343 0.177602 
0.675767 1 0.893669 1 0.884984 0.162242 
0.678415 1 0.894213 1 0.88559 0.147241 
0.681397 1 0.894581 1 0.886247 0.132597 
0.684588 1 0.894978 1 0.887231 0.118304 
0.687838 1 0.895535 1 0.888377 0.104359 
0.691043 1 0.896172 1 0.889492 0.0907555 
0.694208 1 0.896808 1 0.89046 0.0774771 
0.697325 1 0.897419 1 0.891337 0.0645268 
0.700389 1 0.898016 1 0.892151 0.0518954 
0.703399 1 0.898595 1 0.892916 0.0395736 
0.706355 1 0.899155 1 0.893639 0.0275566 
0.709257 1 0.899691 1 0.894324 0.0158367 
0.712106 1 0.900202 1 0.894975 0.00440676 
0.714899 1 0.90069 1 0.895596 -0.00673865 
0.71764 1 0.901154 1 0.896187 -0.0176088 
0.720326 1 0.901596 1 0.896752 -0.0282089 
0.722959 1 0.902017 1 0.897291 -0.0385442 
0.725539 1 0.902418 1 0.897807 -0.0486232 
0.728066 1 0.902799 1 0.8983 -0.0584511 
0.730541 1 0.903162 1 0.898771 -0.0680336 
0.732964 1 0.903507 1 0.899222 -0.0773786 
0.735336 1 0.903836 1 0.899654 -0.0864897 
0.737657 1 0.90415 1 0.900067 -0.0953742 
0.739928 1 0.904448 1 0.900462 -0.104036 
0.742149 1 0.904731 1 0.900842 -0.112482 
0.74432 1 0.905002 1 0.901205 -0.120718 
0.746443 1 0.905259 1 0.901553 -0.128748 
0.748518 1 0.905505 1 0.901886 -0.136578 
0.750545 1 0.905739 1 0.902206 -0.144211 
0.752526 1 0.905961 1 0.902513 -0.151655 
0.75446 1 0.906173 1 0.902807 -0.158914 
0.756013 1 0.906283 1 0.902962 -0.165996 
0.757398 1 0.906266 1 0.903083 -0.172896 
0.758751 1 0.906249 1 0.903182 -0.179624 
0.760071 1 0.906239 1 0.903248 -0.186183 
0.761358 1 0.906231 1 0.903299 -0.192578 
0.762612 1 0.906223 1 0.903342 -0.198813 
0.763834 1 0.906214 1 0.90338 -0.204893 
0.765024 1 0.906203 1 0.903414 -0.210821 
0.766182 1 0.906189 1 0.903443 -0.216601 
0.76731 1 0.906173 1 0.903469 -0.222236 
0.768407 1 0.906154 1 0.903492 -0.22773 
0.769475 1 0.906133 1 0.903511 -0.233087 
0.770513 1 0.906109 1 0.903527 -0.23831 
0.771522 1 0.906082 1 0.90354 -0.243402 
0.772502 1 0.906054 1 0.903551 -0.248367 
0.773455 1 0.906023 1 0.903558 -0.253208 
0.77438 1 0.90599 1 0.903564 -0.257928 
0.775278 1 0.905955 1 0.903566 -0.26253 
0.776149 1 0.905918 1 0.903566 -0.267017 
0.776995 1 0.905879 1 0.903564 -0.271391 
0.777814 1 0.905838 1 0.903559 -0.275656 
0.77848 1 0.905825 1 0.903478 -0.279816 
0.779097 1 0.905752 1 0.903357 -0.28387 
0.779688 1 0.905655 1 0.903253 -0.287822 
0.780257 1 0.905547 1 0.90316 -0.291676 
0.780804 1 0.905432 1 0.903072 -0.295433 
0.781332 1 0.905313 1 0.902987 -0.299096 
0.781839 1 0.90519 1 0.902902 -0.302668 
0.782326 1 0.905066 1 0.902818 -0.306149 
0.782794 1 0.904939 1 0.902733 -0.309543 
0.783243 1 0.904812 1 0.902647 -0.312853 
0.783673 1 0.904684 1 0.902559 -0.316079 
0.784086 1 0.904555 1 0.902471 -0.319224 
0.78448 1 0.904426 1 0.902381 -0.32229 
0.784857 1 0.904297 1 0.902291 -0.32528 
0.785216 1 0.904166 1 0.902199 -0.328194 
0.785559 1 0.904036 1 0.902105 -0.331035 
0.785885 1 0.903904 1 0.902011 -0.333804 
0.786196 1 0.903772 1 0.901915 -0.336503 
0.78649 1 0.90364 1 0.901819 -0.339135 
0.786745 1 0.903504 1 0.901717 -0.3417 
0.786985 1 0.90336 1 0.901608 -0.3442 
0.787209 1 0.903219 1 0.901495 -0.346638 
0.787416 1 0.903074 1 0.90138 -0.349014 
0.78761 1 0.902926 1 0.901264 -0.35133 
0.787801 1 0.902776 1 0.90116 -0.353587 
0.787981 1 0.90263 1 0.901058 -0.355789 
0.788149 1 0.902483 1 0.900955 -0.357933 
0.788305 1 0.902338 1 0.900851 -0.360023 
0.788822 1 0.902104 1 0.901042 -0.362059 
0.789549 1 0.902099 1 0.90138 -0.364035 
0.790371 1 0.902215 1 0.90176 -0.365963 
0.79119 1 0.90238 1 0.902104 -0.367846 
0.791973 1 0.90255 1 0.902383 -0.369681 
0.792748 1 0.902736 1 0.902639 -0.37147 
0.793503 1 0.902963 1 0.902863 -0.373217 
0.794242 1 0.903197 1 0.903055 -0.374913 
0.794978 1 0.903433 1 0.903267 -0.376566 
0.795719 1 0.90367 1 0.903491 -0.378175 
0.796461 1 0.903908 1 0.903716 -0.379742 
0.797199 1 0.90415 1 0.903943 -0.381268 
0.79793 1 0.904393 1 0.90417 -0.382756 
0.798653 1 0.904634 1 0.9044 -0.384203 
0.799368 1 0.904876 1 0.90463 -0.385611 
0.800101 1 0.905125 1 0.904874 -0.386981 
0.80086 1 0.905375 1 0.90514 -0.388314 
0.801639 1 0.905635 1 0.905426 -0.389612 
0.80243 1 0.905905 1 0.905723 -0.390874 
0.803227 1 0.906183 1 0.906026 -0.392102 
0.804026 1 0.906466 1 0.90633 -0.393296 
0.804828 1 0.906752 1 0.906636 -0.394456 
0.805635 1 0.907042 1 0.906944 -0.395584 
0.80645 1 0.907337 1 0.907256 -0.39668 
0.807274 1 0.907636 1 0.907575 -0.397745 
0.808109 1 0.907941 1 0.907899 -0.398778 
0.808955 1 0.90825 1 0.908229 -0.399782 
0.809812 1 0.908564 1 0.908563 -0.400757 
0.81068 1 0.908881 1 0.908898 -0.401702 
0.811557 1 0.9092 1 0.909234 -0.40262 
0.812444 1 0.909522 1 0.909572 -0.40351 
0.813342 1 0.909844 1 0.909911 -0.404373 
0.81425 1 0.910171 1 0.910252 -0.405211 
0.815169 1 0.910499 1 0.910594 -0.406022 
0.816099 1 0.91083 1 0.910938 -0.406808 
0.817041 1 0.911164 1 0.911285 -0.40757 
0.817994 1 0.911499 1 0.911634 -0.408308 
0.818959 1 0.911838 1 0.911984 -0.409023 
0.819935 1 0.912179 1 0.912336 -0.409715 
0.820924 1 0.912522 1 0.912689 -0.410385 
0.821924 1 0.912866 1 0.913044 -0.411034 
0.822936 1 0.913213 1 0.9134 -0.411662 
0.82396 1 0.91355 1 0.913742 -0.412269 
0.824995 1 0.91388 1 0.914078 -0.412858 
0.825898 1 0.914135 1 0.914389 -0.413427 
0.82677 1 0.91438 1 0.91468 -0.413976 
0.827721 1 0.914623 1 0.915007 -0.414509 
0.827399 1 0.914503 1 0.914803 -0.415024 
0.827179 1 0.914409 1 0.914753 -0.415522 
0.826914 1 0.914334 1 0.914631 -0.416003 
0.826726 1 0.914222 1 0.914562 -0.416469 
0.826473 1 0.914121 1 0.91445 -0.416919 
0.82628 1 0.914 1 0.914384 -0.417354 
0.826025 1 0.913894 1 0.914268 -0.417774 
0.825841 1 0.913777 1 0.914193 -0.418182 
0.825596 1 0.913668 1 0.914076 -0.418575 
0.82542 1 0.913541 1 0.91401 -0.418954 
0.825188 1 0.913436 1 0.913895 -0.419322 
0.825032 1 0.91332 1 0.913825 -0.419677 
0.82482 1 0.913217 1 0.913712 -0.420021 
0.824684 1 0.913108 1 0.913644 -0.420352 
0.824487 1 0.913006 1 0.913537 -0.420671 
0.824357 1 0.912892 1 0.913478 -0.420981 
0.824172 1 0.912798 1 0.91337 -0.421279 
0.82406 1 0.912695 1 0.913307 -0.421566 
0.823983 1 0.912608 1 0.913259 -0.421844 
0.82381 1 0.912526 1 0.913144 -0.422112 
0.823713 1 0.912424 1 0.913083 -0.422371 
0.823608 1 0.912354 1 0.913002 -0.42262 
0.823548 1 0.91227 1 0.912954 -0.422861 
0.823422 1 0.912199 1 0.912856 -0.423093 
0.823363 1 0.912118 1 0.912802 -0.423316 
0.823336 1 0.912052 1 0.912763 -0.423533 
0.823239 1 0.911995 1 0.91267 -0.423741 
0.823205 1 0.911927 1 0.91262 -0.423943 
0.823201 1 0.911871 1 0.912587 -0.424137 
0.823125 1 0.91182 1 0.912504 -0.424322 
0.823107 1 0.911755 1 0.912463 -0.424504 
0.823091 1 0.911715 1 0.912412 -0.424678 
0.823098 1 0.911678 1 0.912371 -0.424845 
0.823064 1 0.911633 1 0.912307 -0.425006 
0.823083 1 0.911606 1 0.912292 -0.425159 
0.823128 1 0.91159 1 0.912275 -0.425312 
0.823195 1 0.911584 1 0.912253 -0.425457 
0.823273 1 0.911585 1 0.91223 -0.425596 
0.823355 1 0.911588 1 0.912207 -0.425731 
0.823436 1 0.911591 1 0.912183 -0.425859 
0.823515 1 0.911594 1 0.91216 -0.425983 
0.824019 1 0.911898 1 0.911883 -0.426099 
0.824851 1 0.912422 1 0.911748 -0.426218 
0.825807 1 0.912993 1 0.911811 -0.426329 
0.82675 1 0.913486 1 0.911978 -0.426436 
0.827695 1 0.913886 1 0.912169 -0.426537 
0.828639 1 0.91423 1 0.912385 -0.426634 
0.829581 1 0.91454 1 0.912622 -0.426729 
0.83052 1 0.914825 1 0.912871 -0.426823 
0.830477 1 0.914624 1 0.912951 -0.426907 
0.830323 1 0.914501 1 0.912939 -0.42699 
0.830175 1 0.914393 1 0.912888 -0.427071 
0.830027 1 0.914286 1 0.912828 -0.427148 
0.829878 1 0.914182 1 0.912765 -0.427221 
0.829737 1 0.914085 1 0.912708 -0.427295 
0.829603 1 0.913991 1 0.91265 -0.427361 
0.829476 1 0.913901 1 0.912592 -0.427427 
0.829352 1 0.913813 1 0.912534 -0.427493 
0.829231 1 0.913728 1 0.912476 -0.427553 
0.828985 1 0.91363 1 0.912359 -0.427609 
0.828681 1 0.913505 1 0.912216 -0.427667 
0.828379 1 0.913371 1 0.912083 -0.427721 
0.828268 1 0.913379 1 0.911822 -0.427769 
0.828229 1 0.91342 1 0.911704 -0.427818 
0.828243 1 0.913468 1 0.911607 -0.427865 
0.828272 1 0.913503 1 0.911536 -0.42791 
0.828302 1 0.913509 1 0.911504 -0.42795 
0.828332 1 0.913497 1 0.911481 -0.427992 
0.828362 1 0.913474 1 0.911468 -0.42803 
0.828392 1 0.913445 1 0.911461 -0.428068 
0.828421 1 0.913414 1 0.911457 -0.428106 
0.82842 1 0.91337 1 0.911448 -0.428142 
0.828405 1 0.913321 1 0.911434 -0.428175 
0.828465 1 0.913321 1 0.911396 -0.428208 
0.828558 1 0.913324 1 0.911416 -0.42824 
0.828689 1 0.913343 1 0.911425 -0.428268 
0.828848 1 0.913377 1 0.911437 -0.428294 
0.829024 1 0.913416 1 0.911465 -0.428319 
0.829209 1 0.913455 1 0.911503 -0.428347 
0.829404 1 0.913492 1 0.911549 -0.428372 
0.829611 1 0.913531 1 0.911598 -0.428395 
0.829834 1 0.913575 1 0.911651 -0.428418 
0.830076 1 0.913626 1 0.911708 -0.428438 
0.830337 1 0.913685 1 0.911771 -0.428458 
0.830618 1 0.913751 1 0.911838 -0.428475 
0.830918 1 0.913824 1 0.911911 -0.428492 
0.830971 1 0.913787 1 0.911926 -0.42851 
0.830953 1 0.913749 1 0.911916 -0.428524 
0.83094 1 0.91373 1 0.911894 -0.428539 
0.830942 1 0.913721 1 0.911871 -0.428552 
0.830949 1 0.913714 1 0.911848 -0.428564 
0.830956 1 0.913706 1 0.911826 -0.428578 
0.830963 1 0.913698 1 0.911804 -0.428588 
0.83097 1 0.91369 1 0.911782 -0.428596 
0.830976 1 0.913682 1 0.911759 -0.428608 
0.830982 1 0.913674 1 0.911737 -0.428618 
0.830988 1 0.913667 1 0.911715 -0.428626 
0.830992 1 0.913659 1 0.911694 -0.428635 
0.830997 1 0.913652 1 0.911673 -0.428643 
0.831002 1 0.913644 1 0.911651 -0.428648 
0.831006 1 0.913637 1 0.911631 -0.428654 
0.83101 1 0.91363 1 0.911611 -0.428659 
0.831014 1 0.913623 1 0.911591 -0.428664 
0.831018 1 0.913616 1 0.911571 -0.428669 
0.831022 1 0.913609 1 0.911552 -0.428671 
0.831025 1 0.913602 1 0.911533 -0.428677 
0.831029 1 0.913595 1 0.911515 -0.428681 
0.831032 1 0.913588 1 0.911496 -0.428682 
0.831035 1 0.913582 1 0.911478 -0.428687 
0.831038 1 0.913575 1 0.91146 -0.428687 
0.831041 1 0.913568 1 0.911442 -0.428688 
0.831043 1 0.913562 1 0.911425 -0.428689 
0.831046 1 0.913556 1 0.911408 -0.428691 
0.831048 1 0.913549 1 0.911391 -0.428691 
0.831051 1 0.913543 1 0.911375 -0.428693 
0.831053 1 0.913537 1 0.911358 -0.428692 
0.831055 1 0.913531 1 0.911341 -0.428693 
0.831057 1 0.913525 1 0.911326 -0.428692 
0.831058 1 0.913519 1 0.91131 -0.428691 
0.83106 1 0.913513 1 0.911295 -0.42869 
0.831062 1 0.913508 1 0.91128 -0.428689 
0.831064 1 0.913502 1 0.911265 -0.428689 
0.831065 1 0.913496 1 0.911249 -0.428688 
0.831067 1 0.913491 1 0.911235 -0.42869 
0.831069 1 0.913485 1 0.91122 -0.42869 
0.83107 1 0.91348 1 0.911207 -0.428687 
0.831071 1 0.913474 1 0.911193 -0.428686 
0.831072 1 0.913469 1 0.911179 -0.428685 
0.831074 1 0.913463 1 0.911166 -0.428682 
0.831075 1 0.913458 1 0.911153 -0.428679 
0.831076 1 0.913453 1 0.91114 -0.428678 
0.831077 1 0.913448 1 0.911127 -0.428676 
0.831078 1 0.913443 1 0.911115 -0.428672 
0.831079 1 0.913438 1 0.911103 -0.42867 
0.83108 1 0.913432 1 0.911091 -0.428668 
0.831081 1 0.913428 1 0.911079 -0.428663 
0.831082 1 0.913423 1 0.911067 -0.428658 
0.831082 1 0.913418 1 0.911056 -0.428656 
0.831083 1 0.913413 1 0.911044 -0.428652 
0.831084 1 0.913408 1 0.911033 -0.42865 
0.831084 1 0.913403 1 0.911021 -0.428648 
0.831085 1 0.913399 1 0.911011 -0.428646 
0.831086 1 0.913394 1 0.911 -0.428643 
0.831086 1 0.91339 1 0.91099 -0.42864 
0.831087 1 0.913385 1 0.910979 -0.428634 
0.831088 1 0.913381 1 0.910969 -0.428633 
0.831088 1 0.913376 1 0.910959 -0.428628 
0.831088 1 0.913372 1 0.91095 -0.428622 
0.831087 1 0.913372 1 0.910935 -0.428616 
0.831087 1 0.913371 1 0.910924 -0.428612 
0.831086 1 0.91337 1 0.910913 -0.42861 
0.831083 1 0.913369 1 0.910901 -0.428607 
0.831081 1 0.913367 1 0.910887 -0.428603 
0.83108 1 0.913365 1 0.910881 -0.428595 
0.83108 1 0.913363 1 0.910869 -0.428593 
0.831081 1 0.913359 1 0.910858 -0.428591 
0.831082 1 0.913356 1 0.910848 -0.428585 
0.831081 1 0.913352 1 0.91084 -0.428583 
0.831081 1 0.913348 1 0.910832 -0.428577 
0.831081 1 0.913344 1 0.910825 -0.428574 
0.831081 1 0.91334 1 0.910818 -0.428569 
0.831082 1 0.913336 1 0.910811 -0.428564 
0.831083 1 0.913331 1 0.910804 -0.428558 
0.831083 1 0.913327 1 0.910796 -0.428553 
0.831084 1 0.913323 1 0.910789 -0.428547 
0.831084 1 0.913319 1 0.910782 -0.428539 
0.831083 1 0.913315 1 0.910776 -0.428534 
0.831083 1 0.913311 1 0.910768 -0.428527 
0.831082 1 0.913308 1 0.910762 -0.428519 
0.831082 1 0.913304 1 0.910756 -0.428512 
0.831082 1 0.9133 1 0.91075 -0.428506 
0.831082 1 0.913296 1 0.910744 -0.428501 
0.831082 1 0.913292 1 0.910738 -0.428495 
0.831082 1 0.913288 1 0.910732 -0.42849 
0.831082 1 0.913285 1 0.910725 -0.428484 
0.831081 1 0.913281 1 0.91072 -0.428475 
0.831081 1 0.913277 1 0.910714 -0.42847 
0.831081 1 0.913274 1 0.910709 -0.428465 
0.831081 1 0.91327 1 0.910703 -0.428458 
0.83108 1 0.913267 1 0.910698 -0.428451 
0.83108 1 0.913263 1 0.910693 -0.428445 
0.83108 1 0.91326 1 0.910687 -0.42844 
0.83108 1 0.913256 1 0.910681 -0.428434 
0.83108 1 0.913253 1 0.910677 -0.428429 
0.83108 1 0.913249 1 0.910671 -0.428424 
0.83108 1 0.913246 1 0.910666 -0.428417 
0.831079 1 0.913243 1 0.910662 -0.428412 
0.831079 1 0.913239 1 0.910658 -0.428407 
0.831079 1 0.913236 1 0.910653 -0.428404 
0.831079 1 0.913232 1 0.910648 -0.428398 
0.831079 1 0.913229 1 0.910643 -0.428393 
0.831078 1 0.913226 1 0.910639 -0.428384 
0.831077 1 0.913223 1 0.910635 -0.42838 
0.831077 1 0.91322 1 0.910631 -0.428375 
0.831077 1 0.913216 1 0.910626 -0.428373 
0.831077 1 0.913213 1 0.910622 -0.428366 
0.831076 1 0.91321 1 0.910618 -0.428361 
0.831076 1 0.913207 1 0.910614 -0.428354 
0.831076 1 0.913204 1 0.91061 -0.42835 
0.831076 1 0.9132 1 0.910607 -0.428347 
0.831076 1 0.913197 1 0.910602 -0.428341 
0.831075 1 0.913194 1 0.910599 -0.428333 
0.831075 1 0.913191 1 0.910595 -0.428326 
0.831074 1 0.913188 1 0.910591 -0.428319 
0.831074 1 0.913185 1 0.910587 -0.428315 
0.831073 1 0.913182 1 0.910584 -0.42831 
0.831073 1 0.913179 1 0.910581 -0.428307 
0.831073 1 0.913176 1 0.910577 -0.428304 
0.831073 1 0.913173 1 0.910574 -0.428295 
0.831072 1 0.913171 1 0.910571 -0.42829 
0.831072 1 0.913168 1 0.910567 -0.428284 
0.831072 1 0.913165 1 0.910564 -0.428278 
0.831071 1 0.913162 1 0.910561 -0.42827 
0.831071 1 0.913159 1 0.910558 -0.428266 
0.83107 1 0.913156 1 0.910555 -0.428259 
0.83107 1 0.913153 1 0.910552 -0.428256 
0.831069 1 0.91315 1 0.910548 -0.428251 
0.831069 1 0.913148 1 0.910546 -0.428244 
0.831068 1 0.913145 1 0.910543 -0.42824 
0.831068 1 0.913142 1 0.91054 -0.428233 
0.831068 1 0.913139 1 0.910538 -0.428227 
0.831067 1 0.913136 1 0.910535 -0.428222 
0.831067 1 0.913134 1 0.910532 -0.428216 
0.831067 1 0.913131 1 0.910529 -0.428209 
0.831067 1 0.913128 1 0.910526 -0.428205 
0.831066 1 0.913126 1 0.910524 -0.428203 
0.831065 1 0.913123 1 0.910521 -0.428197 
0.831065 1 0.91312 1 0.910519 -0.428194 
0.831065 1 0.913118 1 0.910516 -0.428187 
0.831065 1 0.913115 1 0.910514 -0.428182 
0.831064 1 0.913112 1 0.910512 -0.428177 
0.831064 1 0.91311 1 0.910509 -0.428173 
0.831064 1 0.913107 1 0.910507 -0.428168 
0.831063 1 0.913104 1 0.910506 -0.428163 
0.831063 1 0.913102 1 0.910503 -0.428158 
0.831062 1 0.913099 1 0.910501 -0.428153 
0.831062 1 0.913097 1 0.910499 -0.428148 
0.831062 1 0.913094 1 0.910497 -0.428143 
0.831062 1 0.913091 1 0.910495 -0.428135 
0.831061 1 0.913089 1 0.910493 -0.428129 
0.831061 1 0.913086 1 0.910491 -0.428126 
0.83106 1 0.913084 1 0.910489 -0.428121 
0.83106 1 0.913081 1 0.910487 -0.428114 
0.831059 1 0.913079 1 0.910485 -0.42811 
0.831059 1 0.913076 1 0.910483 -0.428106 
0.831059 1 0.913074 1 0.910481 -0.4281 
0.831059 1 0.913071 1 0.910479 -0.428096 
0.831059 1 0.913069 1 0.910478 -0.428091 
0.831058 1 0.913066 1 0.910475 -0.428086 
0.831058 1 0.913064 1 0.910474 -0.428078 
0.831058 1 0.913061 1 0.910472 -0.428076 
0.831057 1 0.913059 1 0.91047 -0.428072 
0.831056 1 0.913057 1 0.910469 -0.428067 
0.831056 1 0.913054 1 0.910467 -0.428061 
0.831056 1 0.913052 1 0.910466 -0.428055 
0.831055 1 0.913049 1 0.910464 -0.42805 
0.831055 1 0.913047 1 0.910463 -0.428047 
0.831055 1 0.913044 1 0.910461 -0.428042 
0.831055 1 0.913042 1 0.910459 -0.42804 
0.831054 1 0.91304 1 0.910458 -0.428033 
0.831054 1 0.913037 1 0.910457 -0.428028 
0.831053 1 0.913035 1 0.910456 -0.428025 
0.831053 1 0.913033 1 0.910454 -0.42802 
0.831053 1 0.91303 1 0.910452 -0.428014 
0.831053 1 0.913028 1 0.910451 -0.428008 
0.831053 1 0.913025 1 0.910449 -0.428005 
0.831052 1 0.913023 1 0.910448 -0.428 
0.831052 1 0.913021 1 0.910446 -0.427995 
0.831051 1 0.913019 1 0.910445 -0.42799 
0.831051 1 0.913017 1 0.910444 -0.427987 
0.831051 1 0.913014 1 0.910443 -0.427982 
0.83105 1 0.913012 1 0.910442 -0.42798 
0.83105 1 0.913009 1 0.91044 -0.427975 
0.83105 1 0.913007 1 0.910438 -0.427968 
0.83105 1 0.913005 1 0.910438 -0.427965 
0.831049 1 0.913003 1 0.910436 -0.427961 
0.831049 1 0.913001 1 0.910435 -0.427957 
0.831048 1 0.912998 1 0.910434 -0.427955 
0.831048 1 0.912996 1 0.910433 -0.42795 
0.831048 1 0.912994 1 0.910431 -0.427944 
0.831048 1 0.912992 1 0.910431 -0.427944 
0.831048 1 0.912989 1 0.91043 -0.427939 
0.831048 1 0.912987 1 0.910428 -0.427936 
0.831048 1 0.912985 1 0.910428 -0.42793 
0.831047 1 0.912982 1 0.910427 -0.427929 
0.831047 1 0.91298 1 0.910426 -0.427927 
0.831047 1 0.912978 1 0.910425 -0.427924 
0.831047 1 0.912976 1 0.910424 -0.427919 
0.831047 1 0.912973 1 0.910423 -0.427918 
0.831048 1 0.912971 1 0.910421 -0.427913 
0.831048 1 0.912969 1 0.91042 -0.42791 
0.831047 1 0.912967 1 0.91042 -0.427905 
0.831047 1 0.912965 1 0.910418 -0.4279 
0.831048 1 0.912962 1 0.910417 -0.427895 
0.831047 1 0.91296 1 0.910416 -0.427892 
0.831047 1 0.912958 1 0.910416 -0.42789 
0.831047 1 0.912956 1 0.910414 -0.427885 
0.831047 1 0.912954 1 0.910414 -0.427884 
0.831047 1 0.912952 1 0.910413 -0.427878 
0.831046 1 0.91295 1 0.910412 -0.427876 
0.831047 1 0.912947 1 0.910411 -0.427872 
0.831047 1 0.912945 1 0.910411 -0.427868 
0.831046 1 0.912943 1 0.910409 -0.427866 
0.831046 1 0.912941 1 0.910408 -0.427863 
0.831047 1 0.912939 1 0.910408 -0.427858 
0.831046 1 0.912936 1 0.910408 -0.427854 
0.831046 1 0.912934 1 0.910406 -0.42785 
0.831045 1 0.912932 1 0.910406 -0.427847 
0.831045 1 0.91293 1 0.910405 -0.427844 
0.831046 1 0.912928 1 0.910404 -0.427837 
0.831045 1 0.912926 1 0.910403 -0.427835 
0.831045 1 0.912924 1 0.910403 -0.427832 
0.831045 1 0.912921 1 0.910402 -0.427825 
0.831044 1 0.912919 1 0.910401 -0.427822 
0.831044 1 0.912917 1 0.910401 -0.42782 
0.831044 1 0.912915 1 0.9104 -0.427817 
0.831044 1 0.912913 1 0.910399 -0.427812 
0.831044 1 0.912911 1 0.910398 -0.42781 
0.831043 1 0.912909 1 0.910397 -0.427803 
0.831043 1 0.912907 1 0.910397 -0.427797 
0.831042 1 0.912905 1 0.910396 -0.427795 
0.831042 1 0.912903 1 0.910395 -0.427795 
0.831042 1 0.912901 1 0.910395 -0.427791 
0.831041 1 0.912899 1 0.910394 -0.427787 
0.831041 1 0.912896 1 0.910393 -0.427785 
0.831041 1 0.912894 1 0.910393 -0.427783 
0.831041 1 0.912892 1 0.910392 -0.427783 
0.831041 1 0.91289 1 0.910392 -0.427778 
0.831041 1 0.912888 1 0.910391 -0.427774 
0.831041 1 0.912886 1 0.91039 -0.427772 
0.831041 1 0.912884 1 0.91039 -0.427769 
0.831041 1 0.912882 1 0.910389 -0.427766 
0.83104 1 0.91288 1 0.910389 -0.427765 
0.83104 1 0.912878 1 0.910388 -0.427761 
0.83104 1 0.912875 1 0.910387 -0.42776 
0.83104 1 0.912873 1 0.910387 -0.427754 
0.83104 1 0.912871 1 0.910386 -0.42775 
0.83104 1 0.912869 1 0.910385 -0.427747 
0.83104 1 0.912867 1 0.910385 -0.427743 
0.83104 1 0.912865 1 0.910384 -0.427741 
0.83104 1 0.912863 1 0.910383 -0.42774 
0.83104 1 0.912861 1 0.910383 -0.427739 
0.831041 1 0.912859 1 0.910384 -0.427738 
0.831041 1 0.912857 1 0.910383 -0.427733 
0.831041 1 0.912855 1 0.910383 -0.42773 
0.831041 1 0.912853 1 0.910382 -0.427727 
0.831041 1 0.91285 1 0.910382 -0.427722 
0.831041 1 0.912848 1 0.910381 -0.427719 
0.831041 1 0.912846 1 0.910381 -0.427717 
0.831041 1 0.912844 1 0.91038 -0.427713 
0.831041 1 0.912842 1 0.910378 -0.427711 
0.831041 1 0.912841 1 0.910378 -0.427709 
0.831041 1 0.912838 1 0.910378 -0.427708 
0.831041 1 0.912836 1 0.910378 -0.427708 
0.831042 1 0.912834 1 0.910376 -0.427705 
0.831041 1 0.912833 1 0.910376 -0.4277 
0.831042 1 0.91283 1 0.910375 -0.427698 
0.831042 1 0.912828 1 0.910375 -0.427696 
0.831042 1 0.912826 1 0.910374 -0.427694 
0.831042 1 0.912824 1 0.910374 -0.427693 
0.831042 1 0.912822 1 0.910373 -0.42769 
0.831042 1 0.91282 1 0.910374 -0.427691 
0.831043 1 0.912818 1 0.910374 -0.427688 
0.831043 1 0.912816 1 0.910373 -0.427685 
0.831043 1 0.912814 1 0.910372 -0.427683 
0.831043 1 0.912812 1 0.910372 -0.427682 
0.831044 1 0.91281 1 0.910371 -0.427681 
0.831043 1 0.912808 1 0.910371 -0.42768 
0.831044 1 0.912806 1 0.910371 -0.427678 
0.831044 1 0.912804 1 0.91037 -0.427675 
0.831044 1 0.912802 1 0.910369 -0.427673 
0.831045 1 0.9128 1 0.910369 -0.427669 
0.831044 1 0.912798 1 0.910369 -0.427669 
0.831045 1 0.912796 1 0.910369 -0.427667 
0.831045 1 0.912794 1 0.910369 -0.427665 
0.831045 1 0.912792 1 0.910369 -0.427662 
0.831045 1 0.912789 1 0.910368 -0.42766 
0.831045 1 0.912788 1 0.910368 -0.427659 
0.831045 1 0.912785 1 0.910368 -0.427654 
0.831045 1 0.912783 1 0.910368 -0.42765 
0.831045 1 0.912781 1 0.910368 -0.427648 
0.831045 1 0.912779 1 0.910367 -0.427646 
0.831045 1 0.912777 1 0.910366 -0.427644 
0.831046 1 0.912775 1 0.910367 -0.427644 
0.831046 1 0.912773 1 0.910366 -0.427642 
0.831046 1 0.912771 1 0.910366 -0.427639 
0.831046 1 0.912769 1 0.910365 -0.427637 
0.831046 1 0.912767 1 0.910365 -0.427636 
0.831046 1 0.912765 1 0.910365 -0.427632 
0.831047 1 0.912763 1 0.910364 -0.427631 
0.831046 1 0.912761 1 0.910364 -0.427629 
0.831047 1 0.912759 1 0.910364 -0.427628 
0.831047 1 0.912757 1 0.910363 -0.427626 
0.831047 1 0.912755 1 0.910363 -0.427623 
0.831047 1 0.912753 1 0.910363 -0.427623 
0.831047 1 0.912751 1 0.910362 -0.427621 
0.831048 1 0.912749 1 0.910362 -0.42762 
0.831048 1 0.912747 1 0.910362 -0.427617 
0.831048 1 0.912745 1 0.910362 -0.427616 
0.831048 1 0.912742 1 0.910362 -0.427617 
0.831048 1 0.91274 1 0.910362 -0.427615 
0.831048 1 0.912738 1 0.910361 -0.427613 
0.831049 1 0.912736 1 0.910362 -0.427611 
0.831049 1 0.912734 1 0.910361 -0.42761 
0.83105 1 0.912732 1 0.910362 -0.427607 
0.83105 1 0.91273 1 0.910362 -0.427605 
0.83105 1 0.912727 1 0.91036 -0.427604 
0.83105 1 0.912726 1 0.91036 -0.427602 
0.83105 1 0.912724 1 0.91036 -0.427601 
0.831051 1 0.912721 1 0.91036 -0.4276 
0.831051 1 0.912719 1 0.91036 -0.427598 
0.831051 1 0.912717 1 0.91036 -0.427597 
0.831051 1 0.912715 1 0.910359 -0.427596 
0.831052 1 0.912713 1 0.910359 -0.427595 
0.831052 1 0.912711 1 0.910359 -0.427593 
0.831076 1 0.912693 1 0.910368 -0.427591 
0.831099 1 0.912671 1 0.910383 -0.42759 
0.831115 1 0.912654 1 0.910397 -0.42759 
0.831125 1 0.912643 1 0.910405 -0.427589 
0.831136 1 0.912638 1 0.910407 -0.427589 
0.831147 1 0.912635 1 0.910406 -0.427588 
0.831158 1 0.912633 1 0.910404 -0.427587 
0.831169 1 0.91263 1 0.910402 -0.427583 
0.831178 1 0.912626 1 0.910401 -0.427582 
0.831187 1 0.912622 1 0.9104 -0.42758 
0.831194 1 0.912618 1 0.9104 -0.427579 
0.831201 1 0.912614 1 0.910399 -0.427578 
0.831208 1 0.912609 1 0.910399 -0.427577 
0.831215 1 0.912605 1 0.910398 -0.427575 
0.831227 1 0.912603 1 0.91041 -0.427573 
0.831243 1 0.9126 1 0.910414 -0.427572 
0.831254 1 0.912596 1 0.910416 -0.42757 
0.831258 1 0.912593 1 0.910416 -0.427568 
0.83126 1 0.91259 1 0.910417 -0.427567 
0.831263 1 0.912588 1 0.910418 -0.427565 
0.831266 1 0.912586 1 0.910418 -0.427564 
0.83127 1 0.912584 1 0.910419 -0.427565 
0.831273 1 0.912582 1 0.910419 -0.427565 
0.831276 1 0.91258 1 0.91042 -0.427564 
0.831277 1 0.912578 1 0.910421 -0.427562 
0.831278 1 0.912575 1 0.910422 -0.427562 
0.831278 1 0.912573 1 0.910422 -0.427561 
0.831277 1 0.912571 1 0.910422 -0.42756 
0.831276 1 0.912569 1 0.910423 -0.427559 
0.831274 1 0.912567 1 0.910423 -0.427558 
0.831277 1 0.912561 1 0.910423 -0.427557 
0.831278 1 0.912555 1 0.910426 -0.427557 
0.831276 1 0.912549 1 0.910428 -0.427555 
0.831274 1 0.912544 1 0.91043 -0.427554 
0.831272 1 0.91254 1 0.910432 -0.427552 
0.831271 1 0.912537 1 0.910434 -0.427552 
0.831269 1 0.912534 1 0.910435 -0.427553 
0.831267 1 0.912531 1 0.910434 -0.427552 
0.831265 1 0.912529 1 0.910432 -0.427552 
0.831261 1 0.912527 1 0.91043 -0.427552 
0.831257 1 0.912525 1 0.910428 -0.427551 
0.831254 1 0.912523 1 0.910427 -0.427553 
0.83125 1 0.912522 1 0.910426 -0.427553 
0.831247 1 0.91252 1 0.910424 -0.42755 
0.831244 1 0.912518 1 0.910424 -0.42755 
0.831241 1 0.912516 1 0.910423 -0.427549 
0.831238 1 0.912514 1 0.910421 -0.427547 
0.831235 1 0.912512 1 0.910421 -0.427547 
0.831232 1 0.91251 1 0.91042 -0.427546 
0.831229 1 0.912508 1 0.910419 -0.427547 
0.831226 1 0.912506 1 0.910418 -0.427545 
0.831223 1 0.912504 1 0.910417 -0.427543 
0.83122 1 0.912502 1 0.910416 -0.427542 
0.831218 1 0.9125 1 0.910415 -0.427542 
0.831215 1 0.912498 1 0.910414 -0.427541 
0.831213 1 0.912496 1 0.910413 -0.427542 
0.83121 1 0.912494 1 0.910412 -0.427543 
0.831208 1 0.912492 1 0.910411 -0.427543 
0.831206 1 0.91249 1 0.910411 -0.427542 
0.831204 1 0.912487 1 0.91041 -0.427543 
0.831201 1 0.912485 1 0.910409 -0.427543 
0.831199 1 0.912483 1 0.910408 -0.427543 
0.831197 1 0.912481 1 0.910406 -0.427542 
0.831195 1 0.912479 1 0.910405 -0.427542 
0.831193 1 0.912477 1 0.910405 -0.427542 
0.831191 1 0.912475 1 0.910404 -0.42754 
0.831189 1 0.912473 1 0.910404 -0.42754 
0.831187 1 0.912471 1 0.910403 -0.427541 
0.831185 1 0.912468 1 0.910403 -0.42754 
0.831184 1 0.912466 1 0.910401 -0.42754 
0.831182 1 0.912464 1 0.910401 -0.427539 
0.83118 1 0.912462 1 0.9104 -0.427539 
0.831178 1 0.91246 1 0.910399 -0.427538 
0.831177 1 0.912458 1 0.910398 -0.427538 
0.831175 1 0.912456 1 0.910396 -0.427539 
0.831174 1 0.912454 1 0.910396 -0.427538 
0.831172 1 0.912452 1 0.910395 -0.427537 
0.831171 1 0.91245 1 0.910395 -0.427538 
0.831169 1 0.912448 1 0.910393 -0.427538 
0.831168 1 0.912446 1 0.910392 -0.427538 
0.831166 1 0.912444 1 0.910391 -0.427536 
0.831165 1 0.912442 1 0.910391 -0.427536 
0.831164 1 0.912439 1 0.91039 -0.427535 
0.831163 1 0.912437 1 0.910389 -0.427534 
0.831161 1 0.912435 1 0.910388 -0.427533 
0.83116 1 0.912433 1 0.910387 -0.427532 
0.831159 1 0.912431 1 0.910387 -0.427533 
0.831158 1 0.912429 1 0.910387 -0.427531 
0.831156 1 0.912427 1 0.910386 -0.427531 
0.831155 1 0.912425 1 0.910385 -0.42753 
0.831154 1 0.912422 1 0.910384 -0.42753 
0.831153 1 0.91242 1 0.910384 -0.427529 
0.831152 1 0.912418 1 0.910382 -0.427528 
0.831151 1 0.912416 1 0.910382 -0.427528 
0.83115 1 0.912414 1 0.910382 -0.427527 
0.831149 1 0.912412 1 0.91038 -0.427526 
0.831148 1 0.91241 1 0.91038 -0.427526 
0.831147 1 0.912408 1 0.910379 -0.427525 
0.831146 1 0.912405 1 0.910378 -0.427525 
0.831145 1 0.912403 1 0.910378 -0.427523 
0.831145 1 0.912401 1 0.910377 -0.427524 
0.831144 1 0.912399 1 0.910376 -0.427524 
0.831143 1 0.912397 1 0.910375 -0.427522 
0.831142 1 0.912395 1 0.910375 -0.427521 
0.831142 1 0.912392 1 0.910374 -0.42752 
0.831141 1 0.91239 1 0.910374 -0.427519 
0.83114 1 0.912388 1 0.910374 -0.427519 
0.83114 1 0.912386 1 0.910373 -0.427519 
0.831139 1 0.912384 1 0.910371 -0.427521 
0.831138 1 0.912381 1 0.910371 -0.42752 
0.831138 1 0.91238 1 0.91037 -0.427521 
0.831137 1 0.912378 1 0.910369 -0.427521 
0.831137 1 0.912375 1 0.910368 -0.427522 
0.831136 1 0.912373 1 0.910367 -0.427522 
0.831136 1 0.912371 1 0.910367 -0.427521 
0.831136 1 0.912369 1 0.910366 -0.427522 
0.831135 1 0.912367 1 0.910364 -0.427522 
0.831135 1 0.912365 1 0.910364 -0.42752 
0.831134 1 0.912363 1 0.910363 -0.42752 
0.831134 1 0.912361 1 0.910362 -0.42752 
0.831133 1 0.912359 1 0.910362 -0.427519 
0.831133 1 0.912357 1 0.910361 -0.427517 
0.831132 1 0.912355 1 0.91036 -0.427516 
0.831132 1 0.912352 1 0.910359 -0.427517 
0.831132 1 0.91235 1 0.910359 -0.427515 
0.831132 1 0.912348 1 0.910358 -0.427514 
0.831131 1 0.912346 1 0.910358 -0.427514 
0.831131 1 0.912344 1 0.910356 -0.427514 
0.831131 1 0.912342 1 0.910356 -0.427515 
0.83113 1 0.91234 1 0.910355 -0.427513 
0.83113 1 0.912337 1 0.910355 -0.427512 
0.83113 1 0.912335 1 0.910354 -0.427513 
0.83113 1 0.912333 1 0.910353 -0.427513 
0.83113 1 0.912331 1 0.910352 -0.427511 
0.831129 1 0.912329 1 0.910352 -0.427512 
0.831129 1 0.912327 1 0.910352 -0.427513 
0.831129 1 0.912325 1 0.910351 -0.427511 
0.831129 1 0.912322 1 0.91035 -0.427511 
0.831129 1 0.91232 1 0.91035 -0.427509 
0.831129 1 0.912318 1 0.910349 -0.427509 
0.831128 1 0.912316 1 0.910348 -0.427509 
0.831128 1 0.912314 1 0.910347 -0.42751 
0.831128 1 0.912312 1 0.910346 -0.42751 
0.831128 1 0.91231 1 0.910346 -0.42751 
0.831128 1 0.912308 1 0.910344 -0.427509 
0.831128 1 0.912305 1 0.910343 -0.427509 
0.831128 1 0.912303 1 0.910343 -0.42751 
0.831128 1 0.912301 1 0.910342 -0.427508 
