0.632774 0 0.718831 0 0.718828 0.500001 
0.632969 0 0.719861 0 0.720363 0.498934 
0.633311 0 0.721045 0 0.722295 0.497818 
0.633687 0 0.722358 0 0.724455 0.496635 
0.63426 0 0.724093 0 0.726807 0.495368 
0.634837 0 0.72599 0 0.72933 0.494011 
0.635419 0 0.728076 0 0.732044 0.492561 
0.635996 0 0.730362 0 0.734972 0.491025 
0.636572 0 0.732862 0 0.738128 0.489413 
0.637153 0 0.735583 0 0.741511 0.487739 
0.637738 0 0.738505 0 0.745103 0.486017 
0.638323 0 0.74159 0 0.748875 0.484263 
0.638907 0 0.744803 0 0.752791 0.482491 
0.639498 0 0.748116 0 0.756814 0.480717 
0.640098 0 0.751493 0 0.760909 0.478953 
0.640699 0 0.754897 0 0.765048 0.477212 
0.641302 0 0.758304 0 0.769203 0.475507 
0.641914 0 0.761705 0 0.773355 0.473846 
0.642535 0 0.765085 0 0.777488 0.472239 
0.64316 0 0.768422 0 0.781592 0.470692 
0.643787 0 0.771712 0 0.785656 0.46921 
0.644627 0 0.775515 0 0.789416 0.467797 
0.645581 0 0.779516 0 0.793008 0.466457 
0.646541 0 0.78353 0 0.796427 0.46519 
0.647472 0 0.787479 0 0.799741 0.463998 
0.648542 0 0.791501 0 0.803016 0.46288 
0.649621 0 0.795463 0 0.806213 0.461835 
0.650702 0 0.799353 0 0.809335 0.460863 
0.651785 0 0.803173 0 0.812379 0.459962 
0.652877 0 0.806933 0 0.815347 0.459129 
0.653978 0 0.810632 0 0.81824 0.458364 
0.655081 0 0.814263 0 0.821061 0.457664 
0.656187 0 0.817826 0 0.823809 0.457026 
0.657302 0 0.821333 0 0.826486 0.456447 
0.658427 0 0.824783 0 0.829092 0.455926 
0.659385 0 0.82813 0 0.831513 0.455459 
0.660347 0 0.83142 0 0.833871 0.455044 
0.661346 0 0.834615 0 0.83622 0.454678 
0.662357 0 0.837775 0 0.838483 0.45436 
0.663366 0 0.840888 0 0.840666 0.454085 
0.664288 0 0.843803 0 0.842862 0.453853 
0.665139 0 0.846601 0 0.844984 0.45366 
0.665971 0 0.849306 0 0.847056 0.453504 
0.66685 0 0.852002 0 0.849068 0.453383 
0.667661 0 0.854629 0 0.850993 0.453295 
0.668433 0 0.8572 0 0.852837 0.453237 
0.669263 0 0.85977 0 0.854627 0.453209 
0.670043 0 0.862263 0 0.856363 0.453207 
0.670782 0 0.86469 0 0.858032 0.45323 
0.671493 0 0.86707 0 0.859625 0.453276 
0.672186 0 0.869412 0 0.861149 0.453343 
0.672861 0 0.871711 0 0.862613 0.45343 
0.673524 0 0.87397 0 0.864022 0.453534 
0.674183 0 0.876199 0 0.865376 0.453655 
0.67484 0 0.878395 0 0.866678 0.453791 
0.675488 0 0.880552 0 0.867932 0.453941 
0.676127 0 0.882672 0 0.869137 0.454102 
0.676763 0 0.884764 0 0.870291 0.454274 
0.677398 0 0.886829 0 0.871395 0.454455 
0.678024 0 0.888858 0 0.872452 0.454644 
0.678641 0 0.890855 0 0.873463 0.45484 
0.679257 0 0.892827 0 0.874423 0.455041 
0.679872 0 0.894777 0 0.875334 0.455247 
0.680479 0 0.896694 0 0.876201 0.455455 
0.681078 0 0.898581 0 0.877023 0.455666 
0.681676 0 0.900448 0 0.877795 0.455877 
0.682273 0 0.902295 0 0.878519 0.456088 
0.682863 0 0.904112 0 0.879199 0.456298 
0.683445 0 0.905901 0 0.879834 0.456504 
0.684026 0 0.907673 0 0.88042 0.456707 
0.684607 0 0.909426 0 0.880959 0.456905 
0.685181 0 0.911152 0 0.881454 0.457097 
0.685748 0 0.912852 0 0.881905 0.457282 
0.686314 0 0.914536 0 0.882306 0.457458 
0.68688 0 0.916201 0 0.88266 0.457624 
0.687439 0 0.917841 0 0.882971 0.457779 
0.687992 0 0.919456 0 0.883237 0.457921 
0.688544 0 0.921054 0 0.883454 0.458049 
0.689095 0 0.922635 0 0.883624 0.458161 
0.68964 0 0.924191 0 0.88375 0.458255 
0.690179 0 0.92572 0 0.883832 0.458329 
0.690716 0 0.927233 0 0.883864 0.458381 
0.691039 1 0.927292 0 0.884893 0.458411 
0.691273 1 0.926983 0 0.886598 0.458175 
0.691473 1 0.92653 0 0.888392 0.457635 
0.691688 1 0.926149 0 0.890037 0.456721 
0.691902 1 0.925766 0 0.891663 0.455338 
0.692114 0 0.925384 0 0.893275 0.453374 
0.692325 0 0.924994 0 0.894864 0.451261 
0.692534 0 0.924597 0 0.896433 0.448978 
0.692741 0 0.924193 0 0.897982 0.446506 
0.692947 0 0.923784 0 0.899512 0.44382 
0.693202 0 0.923423 0 0.90096 0.440896 
0.693468 0 0.923101 0 0.902318 0.437706 
0.693741 0 0.922799 0 0.903625 0.434222 
0.694023 0 0.922512 0 0.904892 0.430414 
0.694317 0 0.922243 0 0.906122 0.42625 
0.694629 0 0.921995 0 0.907313 0.421695 
0.69496 0 0.921771 0 0.908465 0.416715 
0.69531 0 0.921572 0 0.909578 0.411272 
0.69568 0 0.921398 0 0.910654 0.405329 
0.696069 0 0.92125 0 0.911692 0.39885 
0.696477 0 0.921127 0 0.912692 0.391797 
0.696904 0 0.921028 0 0.913652 0.384136 
0.697349 0 0.920951 0 0.91457 0.375839 
0.698153 1 0.920621 0 0.915655 0.366887 
0.699087 1 0.920277 0 0.91669 0.356211 
0.699517 1 0.919611 0 0.918131 0.343913 
0.699576 0 0.918476 0 0.91987 0.330202 
0.699406 0 0.917057 0 0.921525 0.316046 
0.700527 0 0.918104 1 0.920886 0.301522 
0.701911 0 0.919448 1 0.92021 0.286906 
0.704005 1 0.91919 0 0.921468 0.272206 
0.70601 1 0.91925 1 0.920434 0.25688 
0.708019 1 0.919258 1 0.920328 0.241302 
0.710078 1 0.919239 1 0.920316 0.22562 
0.712211 1 0.919216 1 0.920292 0.209962 
0.71441 1 0.919193 1 0.920264 0.194419 
0.716661 1 0.919171 1 0.920235 0.17906 
0.718955 1 0.91915 1 0.920204 0.163937 
0.72128 1 0.919128 1 0.920173 0.149083 
0.723629 1 0.919108 1 0.920142 0.134523 
0.725993 1 0.919088 1 0.92011 0.120267 
0.728366 1 0.919068 1 0.920077 0.106325 
0.730743 1 0.919049 1 0.920045 0.0927048 
0.733117 1 0.919031 1 0.920012 0.0793975 
0.735487 1 0.919013 1 0.919979 0.066404 
0.737846 1 0.918996 1 0.919946 0.0537235 
0.740192 1 0.918979 1 0.919913 0.0413535 
0.742523 1 0.918963 1 0.919881 0.0292851 
0.744834 1 0.918948 1 0.919848 0.0175109 
0.747124 1 0.918933 1 0.919816 0.00603246 
0.749392 1 0.918919 1 0.919785 -0.00516421 
0.751634 1 0.918905 1 0.919753 -0.0160804 
0.75385 1 0.918891 1 0.919723 -0.0267277 
0.756038 1 0.918879 1 0.919692 -0.0371078 
0.758197 1 0.918864 1 0.919662 -0.047231 
0.760326 1 0.918851 1 0.919634 -0.0571037 
0.762423 1 0.91884 1 0.919605 -0.0667293 
0.764489 1 0.918828 1 0.919577 -0.0761147 
0.766522 1 0.918817 1 0.919549 -0.0852645 
0.768522 1 0.918808 1 0.919522 -0.0941851 
0.770488 1 0.918798 1 0.919495 -0.102882 
0.77242 1 0.918789 1 0.919469 -0.111364 
0.774317 1 0.91878 1 0.919443 -0.119632 
0.77618 1 0.918771 1 0.919418 -0.127692 
0.778009 1 0.918761 1 0.919394 -0.135553 
0.779802 1 0.918755 1 0.919369 -0.143218 
0.781561 1 0.918747 1 0.919345 -0.150691 
0.783284 1 0.918739 1 0.919322 -0.157975 
0.784936 1 0.918725 1 0.919305 -0.165077 
0.786582 1 0.918588 1 0.919316 -0.172 
0.788199 1 0.91859 1 0.919306 -0.178759 
0.789769 1 0.918619 1 0.919291 -0.185344 
0.7913 1 0.918634 1 0.919271 -0.191765 
0.792791 1 0.918632 1 0.919251 -0.198023 
0.794247 1 0.918629 1 0.91923 -0.204127 
0.79567 1 0.918625 1 0.919208 -0.210077 
0.797058 1 0.918622 1 0.919187 -0.215881 
0.798414 1 0.918619 1 0.919167 -0.221539 
0.799737 1 0.918615 1 0.919146 -0.227054 
0.801028 1 0.918611 1 0.919126 -0.23243 
0.802279 1 0.918592 1 0.919107 -0.237673 
0.803498 1 0.918588 1 0.919084 -0.242785 
0.804709 1 0.918589 1 0.919071 -0.24777 
0.805888 1 0.918589 1 0.91906 -0.252629 
0.807031 1 0.918588 1 0.919045 -0.257366 
0.808141 1 0.918586 1 0.919026 -0.261985 
0.809229 1 0.918554 1 0.919026 -0.266489 
0.810278 1 0.918505 1 0.919041 -0.270882 
0.811289 1 0.918494 1 0.919049 -0.275163 
0.812265 1 0.918501 1 0.919044 -0.279337 
0.813209 1 0.918508 1 0.919027 -0.283407 
0.814125 1 0.918506 1 0.919006 -0.287375 
0.815016 1 0.918496 1 0.918984 -0.291243 
0.815883 1 0.918481 1 0.918963 -0.295016 
0.816727 1 0.918465 1 0.918945 -0.298694 
0.817547 1 0.918449 1 0.918928 -0.30228 
0.818344 1 0.918434 1 0.918912 -0.305777 
0.819117 1 0.918419 1 0.918895 -0.309188 
0.819867 1 0.918406 1 0.918878 -0.312513 
0.820594 1 0.918392 1 0.918859 -0.315754 
0.821299 1 0.918378 1 0.91884 -0.318915 
0.821983 1 0.918361 1 0.918821 -0.321995 
0.822646 1 0.918344 1 0.918801 -0.325001 
0.823288 1 0.918327 1 0.918781 -0.32793 
0.82391 1 0.918309 1 0.91876 -0.330785 
0.824513 1 0.91829 1 0.918739 -0.333569 
0.825097 1 0.91827 1 0.918718 -0.336284 
0.825686 1 0.918272 1 0.918693 -0.33893 
