0.255395 0 0.379325 0 0.379323 0.500001 
0.255187 0 0.382311 0 0.382067 0.498969 
0.255121 0 0.385442 0 0.384936 0.497185 
0.254987 0 0.388652 0 0.387549 0.494143 
0.254835 0 0.391894 0 0.390047 0.489189 
0.2547 0 0.395137 0 0.392493 0.481685 
0.254606 0 0.398323 0 0.394946 0.47128 
0.254516 0 0.401426 0 0.397321 0.458084 
0.25443 0 0.404422 0 0.399596 0.442597 
0.254342 0 0.407282 0 0.401747 0.425476 
0.254254 0 0.409989 0 0.403755 0.407331 
0.254171 0 0.412537 0 0.40561 0.388637 
0.254095 0 0.414915 0 0.407301 0.369724 
0.254019 0 0.417109 0 0.408818 0.350813 
0.253943 0 0.419116 0 0.410158 0.332047 
0.253453 0 0.420217 0 0.411219 0.313516 
0.25297 0 0.421156 0 0.412114 0.295278 
0.252642 0 0.42228 0 0.412783 0.27737 
0.252386 0 0.423383 0 0.413255 0.259813 
0.252173 0 0.424384 0 0.413556 0.242621 
0.251967 0 0.425216 0 0.413695 0.2258 
0.25176 0 0.425874 0 0.413673 0.209352 
0.251554 0 0.426367 0 0.413498 0.193278 
0.251355 0 0.426711 0 0.413181 0.177575 
0.251151 0 0.426903 0 0.412711 0.162239 
0.250932 0 0.426937 0 0.412087 0.147264 
0.250697 0 0.42682 0 0.411319 0.132647 
0.250452 0 0.426565 0 0.41042 0.118379 
0.250196 0 0.426179 0 0.409397 0.104456 
0.249922 0 0.425661 0 0.408254 0.0908705 
0.249631 0 0.42502 0 0.406999 0.0776155 
0.249808 0 0.424567 0 0.406323 0.0646841 
0.250241 0 0.424213 0 0.405889 0.0520694 
0.250799 0 0.42387 0 0.405534 0.0397645 
0.251257 0 0.42343 0 0.404975 0.0277625 
0.251586 0 0.422811 0 0.404259 0.0160565 
0.251821 0 0.422046 0 0.4034 0.00463972 
0.251978 0 0.42116 0 0.402412 -0.00649446 
0.252081 0 0.420182 0 0.401325 -0.0173528 
0.252152 0 0.419142 0 0.400165 -0.0279418 
0.252198 0 0.41805 0 0.398946 -0.0382679 
0.25222 0 0.41691 0 0.397676 -0.0483371 
0.252223 0 0.415729 0 0.396361 -0.0581559 
0.252215 0 0.41452 0 0.395013 -0.06773 
0.252196 0 0.413286 0 0.393632 -0.0770656 
0.252161 0 0.412025 0 0.392221 -0.0861681 
0.252112 0 0.41074 0 0.390782 -0.0950433 
0.252054 0 0.409443 0 0.389324 -0.103697 
0.251989 0 0.408135 0 0.387848 -0.112134 
0.251908 0 0.406811 0 0.386352 -0.120359 
0.252105 0 0.405819 0 0.385106 -0.128378 
0.252487 0 0.405063 0 0.38406 -0.136196 
0.252967 0 0.404424 0 0.383127 -0.143818 
0.253485 0 0.403826 0 0.382242 -0.151247 
0.254014 0 0.403251 0 0.38138 -0.158489 
0.25455 0 0.402703 0 0.380532 -0.165547 
0.255086 0 0.402184 0 0.379696 -0.172426 
0.255616 0 0.401686 0 0.378865 -0.179129 
0.256139 0 0.401209 0 0.378039 -0.185661 
0.25666 0 0.400763 0 0.377223 -0.192025 
0.257025 0 0.400016 0 0.376248 -0.198225 
0.257347 0 0.399096 0 0.375195 -0.204262 
0.257641 0 0.398103 0 0.37414 -0.21014 
0.257934 0 0.397126 0 0.373124 -0.215862 
0.258326 0 0.396258 0 0.372231 -0.221429 
0.258782 0 0.395486 0 0.371422 -0.226843 
0.25928 0 0.394797 0 0.370677 -0.232106 
0.259812 0 0.394186 0 0.369986 -0.237218 
0.260366 0 0.393643 0 0.369338 -0.242179 
0.26093 0 0.393157 0 0.368724 -0.246988 
0.261499 0 0.392727 0 0.368143 -0.251644 
0.262078 0 0.39236 0 0.367597 -0.256145 
0.262663 0 0.392055 0 0.367085 -0.260488 
0.263109 0 0.391612 0 0.366491 -0.264667 
0.26346 0 0.39105 0 0.365852 -0.268678 
0.263755 0 0.390433 0 0.365209 -0.272512 
0.264019 0 0.389812 0 0.364588 -0.276161 
0.264263 0 0.389214 0 0.364001 -0.279615 
0.264495 0 0.388654 0 0.363457 -0.282861 
0.264725 0 0.388145 0 0.362963 -0.285885 
0.264954 0 0.387686 0 0.362521 -0.288672 
0.265174 0 0.387275 0 0.36213 -0.291204 
0.265387 0 0.386914 0 0.361796 -0.293461 
0.265601 0 0.386616 0 0.361527 -0.295424 
0.265813 0 0.386387 0 0.361329 -0.297072 
0.266018 0 0.386224 0 0.361202 -0.298383 
0.266217 0 0.386134 0 0.361152 -0.299336 
0.266418 0 0.38613 0 0.361188 -0.299912 
0.266618 0 0.386215 0 0.361314 -0.300092 
0.266812 0 0.386386 0 0.36153 -0.299858 
0.267001 0 0.386648 0 0.36184 -0.299197 
0.267105 0 0.386874 0 0.362158 -0.298097 
0.267164 0 0.387143 0 0.362513 -0.296548 
0.267213 0 0.387507 0 0.362968 -0.294542 
0.267256 0 0.38799 0 0.36353 -0.292074 
0.267372 0 0.388661 0 0.364262 -0.289138 
0.267543 0 0.389519 0 0.365157 -0.285727 
0.2677 0 0.390489 0 0.366122 -0.281836 
0.267846 0 0.391561 0 0.367183 -0.277456 
0.267991 0 0.39275 0 0.368359 -0.272577 
0.268135 0 0.394066 0 0.369661 -0.267188 
0.268275 0 0.395509 0 0.37109 -0.26128 
0.268412 0 0.397083 0 0.372653 -0.254843 
0.268554 0 0.398797 0 0.374355 -0.247871 
0.268697 0 0.400653 0 0.376196 -0.24036 
0.268837 0 0.402641 0 0.378174 -0.232317 
0.268974 0 0.404763 0 0.380289 -0.223751 
0.269115 0 0.407023 0 0.382541 -0.214681 
0.26926 0 0.409412 0 0.384924 -0.205134 
0.269401 0 0.411919 0 0.387428 -0.195143 
0.269541 0 0.414533 0 0.390044 -0.184746 
0.269687 0 0.417253 0 0.392768 -0.173987 
0.269837 0 0.420063 0 0.395586 -0.162911 
0.269985 0 0.422945 0 0.398483 -0.151566 
0.270134 0 0.425887 0 0.401448 -0.139999 
0.27029 0 0.428881 0 0.404472 -0.128257 
0.270452 0 0.431912 0 0.407541 -0.116383 
0.270615 0 0.434961 0 0.41064 -0.104422 
0.270782 0 0.438015 0 0.413759 -0.0924101 
0.27096 0 0.44107 0 0.416892 -0.0803853 
0.271148 0 0.444111 0 0.420026 -0.0683798 
0.271343 0 0.447122 0 0.42315 -0.0564231 
0.271547 0 0.450092 0 0.426256 -0.0445416 
0.271769 0 0.453021 0 0.429343 -0.0327583 
0.272009 0 0.455898 0 0.432403 -0.0210936 
0.272264 0 0.45871 0 0.435427 -0.00956449 
0.272536 0 0.461453 0 0.438415 0.00181416 
0.272833 0 0.464131 0 0.441367 0.01303 
0.273155 0 0.466739 0 0.44428 0.0240725 
0.273496 0 0.469271 0 0.447152 0.034933 
0.273857 0 0.471728 0 0.449982 0.0456036 
0.274243 0 0.474119 0 0.452774 0.0560774 
0.274651 0 0.476446 0 0.455528 0.0663487 
0.275072 0 0.478702 0 0.458238 0.0764119 
0.275504 0 0.480889 0 0.460906 0.0862623 
0.275952 0 0.483017 0 0.463533 0.0958955 
0.276411 0 0.485084 0 0.466117 0.105308 
0.276872 0 0.487083 0 0.468654 0.114496 
0.277335 0 0.489014 0 0.471142 0.123457 
0.277803 0 0.490884 0 0.473584 0.132189 
0.278592 0 0.493337 0 0.476589 0.140688 
0.279486 0 0.495787 0 0.479611 0.148952 
0.280516 0 0.498141 0 0.482665 0.156978 
0.281549 0 0.500429 0 0.485661 0.164763 
0.282585 0 0.502648 0 0.488597 0.172303 
0.283618 0 0.504791 0 0.49147 0.179594 
0.284648 0 0.506861 0 0.494282 0.18663 
0.285682 0 0.508864 0 0.497037 0.193405 
0.286719 0 0.5108 0 0.499735 0.199911 
0.287753 0 0.51266 0 0.50237 0.206139 
0.288784 0 0.514446 0 0.504945 0.212077 
0.28982 0 0.516164 0 0.507464 0.217713 
0.290859 0 0.517813 0 0.509923 0.223032 
0.291895 0 0.519383 0 0.512319 0.228016 
0.292928 0 0.520874 0 0.51465 0.232646 
0.293967 0 0.522292 0 0.516921 0.2369 
0.295009 0 0.523636 0 0.519127 0.240754 
0.296047 0 0.524893 0 0.521263 0.244183 
0.297084 0 0.526063 0 0.523328 0.247158 
0.29788 0 0.52696 0 0.525195 0.249654 
0.298679 0 0.527769 0 0.526988 0.251641 
0.299475 0 0.528479 0 0.5287 0.253097 
0.300108 0 0.52894 0 0.530267 0.253998 
0.300745 0 0.529308 0 0.531753 0.254329 
0.301384 0 0.529582 0 0.533159 0.254082 
0.302019 0 0.529754 0 0.53448 0.253256 
0.302649 0 0.529829 0 0.535718 0.251864 
0.303354 0 0.529764 0 0.536872 0.249932 
0.304114 0 0.529814 0 0.537984 0.247498 
0.304916 0 0.52987 0 0.539036 0.244616 
0.305749 0 0.529907 0 0.540024 0.241351 
0.306585 0 0.529893 0 0.540974 0.237781 
0.307423 0 0.529839 0 0.541896 0.23399 
0.308256 0 0.529748 0 0.542798 0.23006 
0.309084 0 0.529634 0 0.543692 0.226068 
0.309917 0 0.5297 0 0.543978 0.222078 
0.310793 0 0.529756 0 0.54421 0.218136 
0.311742 0 0.52991 0 0.544483 0.214265 
0.312725 0 0.530077 0 0.544843 0.210474 
0.313711 0 0.530258 0 0.545217 0.206754 
0.3147 0 0.53045 0 0.545601 0.203086 
0.315685 0 0.530643 0 0.545989 0.199445 
0.316667 0 0.530833 0 0.546378 0.195803 
0.317653 0 0.531027 0 0.54677 0.192129 
0.318673 0 0.531235 0 0.547219 0.188396 
0.319708 0 0.531441 0 0.547695 0.18458 
0.320746 0 0.531633 0 0.548175 0.180657 
0.321867 0 0.531979 0 0.54854 0.17661 
0.322978 0 0.532263 0 0.54886 0.172424 
0.324072 0 0.532502 0 0.549123 0.16809 
0.32515 0 0.532698 0 0.54933 0.1636 
0.326219 0 0.532859 0 0.549489 0.15895 
0.327275 0 0.53298 0 0.549598 0.154142 
0.328312 0 0.533049 0 0.549648 0.149177 
0.32933 0 0.533064 0 0.549639 0.144061 
0.330335 0 0.533033 0 0.549573 0.138801 
0.331325 0 0.532955 0 0.549447 0.133406 
0.332295 0 0.532822 0 0.549259 0.127888 
0.333245 0 0.532636 0 0.54901 0.122256 
0.334184 0 0.532407 0 0.548708 0.116523 
0.33511 0 0.532136 0 0.548354 0.110699 
0.336018 0 0.531815 0 0.547944 0.104796 
0.336908 0 0.531448 0 0.547482 0.0988253 
0.337788 0 0.531044 0 0.546974 0.0927955 
0.338658 0 0.530604 0 0.546422 0.0867152 
0.339512 0 0.53012 0 0.545821 0.0805915 
0.34035 0 0.529595 0 0.545174 0.0744295 
0.341181 0 0.529039 0 0.544487 0.0682328 
0.342005 0 0.528451 0 0.54376 0.0620029 
0.342817 0 0.527826 0 0.54299 0.0557398 
0.343617 0 0.52716 0 0.542177 0.0494416 
0.344429 0 0.526479 0 0.541335 0.0431049 
0.345229 0 0.525759 0 0.540453 0.0367254 
0.34606 0 0.525034 0 0.539547 0.0302985 
0.346862 0 0.524252 0 0.538598 0.0238194 
0.347728 0 0.523524 0 0.537623 0.0172846 
0.348554 0 0.522709 0 0.536619 0.0106923 
0.349423 0 0.521921 0 0.535574 0.00404278 
0.350239 0 0.521029 0 0.53449 -0.00266035 
0.3511 0 0.520164 0 0.533367 -0.00941084 
0.351912 0 0.519211 0 0.532211 -0.0161992 
0.352748 0 0.518256 0 0.531004 -0.0230131 
0.35354 0 0.51724 0 0.529786 -0.0298388 
0.354363 0 0.516252 0 0.528548 -0.0366603 
0.355149 0 0.515214 0 0.527295 -0.0434616 
0.355945 0 0.51418 0 0.526017 -0.050226 
0.3567 0 0.513107 0 0.524732 -0.0569376 
0.35747 0 0.512062 0 0.523447 -0.0635809 
0.358209 0 0.511001 0 0.522165 -0.0701414 
0.358947 0 0.509958 0 0.520886 -0.0766058 
0.359655 0 0.508909 0 0.519615 -0.0829619 
0.360348 0 0.507873 0 0.518356 -0.0891982 
0.361036 0 0.506864 0 0.517109 -0.0953048 
0.361708 0 0.505881 0 0.515894 -0.101272 
0.362364 0 0.504926 0 0.514703 -0.107093 
0.363013 0 0.504007 0 0.513543 -0.112758 
0.363653 0 0.503126 0 0.512415 -0.118262 
0.364279 0 0.502281 0 0.511319 -0.123599 
0.364892 0 0.501475 0 0.510259 -0.128762 
0.365499 0 0.500719 0 0.509242 -0.133747 
0.366099 0 0.500013 0 0.508268 -0.13855 
0.366685 0 0.499351 0 0.507333 -0.143166 
0.367258 0 0.498734 0 0.506439 -0.147593 
0.367824 0 0.498174 0 0.505592 -0.151826 
0.368383 0 0.497667 0 0.504791 -0.155864 
0.368927 0 0.497208 0 0.504031 -0.159705 
0.369456 0 0.496799 0 0.503313 -0.163347 
0.369979 0 0.496446 0 0.502643 -0.16679 
0.370492 0 0.49615 0 0.502018 -0.170035 
0.370989 0 0.495901 0 0.501432 -0.173082 
0.371471 0 0.4957 0 0.500887 -0.175933 
0.371944 0 0.495554 0 0.500384 -0.178591 
0.372407 0 0.49546 0 0.499922 -0.18106 
0.372851 0 0.49541 0 0.499493 -0.183347 
0.373277 0 0.495401 0 0.499095 -0.185457 
0.373693 0 0.495438 0 0.49873 -0.1874 
0.374094 0 0.495519 0 0.498394 -0.189185 
0.374474 0 0.49563 0 0.498077 -0.190824 
0.374833 0 0.495768 0 0.497776 -0.192332 
0.375175 0 0.495938 0 0.49749 -0.193724 
0.375499 0 0.49613 0 0.497212 -0.195018 
0.375795 0 0.496332 0 0.49693 -0.196235 
0.376063 0 0.496537 0 0.496638 -0.197398 
0.376308 0 0.496746 0 0.496333 -0.198531 
0.376526 0 0.496947 0 0.496003 -0.199661 
0.376706 0 0.497124 0 0.495635 -0.200819 
0.376849 0 0.497268 0 0.49522 -0.202034 
0.376956 0 0.497377 0 0.494751 -0.203338 
0.377023 0 0.497437 0 0.494216 -0.204765 
0.377041 0 0.497431 0 0.4936 -0.206346 
0.377008 0 0.49735 0 0.492894 -0.208108 
0.376927 0 0.497192 0 0.492092 -0.210078 
0.376903 0 0.497024 0 0.491204 -0.212275 
0.376707 0 0.496682 0 0.490277 -0.214709 
0.377052 0 0.497524 0 0.490182 -0.217383 
0.37761 0 0.498482 0 0.490188 -0.220289 
0.378 0 0.498716 0 0.48973 -0.223413 
0.378177 0 0.498334 0 0.488941 -0.226732 
0.378207 0 0.497612 0 0.487982 -0.230221 
0.378161 0 0.496783 0 0.486958 -0.23385 
0.378117 0 0.495945 0 0.485919 -0.237591 
0.378071 0 0.4951 0 0.484869 -0.241415 
0.378023 0 0.494253 0 0.483814 -0.245296 
0.377979 0 0.493419 0 0.482765 -0.249209 
0.377939 0 0.492601 0 0.481725 -0.253134 
0.377895 0 0.491798 0 0.480693 -0.257051 
0.377849 0 0.491012 0 0.479676 -0.260945 
0.377808 0 0.490256 0 0.47868 -0.2648 
0.377769 0 0.48953 0 0.477705 -0.268605 
0.377675 0 0.488693 0 0.476698 -0.272349 
0.377531 0 0.487752 0 0.475664 -0.276022 
0.377353 0 0.486754 0 0.474624 -0.279614 
0.377151 0 0.485736 0 0.473594 -0.283118 
0.376927 0 0.484715 0 0.472578 -0.286524 
0.376688 0 0.483699 0 0.471582 -0.289825 
0.376442 0 0.482696 0 0.470613 -0.29301 
0.376188 0 0.481703 0 0.469671 -0.29607 
0.37592 0 0.480712 0 0.468755 -0.298994 
0.375641 0 0.479728 0 0.467869 -0.301769 
0.375355 0 0.478762 0 0.46702 -0.304379 
0.375063 0 0.477817 0 0.466212 -0.306808 
0.374759 0 0.476892 0 0.465446 -0.309034 
0.374443 0 0.475991 0 0.464728 -0.311034 
0.374305 0 0.47559 0 0.464273 -0.312779 
0.374252 0 0.475344 0 0.463957 -0.314238 
0.37419 0 0.475108 0 0.463719 -0.315372 
0.374119 0 0.474919 0 0.463568 -0.316139 
0.374048 0 0.47481 0 0.463517 -0.316489 
0.373973 0 0.474796 0 0.463576 -0.316368 
0.373589 0 0.474494 0 0.463597 -0.315714 
0.373017 0 0.474042 0 0.463643 -0.314462 
0.372235 0 0.473553 0 0.463716 -0.312538 
0.37131 0 0.473137 0 0.463889 -0.309872 
0.370379 0 0.47292 0 0.464255 -0.306391 
0.369638 0 0.472958 0 0.464992 -0.302027 
0.369024 0 0.47326 0 0.46607 -0.296726 
0.368409 0 0.473808 0 0.467385 -0.290447 
0.367786 0 0.474601 0 0.468943 -0.283171 
0.367158 0 0.475642 0 0.470747 -0.274905 
0.366628 0 0.476906 0 0.472877 -0.265681 
0.366341 0 0.478977 0 0.475097 -0.255556 
0.366211 0 0.481442 0 0.477567 -0.244611 
0.36616 0 0.484116 0 0.480247 -0.23294 
0.366175 0 0.486937 0 0.483178 -0.22065 
0.366214 0 0.489927 0 0.486215 -0.207851 
0.366276 0 0.493036 0 0.489365 -0.19465 
0.36636 0 0.496226 0 0.492607 -0.181148 
0.366471 0 0.499466 0 0.495919 -0.167441 
0.366606 0 0.502726 0 0.499275 -0.15361 
0.366759 0 0.505978 0 0.502652 -0.139728 
0.366931 0 0.509208 0 0.506034 -0.125859 
0.367128 0 0.512412 0 0.509414 -0.112054 
0.367348 0 0.515579 0 0.512779 -0.0983581 
0.367584 0 0.518695 0 0.516116 -0.0848082 
0.367834 0 0.521757 0 0.519419 -0.0714343 
0.368103 0 0.524768 0 0.522685 -0.0582606 
0.368387 0 0.527723 0 0.525908 -0.0453066 
0.368678 0 0.530612 0 0.529079 -0.032587 
0.368975 0 0.533434 0 0.532195 -0.020114 
0.369282 0 0.536194 0 0.535258 -0.00789646 
0.369596 0 0.538888 0 0.538263 0.00405926 
0.369909 0 0.541508 0 0.541204 0.0157483 
0.370222 0 0.544053 0 0.544081 0.0271676 
0.370539 0 0.546531 0 0.546896 0.0383148 
0.370858 0 0.548938 0 0.549647 0.0491888 
0.371173 0 0.551266 0 0.55233 0.0597885 
0.371484 0 0.553517 0 0.554946 0.0701137 
0.371797 0 0.555698 0 0.557498 0.0801644 
0.37211 0 0.557807 0 0.559985 0.0899402 
0.372416 0 0.559837 0 0.562403 0.0994412 
0.372717 0 0.561788 0 0.564754 0.108667 
0.373019 0 0.563669 0 0.567041 0.117617 
0.37332 0 0.565479 0 0.569264 0.126292 
0.373614 0 0.567209 0 0.57142 0.134689 
0.373901 0 0.568862 0 0.573509 0.142807 
0.374188 0 0.570445 0 0.575537 0.150647 
0.374474 0 0.571958 0 0.577502 0.158206 
0.374752 0 0.573393 0 0.579401 0.165486 
0.375024 0 0.574753 0 0.581238 0.172487 
0.375295 0 0.576047 0 0.583017 0.179213 
0.375717 0 0.577573 0 0.585149 0.185672 
0.37624 0 0.579166 0 0.587343 0.191875 
0.376811 0 0.580715 0 0.589483 0.19784 
0.377427 0 0.582235 0 0.591578 0.203595 
0.378049 0 0.583724 0 0.593642 0.209171 
0.378671 0 0.585182 0 0.595681 0.21461 
0.379294 0 0.58662 0 0.597705 0.219952 
0.380054 0 0.588225 0 0.5998 0.225237 
0.380955 0 0.589979 0 0.60199 0.230495 
0.381981 0 0.591865 0 0.604277 0.235747 
0.383119 0 0.593871 0 0.606661 0.240999 
0.384356 0 0.595985 0 0.609137 0.246248 
0.385668 0 0.598187 0 0.611692 0.251485 
0.387029 0 0.600449 0 0.614312 0.256699 
0.388313 0 0.602735 0 0.616832 0.261877 
0.389551 0 0.605014 0 0.61931 0.267005 
0.390754 0 0.60728 0 0.621776 0.272073 
0.391924 0 0.609534 0 0.624244 0.27707 
0.393067 0 0.611784 0 0.626726 0.281988 
0.394193 0 0.614046 0 0.629231 0.28682 
0.395301 0 0.616319 0 0.631757 0.291559 
0.396385 0 0.618597 0 0.634301 0.296202 
0.397447 0 0.620878 0 0.636863 0.300743 
0.398495 0 0.623169 0 0.639445 0.305179 
0.399527 0 0.625467 0 0.642041 0.309508 
0.400537 0 0.627758 0 0.644643 0.313727 
0.401528 0 0.63004 0 0.647247 0.317834 
0.402507 0 0.632317 0 0.649853 0.321828 
0.403474 0 0.634581 0 0.652452 0.325706 
0.404422 0 0.636819 0 0.655035 0.329468 
0.405353 0 0.639027 0 0.657598 0.333112 
0.406275 0 0.641209 0 0.660139 0.336638 
0.407187 0 0.643358 0 0.662653 0.340044 
0.408082 0 0.645462 0 0.665131 0.343329 
0.408963 0 0.647518 0 0.66757 0.346491 
0.409836 0 0.649531 0 0.669971 0.349531 
0.410701 0 0.651498 0 0.672331 0.352446 
0.41155 0 0.653407 0 0.674642 0.355236 
0.412387 0 0.655257 0 0.676903 0.3579 
0.413217 0 0.657055 0 0.679118 0.360435 
0.41404 0 0.658799 0 0.681285 0.362841 
0.414849 0 0.660479 0 0.683396 0.365117 
0.415646 0 0.662096 0 0.685455 0.367261 
0.416438 0 0.663657 0 0.687463 0.369272 
0.417223 0 0.66516 0 0.689421 0.371148 
0.417996 0 0.666599 0 0.691324 0.372889 
0.418756 0 0.667972 0 0.693172 0.374493 
0.419512 0 0.66929 0 0.694972 0.37596 
0.420262 0 0.670551 0 0.696723 0.377288 
0.420999 0 0.671747 0 0.69842 0.378476 
0.421725 0 0.67288 0 0.700065 0.379523 
0.422446 0 0.67396 0 0.701664 0.38043 
0.423162 0 0.674985 0 0.703217 0.381196 
0.423865 0 0.675947 0 0.704719 0.381819 
0.424556 0 0.676849 0 0.706173 0.382302 
0.425244 0 0.6777 0 0.707585 0.382643 
0.425925 0 0.6785 0 0.708954 0.382843 
0.426594 0 0.67924 0 0.710276 0.382902 
0.427251 0 0.679922 0 0.711553 0.382823 
0.427904 0 0.680556 0 0.712792 0.382605 
0.428387 0 0.681356 0 0.713456 0.382251 
0.428726 0 0.682197 0 0.713733 0.381761 
0.428952 0 0.682685 0 0.713965 0.381138 
0.429164 0 0.683018 0 0.714231 0.380382 
0.429376 0 0.683292 0 0.714493 0.379495 
0.429582 0 0.683521 0 0.714732 0.37848 
0.429786 0 0.683712 0 0.714948 0.377339 
0.429998 0 0.68388 0 0.715151 0.376073 
0.430218 0 0.684025 0 0.715342 0.374687 
0.430441 0 0.68414 0 0.71552 0.373181 
0.430668 0 0.684229 0 0.715687 0.37156 
0.430909 0 0.684302 0 0.71585 0.369826 
0.431161 0 0.68436 0 0.716009 0.367983 
0.431419 0 0.684394 0 0.716159 0.366033 
0.431685 0 0.684407 0 0.716304 0.36398 
0.43195 0 0.68447 0 0.71633 0.361827 
0.432205 0 0.684541 0 0.716277 0.359578 
0.432452 0 0.684602 0 0.716172 0.357236 
0.432697 0 0.684652 0 0.71604 0.354803 
0.432952 0 0.684697 0 0.715897 0.352284 
0.433215 0 0.684731 0 0.715742 0.34968 
0.433477 0 0.684743 0 0.715564 0.346995 
0.433738 0 0.684732 0 0.715361 0.344231 
0.434005 0 0.684708 0 0.715138 0.341391 
0.434275 0 0.684669 0 0.714892 0.338476 
0.434543 0 0.684609 0 0.714619 0.335487 
0.434809 0 0.684527 0 0.71432 0.332427 
0.435082 0 0.684434 0 0.714003 0.329296 
0.43536 0 0.684328 0 0.713667 0.326094 
0.435637 0 0.684201 0 0.713305 0.32282 
0.435915 0 0.684053 0 0.712918 0.319475 
0.436199 0 0.683893 0 0.712512 0.316055 
0.43649 0 0.68372 0 0.712085 0.312558 
0.436781 0 0.683523 0 0.71163 0.308981 
0.437073 0 0.683303 0 0.711147 0.305321 
0.437373 0 0.683068 0 0.710642 0.30157 
0.437681 0 0.682815 0 0.71011 0.297723 
0.43799 0 0.682535 0 0.709545 0.293774 
0.438302 0 0.682226 0 0.708946 0.289712 
0.438624 0 0.681894 0 0.708316 0.285528 
0.438955 0 0.681537 0 0.707651 0.281211 
0.43929 0 0.681143 0 0.706941 0.27675 
0.439628 0 0.680709 0 0.706184 0.272131 
0.439979 0 0.680241 0 0.705382 0.26734 
0.440341 0 0.679732 0 0.70453 0.262364 
0.440708 0 0.679172 0 0.703617 0.257187 
0.441081 0 0.678556 0 0.70264 0.251796 
0.441468 0 0.677889 0 0.7016 0.246178 
0.441867 0 0.677164 0 0.700491 0.240321 
0.442272 0 0.676371 0 0.699304 0.234217 
0.442684 0 0.675506 0 0.698036 0.227862 
0.443109 0 0.674575 0 0.696692 0.221253 
0.443546 0 0.673576 0 0.695268 0.214393 
0.443988 0 0.672499 0 0.69376 0.207292 
0.444434 0 0.671347 0 0.692169 0.199961 
0.444891 0 0.670129 0 0.690504 0.192419 
0.445357 0 0.668849 0 0.688769 0.184685 
0.445824 0 0.667501 0 0.686963 0.176784 
0.446292 0 0.666092 0 0.685092 0.168743 
0.446766 0 0.664637 0 0.683171 0.160589 
0.447245 0 0.663141 0 0.681205 0.152349 
0.447721 0 0.661603 0 0.679197 0.144052 
0.448193 0 0.660032 0 0.677155 0.135726 
0.448668 0 0.658442 0 0.675094 0.127396 
0.449144 0 0.656841 0 0.673019 0.119086 
0.449613 0 0.655227 0 0.670933 0.110819 
0.450075 0 0.653607 0 0.668843 0.102617 
0.450538 0 0.651998 0 0.666763 0.0944987 
0.450998 0 0.650402 0 0.664695 0.086482 
0.451449 0 0.648819 0 0.662642 0.078583 
0.451892 0 0.647254 0 0.660608 0.0708162 
0.452333 0 0.64572 0 0.658604 0.0631949 
0.45277 0 0.644221 0 0.656632 0.0557307 
0.453196 0 0.642753 0 0.654691 0.0484345 
0.453612 0 0.641321 0 0.652785 0.0413157 
0.454025 0 0.639936 0 0.650921 0.0343831 
0.454432 0 0.638599 0 0.6491 0.0276442 
0.454828 0 0.637307 0 0.64732 0.0211056 
0.455212 0 0.636063 0 0.645583 0.0147736 
0.455268 0 0.634438 0 0.643427 0.00865316 
0.455084 0 0.632527 0 0.641011 0.00274798 
0.454768 0 0.630477 0 0.638501 -0.00293881 
0.45439 0 0.628405 0 0.636001 -0.00840545 
0.454123 0 0.626473 0 0.633644 -0.0136505 
0.453955 0 0.624702 0 0.63144 -0.0186734 
0.453855 0 0.623068 0 0.629373 -0.0234739 
0.453934 0 0.622189 0 0.627915 -0.0280527 
0.45412 0 0.621599 0 0.626696 -0.0324096 
0.454307 0 0.621083 0 0.625543 -0.0365449 
0.454567 0 0.620475 0 0.624397 -0.0404594 
0.454917 0 0.620029 0 0.623511 -0.0441554 
0.455326 0 0.61971 0 0.622775 -0.0476348 
0.45576 0 0.619478 0 0.622128 -0.0509002 
0.45619 0 0.619315 0 0.62154 -0.0539548 
0.456398 0 0.618962 0 0.620776 -0.0568023 
0.456447 0 0.618437 0 0.619884 -0.059447 
0.456385 0 0.617809 0 0.618927 -0.0618941 
0.456244 0 0.617141 0 0.617955 -0.0641489 
0.456053 0 0.616476 0 0.617 -0.0662175 
0.455835 0 0.615838 0 0.616076 -0.0681063 
0.455597 0 0.615224 0 0.615184 -0.0698215 
0.455339 0 0.614623 0 0.61432 -0.0713701 
0.455065 0 0.614034 0 0.613482 -0.0727586 
0.454783 0 0.613462 0 0.612677 -0.0739941 
0.454494 0 0.612906 0 0.611902 -0.0750836 
0.454192 0 0.612359 0 0.611155 -0.0760343 
0.453879 0 0.611821 0 0.610435 -0.0768534 
0.453683 0 0.611481 0 0.609966 -0.0775478 
0.453553 0 0.61126 0 0.609632 -0.0781245 
0.453451 0 0.61109 0 0.609361 -0.0785899 
0.453359 0 0.61095 0 0.609129 -0.0789507 
0.453279 0 0.610844 0 0.608937 -0.0792131 
0.453208 0 0.610772 0 0.608785 -0.0793836 
0.453137 0 0.610725 0 0.608668 -0.0794687 
0.453128 0 0.610716 0 0.608533 -0.0794744 
0.453155 0 0.610757 0 0.608413 -0.0794074 
0.453251 0 0.610869 0 0.608349 -0.079274 
0.45338 0 0.611038 0 0.60833 -0.0790807 
0.453527 0 0.611256 0 0.60835 -0.0788341 
0.453689 0 0.611523 0 0.608408 -0.0785404 
0.453861 0 0.611832 0 0.608496 -0.0782061 
0.454036 0 0.612172 0 0.608608 -0.0778379 
0.454212 0 0.612541 0 0.608739 -0.0774423 
0.454397 0 0.612942 0 0.608889 -0.0770263 
0.454588 0 0.613372 0 0.609053 -0.0765968 
0.454704 0 0.613681 0 0.609128 -0.076161 
0.454775 0 0.613898 0 0.60915 -0.0757267 
0.454827 0 0.614073 0 0.609154 -0.0753022 
0.454839 0 0.614206 0 0.60915 -0.0748962 
0.454861 0 0.614337 0 0.609139 -0.0745179 
0.454889 0 0.61447 0 0.609128 -0.0741768 
0.454926 0 0.614605 0 0.609114 -0.0738834 
0.454968 0 0.614729 0 0.609086 -0.0736481 
0.455006 0 0.614828 0 0.609036 -0.073483 
0.45504 0 0.614897 0 0.60896 -0.0734004 
0.455077 0 0.614938 0 0.60886 -0.0734137 
0.455114 0 0.614946 0 0.608729 -0.073537 
0.455147 0 0.614909 0 0.60856 -0.073786 
0.455175 0 0.614825 0 0.608351 -0.0741772 
0.455207 0 0.614697 0 0.6081 -0.0747284 
0.455239 0 0.614516 0 0.607799 -0.0754586 
0.455268 0 0.614271 0 0.607441 -0.0763881 
0.455293 0 0.613958 0 0.607019 -0.0775381 
0.455321 0 0.613576 0 0.606533 -0.0789308 
0.455352 0 0.613119 0 0.605973 -0.0805888 
0.455378 0 0.612573 0 0.60533 -0.0825344 
0.455401 0 0.611933 0 0.604602 -0.0847885 
0.455428 0 0.611202 0 0.603784 -0.0873698 
0.455458 0 0.610374 0 0.602874 -0.0902929 
0.455483 0 0.609441 0 0.601866 -0.0935668 
0.455506 0 0.608402 0 0.60076 -0.0971934 
0.455533 0 0.607269 0 0.599563 -0.101166 
0.455563 0 0.606043 0 0.598279 -0.105471 
0.455589 0 0.604726 0 0.596911 -0.110083 
0.455613 0 0.603327 0 0.59547 -0.114973 
0.455641 0 0.601864 0 0.59397 -0.120106 
0.455672 0 0.600346 0 0.592421 -0.125444 
0.455699 0 0.598777 0 0.590831 -0.13095 
0.455723 0 0.59717 0 0.589212 -0.136584 
0.455751 0 0.595541 0 0.587577 -0.142314 
0.455782 0 0.593897 0 0.585934 -0.148107 
0.455808 0 0.592239 0 0.584288 -0.153934 
0.455831 0 0.590575 0 0.582647 -0.159772 
0.455857 0 0.588918 0 0.58102 -0.165598 
0.455884 0 0.58727 0 0.57941 -0.171395 
0.455906 0 0.585629 0 0.577818 -0.177147 
0.455922 0 0.583997 0 0.576249 -0.182841 
0.455938 0 0.582384 0 0.574707 -0.188466 
0.455953 0 0.58079 0 0.573192 -0.194012 
0.455958 0 0.579208 0 0.571703 -0.199472 
0.455954 0 0.577638 0 0.57024 -0.204839 
0.455944 0 0.576088 0 0.568808 -0.210106 
0.455925 0 0.574554 0 0.567402 -0.215267 
0.455889 0 0.573027 0 0.566019 -0.220318 
0.455832 0 0.571504 0 0.564658 -0.225253 
0.455759 0 0.569991 0 0.563322 -0.230065 
0.455664 0 0.568482 0 0.562006 -0.234747 
0.455537 0 0.566966 0 0.560707 -0.239292 
0.455375 0 0.56544 0 0.559425 -0.243689 
0.45518 0 0.563909 0 0.558164 -0.247923 
0.454947 0 0.56237 0 0.556926 -0.251976 
0.454665 0 0.560813 0 0.555713 -0.255823 
0.454334 0 0.559242 0 0.554534 -0.259427 
0.453955 0 0.557667 0 0.553407 -0.26274 
0.453789 0 0.55637 0 0.552431 -0.26569 
0.453768 0 0.55535 0 0.551672 -0.268178 
0.453843 0 0.55458 0 0.55114 -0.270062 
0.453987 0 0.554051 0 0.550847 -0.271152 
0.454175 0 0.553783 0 0.550822 -0.271207 
0.454387 0 0.553818 0 0.551119 -0.269944 
0.454618 0 0.554218 0 0.551803 -0.267083 
0.45487 0 0.555045 0 0.55293 -0.262412 
0.455141 0 0.556322 0 0.554522 -0.255848 
0.45542 0 0.558032 0 0.556564 -0.247466 
0.455707 0 0.560133 0 0.559013 -0.237473 
0.456006 0 0.562574 0 0.561812 -0.226149 
0.456314 0 0.565284 0 0.564891 -0.213792 
0.456623 0 0.568193 0 0.568185 -0.20068 
0.456932 0 0.571247 0 0.571637 -0.18705 
0.457247 0 0.574405 0 0.575205 -0.173094 
0.457564 0 0.577629 0 0.578851 -0.158963 
0.457877 0 0.58088 0 0.58254 -0.144774 
0.458186 0 0.584135 0 0.586249 -0.130615 
0.458497 0 0.587382 0 0.589963 -0.116553 
0.458809 0 0.590604 0 0.593666 -0.10264 
0.459113 0 0.593782 0 0.597342 -0.0889126 
0.459411 0 0.596907 0 0.600983 -0.0753991 
0.45974 0 0.600128 0 0.604913 -0.0621202 
0.460107 0 0.603352 0 0.608892 -0.0490898 
0.46048 0 0.606468 0 0.612793 -0.0363176 
0.46085 0 0.609471 0 0.616606 -0.0238097 
0.461227 0 0.612409 0 0.620364 -0.0115684 
0.46161 0 0.61528 0 0.624062 0.000406689 
0.461992 0 0.618076 0 0.6277 0.0121187 
0.462375 0 0.620798 0 0.631277 0.0235736 
0.462723 0 0.623477 0 0.634794 0.0347799 
0.463079 0 0.626106 0 0.638248 0.0457481 
0.463582 0 0.628796 0 0.641684 0.0564909 
0.464211 0 0.631561 0 0.645137 0.0670212 
0.464956 0 0.634402 0 0.648601 0.0773515 
0.465801 0 0.637298 0 0.652064 0.0874918 
0.466727 0 0.640232 0 0.655514 0.0974488 
0.46772 0 0.64319 0 0.658949 0.107225 
0.468773 0 0.646166 0 0.662368 0.116822 
0.46987 0 0.649143 0 0.665761 0.126236 
0.47099 0 0.652096 0 0.66912 0.135464 
0.472121 0 0.655009 0 0.672439 0.144505 
0.473261 0 0.657883 0 0.675719 0.153356 
0.4744 0 0.660708 0 0.678959 0.162016 
0.475526 0 0.663475 0 0.682157 0.170485 
0.476637 0 0.666183 0 0.685315 0.178764 
0.477737 0 0.668844 0 0.688442 0.186852 
0.478823 0 0.67146 0 0.691541 0.194753 
0.479888 0 0.674027 0 0.694614 0.202469 
0.480932 0 0.676551 0 0.697668 0.210002 
0.481963 0 0.679047 0 0.700712 0.217355 
0.482979 0 0.68152 0 0.70375 0.224531 
0.483973 0 0.683966 0 0.706783 0.231533 
0.484948 0 0.68639 0 0.709817 0.238365 
0.48591 0 0.688805 0 0.712857 0.245031 
0.48686 0 0.691211 0 0.715903 0.251533 
0.48779 0 0.693601 0 0.718953 0.257875 
0.488703 0 0.695973 0 0.722005 0.264061 
0.489605 0 0.698336 0 0.725061 0.270094 
0.490497 0 0.700685 0 0.728115 0.275978 
0.491372 0 0.703007 0 0.731161 0.281716 
0.492231 0 0.7053 0 0.734196 0.287311 
0.493082 0 0.707569 0 0.737217 0.292767 
0.493924 0 0.709807 0 0.740219 0.298087 
0.494751 0 0.712001 0 0.743194 0.303274 
0.495564 0 0.714148 0 0.746138 0.308332 
0.49637 0 0.716252 0 0.749051 0.313263 
0.497169 0 0.718309 0 0.751927 0.318071 
0.497953 0 0.720307 0 0.754761 0.322758 
0.498724 0 0.722242 0 0.757548 0.327328 
0.49949 0 0.724121 0 0.76029 0.331784 
0.500249 0 0.725941 0 0.762985 0.336127 
0.500994 0 0.72769 0 0.765624 0.340362 
0.501727 0 0.729367 0 0.768209 0.34449 
0.502454 0 0.73098 0 0.77074 0.348514 
0.503175 0 0.732526 0 0.773216 0.352437 
0.503883 0 0.733995 0 0.775631 0.356261 
0.504579 0 0.735386 0 0.777985 0.359989 
0.505269 0 0.736708 0 0.780282 0.363623 
0.505953 0 0.737959 0 0.782519 0.367165 
0.506624 0 0.73913 0 0.784692 0.370618 
0.507282 0 0.74022 0 0.786802 0.373984 
0.507743 0 0.741206 0 0.78843 0.377264 
0.50803 0 0.742222 0 0.789597 0.380461 
0.508211 0 0.74313 0 0.790556 0.383578 
0.508352 0 0.743988 0 0.791434 0.386615 
0.508541 0 0.74485 0 0.792335 0.389575 
0.508766 0 0.745706 0 0.793248 0.39246 
0.509009 0 0.746541 0 0.794159 0.395272 
0.509267 0 0.747351 0 0.795065 0.398011 
0.509543 0 0.74814 0 0.795968 0.400681 
0.509833 0 0.748907 0 0.796866 0.403282 
0.510128 0 0.749639 0 0.797754 0.405817 
0.510429 0 0.750338 0 0.79863 0.408286 
0.510741 0 0.751011 0 0.799501 0.410691 
0.511064 0 0.751657 0 0.800365 0.413035 
0.511307 0 0.752287 0 0.801063 0.415318 
0.511494 0 0.752903 0 0.801638 0.417541 
0.511655 0 0.753516 0 0.802141 0.419707 
0.511806 0 0.754121 0 0.802603 0.421815 
0.511948 0 0.754707 0 0.803036 0.423869 
0.512086 0 0.755275 0 0.803447 0.425868 
0.512229 0 0.755834 0 0.803841 0.427814 
0.512376 0 0.756385 0 0.804217 0.429709 
0.512517 0 0.75692 0 0.804568 0.431553 
0.512656 0 0.757441 0 0.804897 0.433347 
0.512799 0 0.757959 0 0.805211 0.435093 
0.512945 0 0.758473 0 0.805509 0.436791 
0.513088 0 0.758975 0 0.805787 0.438443 
0.513229 0 0.759464 0 0.806048 0.440048 
0.513376 0 0.759952 0 0.806297 0.441609 
0.513526 0 0.760438 0 0.806533 0.443127 
0.513674 0 0.760913 0 0.806753 0.4446 
0.513819 0 0.761379 0 0.806957 0.446032 
0.51397 0 0.761845 0 0.807151 0.447422 
0.514125 0 0.762311 0 0.807336 0.448771 
0.514278 0 0.762769 0 0.807505 0.450079 
0.514428 0 0.763218 0 0.80766 0.451348 
0.514584 0 0.76367 0 0.807807 0.452578 
0.51469 0 0.764057 0 0.807907 0.453768 
0.514777 0 0.764416 0 0.807987 0.454921 
0.51486 0 0.764735 0 0.80807 0.456036 
0.514945 0 0.765041 0 0.808152 0.457114 
0.51503 0 0.765333 0 0.808231 0.458154 
0.515111 0 0.7656 0 0.808307 0.459158 
0.515192 0 0.765844 0 0.808384 0.460126 
0.515284 0 0.766075 0 0.80847 0.461057 
0.515386 0 0.766297 0 0.808568 0.461951 
0.515489 0 0.766499 0 0.80867 0.46281 
0.51558 0 0.766703 0 0.808752 0.463632 
0.515668 0 0.766916 0 0.808822 0.464418 
0.515755 0 0.767135 0 0.808885 0.465168 
0.515839 0 0.767347 0 0.808939 0.465881 
0.515921 0 0.767552 0 0.808989 0.466557 
0.516006 0 0.767756 0 0.80904 0.467196 
0.516094 0 0.76796 0 0.809091 0.467797 
0.516177 0 0.768154 0 0.809135 0.46836 
0.516256 0 0.768339 0 0.809173 0.468884 
0.516337 0 0.768526 0 0.809213 0.469368 
0.516421 0 0.768713 0 0.809251 0.469812 
0.516499 0 0.768893 0 0.809284 0.470215 
0.516573 0 0.769066 0 0.80931 0.470574 
0.516651 0 0.769242 0 0.809338 0.470891 
0.516731 0 0.76942 0 0.809366 0.471162 
0.516806 0 0.769591 0 0.809388 0.471386 
0.516877 0 0.769756 0 0.809405 0.471562 
0.516952 0 0.769924 0 0.809423 0.471689 
0.517029 0 0.770095 0 0.809442 0.471763 
0.517101 0 0.77026 0 0.809455 0.471783 
0.51717 0 0.770419 0 0.809464 0.471747 
0.517243 0 0.770583 0 0.809474 0.471652 
0.517318 0 0.770749 0 0.809484 0.471495 
0.517389 0 0.77091 0 0.809489 0.471272 
0.517456 0 0.771067 0 0.809489 0.470982 
0.517528 0 0.771228 0 0.80949 0.470619 
0.517602 0 0.771392 0 0.809491 0.470182 
0.517672 0 0.771551 0 0.809485 0.469664 
0.517738 0 0.771706 0 0.809474 0.469062 
0.517809 0 0.771865 0 0.809463 0.468371 
0.517883 0 0.772028 0 0.809452 0.467586 
0.517953 0 0.772185 0 0.809432 0.466701 
0.51802 0 0.772338 0 0.809405 0.465711 
0.518092 0 0.772494 0 0.809377 0.464609 
0.518167 0 0.772654 0 0.809344 0.463388 
0.518238 0 0.772807 0 0.809302 0.462042 
0.518306 0 0.772954 0 0.809249 0.460562 
0.518378 0 0.773104 0 0.809191 0.45894 
0.518455 0 0.773255 0 0.809125 0.457169 
0.518527 0 0.773396 0 0.809043 0.455238 
0.518596 0 0.773529 0 0.808946 0.453138 
0.518671 0 0.77366 0 0.808836 0.450859 
0.518748 0 0.773788 0 0.808711 0.44839 
0.518822 0 0.773902 0 0.808562 0.44572 
0.518892 0 0.774001 0 0.808386 0.442837 
0.518967 0 0.774092 0 0.808188 0.439727 
0.519044 0 0.774172 0 0.80796 0.436379 
0.519116 0 0.774228 0 0.807694 0.432777 
0.519184 0 0.774258 0 0.807384 0.428906 
0.519255 0 0.774267 0 0.807031 0.424752 
0.519326 0 0.774251 0 0.806627 0.420297 
0.519389 0 0.774195 0 0.806159 0.415523 
0.519444 0 0.774094 0 0.805619 0.410412 
0.519497 0 0.773951 0 0.805003 0.404943 
0.519545 0 0.773758 0 0.804299 0.399095 
0.519579 0 0.773498 0 0.803489 0.392844 
0.519595 0 0.77316 0 0.802559 0.386167 
0.519745 0 0.772784 0 0.801663 0.379038 
0.519962 0 0.772337 0 0.800737 0.371432 
0.520226 0 0.771805 0 0.799737 0.363327 
0.520567 0 0.771213 0 0.798663 0.354704 
0.52092 0 0.770491 0 0.797453 0.345549 
0.521452 0 0.769837 0 0.796194 0.335861 
0.521877 0 0.768879 0 0.794721 0.325652 
0.522467 0 0.767975 0 0.793146 0.314946 
0.522908 0 0.766713 0 0.791342 0.303784 
0.523504 0 0.765463 0 0.789393 0.292219 
0.52392 0 0.763849 0 0.787215 0.280312 
0.524483 0 0.762239 0 0.784897 0.268131 
0.524864 0 0.76028 0 0.782414 0.255744 
0.525403 0 0.758366 0 0.779814 0.243214 
0.525974 0 0.756365 0 0.777109 0.230604 
0.526388 0 0.754133 0 0.774345 0.217968 
0.526938 0 0.751967 0 0.771502 0.205354 
0.527476 0 0.74969 0 0.768602 0.192805 
0.528074 0 0.747396 0 0.765691 0.180358 
0.528609 0 0.745024 0 0.762737 0.168044 
0.529213 0 0.742677 0 0.759771 0.15589 
0.529699 0 0.740237 0 0.756812 0.143919 
0.530253 0 0.737844 0 0.753838 0.13215 
0.530839 0 0.735475 0 0.750877 0.1206 
0.531446 0 0.733132 0 0.74795 0.109283 
0.531973 0 0.730777 0 0.745076 0.0982115 
0.532529 0 0.728474 0 0.742231 0.0873953 
0.533035 0 0.726164 0 0.739413 0.076844 
0.533564 0 0.723904 0 0.736631 0.0665658 
0.534049 0 0.721664 0 0.733896 0.0565678 
0.534544 0 0.719471 0 0.731202 0.0468569 
0.535006 0 0.717337 0 0.728586 0.0374388 
0.535449 0 0.715254 0 0.726022 0.0283196 
0.535897 0 0.713236 0 0.723518 0.0195041 
0.536319 0 0.711271 0 0.721073 0.0109975 
0.536722 0 0.709368 0 0.718689 0.0028042 
0.537118 0 0.707541 0 0.716375 -0.00507147 
0.537506 0 0.705795 0 0.714134 -0.0126255 
0.537881 0 0.704126 0 0.711965 -0.0198547 
0.538245 0 0.70254 0 0.70987 -0.0267555 
0.538604 0 0.701046 0 0.707855 -0.0333258 
0.53866 0 0.699274 0 0.705508 -0.0395638 
0.538486 0 0.697267 0 0.702949 -0.0454685 
0.538188 0 0.695159 0 0.700331 -0.05104 
0.537839 0 0.693068 0 0.697759 -0.0562799 
0.53752 0 0.691073 0 0.695318 -0.0611903 
0.537329 0 0.689269 0 0.693055 -0.0657747 
0.537234 0 0.687661 0 0.690979 -0.0700372 
0.537214 0 0.686233 0 0.68907 -0.0739828 
0.537246 0 0.68496 0 0.687304 -0.0776176 
0.537308 0 0.683821 0 0.685664 -0.0809487 
0.537186 0 0.682609 0 0.683956 -0.0839836 
0.537284 0 0.682339 0 0.683274 -0.086731 
0.537405 0 0.682072 0 0.682723 -0.0891988 
0.537415 0 0.681724 0 0.682151 -0.0913954 
0.537348 0 0.68135 0 0.681591 -0.0933297 
0.537238 0 0.680996 0 0.681069 -0.0950115 
0.537098 0 0.680679 0 0.680597 -0.0964511 
0.536933 0 0.680395 0 0.680174 -0.097659 
0.536874 0 0.680194 0 0.67963 -0.0986461 
0.53686 0 0.680095 0 0.679031 -0.0994239 
0.536863 0 0.680086 0 0.67842 -0.100004 
0.536803 0 0.680069 0 0.67782 -0.100399 
0.536695 0 0.680026 0 0.67722 -0.10062 
0.536555 0 0.679967 0 0.67663 -0.100679 
0.536391 0 0.679906 0 0.676058 -0.100588 
0.536204 0 0.679848 0 0.675509 -0.100357 
0.536001 0 0.6798 0 0.674987 -0.0999981 
0.53579 0 0.679767 0 0.674493 -0.0995219 
0.535573 0 0.679746 0 0.674025 -0.0989387 
0.535342 0 0.679726 0 0.673577 -0.0982586 
0.535101 0 0.679705 0 0.673148 -0.0974915 
0.534856 0 0.679687 0 0.67274 -0.0966467 
0.534733 0 0.67984 0 0.672762 -0.0957336 
0.534698 0 0.68 0 0.672798 -0.0947601 
0.534753 0 0.6802 0 0.672873 -0.0937344 
0.534861 0 0.680457 0 0.672986 -0.0926648 
0.534996 0 0.680769 0 0.673136 -0.0915592 
0.535124 0 0.68111 0 0.673314 -0.0904255 
0.535252 0 0.68148 0 0.673516 -0.0892715 
0.53539 0 0.681915 0 0.673761 -0.0881046 
0.535544 0 0.682379 0 0.674028 -0.0869328 
0.535703 0 0.682863 0 0.674308 -0.0857635 
0.535865 0 0.683366 0 0.674597 -0.0846046 
0.536035 0 0.683892 0 0.674893 -0.0834641 
0.536209 0 0.684438 0 0.675193 -0.08235 
0.536381 0 0.684995 0 0.675492 -0.0812709 
0.536553 0 0.685562 0 0.675788 -0.0802353 
0.53673 0 0.686143 0 0.676083 -0.0792524 
0.536912 0 0.686733 0 0.67637 -0.0783313 
0.537091 0 0.687324 0 0.676645 -0.0774819 
0.537194 0 0.687709 0 0.676781 -0.0767139 
0.537248 0 0.68793 0 0.676824 -0.0760389 
0.537272 0 0.688054 0 0.676815 -0.075468 
0.537279 0 0.688129 0 0.676785 -0.0750133 
0.537281 0 0.68818 0 0.676746 -0.0746875 
0.537291 0 0.688212 0 0.676696 -0.0745036 
0.537306 0 0.688212 0 0.676624 -0.0744751 
0.537316 0 0.688136 0 0.676484 -0.0746159 
0.537323 0 0.687996 0 0.676285 -0.0749402 
0.537335 0 0.687803 0 0.676034 -0.0754625 
0.537349 0 0.687551 0 0.675728 -0.0761973 
0.537358 0 0.687226 0 0.675361 -0.0771587 
0.537363 0 0.686821 0 0.67493 -0.0783603 
0.537371 0 0.686338 0 0.674434 -0.0798142 
0.537379 0 0.685772 0 0.673868 -0.0815306 
0.537381 0 0.685114 0 0.673229 -0.0835178 
0.53738 0 0.684364 0 0.672516 -0.08578 
0.537382 0 0.683528 0 0.671733 -0.0883178 
0.537385 0 0.682606 0 0.670879 -0.0911271 
0.537383 0 0.681591 0 0.669954 -0.0941989 
0.537377 0 0.680488 0 0.668965 -0.0975192 
0.537374 0 0.679306 0 0.667919 -0.101069 
0.537371 0 0.678049 0 0.666821 -0.104826 
0.537363 0 0.676716 0 0.665677 -0.108761 
0.537349 0 0.675313 0 0.664497 -0.112846 
0.537336 0 0.673853 0 0.663292 -0.117048 
0.537321 0 0.672342 0 0.662069 -0.121333 
0.537296 0 0.670779 0 0.660837 -0.125666 
0.537263 0 0.66917 0 0.659605 -0.130013 
0.537225 0 0.66753 0 0.658387 -0.134336 
0.537273 0 0.665968 0 0.657186 -0.138597 
0.537262 0 0.66435 0 0.656052 -0.142756 
0.537335 0 0.662819 0 0.654944 -0.14677 
0.537475 0 0.661394 0 0.653922 -0.150592 
0.537667 0 0.660071 0 0.653002 -0.154169 
0.53789 0 0.658839 0 0.652186 -0.15744 
0.538136 0 0.657702 0 0.651486 -0.160338 
0.538405 0 0.656679 0 0.65092 -0.162784 
0.538693 0 0.655792 0 0.650507 -0.164692 
0.538991 0 0.655058 0 0.65027 -0.165965 
0.539296 0 0.654507 0 0.650236 -0.166501 
0.539615 0 0.654172 0 0.650433 -0.166195 
0.539942 0 0.654079 0 0.650883 -0.164946 
0.540271 0 0.654242 0 0.651607 -0.162658 
0.540601 0 0.65468 0 0.652624 -0.159255 
0.540936 0 0.655414 0 0.653949 -0.154678 
0.541274 0 0.656449 0 0.655588 -0.1489 
0.54175 0 0.658133 0 0.657977 -0.141922 
0.54233 0 0.660192 0 0.660745 -0.133783 
0.542976 0 0.662494 0 0.663755 -0.124561 
0.543741 0 0.665062 0 0.667081 -0.114374 
0.544501 0 0.667828 0 0.670618 -0.103373 
0.545257 0 0.670752 0 0.674327 -0.0917242 
0.546017 0 0.673802 0 0.678172 -0.0795991 
0.546781 0 0.676937 0 0.682114 -0.0671561 
0.547574 0 0.680202 0 0.686081 -0.0545324 
0.548394 0 0.683527 0 0.690093 -0.0418407 
0.549241 0 0.686887 0 0.694145 -0.02917 
0.55011 0 0.690257 0 0.698222 -0.0165881 
0.550987 0 0.693612 0 0.702309 -0.00414544 
0.55187 0 0.696938 0 0.706398 0.00812114 
0.552762 0 0.700236 0 0.710486 0.0201855 
0.553658 0 0.703499 0 0.714566 0.0320293 
0.554548 0 0.706716 0 0.718637 0.0436402 
0.555434 0 0.709885 0 0.722697 0.0550107 
0.55631 0 0.712994 0 0.726626 0.066136 
0.557178 0 0.716036 0 0.730487 0.0770145 
0.558032 0 0.71901 0 0.734307 0.0876461 
0.558874 0 0.721929 0 0.7381 0.0980319 
0.559709 0 0.724814 0 0.741879 0.108175 
0.560537 0 0.727671 0 0.745646 0.118077 
0.561352 0 0.730493 0 0.7494 0.127743 
0.562155 0 0.733279 0 0.75314 0.137176 
0.562952 0 0.736037 0 0.756869 0.146381 
0.563742 0 0.738763 0 0.760585 0.155362 
0.564517 0 0.74145 0 0.764287 0.164124 
0.565281 0 0.744097 0 0.767974 0.172671 
0.566038 0 0.746715 0 0.771651 0.181008 
0.56679 0 0.7493 0 0.775314 0.189141 
0.567529 0 0.751843 0 0.778959 0.197073 
0.568256 0 0.754341 0 0.782585 0.204809 
0.56898 0 0.756801 0 0.786192 0.212354 
0.569698 0 0.759218 0 0.789775 0.219712 
0.570403 0 0.761581 0 0.79333 0.226888 
0.571098 0 0.763887 0 0.796854 0.233886 
0.571789 0 0.766143 0 0.800349 0.240711 
0.572476 0 0.768344 0 0.80381 0.247366 
0.57315 0 0.77048 0 0.807233 0.253855 
0.573814 0 0.772546 0 0.810614 0.260184 
0.574474 0 0.774552 0 0.813957 0.266355 
0.57513 0 0.776493 0 0.817256 0.272373 
0.575773 0 0.778358 0 0.820509 0.278241 
0.576407 0 0.780145 0 0.823712 0.283963 
0.577036 0 0.781862 0 0.826868 0.289542 
0.577661 0 0.783506 0 0.829974 0.294983 
0.578274 0 0.785068 0 0.833025 0.300288 
0.578876 0 0.786544 0 0.836021 0.305461 
0.579475 0 0.787945 0 0.838964 0.310505 
0.579855 0 0.789138 0 0.841366 0.315423 
0.580008 0 0.790216 0 0.843218 0.320219 
0.579998 0 0.791231 0 0.844697 0.324895 
0.57989 0 0.792198 0 0.845993 0.329455 
0.579787 0 0.793133 0 0.847257 0.333901 
0.579681 0 0.794028 0 0.848487 0.338236 
0.579575 0 0.794883 0 0.849684 0.342463 
0.579474 0 0.795707 0 0.850853 0.346584 
0.579379 0 0.796499 0 0.851992 0.350603 
0.579282 0 0.79725 0 0.853099 0.354521 
0.579295 0 0.798027 0 0.854336 0.358342 
0.579314 0 0.79883 0 0.85547 0.362067 
0.579322 0 0.799631 0 0.856486 0.365699 
0.579315 0 0.800416 0 0.857412 0.36924 
0.5793 0 0.801183 0 0.858282 0.372693 
0.57929 0 0.801942 0 0.859118 0.37606 
0.579288 0 0.802691 0 0.859926 0.379342 
0.579285 0 0.80342 0 0.860699 0.382543 
0.579283 0 0.804129 0 0.861435 0.385663 
0.579289 0 0.80483 0 0.86214 0.388706 
0.579301 0 0.805522 0 0.862812 0.391672 
0.579312 0 0.806196 0 0.863449 0.394564 
0.579323 0 0.806855 0 0.864052 0.397384 
0.579343 0 0.807508 0 0.864629 0.400134 
0.579368 0 0.808155 0 0.86518 0.402814 
0.579393 0 0.808787 0 0.8657 0.405428 
0.579419 0 0.809406 0 0.866191 0.407976 
0.579452 0 0.810021 0 0.86666 0.41046 
0.579492 0 0.810632 0 0.867104 0.412882 
0.579531 0 0.81123 0 0.867522 0.415243 
0.57957 0 0.811816 0 0.867913 0.417545 
0.579625 0 0.812327 0 0.868284 0.41979 
0.579681 0 0.812773 0 0.868637 0.421978 
0.579768 0 0.813204 0 0.869001 0.424111 
0.579873 0 0.813611 0 0.869377 0.426191 
0.579994 0 0.814001 0 0.869767 0.428218 
0.580127 0 0.814377 0 0.870162 0.430195 
0.58026 0 0.814728 0 0.870554 0.432122 
0.580395 0 0.815054 0 0.870941 0.434 
0.580537 0 0.815363 0 0.871329 0.435832 
0.580685 0 0.815652 0 0.871714 0.437617 
0.58083 0 0.815911 0 0.872093 0.439357 
0.580973 0 0.816141 0 0.872465 0.441054 
0.581072 0 0.816362 0 0.872753 0.442707 
0.581145 0 0.816591 0 0.872983 0.444319 
0.581201 0 0.816817 0 0.873177 0.44589 
0.581252 0 0.817037 0 0.873353 0.447422 
0.581306 0 0.817254 0 0.873526 0.448915 
0.581365 0 0.817464 0 0.873694 0.45037 
0.581418 0 0.817657 0 0.87385 0.451788 
0.581468 0 0.817834 0 0.873997 0.45317 
0.581521 0 0.818008 0 0.874138 0.454517 
0.581576 0 0.818179 0 0.874273 0.45583 
0.581626 0 0.818339 0 0.874396 0.45711 
0.581672 0 0.818488 0 0.874508 0.458356 
0.581721 0 0.818638 0 0.874616 0.459571 
0.581773 0 0.818787 0 0.87472 0.460755 
0.58182 0 0.818925 0 0.874813 0.461909 
0.581863 0 0.819055 0 0.874897 0.463033 
0.581909 0 0.819184 0 0.874979 0.464128 
0.581958 0 0.819314 0 0.875058 0.465194 
0.582002 0 0.819434 0 0.875128 0.466234 
0.582042 0 0.819546 0 0.875191 0.467246 
0.582086 0 0.819659 0 0.875253 0.468232 
0.582133 0 0.819773 0 0.875312 0.469192 
0.582174 0 0.819879 0 0.875363 0.470127 
0.582212 0 0.819977 0 0.875408 0.471037 
0.582254 0 0.820077 0 0.875453 0.471924 
0.582299 0 0.82018 0 0.875497 0.472787 
0.582338 0 0.820274 0 0.875534 0.473627 
0.582374 0 0.820362 0 0.875565 0.474444 
0.582415 0 0.820453 0 0.875597 0.47524 
0.582458 0 0.820546 0 0.875628 0.476013 
0.582496 0 0.820633 0 0.875653 0.476766 
0.582531 0 0.820714 0 0.875674 0.477498 
0.58257 0 0.820798 0 0.875695 0.47821 
0.582611 0 0.820885 0 0.875717 0.478902 
0.582648 0 0.820967 0 0.875733 0.479574 
0.582682 0 0.821043 0 0.875745 0.480227 
0.58272 0 0.821123 0 0.875759 0.480862 
0.582761 0 0.821208 0 0.875774 0.481478 
0.582797 0 0.821286 0 0.875783 0.482075 
0.582831 0 0.82136 0 0.875789 0.482654 
0.582868 0 0.82144 0 0.875797 0.483216 
0.582909 0 0.821523 0 0.875806 0.483761 
0.582945 0 0.821602 0 0.875811 0.484287 
0.582978 0 0.821677 0 0.875812 0.484797 
0.583016 0 0.821757 0 0.875816 0.48529 
0.583056 0 0.821843 0 0.875821 0.485766 
0.583093 0 0.821924 0 0.875822 0.486225 
0.583126 0 0.822002 0 0.87582 0.486668 
0.583164 0 0.822087 0 0.875821 0.487093 
0.583205 0 0.822177 0 0.875825 0.487502 
0.583243 0 0.822263 0 0.875823 0.487895 
0.583277 0 0.822348 0 0.87582 0.48827 
0.583316 0 0.822439 0 0.875819 0.488629 
0.583359 0 0.822536 0 0.875821 0.48897 
0.583397 0 0.822631 0 0.875819 0.489294 
0.583433 0 0.822724 0 0.875815 0.4896 
0.583474 0 0.822824 0 0.875814 0.489887 
0.583518 0 0.822932 0 0.875816 0.490157 
0.583559 0 0.823038 0 0.875814 0.490407 
0.583597 0 0.823144 0 0.87581 0.490637 
0.583641 0 0.823257 0 0.87581 0.490846 
0.583688 0 0.823379 0 0.875812 0.491034 
0.583731 0 0.8235 0 0.875811 0.4912 
0.583773 0 0.823621 0 0.875808 0.491341 
0.58382 0 0.823752 0 0.875809 0.491458 
0.58387 0 0.823892 0 0.875813 0.491547 
0.583918 0 0.824032 0 0.875814 0.491608 
0.583964 0 0.824174 0 0.875813 0.491639 
0.584015 0 0.824326 0 0.875816 0.491636 
0.58407 0 0.824489 0 0.875822 0.491597 
0.584123 0 0.824654 0 0.875825 0.491519 
0.584174 0 0.824822 0 0.875826 0.491398 
0.584232 0 0.825002 0 0.875831 0.49123 
0.584294 0 0.825194 0 0.875839 0.491009 
0.584353 0 0.82539 0 0.875843 0.490731 
0.584411 0 0.82559 0 0.875845 0.490388 
0.584476 0 0.825804 0 0.875851 0.489974 
0.584546 0 0.826032 0 0.875859 0.489479 
0.584614 0 0.826265 0 0.875863 0.488892 
0.584681 0 0.826505 0 0.875863 0.488204 
0.584754 0 0.82676 0 0.875864 0.487399 
0.584834 0 0.827031 0 0.875866 0.486464 
0.584911 0 0.827308 0 0.87586 0.485378 
0.584988 0 0.827592 0 0.875846 0.484124 
0.585072 0 0.827892 0 0.875829 0.482675 
0.585161 0 0.828207 0 0.875804 0.481007 
0.585247 0 0.828527 0 0.875762 0.479089 
0.585332 0 0.828851 0 0.875701 0.476885 
0.585423 0 0.829186 0 0.87562 0.474359 
0.585516 0 0.82953 0 0.875511 0.471467 
0.585603 0 0.829868 0 0.87536 0.468164 
0.585684 0 0.830196 0 0.875156 0.464396 
0.585763 0 0.830518 0 0.874891 0.460112 
0.585835 0 0.830823 0 0.874545 0.455252 
0.586025 0 0.831113 0 0.874255 0.449758 
0.586249 0 0.831321 0 0.873922 0.44357 
0.586526 0 0.83148 0 0.873528 0.43663 
0.586918 0 0.831641 0 0.873095 0.428888 
0.587286 0 0.831642 0 0.872488 0.420305 
0.587879 0 0.831827 0 0.871823 0.410858 
0.588204 0 0.831441 0 0.870867 0.400554 
0.588768 0 0.831252 0 0.86973 0.389426 
0.58947 0 0.83104 0 0.868381 0.377536 
0.589863 0 0.830158 0 0.866731 0.364971 
0.590458 0 0.829346 0 0.864825 0.351834 
0.590959 0 0.82816 0 0.862656 0.338233 
0.591549 0 0.826833 0 0.860304 0.324276 
0.591957 0 0.825173 0 0.857689 0.310061 
0.592555 0 0.82354 0 0.854896 0.295681 
0.59316 0 0.821742 0 0.851951 0.281212 
0.593765 0 0.819792 0 0.848876 0.266723 
0.59437 0 0.81771 0 0.845697 0.25227 
0.594786 0 0.815385 0 0.842494 0.237902 
0.595208 0 0.812993 0 0.83925 0.223658 
0.595765 0 0.810635 0 0.835856 0.209572 
0.596394 0 0.808267 0 0.832403 0.195672 
0.59703 0 0.805858 0 0.828949 0.181979 
0.59767 0 0.80342 0 0.825509 0.168513 
0.598148 0 0.800861 0 0.822161 0.155289 
0.598702 0 0.798327 0 0.818755 0.14232 
0.599205 0 0.795749 0 0.81538 0.129617 
0.599772 0 0.793239 0 0.812031 0.117188 
0.60028 0 0.790702 0 0.808734 0.105042 
0.600827 0 0.788203 0 0.805467 0.0931842 
0.601328 0 0.785714 0 0.802269 0.081621 
0.601866 0 0.78329 0 0.799124 0.0703572 
0.602357 0 0.780879 0 0.796039 0.0593974 
0.602865 0 0.77851 0 0.792995 0.048746 
0.603341 0 0.776182 0 0.790021 0.0384068 
0.603815 0 0.773907 0 0.787103 0.0283839 
0.604261 0 0.771678 0 0.78424 0.0186811 
0.604711 0 0.769504 0 0.781429 0.00930209 
0.605149 0 0.767422 0 0.778713 0.00025095 
0.605575 0 0.765417 0 0.776066 -0.00846873 
0.605985 0 0.76348 0 0.773482 -0.0168528 
0.606381 0 0.76162 0 0.770968 -0.0248975 
0.606772 0 0.759854 0 0.768533 -0.0325994 
0.606821 0 0.757698 0 0.765678 -0.0399547 
0.606647 0 0.755307 0 0.762619 -0.0469606 
0.606363 0 0.752855 0 0.759545 -0.0536147 
0.606038 0 0.750474 0 0.756565 -0.0599152 
0.605714 0 0.748204 0 0.753698 -0.0658612 
0.605385 0 0.746042 0 0.750941 -0.0714521 
0.605208 0 0.744105 0 0.748387 -0.0766887 
0.605149 0 0.742394 0 0.746039 -0.0815721 
0.605174 0 0.740877 0 0.743864 -0.0861046 
0.60525 0 0.739524 0 0.741839 -0.0902896 
0.605363 0 0.738322 0 0.739953 -0.0941313 
0.605506 0 0.737273 0 0.738202 -0.0976355 
0.605448 0 0.736077 0 0.736358 -0.100808 
0.605263 0 0.734771 0 0.734468 -0.103657 
0.605011 0 0.733447 0 0.732603 -0.106192 
0.604924 0 0.732771 0 0.731513 -0.108422 
0.604943 0 0.732376 0 0.730797 -0.110357 
0.604874 0 0.731977 0 0.730115 -0.112008 
0.60474 0 0.731574 0 0.729465 -0.113385 
0.604566 0 0.731185 0 0.728856 -0.1145 
0.604364 0 0.730821 0 0.728296 -0.115365 
0.604136 0 0.730485 0 0.727788 -0.115993 
0.60389 0 0.730179 0 0.727335 -0.116396 
0.603636 0 0.72991 0 0.726938 -0.116589 
0.603375 0 0.729672 0 0.726592 -0.116585 
0.603102 0 0.729456 0 0.726294 -0.116398 
0.602818 0 0.729257 0 0.726041 -0.116041 
0.602531 0 0.729081 0 0.725832 -0.115529 
0.602239 0 0.728921 0 0.725663 -0.114877 
0.601937 0 0.728768 0 0.725529 -0.114097 
0.601791 0 0.728862 0 0.725612 -0.113203 
0.601783 0 0.729019 0 0.725664 -0.112211 
0.601891 0 0.729235 0 0.72575 -0.111132 
0.602054 0 0.729511 0 0.725877 -0.109981 
0.602244 0 0.729848 0 0.726049 -0.108772 
0.602448 0 0.730239 0 0.726268 -0.107517 
0.602663 0 0.730686 0 0.726529 -0.106231 
0.602884 0 0.731189 0 0.72683 -0.104926 
0.603106 0 0.731705 0 0.727142 -0.103615 
0.603336 0 0.73225 0 0.727464 -0.102311 
0.60357 0 0.732821 0 0.727793 -0.101025 
0.603803 0 0.733409 0 0.728122 -0.0997702 
0.604034 0 0.734011 0 0.728451 -0.0985585 
0.604269 0 0.734632 0 0.728779 -0.0974017 
0.604425 0 0.735078 0 0.728977 -0.0963113 
0.604523 0 0.735367 0 0.729091 -0.095299 
0.604585 0 0.735564 0 0.72916 -0.0943762 
0.604638 0 0.735723 0 0.729219 -0.0935541 
0.60469 0 0.735866 0 0.729277 -0.0928433 
0.604741 0 0.735985 0 0.729328 -0.0922541 
0.604784 0 0.736046 0 0.729338 -0.0917959 
0.604827 0 0.736061 0 0.72931 -0.0914775 
0.604868 0 0.736026 0 0.729243 -0.0913066 
0.604901 0 0.735933 0 0.729137 -0.0912896 
0.604926 0 0.735778 0 0.728993 -0.0914318 
0.604949 0 0.735565 0 0.728811 -0.0917362 
0.604968 0 0.735288 0 0.72859 -0.0922036 
0.604977 0 0.734939 0 0.728329 -0.0928321 
0.604976 0 0.734517 0 0.72803 -0.0936168 
0.604973 0 0.734032 0 0.727696 -0.0945486 
0.604966 0 0.73348 0 0.727329 -0.0956144 
0.604946 0 0.732858 0 0.726934 -0.0967965 
0.604916 0 0.732167 0 0.726516 -0.0980711 
0.60488 0 0.731418 0 0.726085 -0.0994084 
0.604836 0 0.730613 0 0.725648 -0.100772 
0.604775 0 0.729748 0 0.725213 -0.102118 
0.604799 0 0.728938 0 0.724781 -0.103394 
0.604893 0 0.728207 0 0.724413 -0.104536 
0.605038 0 0.727548 0 0.724124 -0.105471 
0.605215 0 0.726949 0 0.723921 -0.10611 
0.605415 0 0.726417 0 0.72382 -0.106354 
0.605641 0 0.725979 0 0.723849 -0.106085 
0.605889 0 0.725666 0 0.724039 -0.105175 
0.606149 0 0.725507 0 0.724425 -0.103485 
0.606423 0 0.725541 0 0.725044 -0.100877 
0.606714 0 0.725814 0 0.725934 -0.0972248 
0.60702 0 0.72635 0 0.727118 -0.092431 
0.607331 0 0.72716 0 0.72861 -0.086446 
0.607648 0 0.728245 0 0.73041 -0.0792836 
0.607974 0 0.729595 0 0.732506 -0.0710218 
0.608306 0 0.731182 0 0.734864 -0.0617952 
0.608637 0 0.732958 0 0.737447 -0.0517732 
0.608966 0 0.734882 0 0.740213 -0.041138 
0.609535 0 0.737332 0 0.743524 -0.0300637 
0.610239 0 0.739972 0 0.747021 -0.0187027 
0.610986 0 0.742611 0 0.750547 -0.0071829 
0.611813 0 0.745265 0 0.754146 0.00439377 
0.612645 0 0.747939 0 0.757775 0.0159485 
0.613482 0 0.75062 0 0.76142 0.0274214 
0.614234 0 0.753302 0 0.765088 0.0387681 
0.614986 0 0.755974 0 0.768762 0.0499563 
0.615745 0 0.758639 0 0.772441 0.0609626 
0.616509 0 0.761295 0 0.776121 0.0717709 
0.617271 0 0.763934 0 0.779802 0.0823699 
0.618034 0 0.766556 0 0.783482 0.0927527 
0.618825 0 0.769082 0 0.787092 0.102915 
0.619609 0 0.771696 0 0.790786 0.112855 
0.620363 0 0.774252 0 0.794443 0.122572 
0.621087 0 0.776731 0 0.798053 0.132068 
0.62186 0 0.779175 0 0.801662 0.141343 
0.622558 0 0.781614 0 0.805304 0.150401 
0.623239 0 0.783994 0 0.808887 0.159245 
0.623908 0 0.78633 0 0.812446 0.167879 
0.624575 0 0.788637 0 0.815995 0.176305 
0.625239 0 0.790912 0 0.819531 0.184528 
0.625894 0 0.793146 0 0.82305 0.192552 
0.62654 0 0.795334 0 0.826552 0.20038 
0.627183 0 0.797483 0 0.830035 0.208018 
0.627823 0 0.79959 0 0.833495 0.21547 
0.628452 0 0.801642 0 0.836932 0.222738 
0.629072 0 0.803638 0 0.840344 0.229829 
0.62969 0 0.805585 0 0.843732 0.236744 
0.630304 0 0.807479 0 0.847092 0.24349 
0.630908 0 0.809311 0 0.850424 0.250069 
0.631503 0 0.811079 0 0.853727 0.256486 
0.632096 0 0.812791 0 0.857003 0.262744 
0.632685 0 0.814444 0 0.860248 0.268847 
0.633264 0 0.816028 0 0.863462 0.274799 
0.633834 0 0.817541 0 0.866644 0.280604 
0.634401 0 0.818992 0 0.869796 0.286264 
0.634965 0 0.820379 0 0.872916 0.291785 
0.634954 0 0.82199 1 0.872993 0.297137 
0.634644 0 0.823876 1 0.872957 0.302378 
0.634235 0 0.825645 1 0.872678 0.307489 
0.633926 0 0.82744 1 0.872781 0.312468 
0.633615 0 0.829197 1 0.872837 0.317318 
0.633301 0 0.830916 0 0.872846 0.32204 
0.632984 0 0.832605 0 0.872818 0.326648 
0.632665 0 0.834264 0 0.872752 0.331143 
0.632343 0 0.835891 0 0.872649 0.335528 
0.632019 0 0.837488 0 0.87251 0.339805 
0.631692 0 0.839053 0 0.872336 0.343978 
0.631362 0 0.840586 0 0.872127 0.348048 
0.63103 0 0.842087 0 0.871883 0.352018 
0.630695 0 0.843555 0 0.871605 0.35589 
0.630357 0 0.844992 0 0.871295 0.359666 
0.630017 0 0.846396 0 0.870952 0.363349 
0.629674 0 0.847768 0 0.870578 0.366941 
0.629329 0 0.849107 0 0.870173 0.370444 
0.629001 0 0.850445 0 0.869974 0.373861 
0.628676 0 0.851752 0 0.869802 0.377193 
0.628349 0 0.853026 0 0.8696 0.380442 
0.628096 0 0.854371 0 0.869576 0.38361 
0.627892 0 0.855753 0 0.869657 0.3867 
0.62771 0 0.857133 0 0.8698 0.389713 
0.627538 0 0.858497 0 0.869959 0.392652 
0.627378 0 0.859846 0 0.87013 0.395517 
0.627234 0 0.861188 0 0.870323 0.398311 
0.62711 0 0.862527 0 0.870546 0.401036 
0.627006 0 0.863866 0 0.870799 0.403693 
0.626923 0 0.865202 0 0.871082 0.406283 
0.62686 0 0.866537 0 0.871392 0.40881 
0.626817 0 0.867871 0 0.871728 0.411273 
0.626795 0 0.869203 0 0.872091 0.413675 
0.626794 0 0.870534 0 0.872479 0.416017 
0.626812 0 0.871863 0 0.872892 0.418301 
0.626852 0 0.873192 0 0.873329 0.420527 
0.626912 0 0.874519 0 0.87379 0.422699 
0.626992 0 0.875844 0 0.874271 0.424816 
0.627092 0 0.877166 0 0.874774 0.42688 
0.627211 0 0.878486 0 0.875295 0.428893 
0.626986 1 0.877878 0 0.876406 0.430855 
0.62688 1 0.877451 0 0.877744 0.432765 
0.626812 0 0.877057 0 0.879139 0.434622 
0.626754 0 0.876649 0 0.88052 0.436433 
0.626702 0 0.876227 0 0.881891 0.438198 
0.626659 0 0.875792 0 0.883258 0.43992 
0.626667 0 0.876104 1 0.883383 0.441608 
0.626663 0 0.876474 1 0.883331 0.443247 
0.626813 0 0.877028 1 0.883632 0.444832 
0.626859 1 0.877085 1 0.88387 0.446371 
0.626975 1 0.876826 1 0.883935 0.447854 
0.627106 1 0.876595 1 0.883917 0.449254 
0.627243 1 0.876415 1 0.883868 0.450566 
0.627388 1 0.876276 1 0.883801 0.45176 
0.627544 1 0.876159 1 0.883725 0.452801 
0.627714 1 0.876064 1 0.883651 0.45362 
0.627903 1 0.875996 1 0.883579 0.454136 
0.628121 1 0.875956 1 0.883513 0.454239 
0.628381 1 0.875949 1 0.883461 0.453782 
0.628717 1 0.876011 1 0.883427 0.452601 
0.629142 1 0.876131 1 0.883433 0.450509 
0.629676 1 0.87631 1 0.883493 0.447317 
0.630336 1 0.876554 1 0.883616 0.442893 
0.631135 1 0.876867 1 0.88381 0.43715 
0.63208 1 0.877249 1 0.884075 0.430075 
0.633171 1 0.877695 1 0.884409 0.421741 
0.634402 1 0.878198 1 0.884803 0.412256 
0.635764 1 0.878752 1 0.885249 0.401773 
0.637243 1 0.879346 1 0.885736 0.390455 
0.638828 1 0.879968 1 0.886253 0.378467 
0.640505 1 0.880611 1 0.886792 0.365955 
0.642263 1 0.881266 1 0.887344 0.353056 
0.644272 1 0.881916 1 0.887853 0.339899 
0.64647 1 0.882664 1 0.888536 0.32656 
0.648782 1 0.88348 1 0.889345 0.313134 
0.651155 1 0.884312 1 0.890198 0.299677 
0.653564 1 0.885168 1 0.891014 0.286259 
0.655998 1 0.885995 1 0.891796 0.272923 
0.658445 1 0.886802 1 0.892554 0.259714 
0.660898 1 0.887592 1 0.89329 0.246667 
0.663349 1 0.888364 1 0.894003 0.233807 
0.665794 1 0.889115 1 0.894693 0.221155 
0.668227 1 0.889847 1 0.89536 0.208734 
0.670644 1 0.890556 1 0.896004 0.196559 
0.67304 1 0.891245 1 0.896625 0.184641 
0.675411 1 0.89191 1 0.897224 0.172996 
0.677754 1 0.892554 1 0.897801 0.16163 
0.680066 1 0.893176 1 0.898357 0.150548 
0.682342 1 0.893782 1 0.898891 0.139758 
0.684582 1 0.894365 1 0.899406 0.129261 
0.686781 1 0.894931 1 0.899901 0.119064 
0.688993 1 0.895455 1 0.900318 0.109177 
0.691202 1 0.896071 1 0.900694 0.0995886 
0.693358 1 0.896716 1 0.901159 0.0903122 
0.695453 1 0.897331 1 0.901656 0.0813433 
0.697507 1 0.897902 1 0.90211 0.072683 
0.699509 1 0.898449 1 0.902546 0.0643286 
0.701456 1 0.898977 1 0.902971 0.056282 
0.703346 1 0.89949 1 0.903385 0.0485468 
0.705175 1 0.899989 1 0.903793 0.0411203 
0.706945 1 0.900475 1 0.904193 0.0340024 
0.708653 1 0.900949 1 0.904585 0.0271926 
0.710297 1 0.901415 1 0.904968 0.0206919 
0.711876 1 0.901871 1 0.905346 0.0144961 
0.71339 1 0.902321 1 0.905718 0.00860625 
0.714836 1 0.902763 1 0.906085 0.00302418 
0.716215 1 0.903199 1 0.906449 -0.0022546 
0.717524 1 0.903631 1 0.906809 -0.007228 
0.718767 1 0.904029 1 0.907143 -0.0118948 
0.719944 1 0.904395 1 0.907447 -0.0162535 
0.721018 1 0.904683 1 0.907763 -0.0203043 
0.722018 1 0.904921 1 0.908051 -0.0240449 
0.723079 1 0.90524 1 0.908398 -0.0274719 
0.72413 0 0.905587 0 0.908755 -0.030583 
0.725168 0 0.906354 0 0.909515 -0.0306299 
0.726193 0 0.907498 0 0.910637 -0.0277348 
0.727205 0 0.908917 0 0.912017 -0.0223441 
0.728206 0 0.910484 0 0.913529 -0.0150257 
0.729197 0 0.912082 0 0.915051 -0.00632111 
0.730236 0 0.913683 0 0.91648 0.00332561 
0.731313 0 0.915173 0 0.917734 0.0135752 
0.732414 0 0.916476 0 0.918749 0.0241802 
0.733531 0 0.917544 0 0.91948 0.0349632 
0.734658 0 0.918346 0 0.919897 0.045799 
0.735792 0 0.918865 0 0.919985 0.0566 
0.736929 0 0.91909 0 0.919739 0.067305 
0.738079 0 0.91888 0 0.919343 0.0778715 
0.739288 0 0.9183 0 0.918793 0.0882709 
0.740537 0 0.917418 0 0.918039 0.0984834 
0.741795 0 0.916286 0 0.917043 0.108496 
0.743052 0 0.914928 0 0.915808 0.118302 
0.743884 0 0.913958 0 0.914531 0.127899 
0.74474 0 0.912851 0 0.913094 0.137279 
0.745614 0 0.911624 0 0.911538 0.146445 
0.746088 0 0.910203 0 0.91046 0.155396 
0.746655 0 0.909262 0 0.909182 0.164138 
0.747277 0 0.908673 0 0.90778 0.172672 
0.747918 0 0.908238 0 0.90631 0.181002 
0.748558 0 0.907821 0 0.904805 0.189129 
0.749201 0 0.907368 0 0.903292 0.19706 
0.749848 0 0.906886 0 0.901773 0.204797 
0.750498 0 0.906379 0 0.900247 0.212345 
0.751151 0 0.905922 0 0.898696 0.219707 
0.751991 1 0.905663 0 0.898419 0.22689 
0.75284 1 0.905418 0 0.898034 0.233887 
0.753694 0 0.905189 0 0.897646 0.240704 
0.754549 0 0.904974 0 0.897267 0.247354 
0.755402 0 0.904768 0 0.896892 0.253841 
0.756255 0 0.904567 0 0.896516 0.260168 
0.757107 0 0.904368 0 0.896139 0.266339 
0.757958 0 0.904171 0 0.895761 0.272358 
0.758838 0 0.904161 0 0.895484 0.278228 
0.759737 0 0.90432 0 0.895231 0.283952 
0.760632 0 0.904587 0 0.894964 0.289535 
0.761516 0 0.904916 0 0.894693 0.294979 
0.762387 0 0.905283 0 0.894422 0.300288 
0.763247 0 0.905687 0 0.894145 0.305466 
0.764102 0 0.906136 0 0.893885 0.310514 
0.764957 0 0.906629 0 0.89365 0.315437 
0.765809 0 0.907164 0 0.893438 0.320238 
0.766656 0 0.907735 0 0.893246 0.324919 
0.767495 0 0.908338 0 0.893067 0.329483 
0.768324 0 0.908973 0 0.892896 0.333934 
0.769141 0 0.909637 0 0.89273 0.338274 
0.769945 0 0.910329 0 0.892564 0.342506 
0.770732 0 0.911046 0 0.892397 0.346632 
0.771503 0 0.911784 0 0.892225 0.350656 
0.772439 1 0.912137 0 0.891919 0.354578 
0.77345 1 0.912408 0 0.891566 0.358404 
0.774125 1 0.911428 0 0.891306 0.36214 
0.774701 0 0.910373 0 0.89101 0.365766 
0.775296 0 0.909435 0 0.890569 0.369305 
0.775917 0 0.908555 0 0.890033 0.372755 
0.776536 0 0.907685 0 0.889498 0.37612 
0.777106 0 0.907651 1 0.889203 0.379391 
0.777139 0 0.907188 1 0.889535 0.382586 
0.777071 0 0.906694 1 0.889963 0.385705 
0.777024 0 0.906252 1 0.890308 0.388737 
0.777001 0 0.905834 1 0.890637 0.391687 
0.777 0 0.90543 1 0.89096 0.394561 
0.777015 0 0.905037 1 0.891273 0.397355 
0.777047 0 0.904655 1 0.891573 0.400072 
0.77709 0 0.904311 1 0.891846 0.402717 
0.777133 0 0.903982 1 0.892113 0.405285 
0.777172 0 0.90367 1 0.892371 0.407779 
0.777101 1 0.903483 1 0.892671 0.410187 
0.776962 1 0.90336 1 0.892912 0.412503 
0.77682 1 0.903252 1 0.893157 0.414681 
0.776686 1 0.903154 1 0.893385 0.416706 
0.776563 1 0.903068 1 0.893586 0.418521 
0.776454 1 0.902995 1 0.893766 0.420073 
0.776371 1 0.902937 1 0.893926 0.42127 
0.776332 1 0.902884 1 0.894064 0.421999 
0.776346 1 0.90284 1 0.894195 0.422105 
0.77643 1 0.902808 1 0.894325 0.42143 
0.776603 1 0.902785 1 0.894455 0.419806 
0.776886 1 0.902771 1 0.894584 0.417081 
0.777296 1 0.902765 1 0.89471 0.413135 
0.777845 1 0.902764 1 0.894832 0.407907 
0.778542 1 0.902767 1 0.894948 0.401396 
0.779389 1 0.902771 1 0.895057 0.393667 
0.780383 1 0.902772 1 0.895159 0.384824 
0.781516 1 0.902771 1 0.895255 0.375019 
0.782778 1 0.902764 1 0.895346 0.364387 
0.784157 1 0.90275 1 0.895433 0.353081 
0.785642 1 0.902732 1 0.895517 0.341234 
0.78722 1 0.902707 1 0.895597 0.328975 
0.788879 1 0.902676 1 0.895675 0.316407 
0.790605 1 0.902642 1 0.895753 0.303627 
0.79239 1 0.902603 1 0.895829 0.290715 
0.794224 1 0.902562 1 0.895905 0.277741 
0.796096 1 0.902519 1 0.895981 0.264759 
0.798001 1 0.902472 1 0.896056 0.251814 
0.799929 1 0.902424 1 0.89613 0.238937 
0.801875 1 0.902374 1 0.896203 0.226184 
0.803833 1 0.902322 1 0.896275 0.213572 
0.805796 1 0.902271 1 0.896346 0.20113 
0.80776 1 0.90222 1 0.896417 0.188859 
0.809719 1 0.902169 1 0.896489 0.176791 
0.811671 1 0.902117 1 0.896559 0.164936 
0.813611 1 0.902064 1 0.896627 0.153302 
0.815535 1 0.902012 1 0.896694 0.141901 
0.817441 1 0.901959 1 0.896758 0.130731 
0.819325 1 0.901907 1 0.896821 0.119804 
0.821184 1 0.901854 1 0.896882 0.109128 
0.823028 1 0.901811 1 0.8969 0.0986985 
0.824845 1 0.901759 1 0.896931 0.0885329 
0.826626 1 0.901705 1 0.896977 0.0786224 
0.828369 1 0.901648 1 0.897024 0.0689684 
0.830074 1 0.901595 1 0.897069 0.0595751 
0.831742 1 0.901543 1 0.897104 0.0504464 
0.833372 1 0.901492 1 0.897131 0.0415757 
0.834962 1 0.90144 1 0.897153 0.0329674 
0.836511 1 0.901387 1 0.897168 0.0246184 
0.838017 1 0.901333 1 0.897177 0.0165315 
0.839479 1 0.901278 1 0.897179 0.00870267 
0.840895 1 0.901222 1 0.897173 0.00113391 
0.842284 1 0.901131 1 0.897163 -0.00617576 
0.843672 0 0.901008 1 0.897107 -0.0132284 
0.845082 0 0.900668 0 0.896819 -0.018995 
0.846511 0 0.89994 0 0.896135 -0.0223016 
0.847134 0 0.899466 1 0.895698 -0.0229044 
0.847595 0 0.898777 0 0.895278 -0.022175 
0.84811 0 0.897662 0 0.894431 -0.0189425 
0.847807 1 0.896813 0 0.893991 -0.0136045 
0.847571 0 0.895907 0 0.89345 -0.00798677 
0.846649 0 0.895399 1 0.893183 -0.000821222 
0.845404 0 0.894959 1 0.893217 0.00663639 
0.844089 0 0.894515 1 0.8933 0.014312 
0.842754 0 0.894066 1 0.893383 0.0221518 
0.841604 0 0.893501 0 0.89321 0.0301069 
0.840482 0 0.892898 0 0.892847 0.0388089 
0.839367 0 0.892272 0 0.892398 0.048013 
0.838267 0 0.891634 0 0.891896 0.0575341 
0.837177 0 0.89099 0 0.891371 0.0672343 
0.8361 0 0.890351 0 0.890842 0.0770112 
0.835039 0 0.889727 0 0.890321 0.0867897 
0.83358 1 0.889463 0 0.890278 0.0965166 
0.831992 1 0.88946 0 0.890197 0.105935 
0.830404 1 0.889525 0 0.890142 0.11505 
0.828878 1 0.889576 0 0.890119 0.123863 
0.827401 1 0.88964 0 0.890126 0.132378 
0.825987 1 0.889702 0 0.890149 0.140592 
0.824633 1 0.889761 0 0.890186 0.148509 
0.823336 1 0.889816 0 0.890236 0.156127 
0.822094 1 0.889871 0 0.890298 0.163449 
0.820904 1 0.889924 0 0.890368 0.170476 
0.819765 1 0.889979 0 0.890447 0.177207 
0.818675 1 0.890034 0 0.890532 0.183646 
0.817633 1 0.89009 0 0.890622 0.189789 
0.816668 1 0.890163 1 0.890659 0.195639 
0.815831 1 0.890236 1 0.890703 0.200701 
0.815143 1 0.890307 1 0.890751 0.204864 
0.814616 1 0.890378 1 0.890799 0.208025 
0.814261 1 0.890452 1 0.890846 0.210108 
0.814082 1 0.890529 1 0.890892 0.211062 
0.814082 1 0.890606 1 0.890936 0.210869 
0.81426 1 0.890682 1 0.890978 0.209545 
0.814609 1 0.890757 1 0.891018 0.207156 
0.815118 1 0.890829 1 0.891053 0.203771 
0.815776 1 0.890898 1 0.891084 0.199489 
0.816549 1 0.890985 1 0.891127 0.19441 
0.81744 1 0.891071 1 0.891165 0.188644 
0.818431 1 0.891151 1 0.891203 0.182293 
0.81951 1 0.891226 1 0.891244 0.17545 
0.820664 1 0.891295 1 0.891285 0.16821 
0.821882 1 0.891357 1 0.891326 0.160639 
0.823154 1 0.891414 1 0.891368 0.152811 
0.824471 1 0.891467 1 0.891409 0.144788 
0.825825 1 0.891516 1 0.89145 0.136622 
0.827207 1 0.891559 1 0.89149 0.128363 
0.828611 1 0.8916 1 0.89153 0.120044 
0.83003 1 0.891636 1 0.891566 0.11171 
0.831461 1 0.891669 1 0.891601 0.103385 
0.832896 1 0.891698 1 0.891634 0.0950922 
0.834332 1 0.891724 1 0.891665 0.086859 
0.835766 1 0.891745 1 0.891691 0.0786991 
0.837194 1 0.891762 1 0.891714 0.0706414 
0.838612 1 0.891775 1 0.891734 0.0626875 
0.840026 1 0.891784 1 0.891736 0.0548588 
0.841428 1 0.891782 1 0.891737 0.0471638 
0.842809 1 0.891774 1 0.891742 0.0396118 
0.844167 1 0.891762 1 0.891742 0.0322124 
0.845501 1 0.891745 1 0.891737 0.0249717 
0.846811 1 0.891722 1 0.891725 0.017897 
0.848098 1 0.891691 1 0.891704 0.0109954 
0.849358 1 0.891652 1 0.891675 0.00427021 
0.850594 1 0.891583 1 0.891652 -0.00227312 
0.850827 0 0.892274 1 0.892326 -0.00862983 
0.850766 0 0.892986 0 0.892991 -0.0136322 
0.85077 0 0.893247 0 0.893201 -0.016061 
0.850806 0 0.893051 0 0.892961 -0.0157987 
0.85086 0 0.892433 0 0.892301 -0.0130198 
0.850225 1 0.892123 0 0.891902 -0.00809148 
0.849263 1 0.892087 1 0.89175 -0.00287751 
0.848338 0 0.892187 0 0.891698 0.00142145 
0.847457 0 0.891977 0 0.891339 0.00748509 
0.846605 0 0.89154 0 0.890753 0.0148872 
0.845258 0 0.891424 1 0.890463 0.0232591 
0.843949 0 0.891281 0 0.890128 0.0316648 
0.84267 0 0.891035 0 0.889695 0.0406847 
0.841414 0 0.890723 0 0.889212 0.0501078 
0.840176 0 0.890373 0 0.88871 0.059775 
0.838635 1 0.89033 0 0.888487 0.0695681 
0.837249 1 0.890082 0 0.888277 0.0790448 
0.835921 0 0.88979 0 0.888139 0.0882069 
0.834608 0 0.889481 0 0.888009 0.0974474 
0.83331 0 0.889166 0 0.887894 0.106697 
0.83196 0 0.889099 1 0.88774 0.1159 
0.830515 0 0.888947 1 0.887821 0.12486 
0.829089 0 0.888786 1 0.887945 0.133577 
0.827723 0 0.88867 1 0.888036 0.142055 
0.826365 1 0.888603 1 0.888131 0.150302 
0.825053 1 0.888603 1 0.888189 0.158026 
0.823827 1 0.888634 1 0.88824 0.165148 
0.822718 1 0.888676 1 0.888293 0.171575 
0.821746 1 0.888722 1 0.888349 0.177209 
0.820928 1 0.888773 1 0.888409 0.181944 
0.820276 1 0.888828 1 0.88847 0.185687 
0.8198 1 0.888888 1 0.888531 0.188357 
0.819504 1 0.888952 1 0.888594 0.189916 
0.819389 1 0.88902 1 0.888658 0.190336 
0.819453 1 0.889086 1 0.888722 0.189639 
0.81969 1 0.889152 1 0.888787 0.187883 
0.820088 1 0.889214 1 0.88885 0.185137 
0.820636 1 0.889272 1 0.888911 0.181492 
0.82132 1 0.889324 1 0.888969 0.177053 
0.822124 1 0.889373 1 0.889023 0.171927 
0.823034 1 0.889418 1 0.889075 0.166195 
0.824036 1 0.889457 1 0.889122 0.159964 
0.825117 1 0.889493 1 0.889166 0.153316 
0.826265 1 0.889524 1 0.889206 0.146329 
0.82747 1 0.889551 1 0.889241 0.139064 
0.828721 1 0.889574 1 0.889273 0.131591 
0.83001 1 0.889593 1 0.889301 0.123958 
0.831329 1 0.889608 1 0.889326 0.11621 
0.832672 1 0.889618 1 0.889345 0.108392 
0.834031 1 0.889623 1 0.889361 0.10054 
0.835402 1 0.889623 1 0.889371 0.0926803 
0.83678 1 0.889617 1 0.889377 0.0848435 
0.83816 1 0.889606 1 0.889377 0.0770511 
0.839538 1 0.889589 1 0.889371 0.0693245 
0.84091 1 0.889565 1 0.889359 0.0616798 
0.842283 1 0.889536 1 0.889315 0.0541337 
0.843645 1 0.889492 1 0.889277 0.0467001 
0.845014 0 0.889415 1 0.889231 0.0393909 
0.846391 0 0.889123 0 0.88896 0.0334122 
0.847769 0 0.888451 0 0.888289 0.0299718 
0.847926 0 0.888311 1 0.888142 0.029152 
0.847857 0 0.888182 1 0.887968 0.0294868 
0.847602 1 0.888108 0 0.887777 0.0308556 
0.847238 1 0.888078 0 0.887604 0.032775 
0.846907 0 0.887965 0 0.887346 0.0351682 
0.846597 0 0.887531 0 0.886771 0.0394932 
0.845772 1 0.887389 0 0.886387 0.0453384 
0.84499 1 0.887241 0 0.885984 0.0511674 
0.844242 0 0.887086 0 0.885584 0.0569641 
0.843519 0 0.886746 0 0.885014 0.0638289 
0.842819 0 0.886269 0 0.884326 0.0714661 
0.841617 0 0.886213 1 0.884053 0.0796454 
0.84034 1 0.886238 0 0.883885 0.0876962 
0.839176 1 0.886028 0 0.883782 0.0954634 
0.837942 0 0.885958 1 0.88377 0.102949 
0.836694 0 0.885863 1 0.883827 0.110316 
0.835426 1 0.885794 1 0.883917 0.117559 
0.834292 1 0.885777 1 0.883999 0.123917 
0.833324 1 0.885792 1 0.88406 0.129307 
0.832535 1 0.885828 1 0.884105 0.133659 
0.831929 1 0.885876 1 0.884144 0.136923 
0.831512 1 0.885928 1 0.88418 0.139078 
0.831285 1 0.885983 1 0.884213 0.140137 
0.831245 1 0.886038 1 0.884244 0.140136 
0.831382 1 0.886091 1 0.884271 0.139142 
0.831685 1 0.88614 1 0.884294 0.137229 
0.832137 1 0.886185 1 0.884315 0.134488 
0.832721 1 0.886225 1 0.884334 0.131016 
0.833423 1 0.886259 1 0.884351 0.126896 
0.834226 1 0.886287 1 0.884368 0.122227 
0.835118 1 0.88631 1 0.884383 0.117087 
0.836086 1 0.886326 1 0.884397 0.111551 
0.837117 1 0.886337 1 0.884409 0.10569 
0.838203 1 0.886342 1 0.88442 0.0995615 
0.839333 1 0.886342 1 0.884429 0.0932251 
0.840498 1 0.886336 1 0.884436 0.0867284 
0.84169 1 0.886326 1 0.88444 0.0801107 
0.842903 1 0.886311 1 0.884441 0.0734123 
0.844129 1 0.886292 1 0.884439 0.0666638 
0.845364 1 0.88627 1 0.884433 0.059895 
0.846603 1 0.886242 1 0.884423 0.0531317 
0.847844 0 0.886201 1 0.884415 0.0463958 
0.849086 0 0.885951 0 0.884183 0.0410051 
0.848975 0 0.886318 0 0.88445 0.0381853 
0.84894 1 0.886219 0 0.884344 0.0379356 
0.848838 1 0.886091 0 0.884211 0.0383548 
0.848759 0 0.885854 0 0.883973 0.0393742 
0.848297 0 0.885645 1 0.883773 0.0425262 
0.847855 0 0.885311 1 0.883425 0.0462943 
0.847431 0 0.884867 0 0.882957 0.0505847 
0.84702 0 0.884172 0 0.882234 0.0563194 
0.846053 1 0.883884 0 0.881867 0.0631373 
0.844889 0 0.883857 1 0.881715 0.0697913 
0.843774 0 0.883779 0 0.881506 0.0765071 
0.842692 0 0.883563 0 0.881168 0.0839462 
0.841631 0 0.883254 0 0.880747 0.0918906 
0.84059 0 0.882881 0 0.880277 0.100172 
0.839568 0 0.882463 0 0.87978 0.108662 
0.838258 0 0.882355 1 0.879588 0.117267 
0.836977 0 0.882262 0 0.879412 0.125644 
0.83572 0 0.882151 0 0.879233 0.134066 
0.834367 1 0.882124 0 0.879182 0.142479 
0.833035 0 0.882143 0 0.879192 0.150594 
0.831732 0 0.882225 0 0.879189 0.15868 
0.830443 0 0.882158 0 0.879217 0.166705 
0.829181 0 0.882066 0 0.87925 0.174642 
0.827896 0 0.882077 1 0.879257 0.182474 
0.826611 0 0.882083 1 0.879305 0.190079 
0.825347 1 0.88207 1 0.879381 0.197462 
0.824147 1 0.882072 1 0.879453 0.204437 
0.823033 1 0.882084 1 0.879517 0.21093 
0.822018 1 0.882106 1 0.879576 0.216854 
0.821117 1 0.882134 1 0.879633 0.222112 
0.820343 1 0.88217 1 0.879692 0.226579 
0.819712 1 0.882213 1 0.879751 0.230142 
0.819242 1 0.882263 1 0.87981 0.232679 
0.818948 1 0.882317 1 0.879871 0.234091 
0.818839 1 0.882376 1 0.879932 0.234328 
0.818922 1 0.882437 1 0.879992 0.233362 
0.819198 1 0.882497 1 0.88005 0.231232 
0.819659 1 0.882557 1 0.880108 0.227979 
0.820298 1 0.882612 1 0.88016 0.223706 
0.821101 1 0.88266 1 0.880208 0.218514 
0.82205 1 0.882702 1 0.880253 0.212525 
0.82313 1 0.88274 1 0.880297 0.205851 
0.824325 1 0.882769 1 0.880339 0.19859 
0.825619 1 0.882793 1 0.880379 0.190855 
0.826997 1 0.88281 1 0.880418 0.182731 
0.828445 1 0.882821 1 0.880457 0.1743 
0.829953 1 0.882826 1 0.880496 0.165641 
0.831508 1 0.882825 1 0.880535 0.156804 
0.833101 1 0.88282 1 0.880573 0.147847 
0.834722 1 0.88281 1 0.880609 0.138817 
0.836365 1 0.882796 1 0.880642 0.129748 
0.838022 1 0.88278 1 0.880675 0.120688 
0.839687 1 0.88276 1 0.880705 0.111656 
0.841354 1 0.882736 1 0.880734 0.10268 
0.843019 1 0.88271 1 0.88076 0.0937819 
0.844677 1 0.88268 1 0.880782 0.0849798 
0.846324 1 0.882647 1 0.880802 0.0762877 
0.847957 1 0.882612 1 0.880817 0.0677257 
0.849573 1 0.882574 1 0.880827 0.0592973 
0.851176 1 0.88254 1 0.880793 0.0510222 
0.852758 1 0.882501 1 0.880768 0.0429049 
0.854308 1 0.882455 1 0.880757 0.0349542 
0.855835 1 0.882392 1 0.880744 0.0271753 
0.857353 0 0.882311 1 0.880705 0.0195753 
0.858879 0 0.882018 0 0.880425 0.0132267 
0.859126 0 0.882319 0 0.880659 0.00928899 
0.859042 0 0.882475 0 0.880666 0.00795767 
0.858856 1 0.882309 0 0.88047 0.00916334 
0.858715 1 0.882016 0 0.88014 0.0109731 
0.858594 0 0.881629 0 0.879714 0.0133135 
0.857974 0 0.8814 1 0.879462 0.017679 
0.857379 0 0.881054 1 0.879064 0.0225869 
0.856804 0 0.880609 0 0.878558 0.0279466 
0.856266 0 0.879904 0 0.877817 0.0346403 
0.85576 0 0.87901 0 0.876904 0.0423165 
0.854611 1 0.878696 0 0.876506 0.0507052 
0.85351 0 0.878419 0 0.876127 0.0588179 
0.852111 0 0.878408 1 0.875951 0.0674198 
0.850747 0 0.8784 1 0.875777 0.0758729 
0.849472 0 0.878157 0 0.875573 0.0841727 
0.848018 0 0.877965 1 0.875546 0.0927634 
0.846544 0 0.877771 1 0.875607 0.101158 
0.845098 0 0.877575 1 0.875691 0.109357 
0.843698 0 0.877383 1 0.875775 0.117359 
0.842338 0 0.877254 1 0.875853 0.125167 
0.841001 0 0.877134 0 0.875942 0.13278 
0.839669 0 0.876989 0 0.876005 0.140566 
0.838346 0 0.876841 0 0.876047 0.148445 
0.837027 0 0.876701 0 0.876087 0.156355 
0.835734 0 0.876576 1 0.876123 0.164249 
0.834459 0 0.876479 1 0.876202 0.171911 
0.833213 0 0.876392 0 0.876216 0.179345 
0.832003 0 0.876308 1 0.876179 0.18675 
0.830824 0 0.876253 1 0.876143 0.193932 
0.829629 1 0.876225 0 0.87618 0.200893 
0.828461 1 0.876253 1 0.876204 0.207576 
0.827375 1 0.876301 1 0.876234 0.213719 
0.826397 1 0.876359 1 0.876269 0.219219 
0.825546 1 0.876424 1 0.876313 0.223963 
0.824841 1 0.876495 1 0.876364 0.227824 
0.824301 1 0.876572 1 0.876423 0.230672 
0.823941 1 0.876652 1 0.876487 0.23242 
0.823774 1 0.876735 1 0.876559 0.232979 
0.823805 1 0.876818 1 0.876636 0.232331 
0.824037 1 0.8769 1 0.876713 0.230486 
0.824464 1 0.87698 1 0.876792 0.227499 
0.825075 1 0.877057 1 0.876868 0.223448 
0.825855 1 0.877128 1 0.876942 0.218439 
0.826787 1 0.877194 1 0.877013 0.2126 
0.827854 1 0.877256 1 0.877081 0.206027 
0.829039 1 0.877313 1 0.877143 0.19885 
0.830323 1 0.877366 1 0.877202 0.191164 
0.831694 1 0.877414 1 0.877257 0.183066 
0.833136 1 0.877458 1 0.877309 0.174649 
0.834637 1 0.877498 1 0.877357 0.165987 
0.836187 1 0.877534 1 0.877401 0.157132 
0.837774 1 0.877566 1 0.877441 0.148148 
0.839392 1 0.877595 1 0.877478 0.139079 
0.841032 1 0.877618 1 0.87751 0.12996 
0.842687 1 0.877639 1 0.877538 0.120838 
0.844351 1 0.877655 1 0.877563 0.111741 
0.846021 1 0.877666 1 0.877583 0.102694 
0.84769 1 0.877672 1 0.877598 0.0937222 
0.849354 1 0.877673 1 0.877608 0.0848472 
0.851009 1 0.877667 1 0.877612 0.0760839 
0.852653 1 0.877655 1 0.87761 0.0674445 
0.854291 1 0.877639 1 0.877583 0.0589418 
0.855914 1 0.877609 1 0.877557 0.0505881 
0.857515 1 0.877569 1 0.877532 0.0423897 
0.859085 1 0.87752 1 0.877508 0.0343562 
0.860653 0 0.877448 1 0.877452 0.0264948 
0.860589 0 0.878371 0 0.878337 0.0198612 
0.860642 0 0.878843 0 0.878736 0.0156087 
0.860753 0 0.878832 0 0.878649 0.0139437 
0.860889 0 0.878354 0 0.878101 0.0148111 
0.860447 1 0.878139 0 0.877686 0.017928 
0.859988 1 0.877914 0 0.877216 0.0213964 
0.859562 0 0.877622 0 0.876674 0.0251571 
0.858743 1 0.877452 0 0.876219 0.0305999 
0.857968 0 0.877253 0 0.875729 0.0360786 
0.857228 0 0.876806 0 0.875001 0.0428 
0.855963 0 0.876778 1 0.874687 0.0504396 
0.854742 0 0.876715 0 0.874321 0.0580667 
0.853553 0 0.876527 0 0.873836 0.0662983 
0.852389 0 0.876256 0 0.873284 0.0749404 
0.851248 0 0.875932 0 0.872697 0.0838441 
0.850127 0 0.875574 0 0.872097 0.0928968 
0.849026 0 0.875199 0 0.871501 0.102013 
0.847614 0 0.87519 1 0.871268 0.111132 
0.846194 0 0.874968 0 0.871113 0.119999 
0.844662 0 0.874854 1 0.871102 0.128825 
0.843111 0 0.874732 1 0.871179 0.137403 
0.841587 0 0.874605 1 0.871287 0.145736 
0.840074 1 0.874529 1 0.8714 0.153831 
0.838663 1 0.874506 1 0.871483 0.161371 
0.837371 1 0.874517 1 0.87154 0.168268 
0.836204 1 0.874549 1 0.871585 0.174417 
0.835178 1 0.874595 1 0.871624 0.179706 
0.834315 1 0.874649 1 0.871665 0.184025 
0.833638 1 0.874707 1 0.871712 0.187271 
0.833169 1 0.874769 1 0.871761 0.189371 
0.832918 1 0.874834 1 0.871808 0.190284 
0.832888 1 0.8749 1 0.871854 0.190004 
0.833072 1 0.874966 1 0.871897 0.188571 
0.833458 1 0.87503 1 0.871937 0.18606 
0.834033 1 0.875089 1 0.871973 0.182566 
0.834779 1 0.875143 1 0.872007 0.178188 
0.835677 1 0.875188 1 0.87204 0.173035 
0.836709 1 0.875226 1 0.872073 0.167219 
0.837858 1 0.875255 1 0.872105 0.160842 
0.839109 1 0.875275 1 0.872137 0.153996 
0.840447 1 0.875288 1 0.872168 0.146776 
0.841856 1 0.875293 1 0.8722 0.139245 
0.843324 1 0.875291 1 0.87223 0.131476 
0.84484 1 0.875283 1 0.872259 0.123526 
0.846393 1 0.875269 1 0.872288 0.115449 
0.847975 1 0.875251 1 0.872315 0.107283 
0.849578 1 0.875228 1 0.872339 0.0990708 
0.851194 1 0.875201 1 0.872361 0.0908454 
0.852817 1 0.87517 1 0.87238 0.0826324 
0.854442 1 0.875137 1 0.872394 0.0744605 
0.856063 1 0.8751 1 0.872404 0.0663486 
0.857677 1 0.875061 1 0.872408 0.0583171 
0.859278 1 0.87502 1 0.872406 0.050379 
0.860863 1 0.874977 1 0.872396 0.0425503 
0.862438 1 0.874926 1 0.872344 0.0348417 
0.864092 0 0.87479 0 0.872194 0.027266 
0.865787 0 0.874235 0 0.871634 0.0219074 
0.866006 0 0.87437 0 0.871682 0.0190495 
0.865937 1 0.874347 0 0.871616 0.0187386 
0.865823 1 0.874279 0 0.871489 0.0191143 
0.865616 0 0.874239 1 0.8714 0.020101 
0.865274 0 0.874172 1 0.871272 0.0220071 
0.86496 0 0.873925 0 0.87096 0.0247182 
0.864671 0 0.873323 0 0.870303 0.0292956 
0.864408 0 0.872438 0 0.86938 0.0353409 
0.864171 0 0.871335 0 0.868257 0.0424907 
0.863184 0 0.870915 1 0.867818 0.0504421 
