0.289366 0 0.411781 0 0.411779 0.500001 
0.289551 0 0.416757 0 0.416655 0.499221 
0.289934 0 0.421897 0 0.421659 0.498271 
0.290467 0 0.427153 0 0.426736 0.497161 
0.291001 0 0.432348 0 0.431746 0.495905 
0.291541 0 0.437476 0 0.436687 0.494519 
0.292082 0 0.442523 0 0.441544 0.493012 
0.292629 0 0.447492 0 0.446313 0.491383 
0.293183 0 0.452375 0 0.45099 0.489621 
0.293736 0 0.457161 0 0.455567 0.487697 
0.294288 0 0.461844 0 0.460037 0.485567 
0.294847 0 0.46643 0 0.464403 0.483174 
0.295411 0 0.470914 0 0.468661 0.480453 
0.295974 0 0.475285 0 0.472805 0.477336 
0.296537 0 0.47954 0 0.476833 0.473755 
0.297108 0 0.483684 0 0.480746 0.469647 
0.29781 0 0.488277 0 0.484394 0.464942 
0.29857 0 0.492995 0 0.487808 0.459567 
0.299326 0 0.497535 0 0.491081 0.453432 
0.299975 0 0.501683 0 0.49411 0.446434 
0.300672 0 0.505598 0 0.497165 0.438453 
0.301374 0 0.509295 0 0.500092 0.429368 
0.302076 0 0.51277 0 0.502833 0.419075 
0.302784 0 0.516011 0 0.505358 0.407518 
0.303499 0 0.518994 0 0.507644 0.394707 
0.304213 0 0.521686 0 0.509663 0.380731 
0.304929 0 0.52407 0 0.511398 0.365748 
0.305654 0 0.526141 0 0.512841 0.349959 
0.306386 0 0.527892 0 0.513987 0.333578 
0.307074 0 0.529285 0 0.514803 0.31681 
0.307755 0 0.530354 0 0.515327 0.299834 
0.308444 0 0.531132 0 0.515578 0.2828 
0.30914 0 0.531631 0 0.515568 0.265823 
0.309915 0 0.53192 0 0.515398 0.248993 
0.310726 0 0.531874 0 0.515131 0.232378 
0.311574 0 0.531585 0 0.514719 0.216023 
0.312447 0 0.531082 0 0.514144 0.199963 
0.313328 0 0.530373 0 0.513398 0.184219 
0.314209 0 0.529472 0 0.512483 0.168805 
0.315091 0 0.528401 0 0.511411 0.153731 
0.315967 0 0.527177 0 0.51019 0.138998 
0.316828 0 0.525809 0 0.508826 0.124607 
0.317671 0 0.524315 0 0.507334 0.110557 
0.318498 0 0.522724 0 0.505732 0.0968422 
0.319308 0 0.521054 0 0.504038 0.0834591 
0.32009 0 0.519315 0 0.502265 0.0704015 
0.320845 0 0.517527 0 0.500431 0.0576632 
0.321579 0 0.515714 0 0.498555 0.0452373 
0.322291 0 0.513887 0 0.496651 0.0331171 
0.322972 0 0.512049 0 0.494724 0.0212954 
0.323625 0 0.510213 0 0.492786 0.00976547 
0.324256 0 0.508393 0 0.490849 -0.00147957 
0.324864 0 0.506596 0 0.488918 -0.0124468 
0.325442 0 0.504818 0 0.486993 -0.0231427 
0.325992 0 0.503067 0 0.485082 -0.0335742 
0.326521 0 0.501354 0 0.483192 -0.0437476 
0.327028 0 0.499681 0 0.481323 -0.0536695 
0.327507 0 0.498044 0 0.479476 -0.0633458 
0.327961 0 0.496446 0 0.477653 -0.0727827 
0.328397 0 0.494897 0 0.475861 -0.0819862 
0.328815 0 0.493398 0 0.474098 -0.0909618 
0.32921 0 0.491942 0 0.472363 -0.0997155 
0.329584 0 0.490533 0 0.470656 -0.108252 
0.329945 0 0.48918 0 0.468984 -0.116578 
0.330293 0 0.487882 0 0.467344 -0.124696 
0.330624 0 0.486632 0 0.465733 -0.132614 
0.330812 0 0.485025 0 0.463934 -0.140335 
0.331052 0 0.483276 0 0.462053 -0.147864 
0.331327 0 0.481509 0 0.460209 -0.155207 
0.331631 0 0.479807 0 0.458452 -0.162367 
0.332027 0 0.478235 0 0.456829 -0.169348 
0.332487 0 0.47678 0 0.455312 -0.176156 
0.332989 0 0.475428 0 0.45388 -0.182794 
0.333512 0 0.474159 0 0.452513 -0.189266 
0.333989 0 0.472804 0 0.451095 -0.195576 
0.334446 0 0.471394 0 0.449669 -0.201729 
0.334902 0 0.469967 0 0.448265 -0.207727 
0.335364 0 0.468546 0 0.446896 -0.213574 
0.335839 0 0.467148 0 0.445572 -0.219273 
0.336337 0 0.465784 0 0.444298 -0.224827 
0.336854 0 0.464457 0 0.443074 -0.230239 
0.337383 0 0.463163 0 0.441898 -0.235511 
0.337921 0 0.461907 0 0.440773 -0.240644 
0.338473 0 0.460705 0 0.43971 -0.245639 
0.339034 0 0.459562 0 0.438711 -0.250496 
0.339597 0 0.458481 0 0.437781 -0.255212 
0.340161 0 0.457473 0 0.43693 -0.259784 
0.34073 0 0.456555 0 0.436174 -0.264205 
0.341301 0 0.455737 0 0.435521 -0.268464 
0.341866 0 0.45502 0 0.434979 -0.272548 
0.342425 0 0.45441 0 0.434557 -0.276433 
0.34298 0 0.453915 0 0.434261 -0.280094 
0.343528 0 0.453531 0 0.434089 -0.283493 
0.344058 0 0.453248 0 0.434037 -0.286589 
0.344571 0 0.453069 0 0.434103 -0.289328 
0.34507 0 0.453003 0 0.434293 -0.291655 
0.345553 0 0.453055 0 0.434611 -0.293502 
0.346005 0 0.453223 0 0.435049 -0.2948 
0.34647 0 0.453546 0 0.435662 -0.295471 
0.34721 0 0.454255 0 0.436695 -0.295436 
0.348052 0 0.455258 0 0.438012 -0.294617 
0.34898 0 0.456523 0 0.439594 -0.292941 
0.3499 0 0.458009 0 0.441375 -0.290344 
0.350917 0 0.459793 0 0.443415 -0.286777 
0.351556 0 0.461853 0 0.445342 -0.28221 
0.352401 0 0.464052 0 0.447729 -0.276636 
0.353364 0 0.466473 0 0.450469 -0.270067 
0.354328 0 0.469133 0 0.453441 -0.262541 
0.355215 0 0.472014 0 0.456626 -0.254113 
0.356117 0 0.475094 0 0.45999 -0.244854 
0.357017 0 0.478353 0 0.46353 -0.234846 
0.357918 0 0.481785 0 0.467239 -0.224179 
0.358816 0 0.485371 0 0.471099 -0.212943 
0.359703 0 0.489085 0 0.475086 -0.20123 
0.360582 0 0.492907 0 0.479181 -0.189124 
0.361457 0 0.496823 0 0.483366 -0.176708 
0.362327 0 0.500811 0 0.487621 -0.164055 
0.363186 0 0.504843 0 0.491923 -0.151233 
0.364035 0 0.508902 0 0.496256 -0.1383 
0.364881 0 0.512981 0 0.50061 -0.12531 
0.365723 0 0.517065 0 0.504969 -0.112307 
0.366555 0 0.521134 0 0.509318 -0.0993313 
0.367379 0 0.525178 0 0.513647 -0.0864164 
0.368202 0 0.529196 0 0.517952 -0.073591 
0.369024 0 0.533177 0 0.522221 -0.0608793 
0.369838 0 0.537106 0 0.526443 -0.0483016 
0.370645 0 0.540976 0 0.530613 -0.0358749 
0.371454 0 0.544792 0 0.53473 -0.0236131 
0.372264 0 0.548546 0 0.538786 -0.0115276 
0.373067 0 0.552226 0 0.542775 0.000372426 
0.373867 0 0.555831 0 0.546695 0.0120796 
0.374669 0 0.559366 0 0.550546 0.0235882 
0.375475 0 0.562826 0 0.554325 0.0348939 
0.376276 0 0.566204 0 0.558026 0.0459936 
0.377075 0 0.569499 0 0.56165 0.0568852 
0.37788 0 0.572718 0 0.5652 0.0675672 
0.378689 0 0.575859 0 0.568673 0.0780393 
0.379495 0 0.578915 0 0.572067 0.0883015 
0.380302 0 0.581886 0 0.575382 0.0983542 
0.381115 0 0.584782 0 0.578623 0.108199 
0.381934 0 0.587602 0 0.581789 0.117836 
0.382751 0 0.590338 0 0.584878 0.127268 
0.38357 0 0.592992 0 0.587892 0.136496 
0.384396 0 0.595574 0 0.590835 0.145524 
0.385229 0 0.598083 0 0.593709 0.154352 
0.386061 0 0.600513 0 0.596511 0.162984 
0.386894 0 0.602865 0 0.599243 0.171422 
0.387735 0 0.60515 0 0.601912 0.17967 
0.388583 0 0.607367 0 0.604518 0.187729 
0.38943 0 0.609509 0 0.607059 0.195603 
0.390277 0 0.611577 0 0.609539 0.203295 
0.391132 0 0.613583 0 0.611962 0.210807 
0.391992 0 0.615526 0 0.614331 0.218144 
0.39285 0 0.617397 0 0.616644 0.225307 
0.393708 0 0.6192 0 0.618902 0.232301 
0.394572 0 0.620943 0 0.621113 0.239129 
0.39544 0 0.622627 0 0.623278 0.245793 
0.396304 0 0.624243 0 0.625393 0.252298 
0.397167 0 0.625793 0 0.627463 0.258645 
0.398034 0 0.627286 0 0.629494 0.264839 
0.398903 0 0.628723 0 0.631486 0.270883 
0.399767 0 0.630093 0 0.633436 0.276779 
0.400627 0 0.6314 0 0.635348 0.282532 
0.401489 0 0.632651 0 0.637228 0.288144 
0.402352 0 0.633846 0 0.639076 0.293618 
0.403209 0 0.634977 0 0.64089 0.298958 
0.404059 0 0.636044 0 0.642671 0.304167 
0.40491 0 0.637057 0 0.644427 0.309247 
0.405759 0 0.638014 0 0.646156 0.314201 
0.4066 0 0.638906 0 0.647857 0.319033 
0.407433 0 0.639735 0 0.649531 0.323745 
0.408265 0 0.640509 0 0.651184 0.328341 
0.409094 0 0.641226 0 0.652816 0.332823 
0.409913 0 0.641878 0 0.654423 0.337193 
0.410722 0 0.642465 0 0.656008 0.341455 
0.411528 0 0.642996 0 0.657576 0.345611 
0.412329 0 0.643469 0 0.659126 0.349663 
0.413118 0 0.643875 0 0.660655 0.353615 
0.413896 0 0.644215 0 0.662164 0.357468 
0.41467 0 0.644496 0 0.663659 0.361225 
0.415437 0 0.644719 0 0.665139 0.364889 
0.416191 0 0.644872 0 0.666599 0.368461 
0.416931 0 0.644956 0 0.668041 0.371944 
0.417336 0 0.645128 0 0.668903 0.37534 
0.417601 0 0.645379 0 0.669506 0.378651 
0.417807 0 0.645642 0 0.66999 0.38188 
0.418111 0 0.645973 0 0.67057 0.385029 
0.418485 0 0.646359 0 0.671212 0.388099 
0.418907 0 0.646777 0 0.671896 0.391092 
0.419356 0 0.647198 0 0.672609 0.39401 
0.419823 0 0.647614 0 0.673345 0.396856 
0.420311 0 0.648026 0 0.674106 0.39963 
0.420814 0 0.648429 0 0.674888 0.402335 
0.421322 0 0.64881 0 0.675683 0.404973 
0.421833 0 0.649169 0 0.676493 0.407544 
0.422355 0 0.649513 0 0.677321 0.410052 
0.422886 0 0.649839 0 0.678166 0.412496 
0.423416 0 0.65014 0 0.679024 0.41488 
0.423948 0 0.650416 0 0.679895 0.417204 
0.424488 0 0.650675 0 0.680784 0.41947 
0.425036 0 0.650919 0 0.681689 0.42168 
0.425666 0 0.651507 0 0.682496 0.423834 
0.426345 0 0.652246 0 0.683276 0.425934 
0.427072 0 0.653057 0 0.684075 0.427982 
0.427703 0 0.653703 0 0.684842 0.429979 
0.428329 0 0.654339 0 0.685613 0.431925 
0.428953 0 0.654968 0 0.68639 0.433823 
0.42958 0 0.6556 0 0.68718 0.435674 
0.430211 0 0.656235 0 0.687982 0.437478 
0.430982 0 0.657159 0 0.688811 0.439238 
0.431775 0 0.658031 0 0.689711 0.440953 
0.432571 0 0.65893 0 0.690616 0.442625 
0.433471 0 0.660034 0 0.69156 0.444256 
0.434279 0 0.661009 0 0.692486 0.445846 
0.43516 0 0.662136 0 0.693457 0.447396 
0.435973 0 0.663162 0 0.694431 0.448907 
0.43674 0 0.664182 0 0.695386 0.450381 
0.437465 0 0.665215 0 0.696323 0.451818 
0.438159 0 0.666271 0 0.697257 0.453218 
0.438836 0 0.667367 0 0.698208 0.454584 
0.439501 0 0.668509 0 0.699183 0.455916 
0.440148 0 0.669693 0 0.700183 0.457214 
0.44078 0 0.670925 0 0.701214 0.45848 
0.441222 0 0.672114 0 0.702099 0.459714 
0.441577 0 0.673273 0 0.702981 0.460918 
0.441791 0 0.674328 0 0.703807 0.462091 
0.442002 0 0.67543 0 0.704686 0.463235 
0.442217 0 0.676586 0 0.705619 0.46435 
0.442438 0 0.677765 0 0.70662 0.465438 
0.442768 0 0.679077 0 0.707778 0.466498 
0.443161 0 0.680464 0 0.70904 0.467532 
0.443595 0 0.681905 0 0.71037 0.46854 
0.444048 0 0.683382 0 0.711736 0.469523 
0.444502 0 0.684875 0 0.71311 0.470481 
0.44495 0 0.686375 0 0.714479 0.471415 
0.445287 0 0.687833 0 0.715697 0.472326 
0.445567 0 0.689247 0 0.716849 0.473214 
0.445814 0 0.690617 0 0.717961 0.47408 
0.446046 0 0.691952 0 0.719044 0.474924 
0.446275 0 0.693263 0 0.720102 0.475747 
0.4465 0 0.69455 0 0.72113 0.47655 
0.446714 0 0.695803 0 0.722121 0.477333 
0.44692 0 0.69702 0 0.723077 0.478096 
0.447124 0 0.698207 0 0.724002 0.47884 
0.447326 0 0.699363 0 0.724894 0.479565 
0.447519 0 0.700476 0 0.725749 0.480272 
0.447704 0 0.701548 0 0.726568 0.480962 
0.447889 0 0.702588 0 0.727356 0.481634 
0.448072 0 0.703595 0 0.728111 0.482289 
0.448246 0 0.70456 0 0.72883 0.482928 
0.448412 0 0.705486 0 0.729513 0.483551 
0.448577 0 0.706381 0 0.730167 0.484159 
0.448741 0 0.707246 0 0.730791 0.484751 
0.448896 0 0.708072 0 0.73138 0.485329 
0.449042 0 0.708862 0 0.731938 0.485892 
0.449188 0 0.709624 0 0.732469 0.486441 
0.449332 0 0.710359 0 0.732973 0.486976 
0.449467 0 0.711058 0 0.733445 0.487498 
0.449592 0 0.711725 0 0.733888 0.488007 
0.449717 0 0.712368 0 0.734307 0.488503 
0.449838 0 0.712988 0 0.7347 0.488987 
0.449949 0 0.713576 0 0.735064 0.489458 
0.45005 0 0.714135 0 0.7354 0.489918 
0.450147 0 0.714673 0 0.735713 0.490366 
0.45024 0 0.715191 0 0.736001 0.490804 
0.45032 0 0.715681 0 0.73626 0.49123 
0.450388 0 0.716144 0 0.73649 0.491645 
0.45045 0 0.71659 0 0.736696 0.49205 
0.450505 0 0.717018 0 0.736876 0.492445 
0.450543 0 0.717419 0 0.737024 0.492831 
0.450565 0 0.717796 0 0.73714 0.493206 
0.450578 0 0.718158 0 0.737229 0.493572 
0.450579 0 0.718504 0 0.737288 0.493929 
0.450559 0 0.718825 0 0.73731 0.494277 
0.450519 0 0.719124 0 0.737296 0.494617 
0.450464 0 0.719408 0 0.737249 0.494947 
0.450392 0 0.719678 0 0.737165 0.49527 
0.450295 0 0.719925 0 0.737039 0.495584 
0.450172 0 0.720152 0 0.73687 0.495891 
0.450029 0 0.720367 0 0.73666 0.49619 
0.449865 0 0.72057 0 0.736408 0.496482 
0.449671 0 0.720755 0 0.736106 0.496766 
0.449623 0 0.721011 0 0.735995 0.497043 
0.449678 0 0.721326 0 0.736 0.497313 
0.449567 0 0.721576 0 0.735744 0.497577 
0.449369 0 0.721945 0 0.735234 0.497834 
0.449083 0 0.722413 0 0.734479 0.498084 
0.448753 0 0.722986 0 0.733547 0.498328 
0.448401 0 0.723672 0 0.732463 0.498566 
0.448035 0 0.724479 0 0.731227 0.498799 
0.447664 0 0.72542 0 0.729835 0.499025 
0.447302 0 0.726502 0 0.728284 0.499245 
0.446948 0 0.727703 0 0.726572 0.49946 
0.446595 0 0.728978 0 0.7247 0.49967 
0.446239 0 0.730289 0 0.722675 0.499874 
0.445755 0 0.731462 0 0.720374 0.500074 
0.445437 0 0.732684 0 0.718274 0.500268 
0.444969 0 0.733746 0 0.715853 0.500458 
0.444476 0 0.734679 0 0.71337 0.500642 
0.443964 0 0.735491 0 0.710832 0.500822 
0.443433 0 0.736181 0 0.708238 0.500998 
0.442918 0 0.736105 0 0.707001 0.501169 
0.442729 0 0.736151 0 0.706464 0.501336 
0.442745 0 0.736343 0 0.706208 0.501498 
0.442662 0 0.736366 0 0.705961 0.501657 
0.442893 0 0.736718 0 0.705895 0.501812 
0.443253 0 0.737207 0 0.705917 0.501962 
0.443825 0 0.737924 0 0.706089 0.502109 
0.444401 0 0.738635 0 0.706261 0.502251 
0.444973 0 0.739333 0 0.706428 0.50239 
0.445543 0 0.740019 0 0.706593 0.502525 
0.446118 0 0.740702 0 0.706759 0.502656 
0.446696 0 0.741382 0 0.706924 0.502783 
0.447271 0 0.74205 0 0.707086 0.502907 
0.447844 0 0.742708 0 0.707245 0.503026 
0.448421 0 0.743365 0 0.707406 0.503141 
0.448847 0 0.743869 0 0.707438 0.503252 
0.449271 0 0.744365 0 0.707467 0.503357 
0.449692 0 0.744855 0 0.707493 0.503457 
0.450119 0 0.745347 0 0.707521 0.50355 
0.45055 0 0.74584 0 0.707549 0.503634 
0.45106 0 0.746404 0 0.707624 0.503706 
0.451564 0 0.746944 0 0.707742 0.503763 
0.452079 0 0.747486 0 0.707882 0.503797 
0.452602 0 0.748029 0 0.708031 0.5038 
0.453127 0 0.748567 0 0.708183 0.503758 
0.453661 0 0.749106 0 0.708342 0.503651 
0.454214 0 0.749656 0 0.708516 0.503448 
0.454787 0 0.750216 0 0.708704 0.503104 
0.455374 0 0.750776 0 0.708901 0.502558 
0.455977 0 0.751333 0 0.709104 0.501717 
0.456604 0 0.75189 0 0.709311 0.500456 
0.457253 0 0.752436 0 0.709515 0.498603 
0.457919 0 0.752953 0 0.709702 0.49594 
0.458606 0 0.753423 0 0.709858 0.492198 
0.459321 0 0.753828 0 0.709969 0.487074 
0.460065 0 0.754133 0 0.710004 0.480277 
0.460833 0 0.754285 0 0.709925 0.471573 
0.461629 0 0.754237 0 0.709692 0.460847 
0.462459 0 0.753943 0 0.709267 0.448144 
0.463323 0 0.753359 0 0.708611 0.433662 
0.464213 0 0.75245 0 0.707696 0.417711 
0.465127 0 0.751207 0 0.706513 0.400652 
0.466069 0 0.749644 0 0.705069 0.382835 
0.467032 0 0.747784 0 0.703377 0.364569 
0.468004 0 0.745652 0 0.701456 0.346099 
0.468982 0 0.743283 0 0.699334 0.327613 
0.469967 0 0.740721 0 0.697041 0.309248 
0.470951 0 0.738001 0 0.694599 0.291098 
0.471924 0 0.735148 0 0.692031 0.27323 
0.472882 0 0.732193 0 0.689357 0.255685 
0.473829 0 0.72917 0 0.6866 0.23849 
0.47476 0 0.7261 0 0.683774 0.221663 
0.475667 0 0.722997 0 0.680887 0.205211 
0.476548 0 0.719882 0 0.677953 0.189137 
0.477408 0 0.716775 0 0.674979 0.173441 
0.478245 0 0.713688 0 0.671971 0.15812 
0.479051 0 0.710627 0 0.668926 0.143169 
0.479827 0 0.707601 0 0.665848 0.128581 
0.480578 0 0.704621 0 0.66274 0.114352 
0.481303 0 0.701691 0 0.659598 0.100472 
0.481994 0 0.698807 0 0.656423 0.0869358 
0.482654 0 0.695971 0 0.653217 0.0737349 
0.483289 0 0.693188 0 0.649988 0.0608618 
0.483896 0 0.690458 0 0.64674 0.0483089 
0.484471 0 0.687775 0 0.643479 0.0360687 
0.485014 0 0.68514 0 0.640215 0.0241338 
0.485533 0 0.682561 0 0.63696 0.0124969 
0.486026 0 0.68004 0 0.633722 0.00115073 
0.486488 0 0.677572 0 0.630508 -0.00991153 
0.486921 0 0.675161 0 0.627326 -0.0206971 
0.487331 0 0.672817 0 0.624187 -0.0312127 
0.487718 0 0.670541 0 0.621096 -0.0414647 
0.488076 0 0.66833 0 0.618056 -0.0514598 
0.488408 0 0.666188 0 0.615071 -0.061204 
0.48872 0 0.664123 0 0.61215 -0.0707035 
0.488781 0 0.661337 0 0.608858 -0.0799651 
0.488796 0 0.658279 0 0.605437 -0.0889928 
0.488813 0 0.6553 0 0.602141 -0.0977936 
0.488955 0 0.652523 0 0.59905 -0.106372 
0.489183 0 0.649927 0 0.596132 -0.114735 
0.489464 0 0.647485 0 0.593361 -0.122885 
0.489779 0 0.645182 0 0.590721 -0.13083 
0.490124 0 0.643017 0 0.588203 -0.138573 
0.490488 0 0.64098 0 0.585801 -0.146118 
0.49086 0 0.639065 0 0.583505 -0.153471 
0.49124 0 0.637267 0 0.581314 -0.160635 
0.491629 0 0.635592 0 0.579225 -0.167614 
0.492027 0 0.634034 0 0.577234 -0.174412 
0.492425 0 0.632588 0 0.575337 -0.181031 
0.492826 0 0.631252 0 0.573532 -0.187476 
0.493235 0 0.630029 0 0.571818 -0.193747 
0.49365 0 0.628917 0 0.570192 -0.199847 
0.494065 0 0.627909 0 0.56865 -0.205776 
0.494483 0 0.627004 0 0.567191 -0.211535 
0.494908 0 0.626206 0 0.565815 -0.217121 
0.495338 0 0.625514 0 0.564519 -0.222531 
0.495769 0 0.624922 0 0.563301 -0.22776 
0.496201 0 0.62443 0 0.562162 -0.232798 
0.49664 0 0.624047 0 0.561104 -0.237632 
0.497084 0 0.623773 0 0.560129 -0.242245 
0.497527 0 0.623608 0 0.559236 -0.246611 
0.497869 0 0.623237 0 0.558358 -0.250698 
0.498141 0 0.62273 0 0.55751 -0.254464 
0.498372 0 0.622202 0 0.556742 -0.257855 
0.49858 0 0.621753 0 0.556098 -0.260802 
0.498782 0 0.621448 0 0.555604 -0.263222 
0.498992 0 0.621328 0 0.555279 -0.265016 
0.499212 0 0.621415 0 0.555141 -0.266067 
0.499436 0 0.621724 0 0.555207 -0.266244 
0.499667 0 0.622284 0 0.555506 -0.265407 
0.499911 0 0.623134 0 0.556072 -0.263411 
0.500167 0 0.624309 0 0.556931 -0.26012 
0.500432 0 0.625833 0 0.558109 -0.255417 
0.500705 0 0.627733 0 0.559625 -0.249222 
0.500996 0 0.630027 0 0.561492 -0.241507 
0.501303 0 0.632712 0 0.563704 -0.232302 
0.501621 0 0.635764 0 0.566243 -0.221701 
0.501952 0 0.639151 0 0.569082 -0.209862 
0.502305 0 0.642833 0 0.572184 -0.196981 
0.502677 0 0.646757 0 0.575501 -0.183281 
0.503064 0 0.650859 0 0.578984 -0.168985 
0.503468 0 0.655087 0 0.582589 -0.154299 
0.503895 0 0.659398 0 0.586278 -0.1394 
0.504344 0 0.663752 0 0.590016 -0.124433 
0.504809 0 0.668106 0 0.593773 -0.109511 
0.505292 0 0.672437 0 0.59753 -0.094719 
0.505797 0 0.676729 0 0.601272 -0.0801192 
0.506323 0 0.680968 0 0.604987 -0.0657554 
0.506863 0 0.685134 0 0.608665 -0.0516574 
0.507417 0 0.689221 0 0.6123 -0.0378447 
0.507991 0 0.69323 0 0.615892 -0.0243289 
0.508582 0 0.697155 0 0.619435 -0.0111162 
0.509182 0 0.700989 0 0.622928 0.00179119 
0.509791 0 0.70473 0 0.62637 0.014394 
0.510415 0 0.708384 0 0.629764 0.0266947 
0.511049 0 0.711949 0 0.633109 0.0386972 
0.511688 0 0.715419 0 0.636403 0.0504065 
0.512331 0 0.718794 0 0.639648 0.0618281 
0.512982 0 0.722082 0 0.642847 0.0729678 
0.51394 0 0.725845 0 0.64638 0.0838315 
0.515057 0 0.729678 0 0.649942 0.0944257 
0.516227 0 0.733376 0 0.653422 0.104757 
0.517467 0 0.736996 0 0.656892 0.11483 
0.518711 0 0.74053 0 0.660301 0.124653 
0.519953 0 0.743973 0 0.663649 0.13423 
0.521193 0 0.747326 0 0.66694 0.143569 
0.522438 0 0.750599 0 0.670178 0.152675 
0.523687 0 0.75379 0 0.673362 0.161553 
0.524933 0 0.756893 0 0.676495 0.170209 
0.526179 0 0.75991 0 0.679579 0.178649 
0.527429 0 0.76285 0 0.682618 0.186879 
0.528683 0 0.765712 0 0.685611 0.194903 
0.529934 0 0.768489 0 0.688561 0.202726 
0.531184 0 0.771182 0 0.69147 0.210354 
0.532364 0 0.773782 0 0.694355 0.217791 
0.533547 0 0.776302 0 0.697201 0.225042 
0.534727 0 0.778735 0 0.700009 0.232112 
0.535905 0 0.781082 0 0.702782 0.239005 
0.537087 0 0.783351 0 0.705523 0.245726 
0.538271 0 0.785542 0 0.708231 0.252279 
0.539397 0 0.787589 0 0.710843 0.258668 
0.540494 0 0.789502 0 0.713412 0.264898 
0.541575 0 0.791307 0 0.715954 0.270971 
0.542609 0 0.792995 0 0.718452 0.276893 
0.543638 0 0.794595 0 0.720924 0.282667 
0.544662 0 0.796108 0 0.723374 0.288296 
0.545689 0 0.797541 0 0.725804 0.293785 
0.546716 0 0.798894 0 0.728214 0.299137 
0.54776 0 0.800171 0 0.730616 0.304355 
0.548793 0 0.801383 0 0.733014 0.309442 
0.549819 0 0.802506 0 0.73539 0.314402 
0.550833 0 0.803528 0 0.737741 0.319238 
0.551828 0 0.804444 0 0.74007 0.323953 
0.552809 0 0.805259 0 0.742384 0.328551 
0.553402 0 0.805774 0 0.743798 0.333034 
0.553714 0 0.806082 0 0.744722 0.337404 
0.553893 0 0.806335 0 0.745456 0.341665 
0.554099 0 0.806608 0 0.746206 0.34582 
0.554332 0 0.806898 0 0.74698 0.349871 
0.554586 0 0.807198 0 0.747779 0.35382 
0.554851 0 0.807497 0 0.748602 0.357671 
0.555125 0 0.807794 0 0.749451 0.361425 
0.555413 0 0.808097 0 0.750328 0.365086 
0.555714 0 0.808406 0 0.751234 0.368655 
0.556019 0 0.808713 0 0.75217 0.372135 
0.55633 0 0.80902 0 0.753139 0.375528 
0.556654 0 0.809338 0 0.754146 0.378836 
0.556988 0 0.809668 0 0.755193 0.382061 
0.557326 0 0.810003 0 0.756281 0.385206 
0.55767 0 0.810347 0 0.757415 0.388272 
0.558025 0 0.810711 0 0.758599 0.391262 
0.558392 0 0.811097 0 0.759837 0.394176 
0.558762 0 0.811499 0 0.761129 0.397018 
0.559137 0 0.811921 0 0.762481 0.399789 
0.559524 0 0.812373 0 0.763897 0.402491 
0.559921 0 0.812856 0 0.765377 0.405125 
0.560321 0 0.813363 0 0.766923 0.407693 
0.560559 0 0.81398 0 0.768108 0.410197 
0.560691 0 0.814688 0 0.769085 0.412638 
0.56077 0 0.815466 0 0.769989 0.415018 
0.560873 0 0.816299 0 0.770974 0.417339 
0.560995 0 0.817179 0 0.772033 0.419602 
0.561138 0 0.818107 0 0.773164 0.421808 
0.5613 0 0.819075 0 0.77436 0.423959 
0.561471 0 0.820068 0 0.775616 0.426057 
0.561652 0 0.821078 0 0.776925 0.428101 
0.561848 0 0.82211 0 0.778283 0.430095 
0.561998 0 0.823117 0 0.77962 0.432039 
0.562134 0 0.824096 0 0.780992 0.433934 
0.562272 0 0.82506 0 0.782397 0.435782 
0.562382 0 0.826019 0 0.783765 0.437584 
0.562452 0 0.826938 0 0.785103 0.43934 
0.562483 0 0.827826 0 0.786391 0.441053 
0.562481 0 0.828692 0 0.787624 0.442723 
0.562499 0 0.829583 0 0.788829 0.444351 
0.56253 0 0.83048 0 0.79001 0.445939 
0.562563 0 0.831363 0 0.791164 0.447486 
0.562593 0 0.832227 0 0.792286 0.448996 
0.562628 0 0.83308 0 0.793374 0.450467 
0.562692 0 0.833916 0 0.794483 0.451902 
0.562767 0 0.834716 0 0.795597 0.4533 
0.56285 0 0.835479 0 0.796709 0.454664 
0.562941 0 0.836215 0 0.797807 0.455994 
0.563036 0 0.836926 0 0.798879 0.45729 
0.563123 0 0.837603 0 0.799916 0.458554 
0.563202 0 0.83825 0 0.800915 0.459787 
0.563282 0 0.838876 0 0.801878 0.460988 
0.56336 0 0.839479 0 0.802804 0.46216 
0.56343 0 0.84005 0 0.803695 0.463302 
0.563494 0 0.840591 0 0.804553 0.464416 
0.563559 0 0.84111 0 0.805379 0.465502 
0.563624 0 0.841608 0 0.806174 0.466561 
0.56368 0 0.842077 0 0.806936 0.467593 
0.56373 0 0.842517 0 0.807665 0.468599 
0.563779 0 0.842939 0 0.808363 0.469581 
0.563826 0 0.843344 0 0.809029 0.470537 
0.563864 0 0.843721 0 0.809661 0.47147 
0.563894 0 0.844073 0 0.810261 0.47238 
0.563922 0 0.84441 0 0.810831 0.473267 
0.563947 0 0.844732 0 0.811369 0.474131 
0.56396 0 0.845029 0 0.811873 0.474974 
0.563964 0 0.845303 0 0.812344 0.475796 
0.563964 0 0.845565 0 0.812784 0.476597 
0.563958 0 0.845813 0 0.813191 0.477379 
0.563939 0 0.846039 0 0.813562 0.478141 
0.563907 0 0.846244 0 0.813899 0.478883 
0.563869 0 0.846437 0 0.814202 0.479608 
0.563822 0 0.846619 0 0.814469 0.480314 
0.563759 0 0.846779 0 0.814697 0.481002 
0.56368 0 0.846921 0 0.814887 0.481673 
0.56359 0 0.847052 0 0.815039 0.482328 
0.563489 0 0.847172 0 0.815151 0.482966 
0.563368 0 0.847272 0 0.815219 0.483588 
0.563226 0 0.847355 0 0.815242 0.484195 
0.563071 0 0.847428 0 0.815221 0.484786 
0.562899 0 0.847492 0 0.815153 0.485363 
0.562702 0 0.847537 0 0.815033 0.485925 
0.562481 0 0.847568 0 0.814859 0.486473 
0.562241 0 0.847592 0 0.814631 0.487008 
0.561981 0 0.84761 0 0.814345 0.487529 
0.56169 0 0.847616 0 0.813994 0.488037 
0.561522 0 0.847705 0 0.813805 0.488532 
0.561443 0 0.847862 0 0.813702 0.489015 
0.561211 0 0.847947 0 0.813312 0.489486 
0.561077 0 0.848192 0 0.812937 0.489945 
0.560771 0 0.848302 0 0.812352 0.490392 
0.560619 0 0.84854 0 0.811994 0.490829 
0.560578 0 0.848887 0 0.811741 0.491254 
0.560612 0 0.84932 0 0.811536 0.491669 
0.5607 0 0.849825 0 0.811351 0.492074 
0.560833 0 0.85039 0 0.811166 0.492468 
0.560998 0 0.850997 0 0.810967 0.492853 
0.56118 0 0.851617 0 0.810748 0.493228 
0.561375 0 0.852237 0 0.810508 0.493593 
0.561585 0 0.852855 0 0.810251 0.49395 
0.561805 0 0.853462 0 0.809976 0.494297 
0.561964 0 0.853984 0 0.809638 0.494636 
0.562222 0 0.854608 0 0.80931 0.494966 
0.562316 0 0.854976 0 0.808976 0.495288 
0.562599 0 0.8556 0 0.808597 0.495603 
0.562876 0 0.856186 0 0.808217 0.495909 
0.562985 0 0.856506 0 0.807877 0.496207 
0.563281 0 0.85708 0 0.807467 0.496498 
0.56341 0 0.857401 0 0.8071 0.496782 
0.563857 0 0.858077 0 0.8069 0.497059 
0.564416 0 0.85887 0 0.806735 0.497329 
0.564984 0 0.85967 0 0.806519 0.497591 
0.565552 0 0.86046 0 0.806298 0.497847 
0.566114 0 0.861232 0 0.806071 0.498097 
0.566672 0 0.861988 0 0.805839 0.498341 
0.567233 0 0.862735 0 0.805603 0.498578 
0.567795 0 0.863475 0 0.805362 0.498809 
0.568352 0 0.864198 0 0.805115 0.499034 
0.568904 0 0.864907 0 0.804861 0.499253 
0.56946 0 0.86561 0 0.804603 0.499466 
0.570017 0 0.866306 0 0.804338 0.499673 
0.570569 0 0.866987 0 0.804066 0.499874 
0.571117 0 0.867655 0 0.803786 0.500069 
0.571668 0 0.868318 0 0.803501 0.500258 
0.572221 0 0.868975 0 0.803207 0.500439 
0.572768 0 0.869617 0 0.802904 0.500613 
0.573312 0 0.870247 0 0.802592 0.500777 
0.573859 0 0.870871 0 0.802271 0.500929 
0.574407 0 0.871488 0 0.80194 0.501067 
0.574949 0 0.872091 0 0.801596 0.501186 
0.575488 0 0.87268 0 0.801242 0.501278 
0.57603 0 0.873261 0 0.800875 0.501333 
0.576572 0 0.873833 0 0.800493 0.501336 
0.577109 0 0.874386 0 0.800096 0.501263 
0.577784 0 0.87507 0 0.799847 0.50108 
0.578558 0 0.875839 0 0.799662 0.500738 
0.579399 0 0.876655 0 0.799511 0.500169 
0.580284 0 0.877491 0 0.799377 0.499273 
0.581208 0 0.878336 0 0.799246 0.497919 
0.58217 0 0.879185 0 0.799107 0.495931 
0.583052 0 0.879889 0 0.798963 0.493089 
0.583892 0 0.880475 0 0.79875 0.489133 
0.584461 0 0.880677 0 0.798316 0.483786 
0.584749 0 0.880446 0 0.79767 0.476791 
0.584851 0 0.879821 0 0.796867 0.467956 
0.584827 0 0.878806 0 0.795883 0.457207 
0.584723 0 0.877391 0 0.794681 0.444608 
0.584576 0 0.875567 0 0.793234 0.430351 
0.584402 0 0.873323 0 0.791531 0.414719 
0.584206 0 0.87066 0 0.789572 0.398035 
0.583993 0 0.867603 0 0.787364 0.380612 
0.583774 0 0.8642 0 0.784921 0.36273 
0.583548 0 0.8605 0 0.782259 0.344617 
0.58331 0 0.856552 0 0.779401 0.32645 
0.583062 0 0.852412 0 0.776369 0.308365 
0.582809 0 0.848133 0 0.773183 0.290456 
0.58255 0 0.843756 0 0.769861 0.272794 
0.582277 0 0.839315 0 0.766419 0.255426 
0.58199 0 0.83484 0 0.762871 0.238383 
0.581694 0 0.83036 0 0.759228 0.221686 
0.581387 0 0.825894 0 0.755498 0.205346 
0.581061 0 0.82145 0 0.751689 0.189371 
0.580715 0 0.817038 0 0.747811 0.173761 
0.580354 0 0.81267 0 0.743872 0.158516 
0.579974 0 0.808348 0 0.739883 0.143633 
0.57957 0 0.804068 0 0.735853 0.129107 
0.57914 0 0.799832 0 0.731794 0.114934 
0.578688 0 0.795646 0 0.727721 0.101106 
0.578213 0 0.791508 0 0.723643 0.087617 
0.577708 0 0.787416 0 0.719572 0.0744605 
0.577173 0 0.783369 0 0.71552 0.061629 
0.576613 0 0.779376 0 0.711496 0.0491158 
0.576027 0 0.775435 0 0.707509 0.0369136 
0.575441 0 0.771298 0 0.703201 0.0250155 
0.574817 0 0.767094 0 0.698711 0.0134148 
0.57421 0 0.762943 0 0.694204 0.0021043 
0.573602 0 0.758878 0 0.689744 -0.00892257 
0.572971 0 0.754889 0 0.685346 -0.0196722 
0.572305 0 0.750957 0 0.681004 -0.030151 
0.571554 0 0.747017 0 0.676688 -0.0403652 
0.570738 0 0.743081 0 0.672415 -0.0503205 
0.569867 0 0.739162 0 0.668204 -0.0600229 
0.568953 0 0.735276 0 0.664065 -0.0694778 
0.568449 0 0.732246 0 0.660818 -0.07869 
0.568158 0 0.729433 0 0.657856 -0.0876661 
0.567928 0 0.726635 0 0.65498 -0.0964097 
0.567573 0 0.723878 0 0.652154 -0.104926 
0.56713 0 0.721167 0 0.649383 -0.113218 
0.566613 0 0.718497 0 0.646661 -0.121292 
0.566028 0 0.715862 0 0.643989 -0.12915 
0.565387 0 0.71327 0 0.641372 -0.136795 
0.564703 0 0.710736 0 0.63882 -0.144232 
0.563982 0 0.708266 0 0.636338 -0.151462 
0.563223 0 0.705862 0 0.633933 -0.158487 
0.562433 0 0.703529 0 0.63161 -0.16531 
0.561622 0 0.701278 0 0.629374 -0.171929 
0.560964 0 0.698939 0 0.627427 -0.178344 
0.560456 0 0.696633 0 0.625654 -0.184551 
0.560063 0 0.694425 0 0.624046 -0.190546 
0.559675 0 0.69231 0 0.622517 -0.196319 
0.559289 0 0.690286 0 0.621068 -0.201856 
0.558899 0 0.688353 0 0.619701 -0.207134 
0.558658 0 0.686411 0 0.618501 -0.212123 
0.558531 0 0.684524 0 0.617468 -0.216776 
0.558497 0 0.682742 0 0.616601 -0.221029 
0.558638 0 0.681616 0 0.615584 -0.224793 
0.55895 0 0.680817 0 0.614738 -0.227951 
0.559351 0 0.680161 0 0.614055 -0.230353 
0.559928 0 0.679757 0 0.613768 -0.231818 
0.560469 0 0.67963 0 0.613612 -0.232144 
0.561013 0 0.679839 0 0.613732 -0.231123 
0.561562 0 0.680431 0 0.614178 -0.228566 
0.56212 0 0.681437 0 0.614984 -0.224335 
0.562681 0 0.682869 0 0.616163 -0.218367 
0.563249 0 0.68473 0 0.617715 -0.210691 
0.563828 0 0.687004 0 0.61962 -0.201427 
0.564417 0 0.689651 0 0.621842 -0.190767 
0.564984 0 0.692603 0 0.624312 -0.17895 
0.565563 0 0.695811 0 0.627011 -0.166224 
0.566118 0 0.69922 0 0.629859 -0.152832 
0.566699 0 0.702787 0 0.632857 -0.138987 
0.567241 0 0.706456 0 0.635918 -0.124869 
0.568037 0 0.710663 0 0.639468 -0.110623 
0.568953 0 0.714969 0 0.643081 -0.0963646 
0.569895 0 0.719179 0 0.646628 -0.0821791 
0.570835 0 0.723378 0 0.650154 -0.0681319 
0.571774 0 0.727554 0 0.653648 -0.0542713 
0.572719 0 0.731703 0 0.657103 -0.0406315 
0.57367 0 0.735814 0 0.66051 -0.0272369 
0.57462 0 0.739877 0 0.663864 -0.0141041 
0.575571 0 0.743886 0 0.667163 -0.00124379 
0.57653 0 0.747846 0 0.670406 0.0113379 
0.577495 0 0.751754 0 0.67359 0.0236378 
0.578461 0 0.755601 0 0.676714 0.0356554 
0.579429 0 0.759389 0 0.67978 0.0473921 
0.580406 0 0.763123 0 0.682787 0.0588502 
0.58139 0 0.766802 0 0.685735 0.0700336 
0.582376 0 0.770422 0 0.688626 0.0809463 
0.583365 0 0.773982 0 0.691461 0.0915932 
0.584363 0 0.777492 0 0.694241 0.101979 
0.585369 0 0.780949 0 0.696967 0.11211 
0.586377 0 0.784351 0 0.699641 0.121991 
0.587388 0 0.787698 0 0.702264 0.131627 
0.588409 0 0.790998 0 0.704839 0.141025 
0.589438 0 0.794251 0 0.707365 0.150189 
0.59047 0 0.797453 0 0.709845 0.159125 
0.591505 0 0.800605 0 0.712281 0.167839 
0.59255 0 0.803716 0 0.714674 0.176336 
0.593603 0 0.806784 0 0.717025 0.184621 
0.594602 0 0.80966 0 0.719288 0.1927 
0.595551 0 0.812341 0 0.721484 0.200577 
0.596463 0 0.814881 0 0.72363 0.208257 
0.597347 0 0.817326 0 0.725735 0.215746 
0.598205 0 0.819696 0 0.727801 0.223047 
0.599042 0 0.822001 0 0.729831 0.230167 
0.599866 0 0.824245 0 0.731824 0.237108 
0.600676 0 0.826422 0 0.733781 0.243876 
0.601466 0 0.828522 0 0.735704 0.250475 
0.602237 0 0.830544 0 0.737597 0.256909 
0.602995 0 0.832497 0 0.739462 0.263182 
0.603739 0 0.834382 0 0.741299 0.269298 
0.604464 0 0.836193 0 0.743112 0.275262 
0.605171 0 0.837932 0 0.744904 0.281076 
0.605866 0 0.839608 0 0.746675 0.286746 
0.606548 0 0.84122 0 0.748427 0.292273 
0.607211 0 0.842763 0 0.750163 0.297662 
0.607856 0 0.844236 0 0.751884 0.302917 
0.60849 0 0.84565 0 0.753594 0.30804 
0.609111 0 0.847004 0 0.755291 0.313035 
0.60982 0 0.848552 0 0.756956 0.317906 
0.610584 0 0.850155 0 0.758603 0.322654 
0.611375 0 0.851734 0 0.760229 0.327284 
0.612171 0 0.85327 0 0.761844 0.331798 
0.612963 0 0.854766 0 0.763462 0.336199 
0.613753 0 0.856235 0 0.765091 0.340491 
0.614547 0 0.857686 0 0.766729 0.344675 
0.615344 0 0.859117 0 0.768376 0.348754 
0.616137 0 0.860513 0 0.770036 0.352731 
0.616926 0 0.861873 0 0.77171 0.356609 
0.617718 0 0.863205 0 0.773401 0.36039 
0.618511 0 0.86451 0 0.775111 0.364077 
0.619299 0 0.86578 0 0.776842 0.367671 
0.620082 0 0.867018 0 0.778599 0.371175 
0.620869 0 0.868233 0 0.780382 0.374592 
0.621657 0 0.869426 0 0.782191 0.377924 
0.62244 0 0.870587 0 0.784031 0.381172 
0.623219 0 0.871717 0 0.785904 0.384339 
0.624001 0 0.872826 0 0.787812 0.387427 
0.624784 0 0.873912 0 0.789754 0.390437 
0.625562 0 0.874966 0 0.791734 0.393373 
0.626336 0 0.875989 0 0.793755 0.396235 
0.627112 0 0.876989 0 0.795817 0.399025 
0.62789 0 0.877964 0 0.797919 0.401746 
0.628662 0 0.878904 0 0.800065 0.404398 
0.629429 0 0.879809 0 0.802256 0.406985 
0.630198 0 0.880686 0 0.804491 0.409506 
0.630968 0 0.881531 0 0.806769 0.411965 
0.631732 0 0.882334 0 0.809092 0.414362 
0.63249 0 0.883091 0 0.811459 0.416699 
0.63325 0 0.88381 0 0.81387 0.418978 
0.634009 0 0.884487 0 0.816321 0.4212 
0.634762 0 0.885106 0 0.818813 0.423366 
0.635508 0 0.885667 0 0.821344 0.425478 
0.636255 0 0.886173 0 0.823911 0.427537 
0.637001 0 0.886619 0 0.82651 0.429545 
0.637738 0 0.886991 0 0.829141 0.431503 
0.638468 0 0.887286 0 0.8318 0.433412 
0.639197 0 0.887507 0 0.834482 0.435273 
0.639924 0 0.88765 0 0.837184 0.437087 
0.640316 0 0.888129 0 0.839147 0.438855 
0.64049 0 0.888824 0 0.840664 0.440581 
0.64056 0 0.889625 0 0.841954 0.442263 
0.640656 0 0.89041 0 0.843287 0.443902 
0.640765 0 0.891178 0 0.844643 0.445501 
0.640885 0 0.891927 0 0.846017 0.44706 
0.641021 0 0.892663 0 0.847406 0.44858 
0.641172 0 0.893383 0 0.848808 0.450061 
0.641329 0 0.894073 0 0.850225 0.451506 
0.641495 0 0.894735 0 0.851656 0.452915 
0.641675 0 0.895373 0 0.853096 0.454288 
0.641868 0 0.895988 0 0.854545 0.455627 
0.642068 0 0.896568 0 0.856002 0.456933 
0.642275 0 0.897113 0 0.857468 0.458206 
0.642496 0 0.897631 0 0.858939 0.459447 
0.642731 0 0.89812 0 0.860414 0.460657 
0.642971 0 0.89857 0 0.861893 0.461837 
0.643218 0 0.89898 0 0.863376 0.462987 
0.64348 0 0.899359 0 0.86486 0.464109 
0.643754 0 0.899705 0 0.866342 0.465202 
0.644034 0 0.900008 0 0.867824 0.466269 
0.64432 0 0.900267 0 0.869304 0.467308 
0.64462 0 0.90049 0 0.87078 0.468322 
0.644829 0 0.900931 0 0.871895 0.46931 
0.644951 0 0.901508 0 0.872748 0.470274 
0.645016 0 0.902153 0 0.873432 0.471213 
0.645058 0 0.902821 0 0.874022 0.472129 
0.645094 0 0.903481 0 0.874562 0.473022 
0.645108 0 0.904077 0 0.875124 0.473893 
0.645136 0 0.90465 0 0.875698 0.474742 
0.645184 0 0.905188 0 0.87629 0.475569 
0.645243 0 0.905693 0 0.87689 0.476376 
0.645305 0 0.906158 0 0.877492 0.477163 
0.645369 0 0.906587 0 0.878094 0.47793 
0.645444 0 0.90699 0 0.878697 0.478679 
0.645529 0 0.907364 0 0.879301 0.479408 
0.645616 0 0.9077 0 0.87991 0.480119 
0.645669 0 0.908031 0 0.880469 0.480812 
0.645702 0 0.908375 0 0.880972 0.481488 
0.645682 1 0.908026 0 0.882176 0.482147 
0.645815 1 0.907568 0 0.883681 0.482776 
0.645978 1 0.907083 0 0.88523 0.483405 
0.646119 1 0.906564 0 0.886726 0.484016 
0.646257 0 0.906031 0 0.8882 0.484612 
0.646399 0 0.905485 0 0.889662 0.485193 
0.646546 0 0.904923 0 0.891115 0.485759 
0.646653 0 0.904476 0 0.892337 0.486312 
0.646749 0 0.904054 0 0.893467 0.48685 
0.646841 0 0.903629 0 0.894552 0.487375 
0.646929 0 0.90319 0 0.895606 0.487887 
0.646963 0 0.902834 0 0.896528 0.488386 
0.647014 1 0.90252 0 0.897491 0.488872 
0.647069 1 0.902159 0 0.898496 0.489342 
0.647123 1 0.901779 0 0.899501 0.489805 
0.647162 1 0.901357 0 0.900478 0.490256 
0.647202 0 0.900925 0 0.901443 0.490696 
0.647246 0 0.900481 0 0.902401 0.491125 
0.647292 0 0.900017 0 0.903352 0.491543 
0.647396 0 0.900917 1 0.90296 0.491946 
0.647696 1 0.900397 1 0.902942 0.492344 
0.648006 1 0.900323 1 0.902909 0.492742 
0.64833 1 0.900349 1 0.902907 0.493118 
0.648648 1 0.900394 1 0.902923 0.493484 
0.648959 1 0.900443 1 0.902946 0.493842 
0.649264 1 0.900494 1 0.902969 0.49419 
0.649562 1 0.900544 1 0.902991 0.494536 
0.649852 1 0.900593 1 0.903013 0.494869 
0.650135 1 0.900641 1 0.903035 0.495186 
0.65041 1 0.900688 1 0.903055 0.495509 
0.650681 1 0.900721 1 0.90306 0.495818 
0.650951 1 0.900755 1 0.903079 0.496122 
0.651214 1 0.900797 1 0.9031 0.496409 
0.651471 1 0.900843 1 0.903122 0.496686 
0.651722 1 0.90089 1 0.903143 0.496967 
0.651969 1 0.900937 1 0.903163 0.497238 
0.652211 1 0.900984 1 0.903183 0.497503 
0.652447 1 0.90103 1 0.903202 0.497752 
0.652679 1 0.901076 1 0.903221 0.498 
0.652905 1 0.901122 1 0.903239 0.498245 
0.65311 1 0.901131 1 0.903243 0.498477 
0.65331 1 0.901113 1 0.903242 0.49869 
0.653508 1 0.901112 1 0.903234 0.498908 
0.653705 1 0.901115 1 0.903229 0.499103 
0.6539 1 0.90112 1 0.903226 0.499291 
0.654091 1 0.901126 1 0.903223 0.499456 
0.654281 1 0.901134 1 0.903221 0.499596 
0.654468 1 0.901142 1 0.903215 0.499693 
0.654655 1 0.901152 1 0.90321 0.499761 
0.65484 1 0.901163 1 0.903205 0.499762 
0.655025 1 0.901175 1 0.903201 0.499695 
0.65521 1 0.901187 1 0.9032 0.499525 
0.655397 1 0.901201 1 0.903196 0.499224 
0.655587 1 0.901216 1 0.903193 0.49876 
0.655781 1 0.901231 1 0.903189 0.498079 
0.655979 1 0.901248 1 0.903194 0.497135 
0.656184 1 0.901273 1 0.903193 0.49585 
0.656399 1 0.901298 1 0.903186 0.494158 
0.656625 1 0.901322 1 0.903176 0.491957 
0.656868 1 0.901341 1 0.903161 0.489145 
0.657128 1 0.901355 1 0.903141 0.485648 
0.657413 1 0.901362 1 0.903114 0.481345 
0.65773 1 0.901362 1 0.90308 0.476159 
0.658084 1 0.901354 1 0.903038 0.470016 
0.658486 1 0.901356 1 0.90299 0.462862 
0.658947 1 0.901369 1 0.902886 0.454728 
0.65947 1 0.901369 1 0.90278 0.44557 
0.660059 1 0.901346 1 0.902712 0.435451 
0.660729 1 0.901303 1 0.902655 0.424443 
0.661492 1 0.901245 1 0.902581 0.412635 
0.66235 1 0.901178 1 0.902488 0.400129 
0.663298 1 0.901105 1 0.902389 0.387017 
0.66434 1 0.901028 1 0.902287 0.37341 
0.665476 1 0.900947 1 0.902182 0.359419 
0.666706 1 0.900864 1 0.902077 0.345142 
0.668027 1 0.900778 1 0.901971 0.330652 
0.669436 1 0.900689 1 0.901867 0.316035 
0.670927 1 0.9006 1 0.901764 0.301355 
0.672497 1 0.900511 1 0.901663 0.286676 
0.674139 1 0.900423 1 0.901566 0.272048 
0.675839 1 0.900334 1 0.901469 0.257513 
0.677599 1 0.900246 1 0.901375 0.243105 
0.679427 1 0.900169 1 0.901291 0.228856 
0.681291 1 0.900093 1 0.901206 0.214787 
0.683197 1 0.900019 1 0.901125 0.200924 
0.68514 1 0.89995 1 0.901049 0.187281 
0.687115 1 0.899887 1 0.900977 0.173864 
0.689117 1 0.899829 1 0.90091 0.160686 
0.691141 1 0.899777 1 0.900848 0.147772 
0.693181 1 0.89973 1 0.90079 0.135105 
0.695234 1 0.899687 1 0.900736 0.122698 
0.697295 1 0.899648 1 0.900686 0.11055 
0.699361 1 0.899615 1 0.900641 0.0986677 
0.701426 1 0.899586 1 0.900599 0.0870524 
0.703487 1 0.899561 1 0.90056 0.075698 
0.70554 1 0.899539 1 0.900524 0.0646065 
0.707583 1 0.899519 1 0.90049 0.0537796 
0.709612 1 0.899502 1 0.900459 0.0432184 
0.711625 1 0.899488 1 0.90043 0.0329125 
0.713619 1 0.899475 1 0.900403 0.0228694 
0.715593 1 0.899465 1 0.900379 0.0130788 
0.717544 1 0.899458 1 0.900356 0.00354988 
0.719472 1 0.899452 1 0.900335 -0.00573185 
0.721373 1 0.899448 1 0.900316 -0.0147696 
0.723247 1 0.899446 1 0.900298 -0.0235609 
0.725092 1 0.899445 1 0.900283 -0.0321064 
0.726929 1 0.899455 1 0.900277 -0.0404151 
0.728728 1 0.899466 1 0.900274 -0.0484911 
0.730488 1 0.899474 1 0.90027 -0.0563364 
0.732207 1 0.899479 1 0.900262 -0.0639538 
0.73389 1 0.899483 1 0.900253 -0.0713441 
0.735544 1 0.899492 1 0.900248 -0.078516 
0.737058 1 0.899409 1 0.900197 -0.0854734 
0.738596 1 0.899346 1 0.900139 -0.0922278 
0.740176 1 0.899355 1 0.900115 -0.0987752 
0.741735 1 0.899355 1 0.900102 -0.105135 
0.743264 1 0.899355 1 0.90009 -0.111306 
0.74476 1 0.899357 1 0.900078 -0.1173 
0.746225 1 0.899358 1 0.900067 -0.123128 
0.74766 1 0.89936 1 0.900056 -0.128806 
0.749069 1 0.899362 1 0.900046 -0.134336 
0.750453 1 0.899363 1 0.900035 -0.139738 
0.751816 1 0.899365 1 0.900021 -0.145024 
0.75316 1 0.899368 1 0.900009 -0.150209 
0.754488 1 0.899371 1 0.899999 -0.1553 
0.755803 1 0.899375 1 0.89999 -0.160322 
0.757108 1 0.899379 1 0.899982 -0.165289 
0.758406 1 0.899382 1 0.899973 -0.170205 
0.75977 1 0.899346 1 0.899935 -0.17511 
0.761152 1 0.899343 1 0.899908 -0.179983 
0.762516 1 0.899365 1 0.899883 -0.184833 
0.763864 1 0.899383 1 0.899886 -0.189679 
0.765205 1 0.899394 1 0.899899 -0.194523 
0.766556 1 0.899411 1 0.899919 -0.199366 
0.767902 1 0.899427 1 0.899924 -0.20421 
0.76925 1 0.899438 1 0.899923 -0.209047 
0.770607 1 0.899448 1 0.899922 -0.213879 
0.771964 1 0.899457 1 0.899921 -0.218696 
0.773321 1 0.899459 1 0.899914 -0.223496 
0.774686 1 0.899469 1 0.899912 -0.22827 
0.776046 1 0.899484 1 0.899916 -0.233007 
0.777396 1 0.899498 1 0.89992 -0.237705 
0.778738 1 0.899508 1 0.899922 -0.242352 
0.780071 1 0.899518 1 0.899923 -0.246948 
0.781396 1 0.899528 1 0.899925 -0.251478 
0.782709 1 0.899539 1 0.899929 -0.255945 
0.784009 1 0.899551 1 0.899933 -0.260341 
0.785293 1 0.899565 1 0.899939 -0.26466 
0.786561 1 0.899579 1 0.899945 -0.268905 
0.787812 1 0.899593 1 0.899952 -0.273071 
0.789044 1 0.899608 1 0.89996 -0.277156 
0.790257 1 0.899624 1 0.899968 -0.281159 
0.791452 1 0.899641 1 0.899978 -0.285078 
0.792626 1 0.899658 1 0.899988 -0.288914 
0.79378 1 0.899675 1 0.899999 -0.292665 
0.794915 1 0.899694 1 0.900011 -0.296331 
0.796029 1 0.899713 1 0.900024 -0.299915 
0.797123 1 0.899733 1 0.900034 -0.303419 
0.798197 1 0.899754 1 0.900045 -0.30684 
0.799252 1 0.899776 1 0.900059 -0.310182 
0.800287 1 0.899799 1 0.900073 -0.313443 
0.801303 1 0.899823 1 0.90009 -0.316627 
0.802299 1 0.899848 1 0.900107 -0.319737 
0.803277 1 0.899873 1 0.900125 -0.322771 
0.804236 1 0.899899 1 0.900146 -0.325731 
0.805175 1 0.899926 1 0.900168 -0.328623 
0.806097 1 0.899954 1 0.900188 -0.331447 
0.807001 1 0.899982 1 0.900212 -0.334199 
0.807888 1 0.900011 1 0.900236 -0.336887 
0.808757 1 0.900041 1 0.900261 -0.339506 
0.80961 1 0.900072 1 0.900285 -0.342061 
0.810447 1 0.900104 1 0.900312 -0.344554 
0.811268 1 0.900137 1 0.900338 -0.346984 
0.812072 1 0.90017 1 0.900368 -0.349356 
0.81286 1 0.900205 1 0.900397 -0.35167 
0.813634 1 0.90024 1 0.900426 -0.353928 
0.814392 1 0.900276 1 0.900458 -0.356126 
0.815135 1 0.900313 1 0.900491 -0.35827 
0.815864 1 0.900351 1 0.900524 -0.360361 
0.816579 1 0.90039 1 0.900559 -0.362405 
0.81728 1 0.90043 1 0.900594 -0.364394 
0.817967 1 0.900471 1 0.90063 -0.366331 
0.818642 1 0.900512 1 0.900668 -0.368222 
0.819303 1 0.900555 1 0.900707 -0.370066 
0.819951 1 0.900598 1 0.900746 -0.371864 
0.820587 1 0.900643 1 0.900787 -0.373621 
0.821211 1 0.900688 1 0.900828 -0.375329 
0.821822 1 0.900735 1 0.90087 -0.376999 
0.822422 1 0.900782 1 0.900914 -0.378625 
0.823011 1 0.90083 1 0.900958 -0.380211 
0.823587 1 0.900879 1 0.901004 -0.381758 
0.824154 1 0.900929 1 0.90105 -0.383268 
0.824709 1 0.90098 1 0.901098 -0.384741 
0.825254 1 0.901031 1 0.901147 -0.386172 
0.825788 1 0.901084 1 0.901196 -0.387568 
0.826312 1 0.901138 1 0.901247 -0.388931 
0.826826 1 0.901192 1 0.901298 -0.390258 
0.82733 1 0.901248 1 0.901351 -0.391558 
0.827824 1 0.901304 1 0.901404 -0.392821 
0.828309 1 0.901361 1 0.901459 -0.394051 
0.828785 1 0.901419 1 0.901512 -0.395252 
0.829252 1 0.901478 1 0.901569 -0.396424 
0.82971 1 0.901538 1 0.901628 -0.397566 
0.830158 1 0.901598 1 0.901684 -0.398681 
0.830598 1 0.90166 1 0.901743 -0.399764 
0.83103 1 0.901722 1 0.901803 -0.400821 
0.831453 1 0.901785 1 0.901864 -0.401852 
0.831867 1 0.901849 1 0.901926 -0.402857 
0.832274 1 0.901913 1 0.901987 -0.403841 
0.832673 1 0.901978 1 0.90205 -0.404798 
0.833064 1 0.902045 1 0.902113 -0.405732 
0.833447 1 0.902111 1 0.902179 -0.406643 
0.833823 1 0.902179 1 0.902245 -0.407528 
0.834191 1 0.902247 1 0.90231 -0.408393 
0.834551 1 0.902316 1 0.902377 -0.409233 
0.834904 1 0.902385 1 0.902443 -0.410053 
0.835251 1 0.902455 1 0.902512 -0.410854 
0.835589 1 0.902526 1 0.902582 -0.411635 
0.835921 1 0.902597 1 0.902651 -0.412397 
0.836246 1 0.902669 1 0.902721 -0.413139 
0.836564 1 0.902742 1 0.902791 -0.413866 
0.836875 1 0.902814 1 0.902862 -0.414573 
0.83718 1 0.902888 1 0.902934 -0.415263 
0.837478 1 0.902962 1 0.903006 -0.415933 
0.83777 1 0.903036 1 0.903078 -0.41659 
0.838055 1 0.903111 1 0.903152 -0.417231 
0.838334 1 0.903186 1 0.903226 -0.417852 
0.838607 1 0.903261 1 0.903299 -0.418461 
0.838393 1 0.903092 1 0.903092 -0.419045 
0.83849 1 0.903003 1 0.903037 -0.419626 
0.838628 1 0.902966 1 0.903001 -0.420189 
0.838769 1 0.902941 1 0.902973 -0.420736 
0.838908 1 0.902918 1 0.902949 -0.421268 
0.839043 1 0.902896 1 0.902926 -0.421789 
0.839176 1 0.902876 1 0.902902 -0.422296 
0.839305 1 0.902856 1 0.902881 -0.42279 
0.83943 1 0.902836 1 0.902859 -0.423275 
0.839552 1 0.902817 1 0.902839 -0.423746 
0.839668 1 0.902797 1 0.90282 -0.424202 
0.839782 1 0.902777 1 0.9028 -0.42465 
0.839892 1 0.902757 1 0.90278 -0.42509 
0.84 1 0.902738 1 0.902761 -0.425516 
0.840104 1 0.902719 1 0.902742 -0.42593 
0.840204 1 0.9027 1 0.902722 -0.426335 
0.840303 1 0.902681 1 0.902702 -0.426731 
0.840398 1 0.902663 1 0.902684 -0.427116 
0.84049 1 0.902645 1 0.902665 -0.427491 
0.84058 1 0.902627 1 0.902645 -0.427857 
0.840667 1 0.902609 1 0.902628 -0.428215 
0.840751 1 0.902591 1 0.902608 -0.428561 
0.840833 1 0.902574 1 0.902591 -0.428898 
0.840912 1 0.902557 1 0.902574 -0.42923 
0.840989 1 0.902539 1 0.902556 -0.429553 
0.841063 1 0.902523 1 0.902539 -0.429867 
0.841135 1 0.902506 1 0.90252 -0.430177 
0.841206 1 0.902489 1 0.902504 -0.430477 
0.841274 1 0.902473 1 0.902488 -0.430768 
0.84134 1 0.902457 1 0.902471 -0.431053 
0.841403 1 0.902441 1 0.902455 -0.431329 
0.841464 1 0.902425 1 0.902438 -0.4316 
0.841524 1 0.902409 1 0.902422 -0.431866 
0.841582 1 0.902394 1 0.902406 -0.432121 
0.841637 1 0.902379 1 0.902391 -0.43237 
0.841691 1 0.902364 1 0.902375 -0.432616 
0.841743 1 0.902349 1 0.90236 -0.432853 
0.841793 1 0.902334 1 0.902345 -0.433086 
0.841843 1 0.90232 1 0.902329 -0.433313 
0.84189 1 0.902306 1 0.902314 -0.433533 
0.841936 1 0.902291 1 0.9023 -0.43375 
0.84198 1 0.902277 1 0.902286 -0.433961 
0.842023 1 0.902264 1 0.902271 -0.434167 
0.842065 1 0.90225 1 0.902257 -0.434367 
0.842105 1 0.902237 1 0.902245 -0.434559 
0.842143 1 0.902223 1 0.902231 -0.43475 
0.842181 1 0.90221 1 0.902216 -0.434934 
0.842217 1 0.902197 1 0.902203 -0.435114 
0.842252 1 0.902185 1 0.90219 -0.435288 
0.842285 1 0.902172 1 0.902178 -0.435457 
0.842317 1 0.90216 1 0.902164 -0.435625 
0.842349 1 0.902148 1 0.902152 -0.435787 
0.842379 1 0.902136 1 0.90214 -0.435945 
0.842408 1 0.902124 1 0.902127 -0.4361 
0.842436 1 0.902112 1 0.902116 -0.436252 
0.842462 1 0.9021 1 0.902104 -0.436398 
0.842487 1 0.902089 1 0.902092 -0.43654 
0.842512 1 0.902078 1 0.90208 -0.43668 
0.842537 1 0.902067 1 0.902068 -0.436817 
0.84256 1 0.902056 1 0.902058 -0.436948 
0.842583 1 0.902045 1 0.902046 -0.437077 
0.842604 1 0.902035 1 0.902034 -0.437205 
0.842625 1 0.902024 1 0.902024 -0.437328 
0.842645 1 0.902014 1 0.902015 -0.43745 
0.842664 1 0.902004 1 0.902004 -0.437568 
0.842683 1 0.901994 1 0.901993 -0.437683 
0.842702 1 0.901984 1 0.901982 -0.437794 
0.842719 1 0.901974 1 0.901974 -0.437901 
0.842736 1 0.901965 1 0.901964 -0.438006 
0.842752 1 0.901956 1 0.901954 -0.43811 
0.842767 1 0.901947 1 0.901944 -0.438211 
0.842782 1 0.901938 1 0.901935 -0.438309 
0.842797 1 0.901929 1 0.901926 -0.438405 
0.84281 1 0.90192 1 0.901918 -0.438498 
0.842823 1 0.901911 1 0.901909 -0.438589 
0.842836 1 0.901903 1 0.901901 -0.438678 
0.842848 1 0.901895 1 0.901891 -0.438764 
0.842859 1 0.901887 1 0.901883 -0.438848 
0.84287 1 0.901879 1 0.901875 -0.438931 
0.84288 1 0.901871 1 0.901866 -0.439011 
0.842891 1 0.901863 1 0.901858 -0.439089 
0.8429 1 0.901856 1 0.901851 -0.439166 
0.842909 1 0.901848 1 0.901844 -0.439241 
0.842919 1 0.901841 1 0.901836 -0.439316 
0.842928 1 0.901834 1 0.901828 -0.439388 
0.842937 1 0.901827 1 0.901822 -0.439456 
0.842945 1 0.90182 1 0.901815 -0.439523 
0.842953 1 0.901813 1 0.901807 -0.439587 
0.84296 1 0.901807 1 0.901802 -0.439651 
0.842967 1 0.9018 1 0.901795 -0.439714 
0.842974 1 0.901794 1 0.901788 -0.439772 
0.84298 1 0.901788 1 0.901782 -0.439831 
0.842985 1 0.901782 1 0.901775 -0.439889 
0.842991 1 0.901776 1 0.901769 -0.439945 
0.842996 1 0.901771 1 0.901763 -0.44 
0.843002 1 0.901765 1 0.901758 -0.440055 
0.843007 1 0.90176 1 0.901751 -0.440107 
0.843012 1 0.901754 1 0.901746 -0.440156 
0.843017 1 0.901749 1 0.90174 -0.440204 
0.843022 1 0.901744 1 0.901736 -0.440253 
0.843026 1 0.901739 1 0.901732 -0.440301 
0.84303 1 0.901734 1 0.901725 -0.440346 
0.843034 1 0.90173 1 0.901721 -0.440391 
0.843038 1 0.901725 1 0.901717 -0.440436 
0.843043 1 0.901721 1 0.901711 -0.440478 
0.843046 1 0.901716 1 0.901708 -0.440521 
0.84305 1 0.901712 1 0.901702 -0.440562 
0.843054 1 0.901708 1 0.901699 -0.440601 
0.843057 1 0.901704 1 0.901696 -0.440638 
0.84306 1 0.9017 1 0.901691 -0.440674 
0.843063 1 0.901697 1 0.901687 -0.440712 
0.843066 1 0.901693 1 0.901684 -0.440747 
0.843069 1 0.90169 1 0.90168 -0.440782 
0.843072 1 0.901687 1 0.901677 -0.440815 
0.843074 1 0.901683 1 0.901673 -0.440846 
0.843077 1 0.90168 1 0.90167 -0.44088 
0.843079 1 0.901678 1 0.901667 -0.44091 
0.843082 1 0.901675 1 0.901664 -0.440941 
0.843085 1 0.901672 1 0.901661 -0.44097 
0.843087 1 0.901669 1 0.901659 -0.440999 
0.84309 1 0.901667 1 0.901657 -0.441027 
0.843092 1 0.901665 1 0.901652 -0.441053 
0.843095 1 0.901663 1 0.901651 -0.441081 
0.843097 1 0.901661 1 0.90165 -0.441108 
0.8431 1 0.901659 1 0.901648 -0.441134 
0.843102 1 0.901657 1 0.901646 -0.441158 
0.843104 1 0.901655 1 0.901643 -0.441182 
0.843107 1 0.901653 1 0.901642 -0.441206 
0.84311 1 0.901652 1 0.90164 -0.441231 
0.843112 1 0.90165 1 0.901639 -0.441252 
0.843115 1 0.901649 1 0.901638 -0.441274 
0.843117 1 0.901648 1 0.901636 -0.441294 
0.84312 1 0.901647 1 0.901635 -0.441314 
0.843122 1 0.901646 1 0.901634 -0.441336 
0.843125 1 0.901646 1 0.901633 -0.441357 
0.843128 1 0.901645 1 0.901632 -0.441376 
0.843131 1 0.901644 1 0.901632 -0.441398 
0.843134 1 0.901644 1 0.901631 -0.441418 
0.843138 1 0.901644 1 0.90163 -0.441438 
0.843142 1 0.901643 1 0.90163 -0.441456 
0.843145 1 0.901643 1 0.901631 -0.441475 
0.843148 1 0.901643 1 0.90163 -0.441492 
0.843152 1 0.901643 1 0.90163 -0.441509 
0.843155 1 0.901644 1 0.901631 -0.441523 
0.843158 1 0.901644 1 0.90163 -0.441538 
0.843162 1 0.901644 1 0.901631 -0.441553 
0.843165 1 0.901645 1 0.901633 -0.441566 
0.843169 1 0.901646 1 0.901631 -0.441581 
0.843172 1 0.901646 1 0.901633 -0.441595 
0.843176 1 0.901647 1 0.901634 -0.441608 
0.84318 1 0.901648 1 0.901635 -0.44162 
0.843184 1 0.901649 1 0.901635 -0.441635 
0.843188 1 0.90165 1 0.901637 -0.441646 
0.843193 1 0.901652 1 0.901638 -0.441655 
0.843197 1 0.901653 1 0.901639 -0.441666 
0.843201 1 0.901655 1 0.901641 -0.441679 
0.843205 1 0.901656 1 0.901643 -0.44169 
0.843209 1 0.901658 1 0.901646 -0.441702 
0.843214 1 0.90166 1 0.901646 -0.441714 
0.843219 1 0.901662 1 0.901648 -0.441724 
0.843224 1 0.901664 1 0.901649 -0.441735 
0.84323 1 0.901666 1 0.901652 -0.441747 
0.843236 1 0.901668 1 0.901654 -0.441755 
0.843241 1 0.901671 1 0.901656 -0.441766 
0.843247 1 0.901673 1 0.901658 -0.441777 
0.843253 1 0.901676 1 0.901663 -0.441784 
0.843259 1 0.901678 1 0.901664 -0.441793 
0.843265 1 0.901681 1 0.901667 -0.441801 
0.843271 1 0.901684 1 0.90167 -0.441811 
0.843277 1 0.901687 1 0.901673 -0.44182 
0.843283 1 0.90169 1 0.901676 -0.441829 
0.84329 1 0.901693 1 0.90168 -0.441836 
0.843296 1 0.901697 1 0.901683 -0.441842 
0.843303 1 0.9017 1 0.901686 -0.441849 
0.84331 1 0.901704 1 0.90169 -0.441856 
0.843317 1 0.901708 1 0.901692 -0.441863 
0.843324 1 0.901711 1 0.901697 -0.44187 
0.84333 1 0.901715 1 0.9017 -0.441876 
0.843338 1 0.901719 1 0.901704 -0.441883 
0.843345 1 0.901723 1 0.901709 -0.441889 
0.843353 1 0.901728 1 0.901712 -0.441897 
0.843361 1 0.901732 1 0.901717 -0.441904 
0.843368 1 0.901736 1 0.901722 -0.441911 
0.843377 1 0.901741 1 0.901726 -0.441917 
0.843385 1 0.901745 1 0.90173 -0.441922 
0.843393 1 0.90175 1 0.901735 -0.441928 
0.843402 1 0.901755 1 0.901739 -0.441936 
0.843411 1 0.90176 1 0.901743 -0.441941 
0.84342 1 0.901765 1 0.90175 -0.441945 
0.843429 1 0.90177 1 0.901755 -0.441951 
0.843438 1 0.901775 1 0.90176 -0.441957 
0.843448 1 0.90178 1 0.901765 -0.441961 
0.843457 1 0.901786 1 0.901771 -0.441965 
0.843467 1 0.901791 1 0.901776 -0.441971 
0.843476 1 0.901797 1 0.901783 -0.441973 
0.843486 1 0.901803 1 0.901788 -0.441978 
0.843496 1 0.901809 1 0.901794 -0.441982 
0.843506 1 0.901815 1 0.901799 -0.441987 
0.843516 1 0.901821 1 0.901806 -0.441993 
0.843527 1 0.901827 1 0.901811 -0.441997 
0.843537 1 0.901833 1 0.901818 -0.442002 
0.843548 1 0.90184 1 0.901824 -0.442004 
0.84356 1 0.901846 1 0.90183 -0.442007 
0.843571 1 0.901853 1 0.901837 -0.442009 
0.843582 1 0.90186 1 0.901844 -0.44201 
0.843594 1 0.901866 1 0.901852 -0.442013 
0.843605 1 0.901873 1 0.901858 -0.442016 
0.843617 1 0.90188 1 0.901865 -0.442018 
0.843628 1 0.901888 1 0.901873 -0.44202 
0.843639 1 0.901895 1 0.90188 -0.442022 
0.843652 1 0.901902 1 0.901887 -0.442024 
0.843664 1 0.90191 1 0.901895 -0.442026 
0.843676 1 0.901917 1 0.901902 -0.442029 
0.843689 1 0.901925 1 0.901909 -0.442034 
0.843701 1 0.901933 1 0.901917 -0.442038 
0.843714 1 0.901941 1 0.901926 -0.44204 
0.843727 1 0.901949 1 0.901934 -0.442042 
0.84374 1 0.901957 1 0.901942 -0.442047 
0.843754 1 0.901965 1 0.901949 -0.442051 
0.843768 1 0.901974 1 0.901959 -0.442054 
0.843782 1 0.901982 1 0.901967 -0.442057 
0.843797 1 0.901991 1 0.901974 -0.44206 
0.843811 1 0.902 1 0.901984 -0.442061 
0.843825 1 0.902008 1 0.901993 -0.442063 
0.843839 1 0.902017 1 0.902002 -0.442065 
0.843854 1 0.902026 1 0.902011 -0.442065 
0.843868 1 0.902036 1 0.90202 -0.442066 
0.843883 1 0.902045 1 0.902028 -0.442067 
0.843898 1 0.902054 1 0.902039 -0.44207 
0.843913 1 0.902064 1 0.902048 -0.442072 
0.843928 1 0.902073 1 0.902058 -0.442074 
0.843943 1 0.902083 1 0.902068 -0.442075 
0.843959 1 0.902093 1 0.902077 -0.442075 
0.843975 1 0.902103 1 0.902087 -0.442075 
0.84399 1 0.902113 1 0.902097 -0.442076 
0.844006 1 0.902123 1 0.902106 -0.442077 
0.844023 1 0.902134 1 0.902118 -0.442077 
0.844039 1 0.902144 1 0.902128 -0.442079 
0.844055 1 0.902155 1 0.902139 -0.44208 
0.844072 1 0.902165 1 0.90215 -0.442082 
0.844089 1 0.902176 1 0.90216 -0.442083 
0.844106 1 0.902187 1 0.902171 -0.442083 
0.844123 1 0.902198 1 0.902181 -0.442085 
0.84414 1 0.902209 1 0.902193 -0.442087 
0.844157 1 0.90222 1 0.902204 -0.442085 
0.844175 1 0.902232 1 0.902215 -0.442086 
0.844192 1 0.902243 1 0.902227 -0.442086 
0.84421 1 0.902255 1 0.90224 -0.442084 
0.844228 1 0.902266 1 0.902251 -0.442085 
0.844245 1 0.902278 1 0.902263 -0.442089 
0.844264 1 0.90229 1 0.902274 -0.442089 
0.844282 1 0.902302 1 0.902286 -0.442091 
0.8443 1 0.902315 1 0.902299 -0.442092 
0.844319 1 0.902327 1 0.902311 -0.442092 
0.844337 1 0.902339 1 0.902323 -0.442091 
0.844356 1 0.902352 1 0.902336 -0.442094 
0.844374 1 0.902365 1 0.902348 -0.442094 
0.844393 1 0.902378 1 0.902361 -0.442096 
0.844413 1 0.90239 1 0.902375 -0.442097 
0.844432 1 0.902404 1 0.902387 -0.442097 
0.844451 1 0.902417 1 0.9024 -0.442095 
0.844471 1 0.90243 1 0.902413 -0.442098 
0.844491 1 0.902443 1 0.902427 -0.4421 
0.844511 1 0.902457 1 0.902441 -0.4421 
0.844531 1 0.902471 1 0.902454 -0.442102 
0.844551 1 0.902484 1 0.902467 -0.442102 
0.844571 1 0.902498 1 0.902482 -0.442103 
0.844591 1 0.902512 1 0.902496 -0.442104 
0.844612 1 0.902527 1 0.90251 -0.442107 
0.844632 1 0.902541 1 0.902525 -0.442106 
0.844652 1 0.902555 1 0.902539 -0.442108 
0.844673 1 0.90257 1 0.902553 -0.442109 
0.844694 1 0.902584 1 0.902567 -0.442112 
0.844716 1 0.902599 1 0.902582 -0.442112 
0.844737 1 0.902614 1 0.902597 -0.442111 
0.844758 1 0.902629 1 0.902613 -0.442112 
0.84478 1 0.902644 1 0.902628 -0.442114 
0.844801 1 0.90266 1 0.902643 -0.442116 
0.844823 1 0.902675 1 0.902658 -0.442118 
