0.243404 0 0.367831 0 0.367829 0.500001 
0.243315 0 0.369114 0 0.368669 0.477734 
0.243272 0 0.370709 0 0.369596 0.455667 
0.243294 0 0.372556 0 0.370639 0.433873 
0.243382 0 0.374583 0 0.371785 0.412422 
0.243542 0 0.376737 0 0.373026 0.391364 
0.24366 0 0.378812 0 0.374301 0.370736 
0.243783 0 0.380907 0 0.375592 0.350558 
0.243912 0 0.38302 0 0.376899 0.33084 
0.24404 0 0.385142 0 0.378219 0.311585 
0.244167 0 0.387273 0 0.379549 0.292791 
0.244301 0 0.389415 0 0.380892 0.274453 
0.244752 0 0.391964 0 0.382467 0.256563 
0.245107 0 0.394306 0 0.383995 0.239114 
0.245433 0 0.396558 0 0.385475 0.222096 
0.245768 0 0.398756 0 0.386903 0.2055 
0.246109 0 0.400875 0 0.38826 0.189317 
0.246668 0 0.403093 0 0.389732 0.173536 
0.247321 0 0.405226 0 0.39123 0.158149 
0.248043 0 0.40727 0 0.392697 0.143146 
0.248905 0 0.409249 0 0.394219 0.128517 
0.249792 0 0.411043 0 0.395694 0.114253 
0.250681 0 0.41269 0 0.397034 0.100345 
0.251578 0 0.414198 0 0.398246 0.0867851 
0.252481 0 0.415568 0 0.399331 0.0735636 
0.253391 0 0.416754 0 0.400348 0.0606725 
0.254303 0 0.417805 0 0.401243 0.0481035 
0.255308 0 0.418765 0 0.402159 0.0358485 
0.256388 0 0.41966 0 0.403047 0.0238999 
0.257522 0 0.420482 0 0.403888 0.0122499 
0.258699 0 0.421232 0 0.404676 0.000891012 
0.259917 0 0.421918 0 0.405413 -0.0101839 
0.261168 0 0.422543 0 0.406098 -0.020982 
0.262442 0 0.423102 0 0.406728 -0.0315102 
0.263734 0 0.423603 0 0.407306 -0.0417752 
0.265048 0 0.424058 0 0.407841 -0.0517836 
0.26638 0 0.424472 0 0.408333 -0.0615417 
0.267719 0 0.424841 0 0.408783 -0.0710559 
0.269065 0 0.425173 0 0.409194 -0.0803323 
0.270422 0 0.425481 0 0.409577 -0.0893767 
0.271787 0 0.425768 0 0.409932 -0.098195 
0.273151 0 0.426032 0 0.410259 -0.106793 
0.274513 0 0.426278 0 0.410562 -0.115175 
0.275879 0 0.42652 0 0.410851 -0.123348 
0.277246 0 0.426758 0 0.411126 -0.131317 
0.278605 0 0.426991 0 0.411388 -0.139086 
0.279957 0 0.427221 0 0.411639 -0.14666 
0.28097 0 0.426984 0 0.411715 -0.154045 
0.281685 0 0.426435 0 0.411551 -0.161245 
0.282193 0 0.42569 0 0.411202 -0.168265 
0.282562 0 0.424825 0 0.41073 -0.175108 
0.282844 0 0.423896 0 0.410185 -0.18178 
0.283067 0 0.422928 0 0.409593 -0.188285 
0.28324 0 0.421926 0 0.40896 -0.194625 
0.283375 0 0.420902 0 0.408292 -0.200807 
0.283483 0 0.419869 0 0.407599 -0.206832 
0.283569 0 0.41883 0 0.406881 -0.212705 
0.283628 0 0.417781 0 0.406138 -0.218429 
0.283663 0 0.416726 0 0.405374 -0.224008 
0.283684 0 0.415674 0 0.404594 -0.229445 
0.28369 0 0.414624 0 0.403801 -0.234742 
0.283674 0 0.413572 0 0.402989 -0.239902 
0.28364 0 0.412516 0 0.402161 -0.244928 
0.283592 0 0.411467 0 0.401324 -0.249821 
0.283532 0 0.410422 0 0.400475 -0.254584 
0.283451 0 0.409374 0 0.399612 -0.259218 
0.283352 0 0.408325 0 0.398735 -0.263723 
0.28324 0 0.407283 0 0.397853 -0.2681 
0.283115 0 0.406248 0 0.396964 -0.272348 
0.283235 0 0.405623 0 0.39636 -0.276466 
0.283501 0 0.40521 0 0.39595 -0.280452 
0.283839 0 0.404891 0 0.395633 -0.284302 
0.284202 0 0.404617 0 0.39536 -0.288012 
0.284567 0 0.404376 0 0.395116 -0.291576 
0.284929 0 0.404174 0 0.394905 -0.294985 
0.285292 0 0.404021 0 0.394734 -0.29823 
0.285654 0 0.403915 0 0.3946 -0.301297 
0.286007 0 0.403853 0 0.394502 -0.304171 
0.286351 0 0.40384 0 0.394442 -0.306834 
0.286693 0 0.403889 0 0.394433 -0.309264 
0.28703 0 0.404005 0 0.394479 -0.311435 
0.287356 0 0.404189 0 0.394584 -0.313319 
0.287672 0 0.404452 0 0.394757 -0.314883 
0.287985 0 0.40481 0 0.395014 -0.316091 
0.288294 0 0.405272 0 0.395362 -0.316906 
0.288591 0 0.405841 0 0.395808 -0.317287 
0.288877 0 0.406529 0 0.396363 -0.317194 
0.28916 0 0.407356 0 0.397044 -0.316588 
0.289262 0 0.407742 0 0.397457 -0.315434 
0.289332 0 0.408024 0 0.397803 -0.313701 
0.289399 0 0.408418 0 0.39829 -0.311366 
0.289522 0 0.409053 0 0.39899 -0.308412 
0.289683 0 0.409901 0 0.399892 -0.304836 
0.289865 0 0.410947 0 0.400981 -0.300638 
0.290062 0 0.412188 0 0.402256 -0.295832 
0.290278 0 0.413624 0 0.403714 -0.290438 
0.290508 0 0.415249 0 0.405349 -0.284484 
0.290743 0 0.417048 0 0.407146 -0.278003 
0.290983 0 0.419012 0 0.4091 -0.271034 
0.291235 0 0.42114 0 0.411205 -0.263618 
0.291495 0 0.42342 0 0.413451 -0.255799 
0.291758 0 0.425834 0 0.415823 -0.24762 
0.292024 0 0.428374 0 0.418312 -0.239124 
0.2923 0 0.431036 0 0.420913 -0.230353 
0.292584 0 0.433808 0 0.423614 -0.221349 
0.29287 0 0.436672 0 0.4264 -0.212148 
0.293158 0 0.439621 0 0.429264 -0.202787 
0.293455 0 0.44265 0 0.432201 -0.193297 
0.293759 0 0.44575 0 0.435201 -0.183711 
0.294064 0 0.448904 0 0.43825 -0.174054 
0.294313 0 0.451896 0 0.441256 -0.164351 
0.294518 0 0.454771 0 0.444217 -0.154626 
0.294694 0 0.457588 0 0.447165 -0.144897 
0.294852 0 0.460384 0 0.450118 -0.135183 
0.295001 0 0.463178 0 0.453085 -0.1255 
0.295154 0 0.465975 0 0.456063 -0.115862 
0.295168 0 0.468548 0 0.458856 -0.106279 
0.295118 0 0.471018 0 0.46154 -0.0967629 
0.295008 0 0.473418 0 0.464157 -0.087322 
0.294876 0 0.475788 0 0.466738 -0.077964 
0.294814 0 0.478191 0 0.469332 -0.068695 
0.294748 0 0.480557 0 0.471902 -0.0595198 
0.294679 0 0.482879 0 0.474436 -0.0504422 
0.294616 0 0.485163 0 0.476935 -0.0414654 
0.294558 0 0.487409 0 0.479398 -0.0325912 
0.2945 0 0.489612 0 0.48182 -0.0238208 
0.294444 0 0.491774 0 0.484202 -0.0151551 
0.294397 0 0.4939 0 0.48655 -0.00659409 
0.294357 0 0.495988 0 0.488861 0.00186265 
0.294317 0 0.49803 0 0.49113 0.0102158 
0.294278 0 0.500026 0 0.493357 0.0184662 
0.294248 0 0.501983 0 0.495547 0.0266153 
0.294225 0 0.503901 0 0.497701 0.0346645 
0.294202 0 0.505772 0 0.499812 0.0426154 
0.294181 0 0.507599 0 0.501883 0.0504694 
0.294168 0 0.509388 0 0.503919 0.0582281 
0.294433 0 0.511613 0 0.506339 0.0658928 
0.294822 0 0.513902 0 0.508815 0.0734653 
0.295253 0 0.516136 0 0.511246 0.0809475 
0.295749 0 0.518359 0 0.513698 0.0883407 
0.296246 0 0.520553 0 0.51612 0.0956459 
0.296685 0 0.522686 0 0.518464 0.102864 
0.297121 0 0.524784 0 0.520774 0.109997 
0.297628 0 0.52684 0 0.523092 0.117044 
0.298162 0 0.528938 0 0.525437 0.124006 
0.298702 0 0.530995 0 0.527747 0.130884 
0.299239 0 0.532994 0 0.530012 0.137677 
0.299782 0 0.534953 0 0.532246 0.144385 
0.300331 0 0.536879 0 0.534457 0.151008 
0.300882 0 0.53877 0 0.536642 0.157546 
0.301436 0 0.540626 0 0.538802 0.163999 
0.302001 0 0.542454 0 0.540942 0.170365 
0.302574 0 0.544253 0 0.54306 0.176645 
0.303149 0 0.546014 0 0.54515 0.182837 
0.303726 0 0.547739 0 0.547213 0.188941 
0.304311 0 0.549435 0 0.549255 0.194958 
0.304903 0 0.551101 0 0.551274 0.200885 
0.305494 0 0.55273 0 0.553265 0.206723 
0.306086 0 0.554322 0 0.555228 0.212472 
0.306684 0 0.555886 0 0.55717 0.218131 
0.307288 0 0.55742 0 0.559089 0.223699 
0.307889 0 0.558916 0 0.560978 0.229177 
0.308489 0 0.560375 0 0.56284 0.234565 
0.309095 0 0.561806 0 0.56468 0.239861 
0.309568 0 0.563066 0 0.566311 0.245068 
0.30997 0 0.564178 0 0.56781 0.250184 
0.310209 0 0.56517 0 0.569072 0.255209 
0.31036 0 0.566056 0 0.570209 0.260145 
0.310449 0 0.566863 0 0.571255 0.26499 
0.310489 0 0.567598 0 0.572221 0.269746 
0.310493 0 0.568275 0 0.57312 0.274413 
0.310476 0 0.568908 0 0.573962 0.278991 
0.310442 0 0.569504 0 0.574752 0.283482 
0.310387 0 0.570057 0 0.575487 0.287885 
0.310314 0 0.570573 0 0.576172 0.292201 
0.31029 0 0.571161 0 0.57688 0.296432 
0.310292 0 0.571768 0 0.577589 0.300578 
0.310298 0 0.57236 0 0.578277 0.304639 
0.310305 0 0.572933 0 0.578938 0.308619 
0.310317 0 0.573493 0 0.579581 0.312516 
0.310457 0 0.574094 0 0.580335 0.316333 
0.310706 0 0.574752 0 0.58118 0.320071 
0.311013 0 0.575438 0 0.58207 0.323731 
0.311355 0 0.576137 0 0.582981 0.327314 
0.311713 0 0.576836 0 0.583896 0.330823 
0.312074 0 0.577522 0 0.584803 0.334258 
0.312435 0 0.578192 0 0.5857 0.337621 
0.312803 0 0.578855 0 0.586592 0.340913 
0.313174 0 0.579508 0 0.587478 0.344136 
0.313542 0 0.580141 0 0.58835 0.347293 
0.313907 0 0.580757 0 0.589211 0.350383 
0.314277 0 0.581361 0 0.590067 0.35341 
0.314649 0 0.581954 0 0.590916 0.356374 
0.315016 0 0.582528 0 0.591753 0.359278 
0.315295 0 0.583014 0 0.59246 0.362123 
0.315525 0 0.583453 0 0.59308 0.364911 
0.315655 0 0.583815 0 0.593568 0.367643 
0.315727 0 0.584121 0 0.593978 0.370322 
0.315763 0 0.5844 0 0.594338 0.372948 
0.315787 0 0.584667 0 0.594672 0.375523 
0.315805 0 0.584927 0 0.59499 0.37805 
0.315816 0 0.585174 0 0.595289 0.380528 
0.315902 0 0.585455 0 0.595665 0.382961 
0.316032 0 0.585761 0 0.596083 0.385349 
0.316185 0 0.586076 0 0.59652 0.387694 
0.31634 0 0.586384 0 0.596953 0.389996 
0.316492 0 0.586681 0 0.597376 0.392259 
0.316645 0 0.586974 0 0.59779 0.394481 
0.316796 0 0.587262 0 0.598192 0.396666 
0.316938 0 0.587536 0 0.598577 0.398813 
0.317074 0 0.587799 0 0.598948 0.400924 
0.317209 0 0.588059 0 0.59931 0.403 
0.317344 0 0.588314 0 0.599664 0.405041 
0.317471 0 0.588557 0 0.600005 0.407049 
0.317592 0 0.588789 0 0.600332 0.409023 
0.317714 0 0.589019 0 0.600653 0.410966 
0.317834 0 0.589245 0 0.600967 0.412876 
0.317947 0 0.589459 0 0.601266 0.414756 
0.318053 0 0.589662 0 0.601554 0.416605 
0.31816 0 0.589864 0 0.601836 0.418423 
0.318267 0 0.590063 0 0.602111 0.420212 
0.318365 0 0.590251 0 0.602373 0.421971 
0.318457 0 0.590429 0 0.602624 0.4237 
0.31855 0 0.590605 0 0.602869 0.425401 
0.318641 0 0.590779 0 0.603108 0.427073 
0.318726 0 0.590943 0 0.603334 0.428716 
0.318803 0 0.591097 0 0.60355 0.430331 
0.318881 0 0.59125 0 0.60376 0.431918 
0.318959 0 0.591401 0 0.603965 0.433477 
0.319028 0 0.591542 0 0.604157 0.435009 
0.319091 0 0.591673 0 0.604339 0.436512 
0.319154 0 0.591805 0 0.604516 0.437989 
0.319217 0 0.591934 0 0.604688 0.439438 
0.319271 0 0.592053 0 0.604847 0.440861 
0.319319 0 0.592164 0 0.604996 0.442257 
0.319367 0 0.592275 0 0.605141 0.443626 
0.319414 0 0.592384 0 0.60528 0.444969 
0.319453 0 0.592483 0 0.605408 0.446286 
0.319485 0 0.592574 0 0.605525 0.447577 
0.319517 0 0.592665 0 0.605638 0.448842 
0.319549 0 0.592755 0 0.605746 0.450082 
0.319572 0 0.592835 0 0.605842 0.451297 
0.319588 0 0.592908 0 0.605928 0.452487 
0.319604 0 0.592981 0 0.60601 0.453652 
0.319619 0 0.593053 0 0.606087 0.454792 
0.319626 0 0.593116 0 0.606153 0.455909 
0.319626 0 0.593172 0 0.606209 0.457001 
0.319626 0 0.593229 0 0.606261 0.45807 
0.319624 0 0.593285 0 0.606308 0.459115 
0.319615 0 0.593333 0 0.606343 0.460136 
0.319599 0 0.593373 0 0.606369 0.461135 
0.319582 0 0.593416 0 0.606391 0.462111 
0.319565 0 0.593458 0 0.606408 0.463064 
0.319539 0 0.593493 0 0.606414 0.463994 
0.319506 0 0.593521 0 0.606409 0.464902 
0.319473 0 0.593552 0 0.606401 0.465788 
0.319439 0 0.593584 0 0.606388 0.466651 
0.319396 0 0.593608 0 0.606362 0.467492 
0.319346 0 0.593628 0 0.606326 0.46831 
0.319296 0 0.593651 0 0.606286 0.469107 
0.319244 0 0.593675 0 0.606239 0.46988 
0.319183 0 0.593694 0 0.606179 0.470631 
0.319113 0 0.593709 0 0.606107 0.471358 
0.319043 0 0.593728 0 0.606028 0.472062 
0.318969 0 0.59375 0 0.605941 0.472741 
0.318885 0 0.593767 0 0.605838 0.473394 
0.318792 0 0.593781 0 0.60572 0.47402 
0.318695 0 0.5938 0 0.605592 0.474619 
0.318592 0 0.593822 0 0.605451 0.475186 
0.318477 0 0.59384 0 0.60529 0.475721 
0.318349 0 0.593856 0 0.605108 0.47622 
0.318214 0 0.593876 0 0.604909 0.476678 
0.31807 0 0.5939 0 0.604691 0.477091 
0.317909 0 0.593918 0 0.604444 0.477452 
0.317863 0 0.594014 0 0.604335 0.47775 
0.317905 0 0.594177 0 0.60432 0.477975 
0.317822 0 0.594281 0 0.604131 0.47811 
0.31772 0 0.594485 0 0.603833 0.478136 
0.317554 0 0.594742 0 0.60338 0.478025 
0.317356 0 0.595055 0 0.602811 0.477742 
0.317002 0 0.595254 0 0.602028 0.47724 
0.316683 0 0.595559 0 0.60119 0.476457 
0.316375 0 0.595933 0 0.60027 0.475319 
0.31594 0 0.596196 0 0.599145 0.47373 
0.315574 0 0.596547 0 0.597987 0.47158 
0.315227 0 0.596927 0 0.596727 0.468742 
0.314762 0 0.597154 0 0.595242 0.465088 
0.314224 0 0.597234 0 0.593587 0.460496 
0.313785 0 0.597338 0 0.591875 0.454866 
0.313354 0 0.597346 0 0.589999 0.448137 
0.312836 0 0.597126 0 0.587863 0.440292 
0.312267 0 0.596675 0 0.585506 0.43136 
0.311664 0 0.59598 0 0.582936 0.421409 
0.31103 0 0.595023 0 0.580148 0.410534 
0.310726 0 0.593952 0 0.578242 0.398841 
0.310623 0 0.592617 0 0.576462 0.386445 
0.310618 0 0.591073 0 0.574569 0.373452 
0.310632 0 0.589311 0 0.57251 0.359972 
0.310644 0 0.587328 0 0.570242 0.34611 
0.310661 0 0.585143 0 0.567781 0.331966 
0.310681 0 0.582771 0 0.565136 0.317635 
0.310698 0 0.580225 0 0.562316 0.303203 
0.310714 0 0.577527 0 0.559339 0.288741 
0.310734 0 0.574706 0 0.556223 0.274316 
0.310758 0 0.571781 0 0.552982 0.25998 
0.310779 0 0.568765 0 0.549624 0.245781 
0.310798 0 0.565674 0 0.54616 0.231758 
0.310823 0 0.562528 0 0.542607 0.217944 
0.310851 0 0.559334 0 0.538971 0.204363 
0.310876 0 0.556092 0 0.535257 0.191036 
0.31088 0 0.552853 0 0.531527 0.177975 
0.310893 0 0.549616 0 0.527776 0.165187 
0.310931 0 0.546385 0 0.524017 0.152676 
0.311005 0 0.543176 0 0.520273 0.140441 
0.311132 0 0.540011 0 0.516574 0.128477 
0.31133 0 0.536919 0 0.512947 0.116779 
0.311606 0 0.533911 0 0.509407 0.105338 
0.311546 0 0.530692 0 0.505955 0.0941481 
0.311486 0 0.527498 0 0.502536 0.0831995 
0.311433 0 0.524341 0 0.499161 0.0724847 
0.311386 0 0.521225 0 0.495835 0.0619963 
0.311337 0 0.518147 0 0.492557 0.0517277 
0.311287 0 0.515112 0 0.489332 0.0416734 
0.311244 0 0.512132 0 0.486168 0.0318285 
0.311206 0 0.509209 0 0.483067 0.0221902 
0.311166 0 0.50634 0 0.480028 0.0127557 
0.311124 0 0.503527 0 0.477053 0.00352357 
0.311089 0 0.500782 0 0.474151 -0.00550674 
0.311439 0 0.498395 0 0.471685 -0.0143355 
0.312069 0 0.496341 0 0.469572 -0.022962 
0.312895 0 0.494532 0 0.467718 -0.0313857 
0.31386 0 0.492905 0 0.466058 -0.0396052 
0.314917 0 0.491425 0 0.464553 -0.0476195 
0.316032 0 0.490069 0 0.463179 -0.0554279 
0.317187 0 0.488831 0 0.461924 -0.0630296 
0.318374 0 0.487711 0 0.460783 -0.0704244 
0.319583 0 0.486701 0 0.459746 -0.0776125 
0.3208 0 0.485791 0 0.458803 -0.0845947 
0.32202 0 0.484977 0 0.457951 -0.0913721 
0.323246 0 0.484265 0 0.457191 -0.0979464 
0.324475 0 0.483651 0 0.456519 -0.10432 
0.325406 0 0.482722 0 0.455595 -0.110494 
0.326124 0 0.481552 0 0.45443 -0.116473 
0.326708 0 0.480281 0 0.453135 -0.122259 
0.327208 0 0.479001 0 0.451802 -0.127856 
0.327654 0 0.477768 0 0.450496 -0.133268 
0.328099 0 0.476605 0 0.449263 -0.138498 
0.328549 0 0.475521 0 0.448106 -0.143551 
0.329002 0 0.474512 0 0.447022 -0.148428 
0.329588 0 0.473716 0 0.446123 -0.153135 
0.330057 0 0.472917 0 0.445236 -0.157675 
0.330447 0 0.472094 0 0.444323 -0.162049 
0.330654 0 0.471188 0 0.443345 -0.16626 
0.330717 0 0.470199 0 0.442291 -0.170311 
0.330674 0 0.469162 0 0.441185 -0.1742 
0.33056 0 0.468121 0 0.440066 -0.177928 
0.330394 0 0.467098 0 0.438962 -0.181491 
0.330182 0 0.466103 0 0.437886 -0.184882 
0.329931 0 0.465145 0 0.436852 -0.188093 
0.329652 0 0.464237 0 0.435872 -0.191109 
0.329344 0 0.463384 0 0.434956 -0.193909 
0.329001 0 0.46259 0 0.434109 -0.196466 
0.328655 0 0.461888 0 0.433348 -0.198745 
0.328314 0 0.461298 0 0.432686 -0.200703 
0.327975 0 0.460831 0 0.432133 -0.202286 
0.327632 0 0.460495 0 0.4317 -0.203435 
0.327286 0 0.460309 0 0.431401 -0.204082 
0.327009 0 0.459563 0 0.431058 -0.204153 
0.326747 0 0.458608 0 0.430837 -0.203576 
0.326478 0 0.457847 0 0.430797 -0.202281 
0.326203 0 0.457297 0 0.430955 -0.200207 
0.325927 0 0.456976 0 0.431323 -0.197306 
0.325651 0 0.456885 0 0.431905 -0.193551 
0.325553 0 0.457741 0 0.432654 -0.188936 
0.325601 0 0.45912 0 0.433698 -0.183477 
0.325707 0 0.460782 0 0.434955 -0.177213 
0.325815 0 0.46265 0 0.436391 -0.170202 
0.325921 0 0.464696 0 0.437979 -0.162517 
0.326025 0 0.466896 0 0.439696 -0.15424 
0.326135 0 0.469232 0 0.441518 -0.145457 
0.326248 0 0.471675 0 0.443416 -0.136256 
0.326427 0 0.474275 0 0.445427 -0.126723 
0.326659 0 0.477001 0 0.447519 -0.116939 
0.326936 0 0.479809 0 0.44965 -0.106979 
0.327243 0 0.482652 0 0.451781 -0.0969095 
0.327588 0 0.485321 0 0.453939 -0.0867937 
0.327936 0 0.487855 0 0.456053 -0.0766865 
0.328283 0 0.490281 0 0.458107 -0.0666378 
0.328628 0 0.492609 0 0.460096 -0.0566927 
0.328941 0 0.494848 0 0.461972 -0.0468924 
0.329257 0 0.496993 0 0.463766 -0.0372759 
0.329563 0 0.499063 0 0.465483 -0.0278809 
0.329864 0 0.50106 0 0.467138 -0.0187435 
0.330161 0 0.502945 0 0.468781 -0.00989979 
0.33044 0 0.504737 0 0.470401 -0.0013831 
0.330702 0 0.506455 0 0.471998 0.00677966 
0.330937 0 0.508104 0 0.47357 0.0145711 
0.331176 0 0.5097 0 0.47512 0.0219799 
0.331443 0 0.511274 0 0.476678 0.0289928 
0.331738 0 0.512815 0 0.478219 0.0355919 
0.332053 0 0.514307 0 0.479726 0.0417581 
0.332381 0 0.515739 0 0.481187 0.0474744 
0.333209 0 0.517678 0 0.482973 0.052727 
0.334369 0 0.519876 0 0.484938 0.0575086 
0.335603 0 0.522047 0 0.486931 0.0618178 
0.336837 0 0.524145 0 0.488867 0.0656594 
0.338071 0 0.526178 0 0.490752 0.0690441 
0.339311 0 0.52816 0 0.492599 0.0719877 
0.340558 0 0.530097 0 0.494412 0.0745111 
0.341802 0 0.531991 0 0.496197 0.0766387 
0.343047 0 0.53385 0 0.497963 0.0783985 
0.344297 0 0.535692 0 0.499722 0.0798202 
0.345551 0 0.537522 0 0.50148 0.0809357 
0.346802 0 0.539341 0 0.503244 0.0817781 
0.348052 0 0.541159 0 0.50502 0.0823814 
0.349307 0 0.542989 0 0.506821 0.0827797 
0.350564 0 0.544838 0 0.50865 0.0830079 
0.351818 0 0.546703 0 0.51051 0.083101 
0.353069 0 0.54859 0 0.512407 0.0830939 
0.35384 0 0.550165 0 0.513786 0.0830217 
0.354499 0 0.551655 0 0.515109 0.082919 
0.3551 0 0.553091 0 0.516443 0.0828204 
0.35567 0 0.55451 0 0.517817 0.0827596 
0.356166 0 0.555842 0 0.519264 0.0827707 
0.356508 0 0.557107 0 0.520623 0.0828872 
0.356746 0 0.558297 0 0.521945 0.0831421 
0.35692 0 0.559426 0 0.523273 0.0835672 
0.357064 0 0.560527 0 0.52464 0.084193 
0.357196 0 0.561623 0 0.526063 0.0850481 
0.357322 0 0.562726 0 0.527553 0.0861587 
0.357454 0 0.563848 0 0.52912 0.087548 
0.357603 0 0.565005 0 0.530772 0.089235 
0.358025 0 0.566564 0 0.532758 0.0912346 
0.358593 0 0.568331 0 0.534926 0.0935567 
0.359235 0 0.570204 0 0.537205 0.096206 
0.359921 0 0.572157 0 0.539579 0.0991818 
0.360639 0 0.574183 0 0.542043 0.102478 
0.361375 0 0.576272 0 0.544589 0.106083 
0.362128 0 0.578418 0 0.547212 0.109982 
0.362902 0 0.580621 0 0.549908 0.114156 
0.363693 0 0.582872 0 0.552668 0.118585 
0.364492 0 0.585157 0 0.55548 0.123243 
0.365299 0 0.587471 0 0.55834 0.128109 
0.366119 0 0.589815 0 0.561243 0.133158 
0.36695 0 0.592183 0 0.564182 0.138365 
0.367783 0 0.594561 0 0.567146 0.143709 
0.368619 0 0.596945 0 0.570129 0.149166 
0.369463 0 0.599337 0 0.573131 0.154716 
0.370313 0 0.60173 0 0.576143 0.16034 
0.371162 0 0.604111 0 0.579156 0.166021 
0.372011 0 0.606477 0 0.582167 0.17174 
0.372864 0 0.608831 0 0.585176 0.177485 
0.373721 0 0.611168 0 0.588176 0.18324 
0.374573 0 0.613477 0 0.591161 0.188995 
0.375422 0 0.615754 0 0.594127 0.194738 
0.376274 0 0.618006 0 0.597077 0.200459 
0.377127 0 0.620227 0 0.600006 0.20615 
0.377974 0 0.622407 0 0.602907 0.211803 
0.378815 0 0.624545 0 0.605779 0.217411 
0.379658 0 0.626647 0 0.608625 0.222968 
0.380501 0 0.628709 0 0.611442 0.22847 
0.381335 0 0.630722 0 0.614223 0.23391 
0.381895 0 0.632336 0 0.616407 0.239287 
0.382235 0 0.633701 0 0.618165 0.244596 
0.382466 0 0.634954 0 0.619754 0.249834 
0.382722 0 0.636209 0 0.621343 0.254998 
0.382999 0 0.637459 0 0.622934 0.260086 
0.383297 0 0.638707 0 0.624527 0.265097 
0.383611 0 0.639945 0 0.626117 0.270029 
0.383932 0 0.641164 0 0.627696 0.274881 
0.384259 0 0.642361 0 0.629262 0.279653 
0.384597 0 0.643543 0 0.630822 0.284344 
0.384945 0 0.644709 0 0.632373 0.288955 
0.385295 0 0.64585 0 0.63391 0.293484 
0.385648 0 0.646966 0 0.635434 0.297933 
0.386012 0 0.648065 0 0.63695 0.302301 
0.386384 0 0.649146 0 0.638456 0.30659 
0.386758 0 0.6502 0 0.639947 0.310801 
0.387013 0 0.651138 0 0.641179 0.314933 
0.387192 0 0.651998 0 0.642235 0.318988 
0.387328 0 0.652813 0 0.64319 0.322967 
0.387438 0 0.653596 0 0.644087 0.326871 
0.387537 0 0.654355 0 0.644951 0.3307 
0.387636 0 0.655099 0 0.64579 0.334457 
0.387735 0 0.655825 0 0.646601 0.338142 
0.38789 0 0.656543 0 0.647459 0.341756 
0.388073 0 0.65725 0 0.648335 0.345301 
0.38832 0 0.657991 0 0.649252 0.348778 
0.388602 0 0.658742 0 0.650189 0.352188 
0.388896 0 0.659482 0 0.651125 0.355532 
0.389196 0 0.660208 0 0.652056 0.358811 
0.389504 0 0.660925 0 0.652983 0.362028 
0.389818 0 0.66163 0 0.653903 0.365182 
0.390131 0 0.662314 0 0.654813 0.368275 
0.390373 0 0.662916 0 0.655617 0.371309 
0.390578 0 0.663474 0 0.656347 0.374283 
0.390761 0 0.664003 0 0.657026 0.377201 
0.390928 0 0.664507 0 0.657671 0.380061 
0.391088 0 0.66499 0 0.658292 0.382866 
0.391248 0 0.665462 0 0.658899 0.385617 
0.391408 0 0.665922 0 0.659491 0.388313 
0.391561 0 0.666361 0 0.660062 0.390957 
0.391707 0 0.666782 0 0.660613 0.393548 
0.391853 0 0.667192 0 0.661149 0.396089 
0.391998 0 0.667592 0 0.661668 0.398579 
0.392135 0 0.667973 0 0.662166 0.401019 
0.392264 0 0.668337 0 0.662644 0.403411 
0.392394 0 0.668693 0 0.663109 0.405754 
0.392524 0 0.669039 0 0.663559 0.40805 
0.392645 0 0.669369 0 0.663991 0.4103 
0.392759 0 0.669684 0 0.664405 0.412503 
0.392875 0 0.669992 0 0.664808 0.414661 
0.392989 0 0.670292 0 0.665198 0.416775 
0.393096 0 0.670577 0 0.665572 0.418845 
0.393196 0 0.670848 0 0.665929 0.420871 
0.393298 0 0.671114 0 0.666277 0.422855 
0.393398 0 0.671373 0 0.666614 0.424797 
0.393491 0 0.671618 0 0.666935 0.426698 
0.393578 0 0.67185 0 0.667242 0.428559 
0.393666 0 0.672078 0 0.66754 0.430379 
0.393754 0 0.672301 0 0.667829 0.432161 
0.393833 0 0.672511 0 0.668103 0.433903 
0.393907 0 0.672709 0 0.668365 0.435608 
0.393982 0 0.672904 0 0.668619 0.437275 
0.394057 0 0.673095 0 0.668864 0.438906 
0.394124 0 0.673274 0 0.669096 0.440501 
0.394186 0 0.673443 0 0.669317 0.44206 
0.394248 0 0.673609 0 0.669531 0.443584 
0.39431 0 0.673771 0 0.669737 0.445075 
0.394365 0 0.673923 0 0.669932 0.446532 
0.394415 0 0.674065 0 0.670115 0.447955 
0.394465 0 0.674205 0 0.670293 0.449347 
0.394516 0 0.674343 0 0.670464 0.450707 
0.394559 0 0.67447 0 0.670624 0.452036 
0.394597 0 0.674589 0 0.670774 0.453334 
0.394637 0 0.674707 0 0.670919 0.454603 
0.394676 0 0.674823 0 0.671058 0.455842 
0.394708 0 0.67493 0 0.671187 0.457053 
0.394735 0 0.675028 0 0.671306 0.458235 
0.394763 0 0.675127 0 0.671421 0.459389 
0.394792 0 0.675224 0 0.671531 0.460517 
0.394814 0 0.675313 0 0.671631 0.461618 
0.39483 0 0.675394 0 0.671722 0.462693 
0.394848 0 0.675476 0 0.671809 0.463742 
0.394866 0 0.675558 0 0.671892 0.464766 
0.394877 0 0.675632 0 0.671965 0.465766 
0.394883 0 0.675698 0 0.672029 0.466742 
0.394891 0 0.675767 0 0.67209 0.467694 
0.394899 0 0.675836 0 0.672147 0.468623 
0.3949 0 0.675897 0 0.672193 0.469529 
0.394896 0 0.675952 0 0.672231 0.470413 
0.394893 0 0.676009 0 0.672267 0.471275 
0.394891 0 0.676068 0 0.672297 0.472115 
0.394881 0 0.67612 0 0.672317 0.472934 
0.394866 0 0.676166 0 0.672329 0.473733 
0.394853 0 0.676215 0 0.672337 0.474511 
0.394839 0 0.676265 0 0.67234 0.475269 
0.394817 0 0.676309 0 0.672332 0.476007 
0.39479 0 0.676349 0 0.672315 0.476725 
0.394763 0 0.676391 0 0.672293 0.477423 
0.394736 0 0.676436 0 0.672265 0.478103 
0.3947 0 0.676474 0 0.672225 0.478763 
0.394658 0 0.676508 0 0.672173 0.479405 
0.394615 0 0.676545 0 0.672116 0.480027 
0.39457 0 0.676585 0 0.67205 0.48063 
0.394515 0 0.676618 0 0.67197 0.481215 
0.394452 0 0.676646 0 0.671876 0.48178 
0.394387 0 0.676678 0 0.671774 0.482325 
0.394318 0 0.676711 0 0.671659 0.482851 
0.394238 0 0.676737 0 0.671527 0.483356 
0.394146 0 0.676759 0 0.671377 0.48384 
0.39405 0 0.676782 0 0.671214 0.484301 
0.393947 0 0.676806 0 0.671033 0.48474 
0.393829 0 0.676822 0 0.670829 0.485153 
0.393697 0 0.676831 0 0.670601 0.485539 
0.393555 0 0.676841 0 0.670352 0.485896 
0.393403 0 0.676849 0 0.670079 0.486219 
0.39323 0 0.676848 0 0.669773 0.486504 
0.393039 0 0.676837 0 0.669434 0.486747 
0.392969 0 0.676922 0 0.669251 0.486938 
0.392818 0 0.676958 0 0.668934 0.487068 
0.392607 0 0.676954 0 0.668531 0.487124 
0.392527 0 0.677051 0 0.668302 0.487089 
0.392544 0 0.677228 0 0.668181 0.48694 
0.392629 0 0.677462 0 0.668127 0.486647 
0.392753 0 0.677729 0 0.668105 0.486171 
0.392901 0 0.678016 0 0.668096 0.485459 
0.393072 0 0.678323 0 0.668091 0.484445 
0.39326 0 0.678638 0 0.668079 0.483045 
0.393456 0 0.678946 0 0.668046 0.481159 
0.39366 0 0.679237 0 0.667984 0.47867 
0.393882 0 0.679514 0 0.667892 0.475448 
0.394111 0 0.679747 0 0.667746 0.471365 
0.394352 0 0.679926 0 0.667534 0.466307 
0.394578 0 0.68 0 0.667218 0.460184 
0.39479 0 0.67995 0 0.666773 0.452951 
0.394976 0 0.679741 0 0.666167 0.444605 
0.395111 0 0.679329 0 0.665361 0.435186 
0.395176 0 0.678677 0 0.66432 0.424765 
0.395156 0 0.67776 0 0.663016 0.413436 
0.395035 0 0.676556 0 0.661427 0.40131 
0.394859 0 0.675112 0 0.659575 0.388508 
0.394715 0 0.673516 0 0.65753 0.37516 
0.394997 0 0.67231 0 0.655772 0.361393 
0.395464 0 0.671122 0 0.653999 0.34733 
0.396117 0 0.669939 0 0.65215 0.33308 
0.396767 0 0.668618 0 0.650141 0.318742 
0.39742 0 0.667183 0 0.647985 0.304399 
0.398075 0 0.665646 0 0.645688 0.290122 
0.398725 0 0.664013 0 0.643256 0.275971 
0.399371 0 0.662295 0 0.640696 0.261995 
0.400021 0 0.660506 0 0.638024 0.248231 
0.400672 0 0.658652 0 0.635249 0.234708 
0.401318 0 0.656735 0 0.632381 0.221446 
0.401961 0 0.654764 0 0.629437 0.208457 
0.402607 0 0.652757 0 0.626435 0.19575 
0.403254 0 0.650723 0 0.623389 0.183326 
0.403896 0 0.648667 0 0.620309 0.171184 
0.404534 0 0.646598 0 0.617209 0.159323 
0.404876 0 0.644189 0 0.613925 0.147735 
0.404992 0 0.641512 0 0.610437 0.136415 
0.404953 0 0.638655 0 0.606834 0.125355 
0.404817 0 0.6357 0 0.603183 0.114545 
0.404629 0 0.632709 0 0.599525 0.103978 
0.404412 0 0.629703 0 0.595884 0.0936443 
0.404175 0 0.626689 0 0.592268 0.0835373 
0.403929 0 0.62367 0 0.588688 0.0736498 
0.403686 0 0.620658 0 0.585156 0.0639757 
0.403449 0 0.617655 0 0.581676 0.0545106 
0.403216 0 0.614659 0 0.578251 0.0452508 
0.40299 0 0.611675 0 0.574886 0.0361942 
0.402779 0 0.608713 0 0.571591 0.0273396 
0.402585 0 0.605776 0 0.568366 0.0186869 
0.402401 0 0.602857 0 0.565211 0.0102368 
0.402229 0 0.599962 0 0.56213 0.00199028 
0.402077 0 0.597099 0 0.559129 -0.00605112 
0.401943 0 0.594269 0 0.556208 -0.0138858 
0.402143 0 0.591875 0 0.553717 -0.0215127 
0.402561 0 0.589816 0 0.551536 -0.0289306 
0.40311 0 0.587954 0 0.549536 -0.036139 
0.40362 0 0.586131 0 0.547555 -0.0431377 
0.404063 0 0.584313 0 0.545583 -0.049928 
0.404464 0 0.58249 0 0.543641 -0.0565123 
0.404843 0 0.580679 0 0.54175 -0.0628936 
0.405209 0 0.578891 0 0.539917 -0.0690763 
0.405563 0 0.57713 0 0.538145 -0.0750656 
0.405909 0 0.575404 0 0.536437 -0.0808674 
0.406256 0 0.573722 0 0.534796 -0.086488 
0.406602 0 0.57208 0 0.533219 -0.0919343 
0.407099 0 0.570674 0 0.531839 -0.0972133 
0.407692 0 0.569453 0 0.530625 -0.102332 
0.408342 0 0.568352 0 0.529521 -0.107296 
0.409017 0 0.567328 0 0.528492 -0.112113 
0.409694 0 0.566356 0 0.52752 -0.116788 
0.41037 0 0.565432 0 0.526603 -0.121326 
0.411047 0 0.564561 0 0.525745 -0.125733 
0.411722 0 0.563741 0 0.524944 -0.130012 
0.412389 0 0.562961 0 0.524195 -0.134166 
0.412784 0 0.561818 0 0.523244 -0.138196 
0.413037 0 0.560517 0 0.522159 -0.142103 
0.413204 0 0.559179 0 0.521074 -0.145883 
0.413505 0 0.557994 0 0.52014 -0.149533 
0.413906 0 0.556977 0 0.51936 -0.153042 
0.414383 0 0.55611 0 0.518714 -0.156398 
0.41491 0 0.55537 0 0.518181 -0.159582 
0.415427 0 0.554749 0 0.517626 -0.162566 
0.415918 0 0.554215 0 0.517113 -0.165319 
0.416401 0 0.553766 0 0.516674 -0.167799 
0.416876 0 0.5534 0 0.516321 -0.169958 
0.417339 0 0.553114 0 0.516065 -0.171737 
0.417792 0 0.552922 0 0.515922 -0.173075 
0.418242 0 0.552847 0 0.515912 -0.173901 
0.418733 0 0.553023 0 0.516099 -0.174144 
0.419243 0 0.553402 0 0.51648 -0.173733 
0.41976 0 0.553972 0 0.517051 -0.172601 
0.420284 0 0.554748 0 0.517823 -0.170692 
0.420812 0 0.555742 0 0.518807 -0.167962 
0.421337 0 0.556956 0 0.520009 -0.164386 
0.42186 0 0.558394 0 0.52143 -0.15996 
0.422388 0 0.560058 0 0.52307 -0.154698 
0.422916 0 0.561938 0 0.524919 -0.148635 
0.42344 0 0.564012 0 0.526961 -0.141821 
0.423927 0 0.566446 0 0.529465 -0.134321 
0.424382 0 0.56901 0 0.532125 -0.126205 
0.424792 0 0.571606 0 0.534846 -0.117549 
0.425294 0 0.574348 0 0.537744 -0.108431 
0.425649 0 0.577121 0 0.540696 -0.0989256 
0.426113 0 0.580018 0 0.54377 -0.0891054 
0.426581 0 0.582989 0 0.546913 -0.0790373 
0.427047 0 0.586008 0 0.550103 -0.0687822 
0.427394 0 0.589011 0 0.553305 -0.0583954 
0.427839 0 0.592054 0 0.55654 -0.0479256 
0.428269 0 0.595146 0 0.559776 -0.0374161 
0.428683 0 0.598212 0 0.562975 -0.0269043 
0.429087 0 0.601228 0 0.566131 -0.016423 
0.429497 0 0.604211 0 0.569255 -0.00600009 
0.429922 0 0.60717 0 0.572352 0.00434066 
0.430369 0 0.610113 0 0.575424 0.0145795 
0.430853 0 0.613052 0 0.578474 0.0247 
0.431397 0 0.616015 0 0.581511 0.0346896 
0.432023 0 0.619029 0 0.584546 0.0445386 
0.432749 0 0.622125 0 0.587597 0.0542405 
0.433597 0 0.625344 0 0.590694 0.0637904 
0.434581 0 0.628726 0 0.593869 0.0731844 
0.435687 0 0.632275 0 0.597146 0.0824173 
0.436879 0 0.635967 0 0.600534 0.0914835 
0.438128 0 0.63977 0 0.604027 0.100377 
0.439413 0 0.643652 0 0.607612 0.109094 
0.440711 0 0.647575 0 0.61126 0.117632 
0.442003 0 0.651503 0 0.614947 0.125993 
0.443285 0 0.655413 0 0.618651 0.134179 
0.444557 0 0.659298 0 0.62236 0.142194 
0.445817 0 0.663145 0 0.62606 0.150042 
0.447057 0 0.666938 0 0.62974 0.157728 
0.448278 0 0.670674 0 0.633394 0.165255 
0.449487 0 0.674355 0 0.63702 0.172629 
0.450682 0 0.677978 0 0.640614 0.179852 
0.451858 0 0.681533 0 0.644169 0.186928 
0.453016 0 0.685018 0 0.647684 0.193861 
0.454163 0 0.688441 0 0.65116 0.200654 
0.455299 0 0.691798 0 0.654595 0.207309 
0.456416 0 0.695082 0 0.657985 0.213829 
0.457517 0 0.698293 0 0.66133 0.220217 
0.458609 0 0.701437 0 0.664633 0.226474 
0.459691 0 0.704514 0 0.667892 0.232604 
0.460757 0 0.707516 0 0.671104 0.238609 
0.461808 0 0.710443 0 0.67427 0.244491 
0.462851 0 0.713304 0 0.677393 0.250251 
0.463886 0 0.716098 0 0.680473 0.255893 
0.464907 0 0.718816 0 0.683505 0.261418 
0.465914 0 0.721459 0 0.686492 0.266828 
0.466915 0 0.724038 0 0.689438 0.272126 
0.467909 0 0.726549 0 0.692341 0.277313 
0.468889 0 0.728986 0 0.695199 0.282391 
0.469858 0 0.73135 0 0.698013 0.287363 
0.470821 0 0.733649 0 0.700787 0.292231 
0.471779 0 0.735882 0 0.703522 0.296996 
0.472724 0 0.738042 0 0.706213 0.30166 
0.473658 0 0.740129 0 0.708862 0.306226 
0.474588 0 0.742152 0 0.711474 0.310696 
0.475512 0 0.744109 0 0.714048 0.315072 
0.476425 0 0.745994 0 0.71658 0.319355 
0.477328 0 0.747805 0 0.719073 0.323547 
0.478227 0 0.749553 0 0.72153 0.327651 
0.479121 0 0.751235 0 0.72395 0.331668 
0.480004 0 0.752844 0 0.726331 0.335601 
0.480876 0 0.754379 0 0.728673 0.33945 
0.481746 0 0.755849 0 0.730981 0.343219 
0.48261 0 0.757253 0 0.733253 0.346908 
0.483464 0 0.75858 0 0.735486 0.35052 
0.483944 0 0.759477 0 0.736927 0.354058 
0.484239 0 0.760152 0 0.737964 0.357519 
0.484459 0 0.760772 0 0.738854 0.360909 
0.484764 0 0.76146 0 0.73979 0.364227 
0.485126 0 0.762189 0 0.740765 0.367475 
0.485536 0 0.762947 0 0.741772 0.370655 
0.485977 0 0.763719 0 0.742798 0.373768 
0.486433 0 0.764487 0 0.743832 0.376816 
0.486901 0 0.765247 0 0.744874 0.379799 
0.487383 0 0.766004 0 0.745924 0.38272 
0.487875 0 0.766753 0 0.74698 0.385579 
0.488369 0 0.767485 0 0.748037 0.388377 
0.488865 0 0.768199 0 0.749095 0.391117 
0.48937 0 0.768904 0 0.750158 0.393798 
0.489881 0 0.769597 0 0.751225 0.396423 
0.490392 0 0.770271 0 0.752291 0.398991 
0.490903 0 0.770924 0 0.753357 0.401505 
0.491422 0 0.771566 0 0.754427 0.403966 
0.491947 0 0.772196 0 0.755499 0.406373 
0.492471 0 0.772803 0 0.756568 0.408729 
0.492996 0 0.773388 0 0.757635 0.411034 
0.493527 0 0.77396 0 0.758704 0.413289 
0.494065 0 0.774517 0 0.759771 0.415495 
0.494601 0 0.775048 0 0.760833 0.417653 
0.494887 0 0.775427 0 0.761459 0.419763 
0.495047 0 0.77572 0 0.761879 0.421828 
0.495161 0 0.775975 0 0.762225 0.423846 
0.49532 0 0.776267 0 0.762601 0.42582 
0.49551 0 0.77658 0 0.763005 0.42775 
0.495731 0 0.77691 0 0.763435 0.429637 
0.495974 0 0.777249 0 0.763886 0.431482 
0.496229 0 0.777585 0 0.764351 0.433284 
0.496493 0 0.777915 0 0.764828 0.435046 
0.496772 0 0.778245 0 0.765319 0.436768 
0.497017 0 0.778547 0 0.765753 0.438451 
0.497171 0 0.778762 0 0.766083 0.440095 
0.497275 0 0.778932 0 0.766346 0.441701 
0.497363 0 0.779087 0 0.766578 0.44327 
0.497446 0 0.779235 0 0.766797 0.444803 
0.497523 0 0.779371 0 0.767005 0.4463 
0.497597 0 0.779497 0 0.767205 0.447763 
0.497673 0 0.779621 0 0.767401 0.449191 
0.497751 0 0.779743 0 0.767592 0.450585 
0.497824 0 0.779854 0 0.767773 0.451946 
0.497891 0 0.779955 0 0.767945 0.453276 
0.497962 0 0.780057 0 0.768112 0.454573 
0.498033 0 0.780157 0 0.768274 0.45584 
0.498099 0 0.780247 0 0.768426 0.457076 
0.49816 0 0.78033 0 0.768569 0.458283 
0.498223 0 0.780412 0 0.768708 0.45946 
0.498288 0 0.780495 0 0.768842 0.460609 
0.498347 0 0.780568 0 0.768968 0.46173 
0.498402 0 0.780635 0 0.769085 0.462824 
0.49846 0 0.780702 0 0.769199 0.463891 
0.498519 0 0.78077 0 0.769309 0.464931 
0.498572 0 0.780829 0 0.769411 0.465946 
0.498621 0 0.780881 0 0.769505 0.466936 
0.498673 0 0.780936 0 0.769596 0.467901 
0.498726 0 0.78099 0 0.769682 0.468842 
0.498773 0 0.781038 0 0.769761 0.469759 
0.498816 0 0.781079 0 0.769831 0.470652 
0.498861 0 0.781122 0 0.769899 0.471523 
0.498907 0 0.781166 0 0.769963 0.472371 
0.498948 0 0.781204 0 0.770017 0.473197 
0.498984 0 0.781235 0 0.770064 0.474001 
0.499021 0 0.781269 0 0.770108 0.474784 
0.49906 0 0.781305 0 0.770146 0.475546 
0.499092 0 0.781334 0 0.770175 0.476287 
0.499119 0 0.781358 0 0.770196 0.477007 
0.499147 0 0.781385 0 0.770212 0.477707 
0.499176 0 0.781414 0 0.770222 0.478387 
0.499197 0 0.781438 0 0.770221 0.479047 
0.499212 0 0.781456 0 0.77021 0.479687 
0.499228 0 0.781479 0 0.770193 0.480307 
0.499242 0 0.781504 0 0.770168 0.480906 
0.499248 0 0.781523 0 0.770129 0.481486 
0.499246 0 0.781539 0 0.770078 0.482045 
0.499243 0 0.781559 0 0.770018 0.482583 
0.499237 0 0.781582 0 0.769947 0.4831 
0.49922 0 0.7816 0 0.769858 0.483595 
0.499193 0 0.781615 0 0.769753 0.484067 
0.499162 0 0.781635 0 0.769634 0.484514 
0.499125 0 0.781658 0 0.769498 0.484936 
0.499074 0 0.781677 0 0.769339 0.48533 
0.499008 0 0.781692 0 0.769155 0.485693 
0.498933 0 0.781711 0 0.76895 0.486023 
0.498847 0 0.781735 0 0.768718 0.486314 
0.498741 0 0.781753 0 0.768453 0.486562 
0.498614 0 0.781767 0 0.768152 0.486759 
0.498472 0 0.781785 0 0.767817 0.486895 
0.498418 0 0.781879 0 0.767608 0.486958 
0.498285 0 0.781928 0 0.767258 0.486931 
0.498094 0 0.781954 0 0.766821 0.486792 
0.498056 0 0.782125 0 0.766579 0.486511 
0.498087 0 0.782347 0 0.76643 0.486049 
0.498164 0 0.782609 0 0.766332 0.485351 
0.498273 0 0.782909 0 0.766263 0.484347 
0.49846 0 0.783303 0 0.766244 0.482946 
0.49865 0 0.783696 0 0.766224 0.481033 
0.498959 0 0.784227 0 0.766264 0.478467 
0.499229 0 0.784678 0 0.766263 0.475092 
0.499647 0 0.785303 0 0.766265 0.470745 
0.499997 0 0.785751 0 0.766211 0.46528 
0.500482 0 0.7863 0 0.766105 0.458591 
0.500881 0 0.786591 0 0.765882 0.45063 
0.501417 0 0.786906 0 0.765545 0.441419 
0.501848 0 0.786873 0 0.765012 0.43104 
0.502393 0 0.786757 0 0.76429 0.419621 
0.502735 0 0.786151 0 0.763255 0.407316 
0.503229 0 0.785466 0 0.762005 0.394285 
0.503493 0 0.784233 0 0.760482 0.380683 
0.503919 0 0.782928 0 0.758704 0.366648 
0.504344 0 0.781353 0 0.7567 0.3523 
0.504773 0 0.779529 0 0.754485 0.337737 
0.504829 0 0.777146 0 0.752052 0.32304 
0.50508 0 0.774756 0 0.749287 0.308274 
0.505053 0 0.771973 0 0.746256 0.293498 
0.505188 0 0.769213 0 0.743062 0.278763 
0.504838 0 0.765937 0 0.73974 0.264119 
0.504813 0 0.762869 0 0.736167 0.249614 
0.504786 0 0.759721 0 0.732481 0.235288 
0.504762 0 0.756517 0 0.728696 0.221176 
0.50474 0 0.753271 0 0.724819 0.207309 
0.504713 0 0.749988 0 0.720858 0.19371 
0.504683 0 0.746679 0 0.716829 0.180398 
0.504656 0 0.743359 0 0.712751 0.167384 
0.504329 0 0.739768 0 0.70831 0.154677 
0.50379 0 0.7359 0 0.703639 0.142279 
0.503112 0 0.731841 0 0.698848 0.130188 
0.502351 0 0.727693 0 0.694015 0.118401 
0.501544 0 0.723517 0 0.689184 0.106912 
0.500704 0 0.719337 0 0.684378 0.0957138 
0.50021 0 0.715774 0 0.680215 0.0847968 
0.499985 0 0.71263 0 0.676445 0.074152 
0.500074 0 0.709565 0 0.672786 0.0637709 
0.500349 0 0.706662 0 0.669307 0.0536436 
0.500745 0 0.703926 0 0.666015 0.0437602 
0.501167 0 0.701277 0 0.662833 0.0341114 
0.501594 0 0.698706 0 0.659728 0.0246884 
0.502018 0 0.696206 0 0.656702 0.0154833 
0.502441 0 0.693782 0 0.653754 0.00648867 
0.502984 0 0.691534 0 0.651007 -0.00230168 
0.503637 0 0.689461 0 0.648444 -0.0108926 
0.504383 0 0.687544 0 0.646046 -0.0192874 
0.505214 0 0.685775 0 0.643805 -0.0274889 
0.506127 0 0.684154 0 0.641717 -0.035498 
0.507114 0 0.682678 0 0.639773 -0.0433145 
0.508162 0 0.681338 0 0.637968 -0.0509376 
0.509264 0 0.680132 0 0.636295 -0.0583648 
0.510419 0 0.679063 0 0.634753 -0.0655936 
0.511474 0 0.677938 0 0.633293 -0.0726205 
0.512465 0 0.676811 0 0.631877 -0.0794416 
0.513421 0 0.675727 0 0.630517 -0.0860529 
0.514362 0 0.67472 0 0.629228 -0.0924503 
0.515293 0 0.673795 0 0.628016 -0.0986302 
0.516208 0 0.672948 0 0.626878 -0.104589 
0.517108 0 0.672176 0 0.625812 -0.110324 
0.517751 0 0.670998 0 0.624557 -0.115833 
0.518238 0 0.669535 0 0.623262 -0.121115 
0.518654 0 0.668008 0 0.621974 -0.12617 
0.519068 0 0.666569 0 0.620769 -0.131001 
0.519486 0 0.665224 0 0.619649 -0.13561 
0.519906 0 0.66397 0 0.618612 -0.140002 
0.520247 0 0.662673 0 0.617642 -0.144184 
0.520518 0 0.661368 0 0.616705 -0.148161 
0.520733 0 0.660075 0 0.615792 -0.151944 
0.520914 0 0.658702 0 0.614891 -0.15554 
0.521058 0 0.657282 0 0.614037 -0.158959 
0.521169 0 0.655854 0 0.613239 -0.162213 
0.521224 0 0.654421 0 0.612475 -0.165309 
0.521267 0 0.652989 0 0.611751 -0.168259 
0.521248 0 0.65154 0 0.611043 -0.171069 
0.521177 0 0.650087 0 0.610343 -0.173748 
0.521109 0 0.648617 0 0.609683 -0.1763 
0.521031 0 0.647139 0 0.609076 -0.178726 
0.520896 0 0.645653 0 0.608499 -0.181025 
0.520884 0 0.644554 0 0.607735 -0.183191 
0.521102 0 0.643795 0 0.607067 -0.185211 
0.521464 0 0.643256 0 0.606533 -0.187065 
0.521897 0 0.642854 0 0.606105 -0.188724 
0.522367 0 0.642561 0 0.60577 -0.19015 
0.522859 0 0.64238 0 0.605531 -0.191294 
0.523364 0 0.642311 0 0.605395 -0.192095 
0.523871 0 0.642354 0 0.605371 -0.192485 
0.524377 0 0.642521 0 0.605474 -0.192388 
0.524888 0 0.642835 0 0.605725 -0.191724 
0.525402 0 0.643312 0 0.606138 -0.190415 
0.525768 0 0.643948 0 0.606859 -0.188388 
0.526041 0 0.644659 0 0.607721 -0.18558 
0.526255 0 0.645465 0 0.608718 -0.181945 
0.526568 0 0.646492 0 0.60996 -0.17746 
0.526829 0 0.647772 0 0.611422 -0.172121 
0.527053 0 0.649236 0 0.613053 -0.16595 
0.527257 0 0.65087 0 0.614847 -0.158987 
0.527452 0 0.652677 0 0.616805 -0.15129 
0.52764 0 0.654648 0 0.618922 -0.14293 
0.527827 0 0.656775 0 0.621187 -0.133984 
0.528022 0 0.659049 0 0.623587 -0.124532 
0.528223 0 0.661449 0 0.626101 -0.114655 
0.528424 0 0.663951 0 0.628712 -0.10443 
0.528628 0 0.666539 0 0.631403 -0.0939285 
0.528841 0 0.669203 0 0.634163 -0.0832169 
0.529061 0 0.671928 0 0.636975 -0.0723543 
0.529284 0 0.674693 0 0.639825 -0.0613931 
0.529513 0 0.67749 0 0.642704 -0.0503795 
0.529757 0 0.680317 0 0.645604 -0.0393533 
0.530018 0 0.683167 0 0.648516 -0.0283485 
0.530294 0 0.686032 0 0.651433 -0.0173943 
0.530596 0 0.688914 0 0.65435 -0.00651495 
0.530941 0 0.691827 0 0.657268 0.00426953 
0.53134 0 0.694782 0 0.660185 0.0149429 
0.531805 0 0.69779 0 0.663102 0.025492 
0.532357 0 0.700875 0 0.666024 0.035907 
0.53302 0 0.704067 0 0.668962 0.0461796 
0.533803 0 0.707383 0 0.671925 0.0563027 
0.534696 0 0.710823 0 0.674926 0.0662695 
0.535685 0 0.714379 0 0.677976 0.0760722 
0.536749 0 0.71804 0 0.681089 0.085703 
0.537862 0 0.72178 0 0.684265 0.0951545 
0.538996 0 0.725566 0 0.687498 0.104421 
0.540136 0 0.729373 0 0.690777 0.113497 
0.541277 0 0.733188 0 0.694087 0.122383 
0.542413 0 0.73699 0 0.697408 0.131078 
0.543532 0 0.740759 0 0.700726 0.139584 
0.544635 0 0.744484 0 0.704029 0.147903 
0.545727 0 0.748166 0 0.707309 0.156041 
0.546807 0 0.751799 0 0.71056 0.163999 
0.547867 0 0.755373 0 0.713775 0.171782 
0.548911 0 0.758886 0 0.716952 0.179394 
0.549943 0 0.762344 0 0.720092 0.186839 
0.550963 0 0.765745 0 0.72319 0.19412 
0.551966 0 0.769082 0 0.726247 0.20124 
0.552952 0 0.772354 0 0.729262 0.208204 
0.553929 0 0.775571 0 0.732237 0.215015 
0.554896 0 0.77873 0 0.735171 0.221676 
0.555847 0 0.781825 0 0.738064 0.228189 
0.556783 0 0.784857 0 0.740916 0.234559 
0.557711 0 0.787836 0 0.74373 0.240787 
0.558631 0 0.79076 0 0.746505 0.246878 
0.559537 0 0.793622 0 0.749242 0.252833 
0.56043 0 0.796425 0 0.751941 0.258656 
0.561317 0 0.799177 0 0.754606 0.264349 
0.562197 0 0.801878 0 0.757235 0.269915 
0.563065 0 0.804521 0 0.75983 0.275358 
0.563922 0 0.807107 0 0.762392 0.280678 
0.564774 0 0.809646 0 0.764922 0.28588 
0.565621 0 0.812137 0 0.767422 0.290965 
0.566458 0 0.814573 0 0.769891 0.295937 
0.567284 0 0.816957 0 0.77233 0.300797 
0.568108 0 0.819296 0 0.774743 0.305548 
0.568928 0 0.821589 0 0.777129 0.310194 
0.569738 0 0.823831 0 0.779488 0.314735 
0.57054 0 0.826022 0 0.781822 0.319174 
0.571341 0 0.828172 0 0.784133 0.323515 
0.572139 0 0.830278 0 0.78642 0.327758 
0.572928 0 0.832334 0 0.788685 0.331907 
0.573711 0 0.834341 0 0.790929 0.335963 
0.574492 0 0.836307 0 0.793153 0.339929 
0.575272 0 0.838231 0 0.795358 0.343806 
0.576045 0 0.840106 0 0.797543 0.347598 
0.576811 0 0.841932 0 0.799709 0.351305 
0.577577 0 0.843716 0 0.80186 0.354931 
0.578343 0 0.845459 0 0.803993 0.358476 
0.579101 0 0.847151 0 0.80611 0.361943 
0.579854 0 0.848792 0 0.808211 0.365334 
0.580607 0 0.850391 0 0.810299 0.368649 
0.58136 0 0.851946 0 0.812371 0.371892 
0.582106 0 0.853447 0 0.814429 0.375063 
0.582847 0 0.854895 0 0.816473 0.378165 
0.583589 0 0.856297 0 0.818504 0.381198 
0.584331 0 0.857651 0 0.820522 0.384165 
0.585066 0 0.858948 0 0.822527 0.387066 
0.585795 0 0.860186 0 0.824518 0.389903 
0.586526 0 0.861373 0 0.826497 0.392678 
0.587257 0 0.862507 0 0.828464 0.395391 
0.587981 0 0.863577 0 0.830417 0.398045 
0.588699 0 0.864582 0 0.832356 0.40064 
0.589418 0 0.865531 0 0.834283 0.403177 
0.590136 0 0.866418 0 0.836197 0.405657 
0.590848 0 0.867235 0 0.838095 0.408083 
0.591553 0 0.867979 0 0.839978 0.410454 
0.592258 0 0.868658 0 0.841848 0.412772 
0.592962 0 0.869269 0 0.843702 0.415038 
0.593658 0 0.8698 0 0.845538 0.417252 
0.593879 1 0.869861 0 0.846502 0.419399 
0.593982 1 0.869704 0 0.847403 0.421481 
0.594102 1 0.869524 0 0.848294 0.423472 
0.594293 1 0.869361 0 0.849296 0.425376 
0.594483 0 0.869182 0 0.850281 0.42718 
0.594671 0 0.868992 0 0.851253 0.428955 
0.594858 0 0.868792 0 0.852214 0.430699 
0.595044 0 0.868583 0 0.853163 0.432412 
0.595228 0 0.868364 0 0.8541 0.434096 
0.595472 0 0.868157 0 0.855169 0.435748 
0.595746 0 0.867951 0 0.856288 0.43737 
0.596034 0 0.86774 0 0.857421 0.438962 
0.596331 0 0.867521 0 0.858567 0.440522 
0.596642 0 0.867294 0 0.859734 0.442053 
0.596967 0 0.867059 0 0.860927 0.443552 
0.597241 0 0.867072 0 0.861796 0.445022 
0.597515 0 0.867182 0 0.862577 0.446462 
0.597803 0 0.867325 0 0.86334 0.447872 
0.598104 0 0.867472 0 0.864104 0.449252 
0.598417 0 0.867612 0 0.864875 0.450603 
0.59831 0 0.8678 1 0.864746 0.451927 
0.59818 0 0.868015 1 0.86453 0.453169 
0.598113 0 0.868268 1 0.864361 0.45438 
0.598095 0 0.868526 1 0.864279 0.455536 
0.597894 1 0.868356 1 0.864289 0.456627 
0.597667 1 0.868125 0 0.864298 0.457568 
0.597443 1 0.867887 0 0.864306 0.458394 
0.597221 0 0.867633 0 0.864319 0.459082 
0.597022 0 0.867376 0 0.864387 0.459779 
0.59684 0 0.867116 0 0.86449 0.460481 
0.596671 0 0.866852 0 0.86462 0.461186 
0.596514 0 0.866586 0 0.864776 0.461892 
0.596371 0 0.866316 0 0.864959 0.462597 
0.596243 0 0.866042 0 0.865171 0.463298 
0.596131 0 0.865764 0 0.865411 0.463995 
0.596035 0 0.865481 0 0.865679 0.464686 
0.595954 0 0.865192 0 0.865972 0.465369 
0.595887 0 0.864896 0 0.866289 0.466044 
0.595849 0 0.864677 0 0.866563 0.466709 
0.595833 0 0.864475 0 0.866845 0.467364 
0.595836 0 0.864267 0 0.867155 0.468006 
0.595852 0 0.864045 0 0.867491 0.468636 
0.595877 0 0.863808 0 0.867848 0.469253 
0.595913 0 0.863558 0 0.868224 0.469855 
0.596074 0 0.863405 0 0.868707 0.470443 
0.596272 0 0.863269 0 0.869219 0.471015 
0.596487 0 0.863134 0 0.869744 0.47157 
0.596712 0 0.862992 0 0.870277 0.472109 
0.596947 0 0.862842 0 0.870819 0.472629 
0.597195 0 0.862684 0 0.871369 0.473131 
0.597454 0 0.862518 0 0.871928 0.473613 
0.597726 0 0.862344 0 0.872495 0.474075 
0.598009 0 0.862161 0 0.87307 0.474516 
0.598304 0 0.861967 0 0.873651 0.474933 
0.59861 0 0.861763 0 0.874238 0.475327 
0.598927 0 0.861548 0 0.87483 0.475695 
0.599254 0 0.86132 0 0.875426 0.476037 
0.599592 0 0.861079 0 0.876025 0.476349 
0.599939 0 0.860825 0 0.876627 0.47663 
0.600267 0 0.86055 0 0.877173 0.476878 
0.600303 0 0.8606 1 0.877198 0.47709 
0.600256 0 0.860676 1 0.8771 0.477121 
0.60019 0 0.860787 1 0.876958 0.476919 
0.600044 0 0.860765 0 0.87678 0.476413 
0.599892 0 0.860733 0 0.876591 0.475819 
0.599732 0 0.860689 0 0.876391 0.475125 
0.599566 0 0.860633 0 0.87618 0.474318 
0.599374 0 0.860497 0 0.875962 0.473383 
0.59929 0 0.860543 0 0.875776 0.472302 
0.599265 0 0.860672 0 0.875621 0.471054 
0.599275 0 0.860851 0 0.875483 0.469614 
0.599308 0 0.861062 0 0.875354 0.467956 
0.599361 0 0.861297 0 0.875231 0.466045 
0.599431 0 0.86155 0 0.875115 0.463843 
0.599519 0 0.861819 0 0.875 0.461303 
0.599617 0 0.862096 0 0.874878 0.458372 
0.599722 0 0.862375 0 0.874735 0.454985 
0.599836 0 0.862655 0 0.874563 0.451069 
0.599974 0 0.862942 0 0.874361 0.44654 
0.600132 0 0.863212 0 0.874113 0.441305 
0.60036 0 0.863502 0 0.87383 0.435266 
0.600581 0 0.863688 0 0.873443 0.428329 
0.60098 0 0.86404 0 0.872953 0.420414 
0.601306 0 0.864062 0 0.872322 0.411468 
0.601809 0 0.864165 0 0.871505 0.401477 
0.602272 0 0.863888 0 0.8705 0.390474 
0.602895 0 0.863576 0 0.869234 0.378538 
0.603478 0 0.86283 0 0.867729 0.365782 
0.604195 0 0.861955 0 0.865928 0.352343 
0.604876 0 0.860653 0 0.863876 0.338366 
0.605662 0 0.859177 0 0.861543 0.323989 
0.6063 0 0.857239 0 0.858949 0.30934 
0.607042 0 0.855146 0 0.856084 0.294529 
0.607844 0 0.852861 0 0.853006 0.279651 
0.608646 0 0.850359 0 0.849768 0.264782 
0.609185 0 0.847477 0 0.846519 0.249987 
0.609838 0 0.844561 0 0.843037 0.235317 
0.610565 0 0.841635 0 0.839464 0.220811 
0.611313 0 0.838643 0 0.835827 0.206502 
0.612062 0 0.835582 0 0.832154 0.192412 
0.612461 0 0.832326 0 0.828656 0.178558 
0.612982 0 0.829097 0 0.824908 0.164951 
0.61357 0 0.825878 0 0.821061 0.151599 
0.613632 0 0.822393 0 0.817455 0.138508 
0.613916 0 0.819061 0 0.813594 0.125686 
0.614327 0 0.815799 0 0.809643 0.113141 
0.614739 0 0.812543 0 0.805697 0.100885 
0.614631 0 0.809178 0 0.802084 0.0889244 
0.614764 0 0.805896 0 0.798131 0.0772687 
0.615035 0 0.802686 0 0.794064 0.065923 
0.614829 0 0.799327 0 0.79031 0.0548898 
0.614873 0 0.796135 0 0.786332 0.0441696 
0.615023 0 0.793053 0 0.782326 0.0337604 
0.615173 0 0.790055 0 0.77839 0.023658 
0.615322 0 0.787149 0 0.774534 0.0138565 
0.61507 0 0.784259 0 0.771059 0.00434884 
0.61504 0 0.781493 0 0.767367 -0.0048726 
0.614846 0 0.778717 0 0.763761 -0.0138169 
0.614827 0 0.776067 0 0.760076 -0.0224931 
0.614462 0 0.773404 0 0.756704 -0.0309116 
0.614324 0 0.770923 0 0.753202 -0.0390822 
0.613762 0 0.768153 0 0.749647 -0.0470153 
0.613066 0 0.76513 0 0.745964 -0.0547206 
0.612179 0 0.761877 0 0.742234 -0.0622081 
0.6112 0 0.758531 0 0.738514 -0.0694869 
0.61019 0 0.755216 0 0.734874 -0.0765651 
0.60918 0 0.751989 0 0.731332 -0.0834504 
0.608171 0 0.748851 0 0.727887 -0.0901481 
0.60712 0 0.7458 0 0.724525 -0.0966627 
0.606157 0 0.74271 0 0.72124 -0.102997 
0.6057 0 0.740289 0 0.718703 -0.109153 
0.605769 0 0.738459 0 0.71679 -0.11513 
0.606203 0 0.73696 0 0.715254 -0.120925 
0.606881 0 0.735638 0 0.713957 -0.126535 
0.607646 0 0.734441 0 0.712792 -0.131955 
0.608411 0 0.733331 0 0.711716 -0.137179 
0.609178 0 0.732309 0 0.71073 -0.142202 
0.609945 0 0.731376 0 0.709835 -0.147017 
0.610862 0 0.730594 0 0.709134 -0.151614 
0.611694 0 0.729826 0 0.708323 -0.155988 
0.612363 0 0.728992 0 0.707427 -0.160131 
0.612927 0 0.728082 0 0.706512 -0.164035 
0.613426 0 0.72713 0 0.705622 -0.167695 
0.613889 0 0.726175 0 0.704787 -0.171107 
0.614337 0 0.725282 0 0.704034 -0.174265 
0.614778 0 0.724433 0 0.70335 -0.17717 
0.615216 0 0.723621 0 0.702732 -0.17982 
0.615652 0 0.722847 0 0.70218 -0.182217 
0.616087 0 0.722113 0 0.701693 -0.184366 
0.616521 0 0.72142 0 0.701268 -0.186274 
0.616953 0 0.720766 0 0.700904 -0.187948 
0.617382 0 0.720151 0 0.700597 -0.1894 
0.617807 0 0.719573 0 0.700344 -0.19064 
0.618084 0 0.719177 0 0.700216 -0.191682 
0.618246 0 0.718647 0 0.699978 -0.192538 
0.618447 0 0.718029 0 0.699805 -0.19322 
0.618587 0 0.717438 0 0.699692 -0.193738 
0.618674 0 0.716869 0 0.699613 -0.194096 
0.618707 0 0.716315 0 0.699555 -0.194296 
0.618687 0 0.715777 0 0.699516 -0.19433 
0.618612 0 0.715265 0 0.699507 -0.194178 
0.618482 0 0.714791 0 0.699547 -0.193811 
0.61842 0 0.714268 0 0.699782 -0.193182 
0.618462 0 0.713808 0 0.700206 -0.192233 
0.618509 0 0.713458 0 0.700747 -0.190889 
0.618559 0 0.713236 0 0.701419 -0.189069 
0.618514 0 0.713292 0 0.702047 -0.186686 
0.61848 0 0.713369 0 0.702556 -0.183656 
0.618457 0 0.713545 0 0.703148 -0.179907 
0.618451 0 0.713894 0 0.703916 -0.175386 
0.618464 0 0.714452 0 0.704894 -0.170061 
0.618358 0 0.715164 0 0.706062 -0.163927 
0.618406 0 0.716039 0 0.707431 -0.157006 
0.618335 0 0.717101 0 0.709006 -0.149339 
0.618264 0 0.718334 0 0.710759 -0.140986 
0.618329 0 0.719699 0 0.712661 -0.132023 
0.618435 0 0.7214 0 0.714802 -0.122528 
0.618548 0 0.723231 0 0.717034 -0.112584 
0.618651 0 0.725118 0 0.719318 -0.102272 
0.618747 0 0.727061 0 0.72166 -0.0916672 
0.618842 0 0.729071 0 0.724069 -0.0808409 
0.618943 0 0.731148 0 0.726538 -0.0698565 
0.61905 0 0.733277 0 0.72905 -0.0587701 
0.619166 0 0.735445 0 0.731592 -0.0476308 
0.619292 0 0.73764 0 0.73415 -0.0364811 
0.61943 0 0.739855 0 0.736717 -0.0253573 
0.61958 0 0.742086 0 0.739292 -0.0142898 
0.619756 0 0.744338 0 0.741886 -0.00330448 
0.619966 0 0.74661 0 0.744486 0.00757766 
0.620222 0 0.748911 0 0.747088 0.0183394 
0.620541 0 0.751257 0 0.749692 0.0289671 
0.620941 0 0.753669 0 0.752299 0.0394498 
0.621443 0 0.756175 0 0.754914 0.0497792 
0.622064 0 0.758799 0 0.757542 0.0599485 
0.622814 0 0.761583 0 0.760194 0.0699512 
0.62368 0 0.764517 0 0.762874 0.0797811 
0.624637 0 0.767586 0 0.765587 0.0894316 
0.625658 0 0.770765 0 0.768338 0.0988964 
0.626715 0 0.774023 0 0.77112 0.108171 
0.627787 0 0.777327 0 0.773937 0.117252 
0.628861 0 0.780643 0 0.776771 0.126139 
0.629928 0 0.78395 0 0.779608 0.134833 
0.630986 0 0.787232 0 0.782438 0.143337 
0.632024 0 0.790479 0 0.785246 0.151654 
0.633049 0 0.793692 0 0.788029 0.159787 
0.634055 0 0.796861 0 0.790778 0.167741 
0.635049 0 0.799985 0 0.793497 0.175518 
0.636023 0 0.803056 0 0.796185 0.183124 
0.636984 0 0.806073 0 0.798844 0.190561 
0.637924 0 0.809035 0 0.801468 0.197834 
0.638851 0 0.811949 0 0.804058 0.204946 
0.639766 0 0.814812 0 0.806614 0.2119 
0.640662 0 0.817619 0 0.809137 0.218699 
0.64154 0 0.820369 0 0.811627 0.225347 
0.642408 0 0.823072 0 0.814087 0.231847 
0.643266 0 0.825726 0 0.816516 0.238202 
0.644108 0 0.828325 0 0.818916 0.244415 
0.644933 0 0.83087 0 0.821286 0.250488 
0.645749 0 0.83337 0 0.823628 0.256426 
0.646557 0 0.835823 0 0.825943 0.262229 
0.64735 0 0.838226 0 0.828232 0.267902 
0.648128 0 0.840577 0 0.830495 0.273448 
0.648901 0 0.842885 0 0.832736 0.278868 
0.649666 0 0.84515 0 0.834952 0.284166 
0.650418 0 0.847366 0 0.837146 0.289343 
0.651157 0 0.849535 0 0.83932 0.294404 
0.651892 0 0.851663 0 0.841474 0.29935 
0.652621 0 0.853751 0 0.843609 0.304184 
0.653338 0 0.855793 0 0.845725 0.308908 
0.654044 0 0.857789 0 0.847826 0.313525 
0.654748 0 0.859747 0 0.84991 0.318038 
0.655447 0 0.861667 0 0.85198 0.322448 
0.656135 0 0.863543 0 0.854035 0.326758 
0.656814 0 0.865375 0 0.856078 0.330971 
0.657492 0 0.867171 0 0.85811 0.335089 
0.658167 0 0.86893 0 0.86013 0.339113 
0.658832 0 0.870646 0 0.86214 0.343047 
0.659488 0 0.872318 0 0.864142 0.346892 
0.660144 0 0.873954 0 0.866136 0.35065 
0.660799 0 0.875554 0 0.868122 0.354324 
0.661444 0 0.877111 0 0.870102 0.357915 
0.662082 0 0.878623 0 0.872077 0.361426 
0.662721 0 0.880099 0 0.874048 0.364857 
0.663358 0 0.881537 0 0.876014 0.368212 
0.663988 0 0.882931 0 0.877978 0.371492 
0.66461 0 0.884278 0 0.87994 0.374698 
0.665234 0 0.885587 0 0.8819 0.377833 
0.665857 0 0.886855 0 0.883859 0.380897 
0.666473 0 0.888076 0 0.885819 0.383893 
0.667082 0 0.889247 0 0.887779 0.386822 
0.667693 0 0.890376 0 0.889741 0.389685 
0.668303 0 0.891461 0 0.891704 0.392484 
0.668906 0 0.892494 0 0.89367 0.395221 
0.669503 0 0.893473 0 0.895639 0.397895 
0.670102 0 0.894405 0 0.897613 0.40051 
0.670701 0 0.895287 0 0.899589 0.403066 
0.670903 0 0.896401 1 0.899706 0.405586 
0.671052 0 0.897517 1 0.899571 0.407999 
0.671331 0 0.898762 1 0.899894 0.410327 
0.671611 0 0.899987 1 0.90019 0.41257 
0.67189 0 0.901191 0 0.900461 0.414726 
0.672168 0 0.902382 0 0.900713 0.416842 
0.672447 0 0.903561 0 0.900948 0.418919 
0.672725 0 0.904726 0 0.901165 0.420957 
0.673002 0 0.905879 0 0.901365 0.422955 
0.673279 0 0.907019 0 0.901547 0.424914 
0.673616 1 0.906803 0 0.902493 0.426834 
0.674049 1 0.906764 0 0.903561 0.428666 
0.674361 1 0.906986 1 0.90327 0.430406 
0.674613 1 0.906998 1 0.903217 0.431967 
0.674863 1 0.906916 1 0.903204 0.433288 
0.675127 1 0.906811 1 0.903202 0.434276 
0.675417 1 0.906713 1 0.903213 0.434806 
0.675746 1 0.906649 1 0.903231 0.434709 
0.676127 1 0.906615 1 0.903267 0.433771 
0.676576 1 0.90662 1 0.903333 0.431736 
0.677113 1 0.906674 1 0.903436 0.428359 
0.677752 1 0.906781 1 0.903583 0.423417 
0.678508 1 0.90695 1 0.903777 0.416795 
0.679389 1 0.907177 1 0.904016 0.408461 
0.680397 1 0.907457 1 0.904298 0.398498 
0.681496 1 0.907726 1 0.904401 0.387082 
0.682671 1 0.908002 1 0.904597 0.374409 
0.683924 1 0.908283 1 0.904898 0.360718 
0.68526 1 0.908559 1 0.905256 0.346232 
0.686681 1 0.908869 1 0.905597 0.331147 
0.68818 1 0.909161 1 0.905919 0.315637 
0.68975 1 0.909435 1 0.906225 0.299841 
0.691379 1 0.909693 1 0.906514 0.283891 
0.69306 1 0.909931 1 0.906785 0.267889 
0.694782 1 0.910145 1 0.907035 0.251914 
0.696539 1 0.910335 1 0.907266 0.23603 
0.698322 1 0.910501 1 0.907475 0.220298 
0.700124 1 0.910642 1 0.907663 0.204749 
0.701938 1 0.910758 1 0.907832 0.189422 
0.70376 1 0.910848 1 0.907981 0.174341 
0.705584 1 0.910919 1 0.90811 0.159519 
0.707305 1 0.910896 1 0.908261 0.144977 
0.708974 1 0.910816 1 0.908332 0.130716 
0.710641 1 0.910747 1 0.908308 0.116749 
0.712325 1 0.910648 1 0.908299 0.103079 
0.713955 1 0.910564 1 0.908292 0.0897021 
0.715553 1 0.91044 1 0.90826 0.0766267 
0.717155 1 0.910237 1 0.908127 0.0638634 
0.718774 1 0.910158 1 0.907879 0.0513849 
0.720357 1 0.910124 1 0.907749 0.0391856 
0.721908 1 0.910038 1 0.907704 0.0272769 
0.723435 1 0.909912 1 0.907607 0.0156476 
0.724932 1 0.909761 1 0.907495 0.00430137 
0.726396 1 0.909589 1 0.907376 -0.00677173 
0.727825 1 0.909401 1 0.907249 -0.0175779 
0.729219 1 0.909199 1 0.90711 -0.0281225 
0.730576 1 0.908983 1 0.90696 -0.0384103 
0.731897 1 0.908755 1 0.9068 -0.0484456 
0.73318 1 0.908514 1 0.906629 -0.0582365 
0.734427 1 0.908261 1 0.906446 -0.067786 
0.735582 1 0.907954 1 0.906258 -0.0771012 
0.736677 1 0.907621 1 0.906039 -0.0861871 
0.737724 1 0.907277 1 0.905797 -0.0950478 
0.738735 1 0.906929 1 0.905537 -0.103688 
0.739707 1 0.906572 1 0.905264 -0.112115 
0.740643 1 0.906207 1 0.904978 -0.120335 
0.741544 1 0.905834 1 0.904682 -0.12835 
0.742414 1 0.905454 1 0.904376 -0.136167 
0.743252 1 0.905067 1 0.90406 -0.143789 
0.74406 1 0.904675 1 0.903736 -0.15122 
0.744838 1 0.904276 1 0.903404 -0.158467 
0.745588 1 0.903872 1 0.903064 -0.165534 
0.746311 1 0.903462 1 0.902716 -0.172424 
0.747005 1 0.903047 1 0.902361 -0.179142 
0.747673 1 0.902626 1 0.901997 -0.185693 
0.748314 1 0.902202 1 0.901623 -0.192079 
0.748929 1 0.901774 1 0.901241 -0.198306 
0.749518 1 0.901341 1 0.900853 -0.204378 
0.750081 1 0.900903 1 0.900458 -0.210297 
0.75062 1 0.900459 1 0.900056 -0.216069 
0.751134 1 0.90001 1 0.899645 -0.221696 
0.751613 1 0.899575 1 0.899199 -0.227182 
0.75208 1 0.899131 1 0.898757 -0.23253 
0.752534 1 0.898677 1 0.898325 -0.237743 
0.75297 1 0.898214 1 0.897899 -0.242826 
0.753384 1 0.897741 1 0.897472 -0.247779 
0.753779 1 0.897261 1 0.897041 -0.252608 
0.754281 1 0.896892 1 0.896585 -0.257315 
0.754865 1 0.896625 1 0.896199 -0.261902 
0.755466 1 0.896382 1 0.895882 -0.266375 
0.75604 1 0.89611 1 0.89559 -0.270734 
0.756601 1 0.895819 1 0.895296 -0.274983 
0.757138 1 0.895513 1 0.894998 -0.279123 
0.757651 1 0.895196 1 0.894697 -0.283157 
0.758139 1 0.894871 1 0.894393 -0.287089 
0.758603 1 0.894539 1 0.894085 -0.29092 
0.759044 1 0.8942 1 0.893771 -0.294653 
0.759461 1 0.893855 1 0.89345 -0.29829 
0.759854 1 0.893503 1 0.893124 -0.301832 
0.760225 1 0.893145 1 0.89279 -0.305283 
0.760573 1 0.892781 1 0.892449 -0.308644 
0.760899 1 0.892411 1 0.892102 -0.311917 
0.761204 1 0.892035 1 0.891746 -0.315104 
0.761515 1 0.891696 1 0.891357 -0.318207 
0.761846 1 0.891401 1 0.890992 -0.321226 
0.762187 1 0.891127 1 0.890657 -0.324167 
0.762522 1 0.890853 1 0.890338 -0.327027 
0.762852 1 0.890566 1 0.890051 -0.329809 
0.763177 1 0.890273 1 0.889768 -0.332516 
0.763493 1 0.889978 1 0.88949 -0.335149 
0.763799 1 0.889681 1 0.889214 -0.33771 
0.764094 1 0.889386 1 0.888942 -0.340199 
0.764382 1 0.889096 1 0.888674 -0.342617 
0.764663 1 0.888811 1 0.888412 -0.344967 
0.764938 1 0.888532 1 0.888154 -0.347247 
0.765205 1 0.88826 1 0.8879 -0.349461 
0.765466 1 0.887995 1 0.887648 -0.35161 
0.76572 1 0.887737 1 0.887398 -0.353696 
0.765967 1 0.887485 1 0.887153 -0.355717 
0.766207 1 0.887239 1 0.886913 -0.357675 
0.76644 1 0.886998 1 0.886676 -0.359572 
0.766666 1 0.886763 1 0.886444 -0.361409 
0.766885 1 0.886533 1 0.886217 -0.363184 
0.767097 1 0.886307 1 0.885995 -0.3649 
0.767302 1 0.886088 1 0.885775 -0.366558 
0.767499 1 0.885873 1 0.885562 -0.368158 
0.767689 1 0.885663 1 0.885354 -0.3697 
0.767871 1 0.885457 1 0.88515 -0.371187 
0.768046 1 0.885257 1 0.884949 -0.372616 
0.768214 1 0.885062 1 0.884754 -0.373989 
0.768373 1 0.884872 1 0.884564 -0.375309 
0.768526 1 0.884686 1 0.884378 -0.376575 
0.76867 1 0.884506 1 0.884196 -0.377787 
0.768806 1 0.88433 1 0.884019 -0.378945 
0.768935 1 0.884159 1 0.883847 -0.380051 
0.769056 1 0.883993 1 0.883678 -0.381102 
0.769169 1 0.883833 1 0.883514 -0.382102 
0.769274 1 0.883676 1 0.883355 -0.383047 
0.769371 1 0.883524 1 0.8832 -0.383941 
0.769459 1 0.883377 1 0.88305 -0.384785 
0.769539 1 0.883234 1 0.882903 -0.385578 
0.76961 1 0.883096 1 0.882761 -0.38632 
0.769673 1 0.882962 1 0.882625 -0.387012 
0.769727 1 0.882833 1 0.882492 -0.387655 
0.769773 1 0.882707 1 0.882364 -0.388249 
0.76981 1 0.882586 1 0.882241 -0.388794 
0.76984 1 0.882469 1 0.882121 -0.389292 
0.769861 1 0.882357 1 0.882006 -0.389742 
0.769874 1 0.88225 1 0.881894 -0.390143 
0.769878 1 0.882146 1 0.881787 -0.390499 
0.769875 1 0.882048 1 0.881684 -0.390808 
0.769863 1 0.881954 1 0.881586 -0.391072 
0.769843 1 0.881866 1 0.88149 -0.391292 
0.769816 1 0.881781 1 0.881401 -0.391466 
0.769781 1 0.881701 1 0.881315 -0.391599 
0.769739 1 0.881625 1 0.881233 -0.391691 
0.769689 1 0.881553 1 0.881157 -0.391738 
0.769632 1 0.881486 1 0.881086 -0.391747 
0.769569 1 0.881423 1 0.881018 -0.391717 
0.769499 1 0.881365 1 0.880954 -0.391644 
0.769424 1 0.881312 1 0.880895 -0.391538 
0.769342 1 0.881263 1 0.880841 -0.391393 
0.769255 1 0.881219 1 0.880792 -0.391211 
0.769162 1 0.881181 1 0.880746 -0.390995 
0.769065 1 0.881147 1 0.880706 -0.390746 
0.768963 1 0.881118 1 0.88067 -0.390466 
0.768857 1 0.881093 1 0.880641 -0.390154 
0.768747 1 0.881073 1 0.880616 -0.389812 
0.768634 1 0.881059 1 0.880596 -0.389442 
0.768517 1 0.881049 1 0.880581 -0.389043 
0.768399 1 0.881045 1 0.880571 -0.388619 
0.768279 1 0.881046 1 0.880568 -0.388171 
0.768157 1 0.881053 1 0.880569 -0.387699 
0.768034 1 0.881065 1 0.880576 -0.387206 
0.76791 1 0.881083 1 0.880588 -0.386691 
0.767786 1 0.881107 1 0.880605 -0.386158 
0.767662 1 0.881136 1 0.880629 -0.385607 
0.76754 1 0.881171 1 0.880659 -0.385039 
0.767418 1 0.881212 1 0.880696 -0.384456 
0.767298 1 0.881259 1 0.880737 -0.383858 
0.767181 1 0.881312 1 0.880786 -0.383249 
0.767067 1 0.881372 1 0.88084 -0.382628 
0.766956 1 0.881438 1 0.880902 -0.381997 
0.766849 1 0.881511 1 0.880969 -0.381357 
0.766746 1 0.88159 1 0.881043 -0.380709 
0.766648 1 0.881677 1 0.881123 -0.380055 
0.766556 1 0.88177 1 0.88121 -0.379395 
0.76647 1 0.881871 1 0.881304 -0.378729 
0.76639 1 0.881979 1 0.881405 -0.378061 
0.766316 1 0.882095 1 0.881513 -0.37739 
0.76625 1 0.882217 1 0.881629 -0.376719 
0.766192 1 0.882346 1 0.881753 -0.376047 
0.766142 1 0.882482 1 0.881884 -0.375375 
0.7661 1 0.882627 1 0.882021 -0.374705 
0.766068 1 0.882779 1 0.88217 -0.374037 
0.766046 1 0.882938 1 0.882324 -0.373374 
0.766034 1 0.883106 1 0.882486 -0.372714 
0.766032 1 0.883281 1 0.882657 -0.372061 
0.766042 1 0.883465 1 0.882834 -0.371414 
0.766063 1 0.883656 1 0.883022 -0.370771 
0.766096 1 0.883857 1 0.883217 -0.370137 
0.766142 1 0.884065 1 0.883421 -0.369509 
0.7662 1 0.884283 1 0.883632 -0.368891 
0.766272 1 0.884509 1 0.883853 -0.36828 
0.766357 1 0.884744 1 0.884082 -0.367681 
0.766456 1 0.884987 1 0.88432 -0.367091 
0.766571 1 0.885239 1 0.884567 -0.366511 
0.7667 1 0.885501 1 0.884822 -0.365943 
0.766844 1 0.885771 1 0.885088 -0.365386 
0.767005 1 0.88605 1 0.88536 -0.364843 
0.767182 1 0.886338 1 0.885645 -0.364312 
0.767376 1 0.886636 1 0.885936 -0.363794 
0.767587 1 0.886943 1 0.886238 -0.363288 
0.767816 1 0.887259 1 0.886549 -0.362797 
0.768063 1 0.887584 1 0.886869 -0.362322 
0.768329 1 0.887919 1 0.887198 -0.36186 
0.768614 1 0.888264 1 0.887537 -0.361413 
0.768918 1 0.888618 1 0.887885 -0.360981 
0.769242 1 0.888981 1 0.888244 -0.360567 
0.769586 1 0.889353 1 0.888613 -0.360168 
0.769951 1 0.889735 1 0.88899 -0.359787 
0.770337 1 0.890126 1 0.889377 -0.359422 
0.770745 1 0.890527 1 0.889772 -0.359075 
0.771176 1 0.890938 1 0.890178 -0.358746 
0.771628 1 0.891358 1 0.890592 -0.358437 
0.772104 1 0.891788 1 0.891015 -0.358146 
0.772603 1 0.892226 1 0.891449 -0.357877 
0.773127 1 0.892674 1 0.891892 -0.357628 
0.773675 1 0.89313 1 0.892344 -0.3574 
0.774248 1 0.893595 1 0.892805 -0.357194 
0.774846 1 0.894068 1 0.893275 -0.357012 
0.77547 1 0.894549 1 0.893755 -0.356854 
0.776119 1 0.895039 1 0.894241 -0.35672 
0.776796 1 0.895538 1 0.894736 -0.356616 
0.7775 1 0.896043 1 0.89524 -0.356539 
0.778231 1 0.896555 1 0.895752 -0.356494 
0.778991 1 0.897074 1 0.896271 -0.356479 
0.779778 1 0.8976 1 0.896795 -0.356498 
0.780595 1 0.898131 1 0.897328 -0.356553 
0.781441 1 0.898668 1 0.897866 -0.356646 
0.782316 1 0.89921 1 0.898411 -0.356782 
0.783222 1 0.899757 1 0.898961 -0.356958 
0.784158 1 0.900307 1 0.899517 -0.357179 
0.785125 1 0.90086 1 0.900076 -0.357449 
0.786124 1 0.901419 1 0.90064 -0.357767 
0.787156 1 0.901981 1 0.901207 -0.358136 
0.78822 1 0.902547 1 0.901779 -0.358557 
0.789318 1 0.903117 1 0.902355 -0.359032 
0.790451 1 0.90369 1 0.902932 -0.359555 
0.791617 1 0.904268 1 0.903514 -0.360128 
0.792819 1 0.90485 1 0.904098 -0.360747 
0.794055 1 0.905437 1 0.904684 -0.361413 
0.795324 1 0.906026 1 0.905272 -0.362121 
0.796627 1 0.90662 1 0.905861 -0.362869 
0.797964 1 0.907216 1 0.906451 -0.363651 
0.799333 1 0.907814 1 0.907043 -0.364467 
0.800733 1 0.908414 1 0.907634 -0.365314 
0.802165 1 0.909014 1 0.908225 -0.366186 
0.803627 1 0.909614 1 0.908814 -0.367084 
0.805119 1 0.910214 1 0.909401 -0.368002 
0.80664 1 0.910811 1 0.909985 -0.368939 
0.80819 1 0.911406 1 0.910566 -0.369889 
0.809767 1 0.911997 1 0.911141 -0.370853 
0.811371 1 0.912583 1 0.911712 -0.371828 
0.813001 1 0.913163 1 0.912276 -0.372811 
0.814656 1 0.913736 1 0.912833 -0.373802 
0.816336 1 0.914301 1 0.913382 -0.374798 
0.81804 1 0.914856 1 0.91392 -0.375797 
0.819767 1 0.9154 1 0.914448 -0.3768 
0.821515 1 0.915934 1 0.914965 -0.377802 
0.823285 1 0.916453 1 0.915468 -0.378804 
0.825075 1 0.916959 1 0.915957 -0.379803 
0.826885 1 0.917449 1 0.916431 -0.3808 
0.828714 1 0.917921 1 0.916887 -0.381793 
0.83056 1 0.918376 1 0.917327 -0.382783 
0.832423 1 0.91881 1 0.917745 -0.383765 
0.834301 1 0.919224 1 0.918145 -0.38474 
0.836193 1 0.919615 1 0.918522 -0.385708 
0.838097 1 0.919982 1 0.918875 -0.38667 
0.840014 1 0.920324 1 0.919205 -0.387624 
0.84194 1 0.92064 1 0.919508 -0.388568 
0.843875 1 0.920928 1 0.919785 -0.389504 
0.845818 1 0.921187 1 0.920034 -0.39043 
0.847766 1 0.921417 1 0.920253 -0.391346 
0.84787 1 0.921321 1 0.920268 -0.392253 
0.847866 1 0.921295 1 0.920271 -0.393149 
0.847913 1 0.921308 1 0.920284 -0.394033 
0.847972 1 0.921278 1 0.920295 -0.394907 
0.848035 1 0.921246 1 0.920292 -0.39577 
0.848109 1 0.921207 1 0.920293 -0.396621 
0.848192 1 0.921171 1 0.920296 -0.39746 
0.848282 1 0.921156 1 0.920279 -0.398287 
0.848378 1 0.921148 1 0.920257 -0.399102 
0.848483 1 0.921144 1 0.92023 -0.399905 
0.848595 1 0.921142 1 0.920211 -0.400698 
0.848714 1 0.92114 1 0.920193 -0.401473 
0.848841 1 0.921139 1 0.920179 -0.402237 
0.848976 1 0.921138 1 0.920166 -0.402991 
0.849119 1 0.921138 1 0.920156 -0.403732 
0.84927 1 0.921138 1 0.920148 -0.404461 
0.849429 1 0.921139 1 0.920142 -0.405177 
0.849595 1 0.921142 1 0.920137 -0.405885 
0.849771 1 0.921145 1 0.920134 -0.406579 
0.849954 1 0.921151 1 0.920131 -0.407258 
0.850144 1 0.921159 1 0.920132 -0.407926 
0.850342 1 0.921167 1 0.920133 -0.408582 
0.850549 1 0.921177 1 0.920136 -0.409229 
0.850762 1 0.921188 1 0.920141 -0.409862 
0.850983 1 0.9212 1 0.920146 -0.410486 
0.851212 1 0.921213 1 0.920154 -0.411096 
0.85145 1 0.921228 1 0.920163 -0.411696 
0.851694 1 0.921243 1 0.920174 -0.412284 
0.851947 1 0.92126 1 0.920185 -0.41286 
0.852207 1 0.921278 1 0.920198 -0.413426 
0.852475 1 0.921298 1 0.920211 -0.413981 
0.852751 1 0.921317 1 0.920227 -0.414526 
0.852899 1 0.921311 1 0.920236 -0.415061 
0.853011 1 0.921301 1 0.920242 -0.415585 
0.853124 1 0.921298 1 0.920245 -0.416101 
0.85324 1 0.921297 1 0.920246 -0.416606 
0.853357 1 0.921297 1 0.920246 -0.417102 
0.853473 1 0.921296 1 0.920245 -0.417588 
0.853587 1 0.921296 1 0.920244 -0.418063 
0.853698 1 0.921295 1 0.920243 -0.418531 
0.853807 1 0.921295 1 0.920242 -0.418989 
0.853914 1 0.921294 1 0.920241 -0.419435 
0.854018 1 0.921294 1 0.920241 -0.419875 
0.85412 1 0.921294 1 0.92024 -0.420308 
0.854221 1 0.921293 1 0.92024 -0.420732 
0.854319 1 0.921293 1 0.920239 -0.421147 
0.854416 1 0.921292 1 0.920238 -0.421553 
0.85451 1 0.921292 1 0.920237 -0.421951 
0.854603 1 0.921291 1 0.920237 -0.422339 
0.854694 1 0.921291 1 0.920236 -0.422721 
0.854783 1 0.92129 1 0.920235 -0.423092 
0.854871 1 0.92129 1 0.920234 -0.423457 
0.854956 1 0.921289 1 0.920234 -0.423815 
0.85504 1 0.921289 1 0.920233 -0.424168 
0.855123 1 0.921288 1 0.920233 -0.424512 
0.855203 1 0.921288 1 0.920232 -0.424849 
0.855281 1 0.921287 1 0.920233 -0.425179 
0.855358 1 0.921287 1 0.920231 -0.425504 
0.855434 1 0.921286 1 0.92023 -0.425819 
0.855508 1 0.921286 1 0.920229 -0.426129 
0.855581 1 0.921285 1 0.920229 -0.426434 
0.855652 1 0.921285 1 0.920228 -0.426732 
0.855721 1 0.921284 1 0.920228 -0.427022 
0.85579 1 0.921284 1 0.920227 -0.427309 
0.855857 1 0.921283 1 0.920226 -0.427589 
0.855922 1 0.921283 1 0.920226 -0.427861 
0.855987 1 0.921282 1 0.920225 -0.428127 
0.85605 1 0.921282 1 0.920224 -0.42839 
0.856111 1 0.921281 1 0.920224 -0.428646 
0.856172 1 0.92128 1 0.920224 -0.428896 
0.85623 1 0.92128 1 0.920223 -0.429144 
0.856288 1 0.921279 1 0.920222 -0.429383 
0.856345 1 0.921279 1 0.920222 -0.429618 
0.8564 1 0.921278 1 0.92022 -0.429846 
0.856455 1 0.921278 1 0.920221 -0.430073 
0.856508 1 0.921277 1 0.92022 -0.430296 
0.85656 1 0.921277 1 0.920219 -0.430512 
0.856611 1 0.921276 1 0.920219 -0.430724 
0.856661 1 0.921275 1 0.920218 -0.430931 
0.85671 1 0.921275 1 0.920217 -0.431134 
0.856758 1 0.921274 1 0.920217 -0.431334 
0.856804 1 0.921274 1 0.920216 -0.431526 
0.85685 1 0.921273 1 0.920216 -0.431717 
0.856895 1 0.921272 1 0.920215 -0.431901 
0.856938 1 0.921272 1 0.920215 -0.432082 
0.856982 1 0.921271 1 0.920214 -0.432262 
0.857024 1 0.921271 1 0.920213 -0.432436 
0.857065 1 0.92127 1 0.920212 -0.432608 
0.857106 1 0.92127 1 0.920212 -0.432775 
0.857145 1 0.921269 1 0.920211 -0.432937 
0.857183 1 0.921269 1 0.920211 -0.433096 
0.857221 1 0.921268 1 0.920211 -0.433253 
0.857258 1 0.921267 1 0.92021 -0.433407 
0.857295 1 0.921267 1 0.92021 -0.433554 
0.85733 1 0.921266 1 0.920209 -0.433704 
0.857365 1 0.921266 1 0.920208 -0.433848 
0.857399 1 0.921265 1 0.920208 -0.43399 
0.857432 1 0.921264 1 0.920207 -0.434125 
0.857464 1 0.921264 1 0.920207 -0.43426 
0.857496 1 0.921263 1 0.920206 -0.434392 
0.857528 1 0.921262 1 0.920205 -0.434524 
0.857559 1 0.921262 1 0.920205 -0.434647 
0.85759 1 0.921261 1 0.920204 -0.434772 
0.857619 1 0.921261 1 0.920204 -0.434891 
0.857648 1 0.92126 1 0.920203 -0.43501 
0.857677 1 0.921259 1 0.920202 -0.435128 
0.857704 1 0.921259 1 0.920202 -0.435241 
0.857731 1 0.921258 1 0.920202 -0.43535 
0.857757 1 0.921258 1 0.920201 -0.435455 
0.857782 1 0.921257 1 0.920201 -0.435558 
0.857808 1 0.921256 1 0.920199 -0.435661 
0.857832 1 0.921256 1 0.9202 -0.435762 
0.857856 1 0.921255 1 0.9202 -0.43586 
0.857879 1 0.921255 1 0.920198 -0.435955 
0.857903 1 0.921254 1 0.920198 -0.436048 
0.857925 1 0.921253 1 0.920197 -0.43614 
0.857947 1 0.921253 1 0.920197 -0.436231 
0.857969 1 0.921252 1 0.920197 -0.436323 
0.85799 1 0.921251 1 0.920195 -0.436412 
0.858011 1 0.921251 1 0.920195 -0.436496 
0.858032 1 0.92125 1 0.920195 -0.436581 
0.858052 1 0.92125 1 0.920194 -0.436662 
0.858072 1 0.921249 1 0.920193 -0.436738 
0.858091 1 0.921248 1 0.920193 -0.436816 
0.858109 1 0.921248 1 0.920193 -0.436893 
0.858128 1 0.921247 1 0.920192 -0.436967 
0.858145 1 0.921247 1 0.920192 -0.437042 
0.858163 1 0.921246 1 0.920191 -0.437112 
0.858181 1 0.921245 1 0.92019 -0.437182 
0.858198 1 0.921244 1 0.92019 -0.43725 
0.858214 1 0.921244 1 0.920189 -0.437317 
0.858231 1 0.921243 1 0.920188 -0.437381 
0.858247 1 0.921243 1 0.920188 -0.437445 
0.858262 1 0.921242 1 0.920188 -0.437506 
0.858277 1 0.921241 1 0.920188 -0.437569 
0.858292 1 0.921241 1 0.920186 -0.437628 
0.858306 1 0.92124 1 0.920186 -0.437687 
0.858321 1 0.921239 1 0.920186 -0.437743 
0.858335 1 0.921239 1 0.920185 -0.437799 
0.858349 1 0.921238 1 0.920184 -0.437857 
0.858362 1 0.921238 1 0.920183 -0.437909 
0.858375 1 0.921237 1 0.920184 -0.437958 
0.858388 1 0.921236 1 0.920183 -0.438008 
0.858401 1 0.921236 1 0.920182 -0.438057 
0.858414 1 0.921235 1 0.920182 -0.438104 
0.858426 1 0.921234 1 0.920181 -0.438153 
0.858437 1 0.921234 1 0.920181 -0.438198 
0.858448 1 0.921233 1 0.92018 -0.438243 
0.858459 1 0.921232 1 0.92018 -0.438287 
0.85847 1 0.921232 1 0.920179 -0.438329 
0.858481 1 0.921231 1 0.920178 -0.438372 
0.858492 1 0.92123 1 0.920179 -0.438415 
0.858502 1 0.92123 1 0.920178 -0.438454 
0.858512 1 0.921229 1 0.920177 -0.438492 
0.858522 1 0.921228 1 0.920177 -0.438533 
0.858531 1 0.921228 1 0.920176 -0.438568 
0.85854 1 0.921227 1 0.920176 -0.438606 
0.85855 1 0.921227 1 0.920175 -0.438643 
0.858558 1 0.921226 1 0.920175 -0.438677 
0.858568 1 0.921225 1 0.920174 -0.438713 
0.858576 1 0.921224 1 0.920174 -0.438748 
0.858585 1 0.921224 1 0.920173 -0.438781 
0.858593 1 0.921223 1 0.920172 -0.438812 
0.858602 1 0.921223 1 0.920172 -0.438845 
0.85861 1 0.921222 1 0.920171 -0.438877 
0.858617 1 0.921221 1 0.920171 -0.438908 
0.858625 1 0.921221 1 0.92017 -0.438935 
0.858632 1 0.92122 1 0.92017 -0.438967 
0.85864 1 0.921219 1 0.920169 -0.438995 
0.858648 1 0.921219 1 0.920168 -0.439023 
0.858655 1 0.921218 1 0.920168 -0.43905 
0.858661 1 0.921217 1 0.920167 -0.439075 
0.858668 1 0.921217 1 0.920167 -0.439103 
0.858675 1 0.921216 1 0.920166 -0.43913 
0.858681 1 0.921215 1 0.920166 -0.439156 
0.858688 1 0.921215 1 0.920166 -0.43918 
0.858694 1 0.921214 1 0.920165 -0.439203 
0.8587 1 0.921213 1 0.920165 -0.439227 
0.858706 1 0.921213 1 0.920164 -0.439249 
0.858712 1 0.921212 1 0.920163 -0.439275 
0.858719 1 0.921211 1 0.920162 -0.439298 
0.858724 1 0.921211 1 0.920163 -0.439321 
0.85873 1 0.92121 1 0.920161 -0.439341 
0.858736 1 0.921209 1 0.920161 -0.439361 
0.858741 1 0.921209 1 0.92016 -0.439379 
0.858747 1 0.921208 1 0.920161 -0.439396 
0.858752 1 0.921207 1 0.920159 -0.439414 
0.858758 1 0.921207 1 0.920158 -0.439434 
0.858762 1 0.921206 1 0.920159 -0.439454 
0.858767 1 0.921205 1 0.920158 -0.439472 
0.858772 1 0.921205 1 0.920157 -0.439488 
0.858776 1 0.921204 1 0.920157 -0.439505 
0.858781 1 0.921204 1 0.920157 -0.43952 
0.858786 1 0.921203 1 0.920156 -0.439535 
0.85879 1 0.921202 1 0.920156 -0.43955 
0.858794 1 0.921201 1 0.920155 -0.439566 
0.858798 1 0.921201 1 0.920154 -0.439581 
0.858803 1 0.9212 1 0.920154 -0.439597 
0.858807 1 0.921199 1 0.920154 -0.439613 
0.858811 1 0.921199 1 0.920153 -0.439626 
0.858815 1 0.921198 1 0.920152 -0.439639 
0.858819 1 0.921197 1 0.920151 -0.439652 
0.858822 1 0.921197 1 0.920151 -0.439668 
0.858826 1 0.921196 1 0.92015 -0.439677 
0.85883 1 0.921195 1 0.92015 -0.43969 
0.858833 1 0.921195 1 0.920149 -0.439705 
0.858837 1 0.921194 1 0.920149 -0.439719 
0.858841 1 0.921193 1 0.920149 -0.439731 
0.858844 1 0.921193 1 0.920148 -0.439743 
0.858848 1 0.921192 1 0.920147 -0.439756 
0.858851 1 0.921191 1 0.920147 -0.439767 
0.858855 1 0.921191 1 0.920147 -0.43978 
0.858858 1 0.92119 1 0.920146 -0.439791 
0.858861 1 0.921189 1 0.920145 -0.439802 
0.858865 1 0.921189 1 0.920145 -0.439813 
0.858868 1 0.921188 1 0.920144 -0.439822 
0.858871 1 0.921187 1 0.920144 -0.439833 
0.858874 1 0.921187 1 0.920143 -0.439843 
0.858877 1 0.921186 1 0.920142 -0.439851 
0.85888 1 0.921185 1 0.920142 -0.439861 
0.858883 1 0.921185 1 0.920142 -0.439869 
0.858885 1 0.921184 1 0.920141 -0.439878 
0.858888 1 0.921183 1 0.92014 -0.439887 
0.858891 1 0.921183 1 0.92014 -0.439898 
0.858894 1 0.921182 1 0.92014 -0.439904 
0.858896 1 0.921181 1 0.920139 -0.439913 
0.858899 1 0.921181 1 0.920139 -0.43992 
0.858901 1 0.92118 1 0.920138 -0.43993 
0.858904 1 0.921179 1 0.920137 -0.43994 
0.858907 1 0.921179 1 0.920136 -0.439946 
0.858909 1 0.921178 1 0.920136 -0.439953 
0.858911 1 0.921177 1 0.920136 -0.439957 
0.858914 1 0.921177 1 0.920134 -0.439962 
0.858916 1 0.921176 1 0.920135 -0.439968 
0.858918 1 0.921175 1 0.920134 -0.439975 
0.85892 1 0.921175 1 0.920133 -0.43998 
0.858922 1 0.921174 1 0.920134 -0.439987 
0.858924 1 0.921173 1 0.920132 -0.439995 
0.858926 1 0.921173 1 0.920131 -0.44 
0.858927 1 0.921172 1 0.920131 -0.440006 
0.85893 1 0.921171 1 0.920131 -0.440013 
0.858932 1 0.921171 1 0.92013 -0.44002 
0.858934 1 0.92117 1 0.920129 -0.440026 
0.858936 1 0.921169 1 0.920129 -0.440031 
0.858938 1 0.921169 1 0.920128 -0.440036 
0.85894 1 0.921168 1 0.920128 -0.440039 
0.858943 1 0.921167 1 0.920127 -0.440046 
0.858944 1 0.921167 1 0.920127 -0.44005 
0.858946 1 0.921166 1 0.920127 -0.440056 
0.858948 1 0.921165 1 0.920126 -0.44006 
0.85895 1 0.921165 1 0.920125 -0.440065 
0.858951 1 0.921164 1 0.920124 -0.440067 
0.858953 1 0.921163 1 0.920124 -0.440071 
0.858955 1 0.921163 1 0.920123 -0.440076 
0.858956 1 0.921162 1 0.920122 -0.440079 
0.858958 1 0.921161 1 0.920123 -0.440083 
0.858959 1 0.921161 1 0.920122 -0.440087 
0.858961 1 0.92116 1 0.920121 -0.44009 
0.858962 1 0.921159 1 0.920121 -0.440094 
0.858964 1 0.921159 1 0.92012 -0.440098 
0.858965 1 0.921158 1 0.920119 -0.440102 
0.858967 1 0.921157 1 0.920119 -0.440105 
0.858968 1 0.921156 1 0.920118 -0.440106 
0.858969 1 0.921156 1 0.920118 -0.440108 
0.85897 1 0.921155 1 0.920118 -0.440113 
0.858972 1 0.921155 1 0.920116 -0.440117 
0.858973 1 0.921154 1 0.920116 -0.440123 
0.858975 1 0.921153 1 0.920116 -0.440125 
0.858977 1 0.921152 1 0.920115 -0.44013 
0.858978 1 0.921152 1 0.920115 -0.440132 
0.85898 1 0.921151 1 0.920114 -0.440135 
0.858981 1 0.92115 1 0.920113 -0.440138 
0.858982 1 0.92115 1 0.920113 -0.44014 
0.858984 1 0.921149 1 0.920112 -0.440141 
0.858985 1 0.921148 1 0.920112 -0.440142 
0.858986 1 0.921148 1 0.920111 -0.440144 
0.858987 1 0.921147 1 0.920111 -0.440148 
0.858988 1 0.921146 1 0.92011 -0.440149 
0.858989 1 0.921146 1 0.92011 -0.440149 
0.858991 1 0.921145 1 0.920109 -0.440153 
0.858992 1 0.921144 1 0.920108 -0.440156 
0.858993 1 0.921144 1 0.920108 -0.44016 
0.858994 1 0.921143 1 0.920106 -0.440161 
0.858996 1 0.921142 1 0.920106 -0.440162 
0.858997 1 0.921142 1 0.920106 -0.440163 
0.858998 1 0.921141 1 0.920105 -0.440168 
0.858999 1 0.92114 1 0.920104 -0.44017 
0.859 1 0.92114 1 0.920104 -0.440172 
0.859001 1 0.921139 1 0.920104 -0.440174 
0.859002 1 0.921138 1 0.920103 -0.440175 
0.859003 1 0.921138 1 0.920102 -0.440176 
0.859004 1 0.921137 1 0.920101 -0.440178 
0.859005 1 0.921136 1 0.920101 -0.440179 
0.859006 1 0.921136 1 0.920101 -0.440184 
0.859007 1 0.921135 1 0.9201 -0.440187 
0.859008 1 0.921134 1 0.920099 -0.440189 
0.859009 1 0.921134 1 0.920099 -0.440189 
0.85901 1 0.921133 1 0.920098 -0.440191 
0.859011 1 0.921132 1 0.920098 -0.440193 
0.859012 1 0.921132 1 0.920097 -0.440196 
0.859013 1 0.921131 1 0.920096 -0.4402 
0.859014 1 0.92113 1 0.920096 -0.440201 
0.859016 1 0.921129 1 0.920096 -0.440204 
0.859016 1 0.921129 1 0.920095 -0.440206 
0.859017 1 0.921128 1 0.920094 -0.440205 
0.859018 1 0.921127 1 0.920094 -0.440207 
0.85902 1 0.921127 1 0.920093 -0.44021 
0.859021 1 0.921126 1 0.920093 -0.44021 
0.859022 1 0.921125 1 0.920092 -0.440212 
0.859023 1 0.921125 1 0.920091 -0.440214 
0.859023 1 0.921124 1 0.920091 -0.440213 
0.859024 1 0.921123 1 0.92009 -0.440215 
0.859026 1 0.921123 1 0.920089 -0.440215 
0.859026 1 0.921122 1 0.920089 -0.440219 
0.859027 1 0.921121 1 0.920088 -0.440218 
0.859028 1 0.921121 1 0.920087 -0.440217 
0.859029 1 0.92112 1 0.920087 -0.44022 
0.85903 1 0.921119 1 0.920087 -0.440221 
0.859031 1 0.921119 1 0.920086 -0.440222 
0.859032 1 0.921118 1 0.920086 -0.440223 
0.859033 1 0.921117 1 0.920085 -0.440225 
0.859033 1 0.921116 1 0.920084 -0.440227 
0.859034 1 0.921116 1 0.920084 -0.440227 
0.859035 1 0.921115 1 0.920083 -0.440229 
0.859035 1 0.921115 1 0.920082 -0.44023 
0.859036 1 0.921114 1 0.920082 -0.440232 
