0.38327 0 0.500443 0 0.500441 0.500001 
0.383378 0 0.501651 0 0.501136 0.49895 
0.383756 0 0.503273 0 0.502565 0.497358 
0.384274 0 0.505332 0 0.504488 0.494918 
0.38496 0 0.507734 0 0.507026 0.491242 
0.385777 0 0.510499 0 0.509973 0.48595 
0.386535 0 0.513384 0 0.513102 0.478785 
0.387377 0 0.516595 0 0.516409 0.469673 
0.388319 0 0.520077 0 0.519918 0.458698 
0.389305 0 0.523707 0 0.523592 0.446044 
0.390339 0 0.527476 0 0.527404 0.43195 
0.391419 0 0.531369 0 0.531308 0.416672 
0.392523 0 0.53532 0 0.53526 0.400468 
0.393627 0 0.539265 0 0.539203 0.383578 
0.394723 0 0.543156 0 0.543089 0.36622 
0.395542 0 0.546827 0 0.546504 0.348582 
0.396143 0 0.550302 0 0.549459 0.330821 
0.39652 0 0.553435 0 0.552018 0.313063 
0.396748 0 0.556229 0 0.554253 0.295407 
0.396884 0 0.55871 0 0.556198 0.277929 
0.396962 0 0.560892 0 0.557863 0.260685 
0.396998 0 0.562776 0 0.559252 0.243716 
0.397005 0 0.564365 0 0.560371 0.22705 
0.396999 0 0.565672 0 0.561229 0.210709 
0.396983 0 0.566699 0 0.561829 0.194704 
0.396952 0 0.567443 0 0.562177 0.179042 
0.397077 0 0.567963 0 0.562651 0.163727 
0.397294 0 0.568319 0 0.563045 0.148761 
0.397544 0 0.568486 0 0.563275 0.13414 
0.397796 0 0.568446 0 0.56332 0.119863 
0.398129 0 0.568298 0 0.563192 0.105925 
0.398578 0 0.568054 0 0.563011 0.0923203 
0.399003 0 0.567604 0 0.562731 0.079044 
0.399497 0 0.567101 0 0.56234 0.0660899 
0.399889 0 0.566412 0 0.561722 0.0534515 
0.400271 0 0.565605 0 0.560946 0.0411224 
0.400645 0 0.56469 0 0.560057 0.029096 
0.400996 0 0.56366 0 0.559071 0.0173655 
0.401344 0 0.562549 0 0.558005 0.00592447 
0.401693 0 0.561371 0 0.556875 -0.00523387 
0.402038 0 0.560131 0 0.555686 -0.0161159 
0.40237 0 0.558828 0 0.554439 -0.0267282 
0.40269 0 0.55747 0 0.553142 -0.037077 
0.403004 0 0.556073 0 0.551806 -0.0471686 
0.403311 0 0.554642 0 0.550436 -0.057009 
0.403603 0 0.553176 0 0.549034 -0.0666044 
0.403881 0 0.551681 0 0.547606 -0.0759604 
0.404153 0 0.550172 0 0.546161 -0.0850829 
0.404417 0 0.54865 0 0.544703 -0.0939775 
0.404665 0 0.547112 0 0.54323 -0.10265 
0.404898 0 0.545562 0 0.541747 -0.111105 
0.405122 0 0.54401 0 0.54026 -0.119348 
0.405336 0 0.542458 0 0.538771 -0.127384 
0.405532 0 0.540899 0 0.537276 -0.135218 
0.405709 0 0.539335 0 0.535778 -0.142854 
0.405875 0 0.537775 0 0.534281 -0.150298 
0.406025 0 0.536218 0 0.532785 -0.157553 
0.406153 0 0.534656 0 0.531285 -0.164624 
0.406256 0 0.533089 0 0.529781 -0.171516 
0.406341 0 0.531525 0 0.528278 -0.17823 
0.406404 0 0.529959 0 0.526771 -0.184772 
0.406435 0 0.528384 0 0.525257 -0.191145 
0.406433 0 0.526799 0 0.523733 -0.197351 
0.406402 0 0.525209 0 0.522203 -0.203393 
0.406339 0 0.523612 0 0.520665 -0.209274 
0.406234 0 0.522 0 0.519113 -0.214995 
0.406086 0 0.520373 0 0.517549 -0.220558 
0.405902 0 0.518742 0 0.515978 -0.225963 
0.405679 0 0.517106 0 0.514402 -0.231211 
0.405412 0 0.515464 0 0.512822 -0.236301 
0.405105 0 0.513821 0 0.511242 -0.241233 
0.404769 0 0.512192 0 0.509676 -0.246005 
0.404407 0 0.510584 0 0.508129 -0.250615 
0.404019 0 0.508995 0 0.506604 -0.255061 
0.403609 0 0.507435 0 0.50511 -0.25934 
0.403192 0 0.505917 0 0.503659 -0.263449 
0.40277 0 0.504446 0 0.502255 -0.267385 
0.402341 0 0.503019 0 0.500899 -0.271144 
0.401909 0 0.501641 0 0.499595 -0.274724 
0.401485 0 0.500323 0 0.498351 -0.27812 
0.401067 0 0.499064 0 0.497167 -0.281329 
0.400652 0 0.49786 0 0.496041 -0.284348 
0.400241 0 0.49671 0 0.494973 -0.287174 
0.399842 0 0.495626 0 0.493968 -0.289804 
0.399453 0 0.494604 0 0.493026 -0.292237 
0.399068 0 0.493638 0 0.492142 -0.294469 
0.398689 0 0.492729 0 0.491316 -0.296499 
0.398322 0 0.491886 0 0.490554 -0.298324 
0.397966 0 0.491106 0 0.489855 -0.299942 
0.397678 0 0.490427 0 0.489238 -0.301351 
0.397433 0 0.489844 0 0.488712 -0.302548 
0.39722 0 0.489351 0 0.488269 -0.303525 
0.397027 0 0.488935 0 0.487899 -0.304276 
0.396841 0 0.488583 0 0.487593 -0.304783 
0.396659 0 0.488299 0 0.487358 -0.305019 
0.396487 0 0.4881 0 0.487206 -0.304938 
0.396323 0 0.488001 0 0.487154 -0.304469 
0.396162 0 0.488018 0 0.487221 -0.303505 
0.396004 0 0.488185 0 0.487441 -0.3019 
0.395856 0 0.488551 0 0.48786 -0.299471 
0.395719 0 0.48916 0 0.488521 -0.296016 
0.395584 0 0.490053 0 0.489468 -0.291331 
0.395453 0 0.49127 0 0.490741 -0.285252 
0.395335 0 0.492848 0 0.49237 -0.27768 
0.395228 0 0.494793 0 0.494362 -0.268604 
0.395126 0 0.497086 0 0.4967 -0.25811 
0.395031 0 0.4997 0 0.499355 -0.246354 
0.394953 0 0.502601 0 0.50229 -0.233544 
0.39489 0 0.505741 0 0.505455 -0.219899 
0.394838 0 0.509066 0 0.508796 -0.205635 
0.394799 0 0.512531 0 0.51227 -0.190946 
0.39478 0 0.516106 0 0.51584 -0.175996 
0.394782 0 0.519755 0 0.51947 -0.160918 
0.394799 0 0.523441 0 0.523126 -0.145822 
0.394831 0 0.527142 0 0.526784 -0.130789 
0.394887 0 0.530845 0 0.530431 -0.115884 
0.394963 0 0.534535 0 0.534048 -0.101155 
0.395053 0 0.538189 0 0.537619 -0.0866389 
0.395156 0 0.541798 0 0.541135 -0.0723614 
0.395279 0 0.545361 0 0.544592 -0.0583415 
0.395419 0 0.54887 0 0.547984 -0.0445922 
0.395567 0 0.552311 0 0.551301 -0.0311222 
0.395723 0 0.555681 0 0.554542 -0.0179366 
0.395893 0 0.558983 0 0.557708 -0.00503799 
0.396073 0 0.562214 0 0.560796 0.00757331 
0.396256 0 0.565365 0 0.563802 0.0198979 
0.396443 0 0.568433 0 0.566727 0.0319384 
0.396638 0 0.571427 0 0.569575 0.0436977 
0.396839 0 0.574345 0 0.572345 0.0551794 
0.397039 0 0.577178 0 0.575034 0.0663881 
0.397238 0 0.579929 0 0.577645 0.0773282 
0.397443 0 0.582606 0 0.580183 0.0880047 
0.397651 0 0.585208 0 0.582647 0.0984228 
0.397856 0 0.587728 0 0.585038 0.108588 
0.398057 0 0.59017 0 0.587356 0.118504 
0.398263 0 0.592541 0 0.589608 0.128178 
0.398471 0 0.594843 0 0.591795 0.137615 
0.398673 0 0.59707 0 0.593914 0.14682 
0.398872 0 0.599223 0 0.59597 0.155798 
0.399074 0 0.601313 0 0.597969 0.164554 
0.399278 0 0.603341 0 0.59991 0.173094 
0.399476 0 0.6053 0 0.601793 0.181422 
0.39967 0 0.607193 0 0.603621 0.189544 
0.399867 0 0.609031 0 0.6054 0.197465 
0.400066 0 0.610813 0 0.607131 0.205188 
0.400259 0 0.612535 0 0.608811 0.21272 
0.400448 0 0.614199 0 0.610446 0.220064 
0.40064 0 0.615815 0 0.612039 0.227225 
0.400834 0 0.617384 0 0.613593 0.234207 
0.401023 0 0.6189 0 0.615104 0.241015 
0.401208 0 0.620365 0 0.616578 0.247653 
0.401397 0 0.621789 0 0.618018 0.254125 
0.401587 0 0.623174 0 0.619426 0.260435 
0.401773 0 0.624512 0 0.620799 0.266587 
0.401956 0 0.625807 0 0.622141 0.272584 
0.402142 0 0.627067 0 0.623456 0.27843 
0.402331 0 0.628295 0 0.624746 0.284129 
0.402515 0 0.629481 0 0.626008 0.289685 
0.402697 0 0.63063 0 0.627244 0.2951 
0.402883 0 0.631751 0 0.628459 0.300379 
0.403071 0 0.632843 0 0.629654 0.305523 
0.403256 0 0.633901 0 0.630826 0.310536 
0.403438 0 0.634924 0 0.631978 0.315422 
0.403624 0 0.635924 0 0.633113 0.320183 
0.403814 0 0.6369 0 0.634232 0.324821 
0.404 0 0.637845 0 0.635333 0.329339 
0.404184 0 0.63876 0 0.636416 0.333741 
0.404373 0 0.639654 0 0.637487 0.338027 
0.404565 0 0.640527 0 0.638545 0.342201 
0.404754 0 0.641372 0 0.639587 0.346264 
0.404942 0 0.642189 0 0.640614 0.350218 
0.405134 0 0.642989 0 0.641632 0.354066 
0.40533 0 0.643769 0 0.642639 0.357809 
0.405524 0 0.644523 0 0.643632 0.361447 
0.405715 0 0.645251 0 0.644613 0.364984 
0.405913 0 0.645962 0 0.645586 0.368418 
0.406114 0 0.646656 0 0.646549 0.371753 
0.406314 0 0.647324 0 0.6475 0.374987 
0.406511 0 0.647967 0 0.648439 0.378121 
0.406715 0 0.648594 0 0.649372 0.381156 
0.406924 0 0.649203 0 0.650295 0.384091 
0.40713 0 0.649787 0 0.651207 0.386925 
0.407335 0 0.650347 0 0.652108 0.389659 
0.407547 0 0.65089 0 0.653003 0.39229 
0.407764 0 0.651416 0 0.653889 0.394816 
0.407979 0 0.651916 0 0.654763 0.397237 
0.408194 0 0.65239 0 0.655627 0.39955 
0.408416 0 0.652848 0 0.656484 0.401752 
0.408643 0 0.653288 0 0.657332 0.40384 
0.408869 0 0.653701 0 0.658169 0.405811 
0.409096 0 0.654087 0 0.658994 0.407661 
0.40933 0 0.654457 0 0.659812 0.409387 
0.40957 0 0.654807 0 0.660622 0.410985 
0.40981 0 0.655129 0 0.661419 0.412451 
0.41005 0 0.655424 0 0.662205 0.413781 
0.410299 0 0.6557 0 0.662984 0.414973 
0.410555 0 0.655956 0 0.663755 0.416022 
0.410811 0 0.656184 0 0.664513 0.416928 
0.411069 0 0.656385 0 0.665261 0.417689 
0.411336 0 0.656566 0 0.666002 0.418304 
0.411611 0 0.656728 0 0.666737 0.418775 
0.411888 0 0.656861 0 0.667461 0.419105 
0.412167 0 0.656968 0 0.668175 0.419298 
0.412456 0 0.657058 0 0.668887 0.419359 
0.412754 0 0.657129 0 0.669594 0.419298 
0.413055 0 0.657175 0 0.670295 0.419124 
0.413359 0 0.657196 0 0.67099 0.418849 
0.413675 0 0.657204 0 0.671688 0.418488 
0.414002 0 0.657198 0 0.672386 0.418054 
0.414332 0 0.65717 0 0.673084 0.417566 
0.414669 0 0.657124 0 0.673784 0.417041 
0.415018 0 0.657069 0 0.674493 0.416499 
0.41538 0 0.657006 0 0.675211 0.415959 
0.415748 0 0.656928 0 0.675937 0.415442 
0.416124 0 0.656838 0 0.676673 0.414966 
0.416517 0 0.656745 0 0.677426 0.414553 
0.416926 0 0.656652 0 0.678199 0.414219 
0.417344 0 0.656549 0 0.678988 0.413984 
0.417775 0 0.656441 0 0.679797 0.413862 
0.418227 0 0.656337 0 0.680633 0.413868 
0.4187 0 0.656238 0 0.681497 0.414015 
0.419189 0 0.656135 0 0.682387 0.414311 
0.419485 0 0.656003 0 0.682925 0.414763 
0.419568 0 0.655796 0 0.683142 0.415375 
0.41953 0 0.655561 0 0.683174 0.416148 
0.419437 0 0.655311 0 0.683136 0.417078 
0.419346 0 0.655059 0 0.683108 0.418159 
0.419262 0 0.654812 0 0.683093 0.419382 
0.419203 0 0.654586 0 0.683109 0.420732 
0.419166 0 0.654373 0 0.683153 0.422196 
0.419154 0 0.654176 0 0.683227 0.423755 
0.419176 0 0.654006 0 0.683337 0.425392 
0.419234 0 0.653864 0 0.683481 0.427087 
0.419321 0 0.65374 0 0.683655 0.428823 
0.41944 0 0.653637 0 0.68386 0.430583 
0.419599 0 0.653565 0 0.684103 0.432352 
0.419797 0 0.653523 0 0.68438 0.434119 
0.420027 0 0.653502 0 0.68469 0.435874 
0.42029 0 0.653503 0 0.685031 0.437609 
0.420594 0 0.653533 0 0.685411 0.439318 
0.420935 0 0.653591 0 0.685828 0.440997 
0.421307 0 0.653666 0 0.686275 0.442644 
0.421709 0 0.653758 0 0.686756 0.444256 
0.422147 0 0.653873 0 0.687273 0.445834 
0.422619 0 0.654008 0 0.687826 0.447375 
0.423115 0 0.654151 0 0.688408 0.44888 
0.423635 0 0.654301 0 0.689021 0.450349 
0.424186 0 0.654465 0 0.689667 0.451783 
0.424763 0 0.654639 0 0.690346 0.453182 
0.425359 0 0.65481 0 0.69105 0.454547 
0.425972 0 0.654978 0 0.69178 0.455879 
0.426609 0 0.655148 0 0.692541 0.457177 
0.427014 0 0.655166 0 0.693038 0.458443 
0.427168 0 0.655021 0 0.693255 0.459677 
0.427144 0 0.654775 0 0.693261 0.460881 
0.427007 0 0.654458 0 0.693137 0.462055 
0.426798 0 0.654082 0 0.692938 0.4632 
0.426536 0 0.653657 0 0.69269 0.464316 
0.426239 0 0.653202 0 0.692404 0.465404 
0.425921 0 0.652741 0 0.692089 0.466465 
0.425587 0 0.652283 0 0.691745 0.4675 
0.425232 0 0.651823 0 0.691371 0.468508 
0.42486 0 0.651364 0 0.690969 0.469492 
0.424481 0 0.650917 0 0.690547 0.470451 
0.424094 0 0.650482 0 0.690105 0.471386 
0.423693 0 0.65005 0 0.689639 0.472297 
0.423516 0 0.64981 0 0.689379 0.473186 
0.423481 0 0.649679 0 0.689257 0.474053 
0.42352 0 0.649614 0 0.689204 0.474898 
0.423588 0 0.649578 0 0.689178 0.475722 
0.423668 0 0.649554 0 0.689161 0.476525 
0.423762 0 0.649546 0 0.689153 0.477308 
0.423864 0 0.649549 0 0.689148 0.478072 
0.423966 0 0.649556 0 0.689138 0.478816 
0.424069 0 0.649567 0 0.689122 0.479542 
0.424177 0 0.649591 0 0.689105 0.48025 
0.424291 0 0.649627 0 0.689083 0.48094 
0.424402 0 0.649665 0 0.689053 0.481613 
0.424512 0 0.649705 0 0.689015 0.482268 
0.424628 0 0.649758 0 0.688974 0.482908 
0.424749 0 0.649823 0 0.688928 0.483532 
0.424868 0 0.64989 0 0.688873 0.48414 
0.424985 0 0.64996 0 0.68881 0.484732 
0.42511 0 0.650043 0 0.688742 0.48531 
0.425239 0 0.650139 0 0.688669 0.485874 
0.425367 0 0.650238 0 0.688586 0.486423 
0.425494 0 0.650342 0 0.688495 0.486959 
0.425609 0 0.650459 0 0.688481 0.487481 
0.425795 0 0.650681 0 0.688545 0.48799 
0.426021 0 0.650906 0 0.688674 0.488487 
0.426249 0 0.651127 0 0.688798 0.488971 
0.426483 0 0.651345 0 0.688929 0.489443 
0.426721 0 0.651559 0 0.689065 0.489903 
0.426956 0 0.65176 0 0.6892 0.490352 
0.427198 0 0.65193 0 0.689353 0.490789 
0.427455 0 0.652088 0 0.689523 0.491216 
0.427722 0 0.652239 0 0.689708 0.491632 
0.427991 0 0.652386 0 0.689912 0.492037 
0.428259 0 0.652519 0 0.690131 0.492433 
0.428534 0 0.652642 0 0.690368 0.492818 
0.428811 0 0.652751 0 0.690619 0.493194 
0.429085 0 0.652839 0 0.690876 0.49356 
0.429355 0 0.652907 0 0.691139 0.493918 
0.42963 0 0.652966 0 0.691413 0.494266 
0.429909 0 0.653015 0 0.691696 0.494606 
0.430185 0 0.653046 0 0.691985 0.494937 
0.430458 0 0.653061 0 0.69228 0.49526 
0.430689 0 0.653223 0 0.692475 0.495575 
0.430902 0 0.653456 0 0.692612 0.495882 
0.431143 0 0.653703 0 0.692783 0.496181 
0.43137 0 0.653895 0 0.692963 0.496473 
0.431597 0 0.65407 0 0.69315 0.496757 
0.431826 0 0.654233 0 0.693343 0.497035 
0.432127 0 0.654509 0 0.693582 0.497305 
0.432418 0 0.654833 0 0.69378 0.497569 
0.432716 0 0.655187 0 0.693976 0.497826 
0.433026 0 0.655566 0 0.69418 0.498077 
0.43334 0 0.655962 0 0.694387 0.498321 
0.433659 0 0.656379 0 0.694599 0.498559 
0.43399 0 0.656829 0 0.694823 0.498791 
0.434332 0 0.657314 0 0.69506 0.499018 
0.434676 0 0.657826 0 0.695307 0.499239 
0.435024 0 0.658372 0 0.695572 0.499454 
0.435381 0 0.658966 0 0.695864 0.499664 
0.435746 0 0.659613 0 0.696188 0.499868 
0.436112 0 0.660314 0 0.696547 0.500068 
0.436478 0 0.661082 0 0.69695 0.500263 
0.436851 0 0.661935 0 0.69741 0.500452 
0.43723 0 0.662885 0 0.697933 0.500637 
0.437606 0 0.663932 0 0.69852 0.500818 
0.437981 0 0.665084 0 0.699174 0.500993 
0.438361 0 0.666356 0 0.6999 0.501165 
0.438744 0 0.667745 0 0.700689 0.501332 
0.439123 0 0.669238 0 0.701528 0.501495 
0.439497 0 0.670828 0 0.702405 0.501654 
0.439875 0 0.672513 0 0.703312 0.501809 
0.440467 0 0.674382 0 0.704457 0.50196 
0.441175 0 0.676392 0 0.705738 0.502107 
0.441933 0 0.678502 0 0.707059 0.502251 
0.442725 0 0.680662 0 0.708386 0.50239 
0.443733 0 0.682983 0 0.709908 0.502527 
0.444492 0 0.685061 0 0.711103 0.50266 
0.445515 0 0.687353 0 0.712499 0.50279 
0.446542 0 0.689571 0 0.71384 0.502916 
0.44734 0 0.691518 0 0.714861 0.50304 
0.448372 0 0.693656 0 0.715995 0.50316 
0.449374 0 0.695584 0 0.71708 0.503277 
0.450361 0 0.697381 0 0.71808 0.503391 
0.451395 0 0.699083 0 0.719061 0.503503 
0.452418 0 0.70066 0 0.719948 0.503611 
0.453438 0 0.702125 0 0.720744 0.503717 
0.454464 0 0.703491 0 0.721458 0.503821 
0.455328 0 0.704682 0 0.721883 0.503921 
0.456395 0 0.705965 0 0.722414 0.50402 
0.457451 0 0.707103 0 0.722908 0.504115 
0.458519 0 0.708146 0 0.723373 0.504209 
0.459598 0 0.709113 0 0.723806 0.5043 
0.460687 0 0.71001 0 0.72421 0.504389 
0.461791 0 0.710848 0 0.724602 0.504475 
0.462923 0 0.711646 0 0.725002 0.504559 
0.464 0 0.712376 0 0.725313 0.504642 
0.465175 0 0.713153 0 0.725681 0.504722 
0.466392 0 0.713879 0 0.726136 0.5048 
0.467661 0 0.714584 0 0.72667 0.504876 
0.468977 0 0.715279 0 0.727276 0.50495 
0.470324 0 0.715964 0 0.727933 0.505022 
0.471728 0 0.716657 0 0.728676 0.505093 
0.473219 0 0.717386 0 0.729535 0.505162 
0.474807 0 0.718163 0 0.730527 0.505229 
0.476495 0 0.718985 0 0.731658 0.505294 
0.478284 0 0.719856 0 0.732931 0.505357 
0.480179 0 0.720785 0 0.734349 0.505419 
0.48217 0 0.72177 0 0.735901 0.50548 
0.484241 0 0.722798 0 0.737573 0.505538 
0.486381 0 0.723866 0 0.739351 0.505596 
0.488584 0 0.724978 0 0.741226 0.505651 
0.490835 0 0.72613 0 0.743179 0.505706 
0.493114 0 0.727308 0 0.745194 0.505759 
0.495412 0 0.728509 0 0.747258 0.50581 
0.497724 0 0.729739 0 0.749363 0.50586 
0.50004 0 0.730993 0 0.7515 0.505909 
0.502346 0 0.732266 0 0.753655 0.505956 
0.504651 0 0.733554 0 0.755838 0.506002 
0.506963 0 0.734867 0 0.758054 0.506047 
0.50925 0 0.736218 0 0.760268 0.506091 
0.511536 0 0.737584 0 0.762509 0.506133 
0.513821 0 0.738966 0 0.764778 0.506174 
0.516068 0 0.740397 0 0.76703 0.506214 
0.518322 0 0.741852 0 0.769314 0.506252 
0.520575 0 0.743322 0 0.771624 0.50629 
0.522829 0 0.744806 0 0.773963 0.506325 
0.525092 0 0.746313 0 0.776332 0.50636 
0.527361 0 0.74784 0 0.77873 0.506394 
0.529545 0 0.749436 0 0.781069 0.506425 
0.531731 0 0.751046 0 0.783436 0.506456 
0.533926 0 0.752677 0 0.785835 0.506485 
0.535666 0 0.753903 0 0.787922 0.506513 
0.536859 0 0.754861 0 0.789599 0.506539 
0.53786 0 0.755812 0 0.790853 0.506564 
0.538739 0 0.756755 0 0.791897 0.506586 
0.539553 0 0.7577 0 0.792889 0.506607 
0.540368 0 0.75866 0 0.793907 0.506626 
0.541187 0 0.759635 0 0.79495 0.506642 
0.542017 0 0.760634 0 0.796024 0.506656 
0.542857 0 0.761654 0 0.797126 0.506667 
0.543699 0 0.762687 0 0.79825 0.506675 
0.544545 0 0.763732 0 0.799399 0.506679 
0.54523 0 0.764644 0 0.800636 0.50668 
0.545925 0 0.765578 0 0.801899 0.506675 
0.546595 0 0.766603 0 0.802997 0.506666 
0.547222 0 0.767638 0 0.803965 0.506651 
0.547814 0 0.768676 0 0.804843 0.506628 
0.548379 0 0.769716 0 0.805672 0.506598 
0.548918 0 0.770751 0 0.806476 0.506559 
0.549357 0 0.771744 0 0.807268 0.506509 
0.549742 0 0.772729 0 0.808016 0.506447 
0.550156 0 0.773771 0 0.808715 0.50637 
0.550527 0 0.774785 0 0.809439 0.506277 
0.550863 0 0.775785 0 0.810127 0.506163 
0.551223 0 0.77682 0 0.810803 0.506026 
0.551556 0 0.77784 0 0.811467 0.505862 
0.551866 0 0.778848 0 0.812108 0.505665 
0.552161 0 0.779851 0 0.812728 0.50543 
0.552455 0 0.78086 0 0.813338 0.50515 
0.552748 0 0.781877 0 0.813937 0.504817 
0.553036 0 0.782892 0 0.814523 0.50442 
0.553321 0 0.783904 0 0.815095 0.503949 
0.55361 0 0.78492 0 0.815655 0.503389 
0.553902 0 0.785937 0 0.8162 0.502723 
0.55419 0 0.786945 0 0.816722 0.501933 
0.554474 0 0.787939 0 0.81722 0.500994 
0.554763 0 0.788927 0 0.817693 0.499878 
0.555055 0 0.789902 0 0.818134 0.498552 
0.555343 0 0.790852 0 0.818535 0.496975 
0.555627 0 0.79177 0 0.818888 0.495101 
0.555916 0 0.792659 0 0.819191 0.492874 
0.556207 0 0.79351 0 0.819432 0.490227 
0.556494 0 0.794301 0 0.819595 0.487086 
0.556777 0 0.795023 0 0.819666 0.483363 
0.557065 0 0.795668 0 0.819634 0.47896 
0.557355 0 0.796219 0 0.819477 0.473773 
0.55764 0 0.796646 0 0.819171 0.467693 
0.557921 0 0.796927 0 0.818691 0.460613 
0.558206 0 0.79705 0 0.818019 0.452445 
0.558493 0 0.796988 0 0.817127 0.443126 
0.558775 0 0.796714 0 0.815993 0.432631 
0.559051 0 0.796214 0 0.814604 0.420985 
0.559329 0 0.795487 0 0.812957 0.408263 
0.559074 0 0.79361 0 0.810037 0.394579 
0.558423 0 0.790851 0 0.806297 0.380075 
0.557579 0 0.787497 0 0.802131 0.364906 
0.556747 0 0.7839 0 0.797742 0.349229 
0.555925 0 0.780089 0 0.793163 0.333192 
0.555107 0 0.776088 0 0.788425 0.316928 
0.554296 0 0.771945 0 0.783602 0.30055 
0.5535 0 0.767708 0 0.778734 0.284154 
0.552717 0 0.763404 0 0.77384 0.267817 
0.551939 0 0.75905 0 0.768939 0.251601 
0.551167 0 0.754673 0 0.764055 0.235555 
0.550408 0 0.750303 0 0.75921 0.219718 
0.549663 0 0.745958 0 0.754421 0.204118 
0.548925 0 0.741649 0 0.749698 0.188777 
0.548198 0 0.737389 0 0.745054 0.173711 
0.547488 0 0.733199 0 0.740502 0.158931 
0.546796 0 0.729086 0 0.736047 0.144446 
0.546116 0 0.725054 0 0.731694 0.130259 
0.545451 0 0.721108 0 0.727448 0.116373 
0.544808 0 0.717263 0 0.723316 0.10279 
0.544187 0 0.713521 0 0.719301 0.0895075 
0.543582 0 0.709879 0 0.7154 0.0765245 
0.542995 0 0.70634 0 0.711617 0.0638381 
0.542435 0 0.702915 0 0.707955 0.0514446 
0.541899 0 0.699603 0 0.704414 0.0393402 
0.541382 0 0.696398 0 0.700991 0.0275204 
0.540886 0 0.693301 0 0.697685 0.0159805 
0.540418 0 0.69032 0 0.694501 0.00471564 
0.539978 0 0.687454 0 0.691436 -0.00627934 
0.539558 0 0.684696 0 0.688485 -0.0170096 
0.539161 0 0.682044 0 0.685648 -0.0274807 
0.538793 0 0.679507 0 0.682928 -0.0376977 
0.538454 0 0.677081 0 0.680321 -0.0476662 
0.538018 0 0.674373 0 0.677458 -0.0573913 
0.537524 0 0.671534 0 0.674504 -0.0668784 
0.537016 0 0.668698 0 0.671581 -0.0761327 
0.53652 0 0.66594 0 0.668753 -0.0851597 
0.536025 0 0.663265 0 0.666012 -0.0939643 
0.535534 0 0.660671 0 0.663355 -0.102552 
0.535052 0 0.658164 0 0.660786 -0.110927 
0.534606 0 0.655769 0 0.658325 -0.119095 
0.534191 0 0.653481 0 0.655975 -0.12706 
0.533807 0 0.651296 0 0.653731 -0.134828 
0.533457 0 0.649218 0 0.651593 -0.142402 
0.53311 0 0.64716 0 0.649479 -0.149788 
0.53276 0 0.645122 0 0.64739 -0.156989 
0.53241 0 0.643116 0 0.645343 -0.164011 
0.532072 0 0.641166 0 0.643354 -0.170857 
0.531749 0 0.639276 0 0.641429 -0.177531 
0.531434 0 0.637444 0 0.639566 -0.184038 
0.531129 0 0.63567 0 0.637763 -0.190382 
0.53084 0 0.633957 0 0.636023 -0.196565 
0.530566 0 0.632299 0 0.634339 -0.202593 
0.530298 0 0.630687 0 0.632704 -0.208469 
0.530038 0 0.629121 0 0.631118 -0.214196 
0.529792 0 0.627606 0 0.629584 -0.219777 
0.529559 0 0.62614 0 0.628101 -0.225217 
0.529332 0 0.624716 0 0.626664 -0.230519 
0.529112 0 0.623335 0 0.625272 -0.235685 
0.528906 0 0.622002 0 0.62393 -0.240719 
0.528712 0 0.620714 0 0.622634 -0.245624 
0.528524 0 0.619465 0 0.62138 -0.250403 
0.528342 0 0.618253 0 0.620166 -0.255059 
0.528174 0 0.617084 0 0.618997 -0.259595 
0.528017 0 0.615958 0 0.617871 -0.264013 
0.527865 0 0.614865 0 0.616782 -0.268316 
0.527719 0 0.613806 0 0.615729 -0.272507 
0.527585 0 0.612787 0 0.614719 -0.276589 
0.527463 0 0.611807 0 0.613748 -0.280563 
0.527345 0 0.610857 0 0.61281 -0.284432 
0.527232 0 0.609937 0 0.611907 -0.288199 
0.527132 0 0.609055 0 0.611042 -0.291865 
0.527042 0 0.608208 0 0.610212 -0.295434 
0.526956 0 0.607388 0 0.609414 -0.298906 
0.526875 0 0.606596 0 0.608647 -0.302285 
0.526805 0 0.605838 0 0.607916 -0.305571 
0.526745 0 0.605113 0 0.607217 -0.308768 
0.526689 0 0.604412 0 0.606548 -0.311877 
0.526638 0 0.603737 0 0.605906 -0.3149 
0.526597 0 0.603093 0 0.605299 -0.317838 
0.526567 0 0.602479 0 0.604722 -0.320694 
0.526539 0 0.601888 0 0.604171 -0.323469 
0.526515 0 0.60132 0 0.603647 -0.326164 
0.526503 0 0.600781 0 0.603154 -0.328782 
0.5265 0 0.60027 0 0.60269 -0.331323 
0.526499 0 0.599779 0 0.60225 -0.33379 
0.526502 0 0.599309 0 0.601835 -0.336184 
0.526516 0 0.598867 0 0.601449 -0.338505 
0.526539 0 0.598451 0 0.60109 -0.340756 
0.526564 0 0.598054 0 0.600754 -0.342938 
0.526593 0 0.597675 0 0.600441 -0.345051 
0.526632 0 0.597323 0 0.600156 -0.347098 
0.52668 0 0.596995 0 0.599897 -0.349079 
0.52673 0 0.596684 0 0.599659 -0.350995 
0.526784 0 0.596389 0 0.599442 -0.352848 
0.526847 0 0.59612 0 0.599252 -0.354638 
0.52692 0 0.595874 0 0.599086 -0.356367 
0.526994 0 0.595643 0 0.59894 -0.358035 
0.527071 0 0.595428 0 0.598815 -0.359644 
0.527159 0 0.595236 0 0.598715 -0.361193 
0.527255 0 0.595066 0 0.598639 -0.362684 
0.527353 0 0.59491 0 0.598581 -0.364118 
0.527453 0 0.594769 0 0.598543 -0.365496 
0.527564 0 0.59465 0 0.59853 -0.366817 
0.527683 0 0.594551 0 0.598539 -0.368083 
0.527804 0 0.594466 0 0.598566 -0.369294 
0.527927 0 0.594394 0 0.598612 -0.37045 
0.528061 0 0.594343 0 0.598681 -0.371552 
0.528203 0 0.594312 0 0.598773 -0.372601 
0.528346 0 0.594293 0 0.598882 -0.373596 
0.528492 0 0.594286 0 0.599009 -0.374538 
0.528648 0 0.5943 0 0.59916 -0.375426 
0.528813 0 0.594333 0 0.599333 -0.376262 
0.528978 0 0.594377 0 0.599523 -0.377044 
0.529147 0 0.594433 0 0.59973 -0.377773 
0.529227 0 0.594336 0 0.599691 -0.378449 
0.529235 0 0.594106 0 0.599459 -0.37907 
0.529184 0 0.593812 0 0.599122 -0.379638 
0.529103 0 0.593512 0 0.598761 -0.380151 
0.529033 0 0.593245 0 0.598434 -0.38061 
0.528971 0 0.59301 0 0.59814 -0.381014 
0.52891 0 0.592799 0 0.597875 -0.381361 
0.528894 0 0.592642 0 0.597731 -0.381652 
0.528896 0 0.592481 0 0.59761 -0.381885 
0.528903 0 0.592316 0 0.597485 -0.38206 
0.528907 0 0.592149 0 0.597355 -0.382174 
0.52891 0 0.591995 0 0.597234 -0.382226 
0.528923 0 0.591873 0 0.59714 -0.382216 
0.528946 0 0.591782 0 0.597072 -0.382139 
0.528972 0 0.591712 0 0.597024 -0.381996 
0.528999 0 0.591661 0 0.596993 -0.381784 
0.529034 0 0.591634 0 0.59698 -0.381499 
0.529074 0 0.591629 0 0.596984 -0.38114 
0.529113 0 0.59164 0 0.597001 -0.380703 
0.529151 0 0.591669 0 0.597032 -0.380187 
0.529195 0 0.591725 0 0.597085 -0.379586 
0.529246 0 0.591809 0 0.597159 -0.378899 
0.529294 0 0.591914 0 0.59725 -0.378122 
0.529342 0 0.592041 0 0.59736 -0.377251 
0.529397 0 0.5922 0 0.597495 -0.376283 
0.529457 0 0.592389 0 0.597654 -0.375213 
0.529456 0 0.592519 0 0.597735 -0.374039 
0.529414 0 0.592598 0 0.597767 -0.372757 
0.529376 0 0.592689 0 0.5978 -0.371364 
0.529348 0 0.592813 0 0.597867 -0.369857 
0.529326 0 0.592972 0 0.597976 -0.368233 
0.529311 0 0.593171 0 0.598128 -0.36649 
0.529308 0 0.593416 0 0.598327 -0.364627 
0.529316 0 0.593702 0 0.598569 -0.362641 
0.529324 0 0.59402 0 0.598846 -0.360532 
0.529335 0 0.594367 0 0.599158 -0.358299 
0.529355 0 0.594753 0 0.599509 -0.355942 
0.529381 0 0.595175 0 0.5999 -0.353462 
0.529408 0 0.595628 0 0.600327 -0.350861 
0.529437 0 0.596112 0 0.60079 -0.348141 
0.529474 0 0.596636 0 0.601295 -0.345304 
0.529518 0 0.597198 0 0.601842 -0.342354 
0.529502 0 0.597699 0 0.602342 -0.339295 
0.529444 0 0.598167 0 0.602805 -0.336131 
0.529368 0 0.598641 0 0.603264 -0.332867 
0.529281 0 0.599136 0 0.603735 -0.329509 
0.529183 0 0.599648 0 0.60422 -0.326063 
0.529075 0 0.600176 0 0.60472 -0.322536 
0.528964 0 0.600723 0 0.605236 -0.318932 
0.528848 0 0.601284 0 0.605766 -0.315259 
0.52872 0 0.601851 0 0.606304 -0.311521 
0.52858 0 0.602421 0 0.606849 -0.307724 
0.528435 0 0.603001 0 0.607403 -0.303873 
0.52828 0 0.603587 0 0.607962 -0.299971 
0.528108 0 0.604169 0 0.608518 -0.296023 
0.527918 0 0.604745 0 0.609069 -0.292031 
0.527716 0 0.605323 0 0.609619 -0.287997 
0.527499 0 0.605898 0 0.610164 -0.283921 
0.52726 0 0.606463 0 0.6107 -0.279802 
0.526997 0 0.607017 0 0.611225 -0.27564 
0.526716 0 0.607567 0 0.611745 -0.271431 
0.526416 0 0.608112 0 0.612259 -0.267173 
0.526086 0 0.608645 0 0.612761 -0.26286 
0.525728 0 0.609165 0 0.613254 -0.258487 
0.525346 0 0.609682 0 0.613744 -0.25405 
0.524939 0 0.610196 0 0.61423 -0.249542 
0.524499 0 0.6107 0 0.614711 -0.244959 
0.524027 0 0.611199 0 0.615189 -0.240297 
0.523531 0 0.611702 0 0.615673 -0.235554 
0.52301 0 0.612211 0 0.616166 -0.230729 
0.522461 0 0.612723 0 0.616666 -0.225825 
0.521886 0 0.613241 0 0.617179 -0.220846 
0.521297 0 0.613777 0 0.617713 -0.215799 
0.520696 0 0.614332 0 0.61827 -0.210692 
0.520079 0 0.6149 0 0.618849 -0.205536 
0.519453 0 0.615484 0 0.619452 -0.200343 
0.518864 0 0.616121 0 0.620098 -0.195123 
0.51839 0 0.616856 0 0.620809 -0.18989 
0.51798 0 0.617672 0 0.621593 -0.184655 
0.517606 0 0.618536 0 0.622426 -0.179428 
0.517255 0 0.619429 0 0.623286 -0.174221 
0.516914 0 0.620334 0 0.624159 -0.169041 
0.516573 0 0.621235 0 0.625035 -0.163898 
0.516229 0 0.62213 0 0.625912 -0.158798 
0.515891 0 0.623025 0 0.626791 -0.153746 
0.515556 0 0.623915 0 0.62767 -0.148746 
0.515217 0 0.624794 0 0.628544 -0.143799 
0.514877 0 0.625662 0 0.629413 -0.138903 
0.514543 0 0.626529 0 0.630284 -0.13405 
0.514213 0 0.627396 0 0.631157 -0.129229 
0.513882 0 0.628263 0 0.632034 -0.12442 
0.513551 0 0.629136 0 0.632924 -0.119593 
0.513227 0 0.630034 0 0.633841 -0.114709 
0.51291 0 0.630969 0 0.634796 -0.109716 
0.512592 0 0.631951 0 0.635804 -0.10455 
0.512277 0 0.632998 0 0.636883 -0.0991387 
0.511971 0 0.634139 0 0.638056 -0.093408 
0.511673 0 0.635391 0 0.639342 -0.0872854 
0.511377 0 0.636763 0 0.640753 -0.0807108 
0.511084 0 0.638266 0 0.642299 -0.0736415 
0.510803 0 0.639913 0 0.64399 -0.0660579 
0.510531 0 0.641702 0 0.645823 -0.057964 
0.510263 0 0.643619 0 0.647787 -0.0493864 
0.51 0 0.645653 0 0.649869 -0.0403692 
0.50975 0 0.647796 0 0.652059 -0.0309691 
0.509511 0 0.65003 0 0.654337 -0.0212507 
0.509277 0 0.652329 0 0.65668 -0.0112803 
0.50905 0 0.654676 0 0.65907 -0.00112265 
0.508836 0 0.657062 0 0.661494 0.00916148 
0.508634 0 0.659469 0 0.663935 0.0195174 
0.508438 0 0.661877 0 0.666375 0.0298969 
0.508249 0 0.664275 0 0.668802 0.0402583 
0.508074 0 0.666661 0 0.67121 0.0505663 
0.507911 0 0.669023 0 0.673588 0.0607918 
0.507754 0 0.671349 0 0.675927 0.0709106 
0.507603 0 0.673632 0 0.678221 0.080903 
0.507466 0 0.675877 0 0.680469 0.0907533 
0.50734 0 0.678078 0 0.682666 0.100449 
0.507219 0 0.680226 0 0.684808 0.109981 
0.507104 0 0.682318 0 0.686892 0.119342 
0.507 0 0.684361 0 0.688921 0.128526 
0.506907 0 0.686354 0 0.690892 0.137529 
0.506817 0 0.688288 0 0.692804 0.14635 
0.506731 0 0.690163 0 0.694658 0.154987 
0.506656 0 0.691989 0 0.696456 0.163439 
0.506589 0 0.693763 0 0.698198 0.171707 
0.506524 0 0.69548 0 0.699883 0.179792 
0.506461 0 0.69714 0 0.701513 0.187695 
0.506408 0 0.698753 0 0.703092 0.195418 
0.506361 0 0.700319 0 0.704621 0.202963 
0.506316 0 0.70183 0 0.706098 0.210332 
0.506271 0 0.70329 0 0.707525 0.217528 
0.506235 0 0.704706 0 0.708909 0.224554 
0.506204 0 0.70608 0 0.710248 0.231412 
0.506174 0 0.707406 0 0.711542 0.238105 
0.506143 0 0.708684 0 0.712794 0.244636 
0.50612 0 0.709925 0 0.714008 0.251008 
0.506103 0 0.711129 0 0.715184 0.257224 
0.506084 0 0.712289 0 0.716322 0.263287 
0.506065 0 0.713407 0 0.717425 0.269199 
0.506054 0 0.714494 0 0.718496 0.274965 
0.506047 0 0.715549 0 0.719536 0.280586 
0.50604 0 0.716565 0 0.720544 0.286065 
0.506033 0 0.717545 0 0.721522 0.291405 
0.506032 0 0.718497 0 0.722475 0.296609 
0.506038 0 0.719423 0 0.723403 0.30168 
0.506042 0 0.720315 0 0.724304 0.30662 
0.506047 0 0.721174 0 0.725181 0.311431 
0.50606 0 0.722011 0 0.726038 0.316117 
0.506079 0 0.722824 0 0.726875 0.320679 
0.506098 0 0.723608 0 0.72769 0.325121 
0.506119 0 0.724363 0 0.728486 0.329443 
0.506149 0 0.725099 0 0.729266 0.33365 
0.506186 0 0.725816 0 0.73003 0.337743 
0.506225 0 0.726505 0 0.730778 0.341724 
0.506268 0 0.72717 0 0.73151 0.345597 
0.506321 0 0.727818 0 0.732231 0.349363 
0.506385 0 0.72845 0 0.732941 0.353026 
0.506453 0 0.729058 0 0.733639 0.356587 
0.506528 0 0.729643 0 0.734326 0.360051 
0.506617 0 0.730215 0 0.735007 0.363419 
0.50672 0 0.730774 0 0.735681 0.366696 
0.506832 0 0.731312 0 0.736349 0.369886 
0.506956 0 0.731831 0 0.737013 0.372991 
0.507101 0 0.73234 0 0.737677 0.376018 
0.507266 0 0.732839 0 0.738342 0.378969 
0.507448 0 0.733322 0 0.739009 0.381851 
0.507651 0 0.73379 0 0.739681 0.384669 
0.507884 0 0.734254 0 0.740364 0.387427 
0.508149 0 0.734714 0 0.741059 0.390132 
0.508444 0 0.735165 0 0.741769 0.392789 
0.508773 0 0.735608 0 0.742499 0.395402 
0.509148 0 0.736056 0 0.743254 0.397976 
0.50957 0 0.736511 0 0.744038 0.400513 
0.510038 0 0.736966 0 0.744852 0.403015 
0.510554 0 0.737426 0 0.7457 0.405483 
0.511127 0 0.737904 0 0.746585 0.407917 
0.511755 0 0.738399 0 0.747506 0.410314 
0.512431 0 0.738907 0 0.748461 0.412673 
0.513151 0 0.739428 0 0.749445 0.414991 
0.513919 0 0.739973 0 0.750457 0.417266 
0.5145 0 0.740723 0 0.751154 0.419496 
0.51532 0 0.741334 0 0.752172 0.42168 
0.51596 0 0.742134 0 0.75293 0.423815 
0.516819 0 0.742776 0 0.753948 0.425902 
0.517499 0 0.743621 0 0.754707 0.427941 
0.518405 0 0.744313 0 0.755795 0.429932 
0.519108 0 0.745181 0 0.756544 0.431874 
0.520008 0 0.745866 0 0.757572 0.43377 
0.520718 0 0.74674 0 0.758284 0.435619 
0.521634 0 0.747449 0 0.75935 0.437423 
0.522378 0 0.74832 0 0.760164 0.439182 
0.523278 0 0.748986 0 0.761208 0.440898 
0.524035 0 0.74969 0 0.762083 0.44257 
0.524953 0 0.750297 0 0.763211 0.444202 
0.525687 0 0.751061 0 0.764036 0.445793 
0.526576 0 0.751683 0 0.7651 0.447344 
0.527549 0 0.752266 0 0.76627 0.448856 
0.528351 0 0.75307 0 0.767161 0.450331 
0.529281 0 0.753716 0 0.768301 0.451769 
0.530132 0 0.754369 0 0.769324 0.453171 
0.531077 0 0.754944 0 0.770495 0.454538 
0.531869 0 0.755539 0 0.771475 0.455871 
0.532744 0 0.75604 0 0.772585 0.45717 
0.533674 0 0.75652 0 0.773765 0.458437 
0.534428 0 0.757161 0 0.774636 0.459673 
0.535273 0 0.757659 0 0.775709 0.460877 
0.536031 0 0.758134 0 0.776681 0.462051 
0.536862 0 0.758537 0 0.777783 0.463196 
0.537603 0 0.75895 0 0.778763 0.464313 
0.538405 0 0.759294 0 0.779859 0.465401 
0.539115 0 0.759641 0 0.780834 0.466462 
0.53988 0 0.759931 0 0.7819 0.467497 
0.540568 0 0.760232 0 0.782865 0.468506 
0.54131 0 0.760465 0 0.783944 0.46949 
0.541966 0 0.760693 0 0.784912 0.470449 
0.542671 0 0.760865 0 0.785966 0.471384 
0.543474 0 0.761107 0 0.787154 0.472295 
0.544316 0 0.761371 0 0.788374 0.473184 
0.545158 0 0.761619 0 0.789587 0.474051 
0.545995 0 0.761845 0 0.790795 0.474896 
0.546825 0 0.762048 0 0.792003 0.47572 
0.547643 0 0.762222 0 0.793211 0.476523 
0.548452 0 0.762369 0 0.79442 0.477306 
0.549257 0 0.762496 0 0.795632 0.47807 
0.550057 0 0.762601 0 0.796843 0.478815 
0.550844 0 0.762672 0 0.798053 0.47954 
0.55162 0 0.762708 0 0.799261 0.480248 
0.55239 0 0.762719 0 0.800472 0.480938 
0.553156 0 0.762704 0 0.801684 0.481611 
0.553909 0 0.762653 0 0.802896 0.482267 
0.55465 0 0.762566 0 0.804107 0.482907 
0.555389 0 0.762453 0 0.805321 0.48353 
0.556122 0 0.762312 0 0.806537 0.484138 
0.556843 0 0.762133 0 0.807751 0.484731 
0.557553 0 0.761916 0 0.808965 0.485309 
0.55826 0 0.761671 0 0.810182 0.485873 
0.558962 0 0.761396 0 0.8114 0.486422 
0.559652 0 0.761081 0 0.812617 0.486958 
0.560332 0 0.760726 0 0.813833 0.48748 
0.561008 0 0.760341 0 0.815052 0.48799 
0.56168 0 0.759925 0 0.816272 0.488486 
0.562341 0 0.759466 0 0.81749 0.48897 
0.562991 0 0.758967 0 0.818708 0.489442 
0.563637 0 0.758436 0 0.819927 0.489902 
0.564279 0 0.757872 0 0.821148 0.490351 
0.56491 0 0.757265 0 0.822366 0.490789 
0.565529 0 0.756615 0 0.823583 0.491215 
0.566146 0 0.755932 0 0.824803 0.491631 
0.566757 0 0.755215 0 0.826023 0.492037 
0.567356 0 0.754453 0 0.827241 0.492432 
0.567944 0 0.753647 0 0.828458 0.492817 
0.568527 0 0.752807 0 0.829678 0.493193 
0.569105 0 0.751931 0 0.830899 0.49356 
0.569516 0 0.751692 0 0.831678 0.493916 
0.569864 0 0.751802 0 0.83228 0.494265 
0.570215 0 0.752091 0 0.832784 0.494605 
0.570505 0 0.752223 0 0.833311 0.494936 
0.570791 0 0.752347 0 0.833844 0.495259 
0.571073 0 0.75247 0 0.834392 0.495574 
0.571361 0 0.752609 0 0.834966 0.49588 
0.571651 0 0.752773 0 0.835573 0.49618 
0.571938 0 0.752965 0 0.836222 0.496472 
0.572221 0 0.7532 0 0.83693 0.496756 
0.57251 0 0.753504 0 0.837714 0.497033 
0.572801 0 0.753892 0 0.83859 0.497304 
0.573088 0 0.754371 0 0.839567 0.497568 
0.573371 0 0.754849 0 0.840718 0.497825 
0.573836 0 0.755879 0 0.841936 0.498076 
0.574407 0 0.75722 0 0.84326 0.49832 
0.575048 0 0.758752 0 0.844698 0.498558 
0.57574 0 0.760416 0 0.846238 0.498791 
0.576475 0 0.762183 0 0.847859 0.499017 
0.577243 0 0.764029 0 0.849528 0.499238 
0.578027 0 0.765929 0 0.851211 0.499453 
0.578825 0 0.767866 0 0.852881 0.499663 
0.579641 0 0.769833 0 0.854524 0.499868 
0.58047 0 0.771812 0 0.856121 0.500068 
0.581305 0 0.773776 0 0.857661 0.500262 
0.582143 0 0.775711 0 0.859134 0.500452 
0.582991 0 0.777614 0 0.860539 0.500637 
0.583845 0 0.779471 0 0.861866 0.500817 
0.584698 0 0.781264 0 0.863107 0.500993 
0.585548 0 0.782983 0 0.864255 0.501165 
0.586402 0 0.784629 0 0.865311 0.501332 
0.587249 0 0.786184 0 0.866262 0.501495 
0.588185 0 0.787941 0 0.867119 0.501654 
0.589138 0 0.789666 0 0.867818 0.501809 
0.590169 0 0.791258 0 0.868449 0.50196 
0.591205 0 0.792724 0 0.868979 0.502107 
0.592239 0 0.794052 0 0.869404 0.502251 
0.593272 0 0.795242 0 0.869724 0.502391 
0.594313 0 0.796304 0 0.869946 0.502527 
0.59536 0 0.797241 0 0.870072 0.50266 
0.596407 0 0.798049 0 0.870103 0.50279 
0.597454 0 0.798736 0 0.870047 0.502916 
0.598511 0 0.799319 0 0.869913 0.50304 
0.599575 0 0.799806 0 0.86971 0.50316 
0.60064 0 0.8002 0 0.869442 0.503277 
0.601708 0 0.800509 0 0.86912 0.503391 
0.602785 0 0.800754 0 0.868755 0.503503 
0.603871 0 0.800945 0 0.868356 0.503611 
0.604875 0 0.801166 0 0.86785 0.503717 
0.605846 0 0.801367 0 0.86729 0.50382 
0.606828 0 0.801544 0 0.866722 0.503921 
0.607821 0 0.801704 0 0.866149 0.504019 
0.608817 0 0.801844 0 0.865578 0.504115 
0.609817 0 0.80197 0 0.865015 0.504208 
0.610829 0 0.8021 0 0.86447 0.504299 
0.611852 0 0.802236 0 0.863945 0.504387 
0.612863 0 0.802289 0 0.863353 0.504474 
0.614061 0 0.802125 0 0.863113 0.504558 
0.615403 0 0.801862 0 0.86313 0.504641 
0.616871 0 0.8016 0 0.863298 0.504721 
0.618341 0 0.801358 0 0.863511 0.504799 
0.619814 0 0.801141 0 0.863772 0.504875 
0.621298 0 0.800963 0 0.864091 0.504949 
0.622791 0 0.800831 0 0.864468 0.505022 
0.624286 0 0.800738 0 0.864909 0.505092 
0.625784 0 0.80069 0 0.865416 0.505161 
0.627292 0 0.800699 0 0.865995 0.505228 
0.62881 0 0.800769 0 0.866648 0.505294 
0.63033 0 0.800892 0 0.867376 0.505357 
0.631853 0 0.801072 0 0.868182 0.50542 
0.633387 0 0.801319 0 0.869068 0.50548 
0.634931 0 0.801632 0 0.870035 0.505539 
0.636478 0 0.802004 0 0.871082 0.505597 
0.638027 0 0.802434 0 0.872209 0.505653 
0.639589 0 0.802931 0 0.873417 0.505708 
0.640914 0 0.803387 0 0.874469 0.505761 
0.642055 0 0.803852 0 0.875357 0.505813 
0.643067 0 0.804351 0 0.876148 0.505864 
0.644001 0 0.804901 0 0.87692 0.505913 
0.644888 0 0.8055 0 0.87772 0.505961 
0.645737 0 0.806136 0 0.878566 0.506008 
0.646556 0 0.806809 0 0.879457 0.506054 
0.647358 0 0.80753 0 0.880382 0.506098 
0.64814 0 0.808296 0 0.881329 0.506141 
0.648898 0 0.809101 0 0.882291 0.506184 
0.649632 0 0.809941 0 0.883265 0.506225 
0.650353 0 0.810826 0 0.884253 0.506265 
0.651058 0 0.811751 0 0.88525 0.506303 
0.651325 0 0.813005 1 0.885472 0.506343 
0.651522 0 0.814379 1 0.885551 0.506379 
0.651778 0 0.815791 1 0.885792 0.506413 
0.65204 0 0.817229 0 0.886076 0.506444 
0.6523 0 0.818692 0 0.886381 0.506474 
0.652556 0 0.820176 0 0.886703 0.506503 
0.65283 0 0.821685 0 0.887086 0.50653 
0.653119 0 0.823216 0 0.887522 0.506555 
0.653316 0 0.824934 1 0.887615 0.50658 
0.653505 0 0.826688 1 0.887672 0.506597 
0.653692 0 0.82844 1 0.887741 0.506605 
0.653878 0 0.830198 1 0.887811 0.506599 
0.654202 0 0.832086 1 0.887953 0.50657 
0.654462 0 0.833731 1 0.88822 0.506509 
0.654709 0 0.83537 1 0.888472 0.506398 
0.655034 0 0.83711 1 0.888669 0.5062 
0.655401 0 0.838825 1 0.88889 0.505881 
0.65582 0 0.840521 1 0.889127 0.505384 
0.656005 0 0.841983 0 0.890071 0.504628 
0.6559 0 0.843357 1 0.890227 0.503846 
0.655886 0 0.844755 1 0.890472 0.502678 
0.655843 0 0.8461 1 0.890663 0.500995 
0.655775 0 0.84736 1 0.890778 0.498615 
0.655643 0 0.848479 1 0.890808 0.495332 
0.65551 0 0.84946 1 0.890653 0.490937 
0.655378 0 0.850273 0 0.890276 0.485229 
0.655239 0 0.851075 0 0.889887 0.479758 
0.655095 0 0.85187 0 0.889491 0.474532 
0.654944 0 0.852658 0 0.88909 0.469559 
0.654787 0 0.853442 0 0.888691 0.464846 
0.654624 0 0.854224 0 0.888294 0.460393 
0.654455 0 0.855006 0 0.887904 0.456203 
0.654281 0 0.85579 0 0.887522 0.452274 
0.654176 0 0.856671 0 0.887327 0.448604 
0.6541 0 0.857603 0 0.887224 0.445189 
0.654028 0 0.858558 0 0.887153 0.442024 
0.653954 0 0.859531 0 0.887105 0.439104 
0.653883 0 0.86053 0 0.887089 0.436422 
0.65382 0 0.861561 0 0.887116 0.433972 
0.653764 0 0.862628 0 0.887187 0.431745 
0.653717 0 0.863729 0 0.887299 0.429735 
0.653677 0 0.864864 0 0.887448 0.427932 
0.653643 0 0.866033 0 0.887633 0.426328 
0.653549 0 0.866832 0 0.887474 0.424916 
0.653359 0 0.867198 0 0.887125 0.423684 
0.653277 0 0.867829 0 0.88684 0.422624 
0.653253 0 0.868498 0 0.886548 0.421727 
0.653245 0 0.86914 0 0.886242 0.420982 
0.653249 0 0.869807 0 0.885977 0.420381 
0.653265 0 0.870501 0 0.885753 0.419915 
0.653291 0 0.871221 0 0.88557 0.419576 
0.653243 1 0.871226 0 0.886004 0.419358 
0.653198 1 0.871099 0 0.886633 0.419437 
0.653166 1 0.871024 0 0.887329 0.419745 
0.653146 0 0.870998 0 0.888076 0.420215 
0.653142 0 0.870986 0 0.888843 0.420652 
0.653152 0 0.870987 0 0.889629 0.421053 
0.653175 0 0.870999 0 0.890432 0.421417 
0.653199 0 0.871226 0 0.890968 0.421741 
0.653217 0 0.871462 0 0.891391 0.422024 
0.653134 0 0.872133 1 0.891125 0.422266 
0.65314 1 0.872212 1 0.891199 0.421728 
0.653229 1 0.872294 1 0.891121 0.420449 
0.653369 1 0.872451 1 0.890972 0.41815 
0.653588 1 0.872676 1 0.890811 0.414441 
0.653932 1 0.872974 1 0.890676 0.408858 
0.654468 1 0.873313 1 0.890636 0.400981 
0.655243 1 0.873722 1 0.890732 0.390607 
0.656274 1 0.874204 1 0.890976 0.377931 
0.65775 1 0.874836 1 0.891394 0.363322 
0.659539 1 0.875629 1 0.891889 0.347359 
0.661517 1 0.876564 1 0.89246 0.330495 
0.663578 1 0.877492 1 0.893152 0.313169 
0.665695 1 0.878362 1 0.893811 0.295666 
0.667842 1 0.87918 1 0.894424 0.278187 
0.670001 1 0.879948 1 0.894994 0.26086 
0.672158 1 0.880669 1 0.895516 0.24377 
0.674304 1 0.881341 1 0.895989 0.226977 
0.676432 1 0.881967 1 0.896413 0.210508 
0.678535 1 0.882548 1 0.896787 0.194387 
0.680611 1 0.883087 1 0.897113 0.178619 
0.682656 1 0.883582 1 0.897395 0.16321 
0.684666 1 0.884039 1 0.897632 0.148163 
0.68664 1 0.884456 1 0.897829 0.133474 
0.688577 1 0.884836 1 0.897987 0.119137 
0.690474 1 0.885183 1 0.898108 0.105149 
0.692331 1 0.885493 1 0.898194 0.0915023 
0.694147 1 0.885774 1 0.898247 0.0781883 
0.69592 1 0.886023 1 0.898269 0.0652033 
0.697651 1 0.886242 1 0.89826 0.0525393 
0.699338 1 0.886435 1 0.898223 0.0401894 
0.700982 1 0.886598 1 0.89816 0.0281439 
0.702582 1 0.886737 1 0.898071 0.016401 
0.704138 1 0.88685 1 0.897959 0.00494775 
0.70565 1 0.886938 1 0.897823 -0.00622069 
0.707118 1 0.887004 1 0.897665 -0.0171108 
0.708543 1 0.887046 1 0.897486 -0.0277285 
0.709924 1 0.887066 1 0.897287 -0.0380804 
0.711262 1 0.887066 1 0.897068 -0.0481772 
0.712556 1 0.887045 1 0.89683 -0.0580192 
0.713807 1 0.887004 1 0.896575 -0.0676168 
0.715016 1 0.886943 1 0.896302 -0.0769762 
0.716184 1 0.886863 1 0.896012 -0.0861006 
0.71731 1 0.886765 1 0.895707 -0.0949976 
0.718395 1 0.886648 1 0.895386 -0.103672 
0.71944 1 0.886513 1 0.895049 -0.112132 
0.720445 1 0.886362 1 0.894698 -0.12038 
0.721411 1 0.886193 1 0.894333 -0.128421 
0.722338 1 0.886008 1 0.893953 -0.13626 
0.723227 1 0.885807 1 0.893561 -0.143905 
0.72408 1 0.88559 1 0.893155 -0.151357 
0.724895 1 0.885357 1 0.892737 -0.158625 
0.725676 1 0.885107 1 0.892306 -0.165711 
0.726422 1 0.884841 1 0.891865 -0.172618 
0.727133 1 0.884562 1 0.891412 -0.179354 
0.727812 1 0.884267 1 0.890947 -0.185922 
0.728458 1 0.883958 1 0.890472 -0.192325 
0.729072 1 0.883635 1 0.889986 -0.198567 
0.729656 1 0.883299 1 0.889489 -0.204654 
0.73021 1 0.882949 1 0.888982 -0.210588 
0.730736 1 0.882587 1 0.888464 -0.216375 
0.731233 1 0.882211 1 0.887936 -0.222016 
0.731841 1 0.881933 1 0.887446 -0.227516 
0.732538 1 0.881737 1 0.887021 -0.232876 
0.733278 1 0.88159 1 0.886612 -0.238106 
0.73402 1 0.881447 1 0.886253 -0.243206 
0.734734 1 0.881277 1 0.885915 -0.248175 
0.735421 1 0.88108 1 0.885575 -0.253022 
0.736078 1 0.880862 1 0.88523 -0.257749 
0.736706 1 0.880629 1 0.884882 -0.262356 
0.737306 1 0.880382 1 0.884527 -0.266846 
0.737878 1 0.880124 1 0.884165 -0.271226 
0.738423 1 0.879854 1 0.883796 -0.275496 
0.73896 1 0.879594 1 0.883418 -0.279659 
0.739572 1 0.879373 1 0.883139 -0.28372 
0.740085 1 0.879012 1 0.882894 -0.287677 
0.740557 1 0.878648 1 0.882585 -0.291535 
0.740987 1 0.878279 1 0.882232 -0.295297 
0.741397 1 0.877931 1 0.881855 -0.298968 
0.741783 1 0.877593 1 0.881455 -0.302545 
0.74215 1 0.877257 1 0.881041 -0.306032 
0.74253 1 0.876923 1 0.880648 -0.309434 
0.742913 1 0.876607 1 0.880273 -0.312748 
0.743326 1 0.87635 1 0.879915 -0.31598 
0.743743 1 0.876106 1 0.879565 -0.319131 
0.744158 1 0.875869 1 0.879222 -0.322202 
0.74457 1 0.875637 1 0.878888 -0.325195 
0.744958 1 0.875374 1 0.878565 -0.328116 
0.745335 1 0.875111 1 0.878239 -0.330965 
0.745704 1 0.874855 1 0.877914 -0.333739 
0.746067 1 0.874605 1 0.877593 -0.336448 
0.746425 1 0.874361 1 0.877278 -0.339087 
0.746778 1 0.874124 1 0.876968 -0.341661 
0.747128 1 0.873891 1 0.876665 -0.344169 
0.747474 1 0.873665 1 0.876369 -0.346616 
0.747816 1 0.873445 1 0.876081 -0.349002 
0.748156 1 0.87323 1 0.8758 -0.351328 
0.748491 1 0.87302 1 0.875526 -0.353596 
0.748823 1 0.872816 1 0.87526 -0.355804 
0.749151 1 0.872617 1 0.875 -0.35796 
0.749475 1 0.872424 1 0.874748 -0.36006 
0.749797 1 0.872237 1 0.874503 -0.362109 
0.750114 1 0.872055 1 0.874265 -0.364106 
0.750429 1 0.871879 1 0.874034 -0.366053 
0.75074 1 0.871708 1 0.873812 -0.367948 
0.751048 1 0.871544 1 0.873596 -0.369799 
0.751354 1 0.871385 1 0.873388 -0.371603 
0.751656 1 0.871233 1 0.873187 -0.37336 
0.751955 1 0.871086 1 0.872994 -0.375074 
0.752252 1 0.870945 1 0.872808 -0.376745 
0.752546 1 0.87081 1 0.872629 -0.378375 
0.752837 1 0.870682 1 0.872458 -0.379962 
0.753127 1 0.87056 1 0.872294 -0.381512 
0.753413 1 0.870444 1 0.872138 -0.383021 
0.753698 1 0.870334 1 0.871989 -0.384493 
0.75398 1 0.87023 1 0.871847 -0.385928 
0.75426 1 0.870133 1 0.871713 -0.387326 
0.754539 1 0.870041 1 0.871586 -0.388692 
0.754815 1 0.869957 1 0.871466 -0.390024 
0.75509 1 0.869879 1 0.871354 -0.391318 
0.755362 1 0.869808 1 0.871249 -0.392582 
0.755633 1 0.869743 1 0.871152 -0.393816 
0.755903 1 0.869684 1 0.871062 -0.395015 
0.756171 1 0.869632 1 0.870979 -0.396186 
0.756438 1 0.869586 1 0.870904 -0.397327 
0.756703 1 0.869547 1 0.870836 -0.39844 
0.756968 1 0.869515 1 0.870776 -0.399526 
0.757231 1 0.869489 1 0.870723 -0.400581 
0.757495 1 0.86947 1 0.870677 -0.401613 
0.757756 1 0.869458 1 0.870639 -0.402617 
0.758018 1 0.869453 1 0.870608 -0.403597 
0.758279 1 0.869455 1 0.870585 -0.404551 
0.75854 1 0.869463 1 0.87057 -0.405482 
0.758801 1 0.869478 1 0.870562 -0.406392 
0.759062 1 0.8695 1 0.870562 -0.407277 
0.759323 1 0.86953 1 0.870569 -0.408138 
0.759584 1 0.869566 1 0.870584 -0.408979 
0.759845 1 0.869609 1 0.870606 -0.4098 
0.760108 1 0.86966 1 0.870636 -0.410597 
0.760371 1 0.869717 1 0.870675 -0.411374 
0.760635 1 0.869783 1 0.87072 -0.412131 
0.7609 1 0.869855 1 0.870774 -0.41287 
0.761166 1 0.869934 1 0.870836 -0.413591 
0.761435 1 0.870021 1 0.870905 -0.414296 
0.761704 1 0.870116 1 0.870983 -0.414982 
0.761976 1 0.870218 1 0.871068 -0.415649 
0.762251 1 0.870328 1 0.871161 -0.416299 
0.762527 1 0.870446 1 0.871263 -0.416934 
0.762806 1 0.870571 1 0.871373 -0.417555 
0.763088 1 0.870704 1 0.871491 -0.418156 
0.763374 1 0.870846 1 0.871617 -0.418742 
0.763662 1 0.870995 1 0.871752 -0.419316 
0.763954 1 0.871152 1 0.871894 -0.419875 
0.76425 1 0.871318 1 0.872046 -0.420417 
0.764551 1 0.871491 1 0.872206 -0.420949 
0.764856 1 0.871674 1 0.872375 -0.421465 
0.765165 1 0.871864 1 0.872552 -0.421969 
0.76548 1 0.872064 1 0.872738 -0.422459 
0.765799 1 0.872272 1 0.872933 -0.422937 
0.766125 1 0.872488 1 0.873138 -0.423404 
0.766456 1 0.872713 1 0.873351 -0.423859 
0.766794 1 0.872948 1 0.873573 -0.424301 
0.767138 1 0.873191 1 0.873805 -0.424733 
0.767489 1 0.873443 1 0.874045 -0.425153 
0.767848 1 0.873704 1 0.874296 -0.425562 
0.768214 1 0.873975 1 0.874555 -0.425961 
0.768588 1 0.874255 1 0.874825 -0.426352 
0.768971 1 0.874544 1 0.875104 -0.426732 
0.769362 1 0.874843 1 0.875392 -0.427101 
0.769763 1 0.875152 1 0.875691 -0.427462 
0.770173 1 0.87547 1 0.875999 -0.427812 
0.770594 1 0.875799 1 0.876317 -0.428154 
0.771025 1 0.876137 1 0.876646 -0.428487 
0.771466 1 0.876485 1 0.876985 -0.428811 
0.771918 1 0.876843 1 0.877333 -0.429126 
0.772383 1 0.877212 1 0.877693 -0.429436 
0.77286 1 0.877591 1 0.878062 -0.429736 
0.773349 1 0.87798 1 0.878442 -0.430028 
0.773851 1 0.87838 1 0.878832 -0.430313 
0.774367 1 0.878789 1 0.879233 -0.43059 
0.774897 1 0.87921 1 0.879645 -0.430861 
0.775441 1 0.879642 1 0.880067 -0.431125 
0.776001 1 0.880084 1 0.8805 -0.431381 
0.776576 1 0.880538 1 0.880944 -0.431631 
0.777167 1 0.881002 1 0.881399 -0.431875 
0.777775 1 0.881477 1 0.881865 -0.432113 
0.7784 1 0.881963 1 0.882341 -0.432343 
0.779043 1 0.882459 1 0.882829 -0.432569 
0.779704 1 0.882967 1 0.883327 -0.432788 
0.780384 1 0.883485 1 0.883836 -0.433001 
0.781082 1 0.884014 1 0.884357 -0.433208 
0.781801 1 0.884554 1 0.884888 -0.433411 
0.78254 1 0.885105 1 0.885429 -0.433608 
0.7833 1 0.885667 1 0.885982 -0.433799 
0.784081 1 0.88624 1 0.886544 -0.433985 
0.784885 1 0.886823 1 0.887117 -0.434165 
0.785712 1 0.887417 1 0.887701 -0.434342 
0.786561 1 0.88802 1 0.888295 -0.434514 
0.787434 1 0.888635 1 0.888898 -0.43468 
0.788332 1 0.889259 1 0.889512 -0.434843 
0.789255 1 0.889893 1 0.890135 -0.435003 
0.790203 1 0.890538 1 0.890768 -0.435157 
0.791176 1 0.891191 1 0.89141 -0.435306 
0.792177 1 0.891854 1 0.89206 -0.435453 
0.793204 1 0.892525 1 0.89272 -0.435595 
0.794259 1 0.893205 1 0.893387 -0.435734 
0.795341 1 0.893892 1 0.894063 -0.43587 
0.796452 1 0.894588 1 0.894745 -0.436 
0.797592 1 0.895291 1 0.895434 -0.436126 
0.798762 1 0.896 1 0.896131 -0.43625 
0.799962 1 0.896715 1 0.896832 -0.436371 
0.801191 1 0.897437 1 0.897539 -0.436489 
0.802452 1 0.898164 1 0.898251 -0.436605 
0.803743 1 0.898895 1 0.898967 -0.436715 
0.805065 1 0.89963 1 0.899686 -0.436822 
0.80642 1 0.900368 1 0.900407 -0.436928 
0.807806 1 0.901107 1 0.90113 -0.43703 
0.809225 1 0.901848 1 0.901855 -0.437127 
0.810676 1 0.90259 1 0.902579 -0.437222 
0.812159 1 0.903331 1 0.903302 -0.437314 
0.813676 1 0.904071 1 0.904023 -0.437405 
0.815225 1 0.904807 1 0.904741 -0.437493 
0.816807 1 0.905541 1 0.905455 -0.437579 
0.818421 1 0.906269 1 0.906163 -0.437659 
0.820069 1 0.906991 1 0.906865 -0.437738 
0.821749 1 0.907705 1 0.90756 -0.437814 
0.823462 1 0.908411 1 0.908245 -0.437891 
0.825207 1 0.909106 1 0.908919 -0.437965 
0.826985 1 0.90979 1 0.90958 -0.438037 
0.828794 1 0.910461 1 0.910228 -0.438106 
0.830635 1 0.911118 1 0.910861 -0.438171 
0.832507 1 0.911757 1 0.911477 -0.438237 
0.83441 1 0.91238 1 0.912076 -0.438302 
0.836342 1 0.912983 1 0.912654 -0.438361 
0.838305 1 0.913565 1 0.913211 -0.438423 
0.840296 1 0.914123 1 0.913746 -0.438481 
0.838957 1 0.913652 1 0.913328 -0.438546 
0.837871 1 0.9134 1 0.913062 -0.438601 
0.836859 1 0.913109 1 0.912762 -0.438652 
0.83586 1 0.912811 1 0.912448 -0.438702 
0.834859 1 0.912496 1 0.912132 -0.438752 
0.833861 1 0.912169 1 0.911809 -0.438799 
0.832866 1 0.911835 1 0.911481 -0.438844 
0.831896 1 0.911499 1 0.911152 -0.438889 
0.830949 1 0.911163 1 0.910825 -0.438932 
0.830025 1 0.910825 1 0.910501 -0.438974 
0.829121 1 0.910487 1 0.910179 -0.439014 
0.828244 1 0.910154 1 0.909858 -0.439052 
0.827391 1 0.909828 1 0.909537 -0.439091 
0.82656 1 0.909508 1 0.909216 -0.439129 
0.825749 1 0.909193 1 0.908893 -0.439163 
0.824958 1 0.908883 1 0.908573 -0.439199 
0.824187 1 0.908578 1 0.908255 -0.439231 
0.823437 1 0.908277 1 0.907943 -0.439263 
0.822708 1 0.90798 1 0.907635 -0.439293 
0.821999 1 0.907687 1 0.907333 -0.439321 
0.821312 1 0.907397 1 0.907037 -0.439351 
0.820644 1 0.907112 1 0.906746 -0.439378 
0.819997 1 0.906831 1 0.906463 -0.439405 
0.819371 1 0.906556 1 0.906184 -0.439432 
0.818765 1 0.906287 1 0.905913 -0.439458 
0.818179 1 0.906023 1 0.905648 -0.439483 
0.817613 1 0.905767 1 0.905389 -0.439506 
0.817068 1 0.905518 1 0.905137 -0.43953 
0.816543 1 0.905276 1 0.904892 -0.439552 
0.816037 1 0.905042 1 0.904652 -0.439572 
0.815552 1 0.904814 1 0.904422 -0.439594 
0.815085 1 0.904596 1 0.904197 -0.439615 
0.814639 1 0.904385 1 0.90398 -0.439634 
0.814213 1 0.904181 1 0.903771 -0.439654 
0.813806 1 0.903987 1 0.903571 -0.439672 
0.813419 1 0.9038 1 0.903378 -0.439691 
0.81305 1 0.903622 1 0.903195 -0.439708 
0.812701 1 0.903451 1 0.903019 -0.439727 
0.812371 1 0.90329 1 0.902851 -0.439743 
