0.385267 0 0.502308 0 0.502306 0.500001 
0.385376 0 0.503517 0 0.503001 0.498951 
0.385754 0 0.505139 0 0.50443 0.497362 
0.386271 0 0.507198 0 0.506354 0.494929 
0.386958 0 0.509601 0 0.508893 0.491263 
0.387775 0 0.512369 0 0.511842 0.485989 
0.388534 0 0.515257 0 0.514974 0.478849 
0.389375 0 0.518469 0 0.518283 0.46977 
0.390319 0 0.521954 0 0.521795 0.458831 
0.391305 0 0.525587 0 0.525473 0.446216 
0.39234 0 0.529361 0 0.529288 0.432159 
0.393422 0 0.533259 0 0.533198 0.416916 
0.394527 0 0.537216 0 0.537154 0.40074 
0.395632 0 0.541166 0 0.541103 0.383873 
0.396729 0 0.545062 0 0.544994 0.366533 
0.39755 0 0.548739 0 0.548415 0.348908 
0.398152 0 0.55222 0 0.551374 0.331156 
0.398531 0 0.555358 0 0.553937 0.313403 
0.398759 0 0.558156 0 0.556175 0.29575 
0.398896 0 0.560641 0 0.558123 0.278272 
0.398975 0 0.562827 0 0.55979 0.261026 
0.399012 0 0.564713 0 0.561181 0.244055 
0.39902 0 0.566304 0 0.562302 0.227386 
0.399015 0 0.567612 0 0.56316 0.21104 
0.398999 0 0.56864 0 0.563761 0.195029 
0.398969 0 0.569386 0 0.564108 0.179362 
0.399096 0 0.569906 0 0.564584 0.164042 
0.399313 0 0.570263 0 0.56498 0.14907 
0.399564 0 0.570429 0 0.565211 0.134443 
0.399815 0 0.570387 0 0.565256 0.12016 
0.40015 0 0.57024 0 0.56513 0.106216 
0.4006 0 0.569997 0 0.564951 0.0926055 
0.401026 0 0.569546 0 0.564674 0.0793232 
0.401522 0 0.569043 0 0.564284 0.0663631 
0.401921 0 0.56836 0 0.563669 0.0537189 
0.402308 0 0.567558 0 0.562898 0.041384 
0.402686 0 0.566645 0 0.562012 0.0293518 
0.403044 0 0.565622 0 0.561031 0.0176156 
0.403396 0 0.564514 0 0.559969 0.006169 
0.403748 0 0.563338 0 0.558842 -0.00499481 
0.404094 0 0.5621 0 0.557655 -0.0158823 
0.404428 0 0.560798 0 0.55641 -0.0264999 
0.40475 0 0.55944 0 0.555115 -0.0368538 
0.405065 0 0.558044 0 0.553781 -0.0469506 
0.405373 0 0.556615 0 0.552412 -0.056796 
0.405667 0 0.555151 0 0.551012 -0.0663963 
0.405947 0 0.553659 0 0.549586 -0.0757571 
0.406222 0 0.552152 0 0.548145 -0.0848844 
0.406487 0 0.550633 0 0.54669 -0.0937836 
0.406738 0 0.549098 0 0.54522 -0.10246 
0.406974 0 0.547551 0 0.543741 -0.11092 
0.407202 0 0.546004 0 0.542259 -0.119167 
0.407419 0 0.544456 0 0.540774 -0.127207 
0.407619 0 0.542902 0 0.539285 -0.135045 
0.407801 0 0.541344 0 0.537793 -0.142686 
0.407971 0 0.539791 0 0.536303 -0.150134 
0.408128 0 0.538241 0 0.534814 -0.157394 
0.408261 0 0.536687 0 0.533322 -0.164469 
0.408372 0 0.535129 0 0.531827 -0.171364 
0.408465 0 0.533575 0 0.530333 -0.178083 
0.408537 0 0.53202 0 0.528838 -0.184629 
0.408578 0 0.530458 0 0.527335 -0.191006 
0.408588 0 0.528885 0 0.525823 -0.197216 
0.40857 0 0.52731 0 0.524307 -0.203263 
0.408521 0 0.525728 0 0.522783 -0.209149 
0.40843 0 0.524131 0 0.521246 -0.214875 
0.408298 0 0.522519 0 0.519695 -0.220444 
0.408129 0 0.520902 0 0.518138 -0.225855 
0.407922 0 0.51928 0 0.516574 -0.23111 
0.40767 0 0.517648 0 0.515003 -0.236208 
0.407377 0 0.516013 0 0.513431 -0.241148 
0.407052 0 0.51439 0 0.511868 -0.245929 
0.406699 0 0.512783 0 0.510322 -0.250549 
0.406316 0 0.511194 0 0.508794 -0.255005 
0.405911 0 0.509629 0 0.507294 -0.259295 
0.405495 0 0.508105 0 0.505835 -0.263415 
0.405073 0 0.506626 0 0.50442 -0.267363 
0.404641 0 0.50519 0 0.503052 -0.271133 
0.404206 0 0.503801 0 0.501735 -0.274724 
0.403777 0 0.502471 0 0.500478 -0.27813 
0.403354 0 0.501202 0 0.499281 -0.281349 
0.402934 0 0.499986 0 0.498142 -0.284377 
0.402516 0 0.498826 0 0.497062 -0.28721 
0.402111 0 0.497731 0 0.496046 -0.289846 
0.401716 0 0.496699 0 0.495093 -0.292283 
0.401325 0 0.495724 0 0.494198 -0.294517 
0.400939 0 0.494807 0 0.493363 -0.296546 
0.400567 0 0.493956 0 0.492593 -0.298369 
0.400205 0 0.493169 0 0.491886 -0.299983 
0.399912 0 0.492485 0 0.491263 -0.301385 
0.399663 0 0.491898 0 0.490731 -0.302573 
0.399448 0 0.491403 0 0.490284 -0.303543 
0.399252 0 0.490984 0 0.489909 -0.304286 
0.399062 0 0.490628 0 0.489599 -0.30479 
0.398877 0 0.490338 0 0.489355 -0.305033 
0.398702 0 0.490129 0 0.489191 -0.304978 
0.398535 0 0.490013 0 0.48912 -0.304565 
0.39837 0 0.490002 0 0.489158 -0.303701 
0.398208 0 0.490128 0 0.489334 -0.302259 
0.398057 0 0.490435 0 0.489693 -0.300069 
0.397914 0 0.490967 0 0.490275 -0.296935 
0.397775 0 0.491763 0 0.491124 -0.292655 
0.397641 0 0.492868 0 0.492283 -0.287046 
0.397517 0 0.494323 0 0.493789 -0.279982 
0.397405 0 0.496141 0 0.495655 -0.271422 
0.397298 0 0.498312 0 0.497871 -0.261415 
0.397198 0 0.500812 0 0.500414 -0.250091 
0.397113 0 0.503615 0 0.503252 -0.237642 
0.397043 0 0.506672 0 0.506336 -0.224284 
0.396982 0 0.509929 0 0.509613 -0.210234 
0.396934 0 0.513343 0 0.513038 -0.195695 
0.396907 0 0.516878 0 0.516574 -0.180839 
0.396899 0 0.520499 0 0.52018 -0.165812 
0.396906 0 0.524167 0 0.523823 -0.150728 
0.396928 0 0.527857 0 0.527477 -0.135681 
0.396973 0 0.531557 0 0.531125 -0.12074 
0.397038 0 0.535248 0 0.534749 -0.105959 
0.397118 0 0.538908 0 0.538332 -0.0913775 
0.397212 0 0.542527 0 0.541862 -0.0770258 
0.397326 0 0.546103 0 0.545337 -0.062925 
0.397456 0 0.549628 0 0.548748 -0.04909 
0.397596 0 0.553086 0 0.552087 -0.0355311 
0.397745 0 0.556475 0 0.55535 -0.0222546 
0.397908 0 0.559798 0 0.558539 -0.00926408 
0.398082 0 0.563051 0 0.561651 0.00343958 
0.39826 0 0.566224 0 0.564681 0.0158566 
0.398441 0 0.569315 0 0.567629 0.0279888 
0.398631 0 0.572333 0 0.570501 0.0398391 
0.398828 0 0.575275 0 0.573295 0.0514108 
0.399025 0 0.578133 0 0.576007 0.0627081 
0.399221 0 0.580908 0 0.578641 0.0737357 
0.399422 0 0.583609 0 0.581201 0.084498 
0.399628 0 0.586235 0 0.583688 0.0950002 
0.39983 0 0.588779 0 0.586099 0.105247 
0.400029 0 0.591244 0 0.588438 0.115245 
0.400233 0 0.593638 0 0.59071 0.124998 
0.400438 0 0.595963 0 0.592916 0.134513 
0.400639 0 0.598212 0 0.595055 0.143793 
0.400837 0 0.600387 0 0.597129 0.152845 
0.401037 0 0.602498 0 0.599144 0.161674 
0.401239 0 0.604546 0 0.601102 0.170284 
0.401436 0 0.606525 0 0.603001 0.178682 
0.401628 0 0.608437 0 0.604844 0.186871 
0.401824 0 0.610294 0 0.606637 0.194858 
0.402021 0 0.612095 0 0.608381 0.202646 
0.402213 0 0.613834 0 0.610074 0.21024 
0.402401 0 0.615515 0 0.61172 0.217645 
0.402591 0 0.617147 0 0.613325 0.224866 
0.402784 0 0.618731 0 0.614889 0.231907 
0.402971 0 0.620262 0 0.616411 0.238772 
0.403155 0 0.621741 0 0.617893 0.245466 
0.403342 0 0.623179 0 0.619342 0.251992 
0.403531 0 0.624577 0 0.620758 0.258355 
0.403715 0 0.625928 0 0.622139 0.264559 
0.403896 0 0.627235 0 0.623487 0.270606 
0.404081 0 0.628507 0 0.624809 0.276502 
0.404268 0 0.629745 0 0.626104 0.28225 
0.404451 0 0.630942 0 0.627371 0.287852 
0.404631 0 0.632101 0 0.628611 0.293314 
0.404814 0 0.633232 0 0.629831 0.298637 
0.405001 0 0.634333 0 0.63103 0.303825 
0.405184 0 0.635399 0 0.632205 0.308881 
0.405364 0 0.636431 0 0.633359 0.313809 
0.405549 0 0.63744 0 0.634497 0.31861 
0.405736 0 0.638424 0 0.635619 0.323288 
0.40592 0 0.639376 0 0.636721 0.327846 
0.406102 0 0.640298 0 0.637805 0.332285 
0.406289 0 0.641199 0 0.638878 0.336609 
0.406479 0 0.642079 0 0.639936 0.34082 
0.406666 0 0.642931 0 0.640979 0.344919 
0.406851 0 0.643754 0 0.642007 0.348909 
0.407042 0 0.64456 0 0.643025 0.352791 
0.407236 0 0.645347 0 0.644033 0.356568 
0.407427 0 0.646107 0 0.645026 0.360241 
0.407616 0 0.646841 0 0.646006 0.36381 
0.407812 0 0.647558 0 0.646979 0.367278 
0.408011 0 0.648258 0 0.647942 0.370645 
0.408208 0 0.648931 0 0.648892 0.373912 
0.408403 0 0.64958 0 0.649831 0.377079 
0.408605 0 0.650213 0 0.650763 0.380146 
0.408811 0 0.650829 0 0.651686 0.383113 
0.409015 0 0.651419 0 0.652597 0.385981 
0.409218 0 0.651984 0 0.653498 0.388747 
0.409428 0 0.652534 0 0.654392 0.391412 
0.409643 0 0.653066 0 0.655278 0.393973 
0.409856 0 0.653573 0 0.656152 0.39643 
0.410068 0 0.654054 0 0.657015 0.398779 
0.410288 0 0.654519 0 0.657871 0.401019 
0.410513 0 0.654965 0 0.65872 0.403146 
0.410737 0 0.655386 0 0.659556 0.405158 
0.410962 0 0.65578 0 0.660381 0.407051 
0.411194 0 0.656157 0 0.6612 0.408822 
0.411432 0 0.656515 0 0.66201 0.410467 
0.41167 0 0.656845 0 0.662808 0.411983 
0.411909 0 0.657149 0 0.663595 0.413366 
0.412156 0 0.657434 0 0.664375 0.414613 
0.412411 0 0.6577 0 0.665147 0.415722 
0.412666 0 0.657938 0 0.665907 0.41669 
0.412922 0 0.658148 0 0.666657 0.417517 
0.413188 0 0.65834 0 0.6674 0.418201 
0.413463 0 0.658513 0 0.668137 0.418745 
0.413738 0 0.658657 0 0.668863 0.419151 
0.414017 0 0.658776 0 0.669581 0.419423 
0.414306 0 0.658877 0 0.670296 0.419567 
0.414604 0 0.658961 0 0.671008 0.419591 
0.414906 0 0.65902 0 0.671712 0.419506 
0.415211 0 0.659055 0 0.672413 0.419322 
0.415529 0 0.659076 0 0.673115 0.419054 
0.415857 0 0.659085 0 0.673819 0.418717 
0.41619 0 0.659072 0 0.674523 0.418327 
0.416529 0 0.659041 0 0.67523 0.417902 
0.416882 0 0.659002 0 0.675946 0.417462 
0.417248 0 0.658956 0 0.676672 0.417027 
0.417621 0 0.658895 0 0.677406 0.416615 
0.418004 0 0.658822 0 0.678151 0.416247 
0.418404 0 0.658748 0 0.678915 0.415942 
0.418821 0 0.658674 0 0.679699 0.41572 
0.419249 0 0.658592 0 0.680501 0.415596 
0.419692 0 0.658505 0 0.681324 0.415588 
0.420157 0 0.658423 0 0.682175 0.415709 
0.420646 0 0.658347 0 0.683056 0.41597 
0.421153 0 0.658268 0 0.683965 0.41638 
0.421682 0 0.65819 0 0.684905 0.416945 
0.422025 0 0.658086 0 0.685509 0.417668 
0.422141 0 0.6579 0 0.685774 0.418546 
0.422119 0 0.657672 0 0.685837 0.419577 
0.422037 0 0.657425 0 0.68582 0.42075 
0.421963 0 0.657182 0 0.685816 0.422053 
0.421896 0 0.656943 0 0.685822 0.423472 
0.421828 0 0.656697 0 0.685834 0.42499 
0.4218 0 0.656481 0 0.685887 0.426589 
0.421817 0 0.656302 0 0.685983 0.428248 
0.421875 0 0.656156 0 0.686118 0.429951 
0.421966 0 0.656035 0 0.686284 0.431679 
0.422092 0 0.655938 0 0.686482 0.433419 
0.42226 0 0.655874 0 0.686719 0.435158 
0.422469 0 0.655843 0 0.686993 0.436886 
0.42271 0 0.655833 0 0.687299 0.438595 
0.422985 0 0.655846 0 0.687638 0.440279 
0.4233 0 0.655889 0 0.688016 0.441934 
0.423653 0 0.65596 0 0.688431 0.443558 
0.424036 0 0.656047 0 0.688877 0.445147 
0.424447 0 0.65615 0 0.689356 0.446702 
0.424894 0 0.656276 0 0.689872 0.448222 
0.425374 0 0.65642 0 0.690423 0.449706 
0.425877 0 0.656571 0 0.691004 0.451154 
0.426403 0 0.656728 0 0.691615 0.452568 
0.426958 0 0.656898 0 0.692259 0.453948 
0.427539 0 0.657075 0 0.692935 0.455294 
0.428137 0 0.657249 0 0.693636 0.456606 
0.428752 0 0.657418 0 0.694364 0.457886 
0.429389 0 0.657588 0 0.69512 0.459134 
0.430047 0 0.657756 0 0.695904 0.460352 
0.430452 0 0.657768 0 0.696402 0.461539 
0.430605 0 0.657628 0 0.696608 0.462696 
0.430585 0 0.657397 0 0.696607 0.463825 
0.430451 0 0.657092 0 0.696478 0.464925 
0.430239 0 0.656718 0 0.696272 0.465998 
0.429976 0 0.656296 0 0.696019 0.467044 
0.429686 0 0.655854 0 0.695734 0.468064 
0.429374 0 0.655407 0 0.695418 0.469059 
0.429038 0 0.654954 0 0.695069 0.470029 
0.428683 0 0.654502 0 0.69469 0.470974 
0.428319 0 0.654061 0 0.694289 0.471896 
0.427946 0 0.653631 0 0.693866 0.472795 
0.427768 0 0.653398 0 0.693605 0.473672 
0.427716 0 0.653252 0 0.693473 0.474526 
0.427744 0 0.653168 0 0.693418 0.475359 
0.427813 0 0.653122 0 0.693398 0.476171 
0.427893 0 0.653092 0 0.693388 0.476963 
0.42798 0 0.65307 0 0.69338 0.477736 
0.428076 0 0.653062 0 0.693375 0.478488 
0.428179 0 0.653067 0 0.69337 0.479222 
0.428281 0 0.653074 0 0.693358 0.479938 
0.428382 0 0.653085 0 0.69334 0.480636 
0.42849 0 0.653108 0 0.69332 0.481316 
0.428603 0 0.653143 0 0.693297 0.48198 
0.428713 0 0.653181 0 0.693264 0.482627 
0.428823 0 0.653221 0 0.693224 0.483257 
0.428939 0 0.653275 0 0.693181 0.483872 
0.429059 0 0.65334 0 0.693134 0.484472 
0.429178 0 0.653408 0 0.693077 0.485056 
0.429296 0 0.65348 0 0.693012 0.485626 
0.429421 0 0.653565 0 0.692943 0.486182 
0.429552 0 0.653663 0 0.692869 0.486723 
0.429681 0 0.653764 0 0.692786 0.487251 
0.42981 0 0.653871 0 0.692693 0.487766 
0.429926 0 0.653992 0 0.692679 0.488268 
0.43011 0 0.654214 0 0.692738 0.488758 
0.43033 0 0.654438 0 0.692861 0.489235 
0.430554 0 0.654657 0 0.692979 0.4897 
0.430783 0 0.654873 0 0.693104 0.490154 
0.431016 0 0.655085 0 0.693233 0.490597 
0.431246 0 0.655284 0 0.693363 0.491028 
0.431485 0 0.655452 0 0.69351 0.491449 
0.431737 0 0.65561 0 0.693675 0.491859 
0.432001 0 0.65576 0 0.693855 0.492259 
0.432266 0 0.655906 0 0.694053 0.492648 
0.432529 0 0.656037 0 0.694267 0.493028 
0.432797 0 0.656157 0 0.694499 0.493399 
0.433069 0 0.656262 0 0.694745 0.49376 
0.433337 0 0.656347 0 0.694998 0.494113 
0.433602 0 0.656412 0 0.695257 0.494456 
0.433872 0 0.656469 0 0.695527 0.494791 
0.434146 0 0.656517 0 0.695807 0.495117 
0.434418 0 0.656546 0 0.696092 0.495436 
0.434657 0 0.656684 0 0.696306 0.495746 
0.434883 0 0.656894 0 0.696471 0.496049 
0.43514 0 0.65714 0 0.696668 0.496344 
0.435428 0 0.657403 0 0.696895 0.496631 
0.435745 0 0.657682 0 0.697155 0.496912 
0.436097 0 0.657991 0 0.697447 0.497185 
0.436421 0 0.658322 0 0.697679 0.497452 
0.436727 0 0.658667 0 0.697885 0.497712 
0.437027 0 0.659028 0 0.698082 0.497966 
0.437337 0 0.659415 0 0.698285 0.498213 
0.437658 0 0.659829 0 0.698495 0.498454 
0.437983 0 0.660263 0 0.698711 0.498689 
0.438312 0 0.660721 0 0.698936 0.498918 
0.438654 0 0.661214 0 0.699177 0.499141 
0.439005 0 0.661745 0 0.699434 0.499359 
0.439359 0 0.662311 0 0.699709 0.499571 
0.439714 0 0.662917 0 0.700008 0.499778 
0.440079 0 0.663582 0 0.700342 0.49998 
0.440451 0 0.664313 0 0.700717 0.500177 
0.440822 0 0.665114 0 0.701138 0.500369 
0.441193 0 0.665995 0 0.701614 0.500556 
0.441571 0 0.666979 0 0.702157 0.500738 
0.441953 0 0.668073 0 0.70277 0.500916 
0.442332 0 0.669274 0 0.703451 0.501089 
0.442709 0 0.670587 0 0.704197 0.501258 
0.44309 0 0.67202 0 0.705006 0.501423 
0.443474 0 0.673565 0 0.705866 0.501584 
0.443853 0 0.675205 0 0.706761 0.501741 
0.444228 0 0.676926 0 0.707675 0.501893 
0.444834 0 0.678823 0 0.708852 0.502042 
0.445564 0 0.680874 0 0.710162 0.502188 
0.446339 0 0.68302 0 0.7115 0.502329 
0.447353 0 0.685354 0 0.713075 0.502467 
0.448124 0 0.68748 0 0.71432 0.502602 
0.449158 0 0.689841 0 0.715766 0.502733 
0.450186 0 0.692126 0 0.717158 0.502861 
0.45121 0 0.694325 0 0.718487 0.502986 
0.452008 0 0.696253 0 0.719498 0.503107 
0.45305 0 0.698382 0 0.720625 0.503226 
0.454063 0 0.700304 0 0.721698 0.503342 
0.455053 0 0.702085 0 0.722678 0.503455 
0.456089 0 0.703771 0 0.723637 0.503564 
0.457107 0 0.705317 0 0.7245 0.503672 
0.458121 0 0.706751 0 0.72527 0.503776 
0.459133 0 0.708077 0 0.725954 0.503878 
0.460151 0 0.70931 0 0.72656 0.503977 
0.461173 0 0.710456 0 0.727091 0.504074 
0.462053 0 0.711453 0 0.727372 0.504168 
0.46311 0 0.712536 0 0.727737 0.504261 
0.464205 0 0.713514 0 0.728149 0.50435 
0.465324 0 0.714418 0 0.728564 0.504438 
0.466568 0 0.715364 0 0.729061 0.504523 
0.467707 0 0.716196 0 0.729416 0.504606 
0.468949 0 0.717057 0 0.729849 0.504687 
0.470198 0 0.717892 0 0.730267 0.504766 
0.471445 0 0.718697 0 0.730672 0.504843 
0.472683 0 0.719429 0 0.731103 0.504918 
0.473952 0 0.720146 0 0.731584 0.504991 
0.475279 0 0.720874 0 0.732146 0.505062 
0.476681 0 0.721624 0 0.732811 0.505132 
0.478174 0 0.722413 0 0.733602 0.5052 
0.479775 0 0.723257 0 0.734537 0.505266 
0.481488 0 0.72416 0 0.73562 0.50533 
0.483303 0 0.725114 0 0.736849 0.505393 
0.485219 0 0.726119 0 0.73822 0.505454 
0.487234 0 0.727182 0 0.73973 0.505513 
0.489336 0 0.7283 0 0.741364 0.505571 
0.491506 0 0.729457 0 0.743104 0.505627 
0.493732 0 0.730652 0 0.744937 0.505682 
0.496007 0 0.731887 0 0.746852 0.505736 
0.498317 0 0.73316 0 0.748832 0.505788 
0.500644 0 0.734455 0 0.75086 0.505839 
0.502978 0 0.735773 0 0.752927 0.505888 
0.505318 0 0.737115 0 0.755027 0.505936 
0.507655 0 0.738487 0 0.75715 0.505983 
0.50999 0 0.739875 0 0.759302 0.506029 
0.512324 0 0.741279 0 0.761483 0.506073 
0.514635 0 0.742722 0 0.763664 0.506116 
0.516952 0 0.744191 0 0.765876 0.506157 
0.519268 0 0.745676 0 0.768117 0.506198 
0.521584 0 0.747176 0 0.770387 0.506237 
0.523852 0 0.748731 0 0.772628 0.506275 
0.526127 0 0.750312 0 0.774903 0.506312 
0.528402 0 0.751907 0 0.777204 0.506347 
0.530678 0 0.753516 0 0.779534 0.506381 
0.532962 0 0.755147 0 0.781896 0.506414 
0.535254 0 0.756799 0 0.784286 0.506446 
0.537456 0 0.758522 0 0.786615 0.506476 
0.538924 0 0.759649 0 0.788604 0.506505 
0.54 0 0.760606 0 0.790056 0.506532 
0.540917 0 0.761569 0 0.791137 0.506558 
0.541733 0 0.762529 0 0.792069 0.506582 
0.542552 0 0.763506 0 0.79303 0.506605 
0.543381 0 0.764508 0 0.794023 0.506625 
0.54422 0 0.765533 0 0.795046 0.506643 
0.545062 0 0.766572 0 0.796094 0.506659 
0.545907 0 0.767625 0 0.797168 0.506673 
0.546763 0 0.7687 0 0.798273 0.506684 
0.547629 0 0.769797 0 0.799404 0.506691 
0.548498 0 0.770905 0 0.800559 0.506696 
0.549187 0 0.77182 0 0.801824 0.506696 
0.549888 0 0.772759 0 0.803117 0.506692 
0.550598 0 0.773719 0 0.804434 0.506682 
0.551267 0 0.774757 0 0.805553 0.506667 
0.551874 0 0.77579 0 0.806502 0.506645 
0.552357 0 0.776773 0 0.807371 0.506615 
0.552829 0 0.777803 0 0.808155 0.506576 
0.55322 0 0.778793 0 0.808889 0.506527 
0.553637 0 0.779835 0 0.809588 0.506465 
0.554076 0 0.78091 0 0.810291 0.506389 
0.554478 0 0.781966 0 0.81106 0.506296 
0.554838 0 0.782996 0 0.811791 0.506184 
0.555226 0 0.78407 0 0.812471 0.506048 
0.555581 0 0.785114 0 0.813171 0.505886 
0.55591 0 0.786144 0 0.813839 0.505692 
0.556223 0 0.787165 0 0.814473 0.505461 
0.556515 0 0.788173 0 0.815082 0.505186 
0.556803 0 0.789184 0 0.815675 0.504859 
0.557089 0 0.790199 0 0.816255 0.504471 
0.557369 0 0.791211 0 0.816819 0.504011 
0.557645 0 0.792217 0 0.817365 0.503466 
0.557925 0 0.793225 0 0.817896 0.502819 
0.558207 0 0.794231 0 0.818408 0.502053 
0.558484 0 0.795223 0 0.818893 0.501146 
0.558758 0 0.796199 0 0.819348 0.500071 
0.559035 0 0.797164 0 0.819773 0.498797 
0.559314 0 0.798112 0 0.820161 0.497288 
0.559589 0 0.79903 0 0.820503 0.4955 
0.559859 0 0.79991 0 0.820792 0.493383 
0.560134 0 0.800755 0 0.821023 0.490875 
0.56041 0 0.801552 0 0.821184 0.487908 
0.560681 0 0.802283 0 0.821258 0.484402 
0.560948 0 0.802934 0 0.821232 0.480265 
0.561218 0 0.803496 0 0.821092 0.4754 
0.56149 0 0.803952 0 0.820816 0.469702 
0.561756 0 0.804269 0 0.820379 0.463066 
0.562018 0 0.804427 0 0.819757 0.455396 
0.562282 0 0.80441 0 0.818932 0.446618 
0.562547 0 0.804196 0 0.81788 0.43669 
0.562805 0 0.803757 0 0.81658 0.425612 
0.562629 0 0.802431 0 0.81428 0.413432 
0.562076 0 0.80026 0 0.81118 0.400243 
0.561309 0 0.79742 0 0.807566 0.386168 
0.560436 0 0.794123 0 0.803638 0.371355 
0.559568 0 0.790573 0 0.799479 0.355959 
0.558714 0 0.786806 0 0.795124 0.340133 
0.55787 0 0.782853 0 0.790603 0.324015 
0.557066 0 0.778781 0 0.786027 0.307728 
0.556294 0 0.774619 0 0.781407 0.291375 
0.555551 0 0.770395 0 0.776759 0.275044 
0.554829 0 0.766129 0 0.772099 0.258803 
0.554117 0 0.76184 0 0.767445 0.242707 
0.553416 0 0.757549 0 0.76282 0.2268 
0.552734 0 0.753285 0 0.758244 0.211116 
0.552067 0 0.749062 0 0.753731 0.195678 
0.551411 0 0.744888 0 0.749289 0.180506 
0.550766 0 0.740775 0 0.744929 0.165614 
0.550141 0 0.736742 0 0.740664 0.151011 
0.549535 0 0.732795 0 0.736497 0.136703 
0.548942 0 0.728935 0 0.732432 0.122694 
0.548364 0 0.725167 0 0.728473 0.108986 
0.547809 0 0.721505 0 0.724628 0.0955791 
0.547277 0 0.71795 0 0.720896 0.0824712 
0.546674 0 0.714251 0 0.717022 0.0696603 
0.546032 0 0.710498 0 0.713121 0.0571434 
0.545386 0 0.706777 0 0.70928 0.0449166 
0.544752 0 0.703142 0 0.705539 0.0329756 
0.544131 0 0.699605 0 0.7019 0.0213162 
0.543526 0 0.696172 0 0.698368 0.00993323 
0.542947 0 0.692856 0 0.694956 -0.00117803 
0.542394 0 0.689658 0 0.691663 -0.0120229 
0.541862 0 0.686571 0 0.688486 -0.0226067 
0.541334 0 0.683533 0 0.685368 -0.0329346 
0.540818 0 0.680554 0 0.682317 -0.0430119 
0.540312 0 0.677641 0 0.679337 -0.0528439 
0.539814 0 0.674797 0 0.676433 -0.062436 
0.539326 0 0.672026 0 0.673609 -0.0717933 
0.538857 0 0.669339 0 0.670871 -0.0809212 
0.538405 0 0.666733 0 0.668216 -0.0898246 
0.537963 0 0.664199 0 0.665637 -0.0985088 
0.537532 0 0.661734 0 0.663131 -0.106979 
0.537118 0 0.659344 0 0.660701 -0.115239 
0.53672 0 0.657024 0 0.658342 -0.123295 
0.53633 0 0.654766 0 0.65605 -0.131151 
0.53595 0 0.652571 0 0.653824 -0.138812 
0.535587 0 0.650444 0 0.651667 -0.146283 
0.535239 0 0.648382 0 0.649577 -0.153567 
0.534899 0 0.646378 0 0.647548 -0.160669 
0.534568 0 0.644431 0 0.645579 -0.167594 
0.534253 0 0.642546 0 0.643673 -0.174345 
0.533952 0 0.640721 0 0.641827 -0.180927 
0.533659 0 0.638947 0 0.640037 -0.187344 
0.533375 0 0.637224 0 0.6383 -0.193599 
0.533105 0 0.635558 0 0.636622 -0.199696 
0.532849 0 0.633947 0 0.634998 -0.20564 
0.5326 0 0.632381 0 0.633424 -0.211433 
0.532359 0 0.630862 0 0.631899 -0.217079 
0.532132 0 0.629394 0 0.630426 -0.222582 
0.531918 0 0.627976 0 0.629004 -0.227945 
0.53171 0 0.626599 0 0.627626 -0.233171 
0.531509 0 0.625264 0 0.626293 -0.238264 
0.531322 0 0.623976 0 0.625008 -0.243226 
0.531147 0 0.622733 0 0.623769 -0.24806 
0.530977 0 0.621527 0 0.62257 -0.25277 
0.530814 0 0.620358 0 0.621411 -0.257358 
0.530664 0 0.619233 0 0.620297 -0.261827 
0.530526 0 0.618149 0 0.619224 -0.26618 
0.530392 0 0.617099 0 0.618189 -0.27042 
0.530264 0 0.616082 0 0.61719 -0.274548 
0.530149 0 0.615104 0 0.616232 -0.278567 
0.530045 0 0.614165 0 0.615312 -0.282481 
0.529945 0 0.613256 0 0.614426 -0.286291 
0.52985 0 0.612376 0 0.613574 -0.289999 
0.529768 0 0.611534 0 0.612759 -0.293608 
0.529696 0 0.610726 0 0.61198 -0.29712 
0.529627 0 0.609946 0 0.611232 -0.300536 
0.529564 0 0.609193 0 0.610514 -0.30386 
0.529512 0 0.608474 0 0.609832 -0.307092 
0.52947 0 0.607787 0 0.609182 -0.310236 
0.529432 0 0.607124 0 0.608561 -0.313292 
0.529398 0 0.606486 0 0.607968 -0.316262 
0.529375 0 0.60588 0 0.607408 -0.319149 
0.529362 0 0.605304 0 0.606879 -0.321954 
0.529352 0 0.60475 0 0.606377 -0.324678 
0.529346 0 0.604218 0 0.6059 -0.327324 
0.529351 0 0.603716 0 0.605454 -0.329892 
0.529365 0 0.603241 0 0.605037 -0.332384 
0.529382 0 0.602787 0 0.604645 -0.334802 
0.529402 0 0.602353 0 0.604276 -0.337147 
0.529434 0 0.601947 0 0.603937 -0.33942 
0.529474 0 0.601567 0 0.603626 -0.341623 
0.529517 0 0.601205 0 0.603337 -0.343757 
0.529563 0 0.600861 0 0.60307 -0.345823 
0.529619 0 0.600544 0 0.602832 -0.347822 
0.529685 0 0.600251 0 0.60262 -0.349755 
0.529752 0 0.599975 0 0.602428 -0.351624 
0.529823 0 0.599716 0 0.602258 -0.353429 
0.529904 0 0.599482 0 0.602115 -0.355172 
0.529994 0 0.59927 0 0.601997 -0.356853 
0.530085 0 0.599074 0 0.601898 -0.358473 
0.53018 0 0.598894 0 0.60182 -0.360033 
0.530285 0 0.598737 0 0.601768 -0.361534 
0.530398 0 0.598601 0 0.601739 -0.362977 
0.530513 0 0.59848 0 0.601729 -0.364362 
0.530631 0 0.598373 0 0.601739 -0.36569 
0.530759 0 0.598288 0 0.601773 -0.366961 
0.530895 0 0.598224 0 0.601831 -0.368177 
0.531033 0 0.598173 0 0.601907 -0.369337 
0.531174 0 0.598135 0 0.602001 -0.370441 
0.531325 0 0.598119 0 0.60212 -0.371491 
0.531484 0 0.598122 0 0.602261 -0.372487 
0.531644 0 0.598137 0 0.60242 -0.373428 
0.531808 0 0.598165 0 0.602598 -0.374315 
0.531981 0 0.598214 0 0.602799 -0.375148 
0.532055 0 0.598085 0 0.602717 -0.375927 
0.532047 0 0.597812 0 0.602431 -0.376651 
0.531985 0 0.597484 0 0.60205 -0.377322 
0.531903 0 0.597167 0 0.601665 -0.377938 
0.53183 0 0.596883 0 0.601313 -0.3785 
0.531759 0 0.596623 0 0.600989 -0.379007 
0.531692 0 0.59639 0 0.600694 -0.37946 
0.531674 0 0.596221 0 0.600533 -0.379857 
0.53168 0 0.596059 0 0.600407 -0.380198 
0.531687 0 0.595887 0 0.600275 -0.380482 
0.53169 0 0.595709 0 0.600135 -0.380708 
0.531698 0 0.595547 0 0.600005 -0.380875 
0.531713 0 0.595411 0 0.599895 -0.380982 
0.53173 0 0.595296 0 0.599803 -0.381027 
0.53175 0 0.595202 0 0.599731 -0.381009 
0.531779 0 0.595135 0 0.59968 -0.380926 
0.531814 0 0.595091 0 0.599647 -0.380776 
0.531848 0 0.595061 0 0.599625 -0.380557 
0.531882 0 0.595047 0 0.599615 -0.380266 
0.531923 0 0.595057 0 0.599624 -0.379902 
0.531969 0 0.595092 0 0.599651 -0.37946 
0.532013 0 0.595145 0 0.599692 -0.378939 
0.532058 0 0.595218 0 0.59975 -0.378335 
0.532109 0 0.595319 0 0.599829 -0.377646 
0.532165 0 0.595448 0 0.599931 -0.376867 
0.53222 0 0.595598 0 0.600049 -0.375995 
0.532274 0 0.595771 0 0.600186 -0.375027 
0.532267 0 0.595865 0 0.600225 -0.37396 
0.532221 0 0.595909 0 0.600215 -0.372789 
0.532173 0 0.59596 0 0.600205 -0.371512 
0.532133 0 0.596045 0 0.600232 -0.370126 
0.532108 0 0.596178 0 0.600311 -0.368629 
0.532098 0 0.596359 0 0.600438 -0.367016 
0.532093 0 0.596578 0 0.600606 -0.365287 
0.532092 0 0.596829 0 0.60081 -0.363439 
0.532101 0 0.597118 0 0.601053 -0.361471 
0.532118 0 0.597443 0 0.601333 -0.359382 
0.532135 0 0.597795 0 0.601646 -0.357171 
0.532153 0 0.598177 0 0.601993 -0.354839 
0.532181 0 0.598597 0 0.602381 -0.352386 
0.532216 0 0.599056 0 0.60281 -0.349813 
0.532252 0 0.599546 0 0.603275 -0.347123 
0.532289 0 0.600067 0 0.603776 -0.344319 
0.532335 0 0.600627 0 0.604319 -0.341403 
0.532331 0 0.601138 0 0.604825 -0.338379 
0.532283 0 0.601613 0 0.605292 -0.335253 
0.532208 0 0.602082 0 0.605745 -0.332029 
0.532124 0 0.60257 0 0.606208 -0.328713 
0.532034 0 0.603082 0 0.606688 -0.32531 
0.531934 0 0.603609 0 0.607179 -0.321828 
0.531824 0 0.604147 0 0.607683 -0.318272 
0.531711 0 0.604701 0 0.608201 -0.314648 
0.531593 0 0.605269 0 0.608732 -0.310962 
0.531463 0 0.605839 0 0.60927 -0.307221 
0.531321 0 0.606412 0 0.609811 -0.303428 
0.531172 0 0.606992 0 0.61036 -0.299589 
0.531014 0 0.607575 0 0.61091 -0.295708 
0.530839 0 0.608153 0 0.611455 -0.291787 
0.530645 0 0.608723 0 0.611993 -0.28783 
0.53044 0 0.609292 0 0.612527 -0.283836 
0.530219 0 0.609858 0 0.613055 -0.279807 
0.529975 0 0.610412 0 0.613572 -0.275741 
0.529708 0 0.610953 0 0.614077 -0.271637 
0.529424 0 0.61149 0 0.614576 -0.267491 
0.529119 0 0.61202 0 0.615066 -0.2633 
0.528786 0 0.612536 0 0.615545 -0.259059 
0.528423 0 0.613039 0 0.616012 -0.254762 
0.528037 0 0.613538 0 0.616475 -0.250403 
0.527626 0 0.614032 0 0.616934 -0.245976 
0.527181 0 0.614517 0 0.617385 -0.241477 
0.526705 0 0.614995 0 0.617834 -0.236902 
0.526204 0 0.615477 0 0.618288 -0.232247 
0.52568 0 0.615966 0 0.618749 -0.227513 
0.525126 0 0.616456 0 0.619218 -0.222701 
0.524548 0 0.616953 0 0.619699 -0.217816 
0.523956 0 0.617468 0 0.620201 -0.212863 
0.523352 0 0.618001 0 0.620726 -0.207851 
0.522733 0 0.618549 0 0.621274 -0.20279 
0.522105 0 0.619112 0 0.621846 -0.197691 
0.521518 0 0.61973 0 0.62246 -0.192566 
0.521044 0 0.620446 0 0.62314 -0.187425 
0.520633 0 0.621241 0 0.623892 -0.18228 
0.520257 0 0.622084 0 0.62469 -0.177142 
0.519903 0 0.622956 0 0.625517 -0.172019 
0.51956 0 0.623839 0 0.626357 -0.166922 
0.519216 0 0.624721 0 0.627202 -0.161857 
0.51887 0 0.625597 0 0.628048 -0.156831 
0.518529 0 0.626473 0 0.628897 -0.15185 
0.518192 0 0.627346 0 0.629747 -0.146916 
0.517851 0 0.628209 0 0.630593 -0.142032 
0.517509 0 0.629061 0 0.631436 -0.137194 
0.517173 0 0.629914 0 0.632281 -0.132396 
0.516841 0 0.630769 0 0.63313 -0.127625 
0.516508 0 0.631623 0 0.633985 -0.122863 
0.516176 0 0.632485 0 0.634852 -0.11808 
0.51585 0 0.633373 0 0.635748 -0.113237 
0.515532 0 0.634298 0 0.636682 -0.108284 
0.515213 0 0.63527 0 0.637669 -0.103157 
0.514896 0 0.636308 0 0.638727 -0.0977854 
0.514589 0 0.63744 0 0.639879 -0.0920952 
0.51429 0 0.638682 0 0.641144 -0.0860146 
0.513993 0 0.640044 0 0.642532 -0.0794838 
0.513699 0 0.641537 0 0.644055 -0.0724599 
0.513416 0 0.643174 0 0.645723 -0.0649226 
0.513144 0 0.644953 0 0.647532 -0.0568757 
0.512875 0 0.646861 0 0.649471 -0.0483447 
0.512611 0 0.648885 0 0.65153 -0.0393733 
0.512359 0 0.65102 0 0.653696 -0.030018 
0.512119 0 0.653246 0 0.65595 -0.0203425 
0.511883 0 0.655538 0 0.65827 -0.0104127 
0.511654 0 0.657878 0 0.660638 -0.00029349 
0.511439 0 0.660258 0 0.663041 0.00995451 
0.511236 0 0.662661 0 0.66546 0.0202765 
0.511038 0 0.665065 0 0.66788 0.030624 
0.510847 0 0.667459 0 0.670287 0.0409554 
0.51067 0 0.669841 0 0.672676 0.0512354 
0.510505 0 0.672202 0 0.675036 0.0614345 
0.510346 0 0.674525 0 0.677357 0.0715283 
0.510193 0 0.676807 0 0.679635 0.0814972 
0.510053 0 0.679051 0 0.681867 0.0913252 
0.509925 0 0.681251 0 0.684048 0.101 
0.509802 0 0.683398 0 0.686174 0.110512 
0.509684 0 0.685489 0 0.688244 0.119853 
0.509579 0 0.687533 0 0.690258 0.129019 
0.509483 0 0.689525 0 0.692217 0.138005 
0.509391 0 0.69146 0 0.694115 0.146809 
0.509303 0 0.693335 0 0.695956 0.15543 
0.509226 0 0.695161 0 0.697742 0.163867 
0.509157 0 0.696937 0 0.699472 0.172121 
0.50909 0 0.698654 0 0.701146 0.180191 
0.509026 0 0.700315 0 0.702764 0.188081 
0.508971 0 0.701929 0 0.704333 0.195791 
0.508923 0 0.703495 0 0.705851 0.203323 
0.508876 0 0.705008 0 0.707318 0.21068 
0.50883 0 0.706468 0 0.708736 0.217865 
0.508792 0 0.707886 0 0.71011 0.224879 
0.508761 0 0.709261 0 0.71144 0.231726 
0.508729 0 0.710588 0 0.712725 0.238409 
0.508698 0 0.711867 0 0.713968 0.244929 
0.508674 0 0.713109 0 0.715174 0.251292 
0.508655 0 0.714314 0 0.716343 0.257498 
0.508636 0 0.715475 0 0.717473 0.263551 
0.508617 0 0.716594 0 0.718568 0.269455 
0.508605 0 0.717682 0 0.719633 0.275212 
0.508599 0 0.718738 0 0.720666 0.280824 
0.508591 0 0.719755 0 0.721667 0.286295 
0.508584 0 0.720735 0 0.722639 0.291628 
0.508584 0 0.721689 0 0.723587 0.296825 
0.50859 0 0.722615 0 0.724508 0.301888 
0.508595 0 0.723507 0 0.725404 0.306821 
0.508601 0 0.724367 0 0.726276 0.311626 
0.508615 0 0.725205 0 0.727128 0.316306 
0.508636 0 0.726019 0 0.72796 0.320863 
0.508657 0 0.726804 0 0.728771 0.325299 
0.50868 0 0.727559 0 0.729563 0.329617 
0.508712 0 0.728296 0 0.73034 0.33382 
0.508752 0 0.729013 0 0.731102 0.337909 
0.508795 0 0.729704 0 0.731847 0.341888 
0.508841 0 0.730369 0 0.732577 0.345759 
0.508899 0 0.731019 0 0.733297 0.349525 
0.508968 0 0.731652 0 0.734006 0.353187 
0.509042 0 0.732261 0 0.734703 0.35675 
0.509123 0 0.732848 0 0.735391 0.360217 
0.509219 0 0.733423 0 0.736074 0.36359 
0.509331 0 0.733984 0 0.736751 0.366873 
0.509453 0 0.734525 0 0.737422 0.37007 
0.509589 0 0.735047 0 0.738091 0.373186 
0.509746 0 0.73556 0 0.738761 0.376224 
0.509926 0 0.736064 0 0.739434 0.37919 
0.510124 0 0.736552 0 0.740111 0.382089 
0.510346 0 0.737026 0 0.740795 0.384926 
0.510601 0 0.737498 0 0.741492 0.387705 
0.510891 0 0.737967 0 0.742204 0.390433 
0.511213 0 0.738427 0 0.742933 0.393114 
0.511573 0 0.738883 0 0.743685 0.395751 
0.511982 0 0.739345 0 0.744465 0.398349 
0.512441 0 0.739816 0 0.745276 0.400909 
0.512948 0 0.740289 0 0.746119 0.403432 
0.513504 0 0.74077 0 0.746997 0.405918 
0.514117 0 0.74127 0 0.747911 0.408366 
0.514785 0 0.741789 0 0.74886 0.410774 
0.515497 0 0.742321 0 0.749839 0.413139 
0.516252 0 0.742868 0 0.750844 0.41546 
0.517049 0 0.743437 0 0.751873 0.417735 
0.517663 0 0.744242 0 0.752586 0.419961 
0.518516 0 0.744899 0 0.753631 0.42214 
0.519187 0 0.745747 0 0.754414 0.424268 
0.520075 0 0.746434 0 0.755459 0.426348 
0.520781 0 0.747314 0 0.756241 0.428378 
0.521668 0 0.747995 0 0.757255 0.430359 
0.52236 0 0.748892 0 0.757934 0.432293 
0.523278 0 0.74962 0 0.758994 0.434179 
0.524026 0 0.750528 0 0.7598 0.436019 
0.524936 0 0.751226 0 0.760845 0.437813 
0.525645 0 0.752083 0 0.761551 0.439563 
0.52652 0 0.752754 0 0.762527 0.441269 
0.527229 0 0.753618 0 0.763218 0.442933 
0.528122 0 0.754311 0 0.764257 0.444555 
0.528842 0 0.755141 0 0.76501 0.446137 
0.529714 0 0.755793 0 0.766021 0.44768 
0.530449 0 0.756452 0 0.766882 0.449184 
0.531319 0 0.757013 0 0.767964 0.450651 
0.532017 0 0.757709 0 0.768752 0.452081 
0.532845 0 0.75826 0 0.769765 0.453475 
0.53355 0 0.75882 0 0.770632 0.454834 
0.534371 0 0.759292 0 0.771696 0.456159 
0.535032 0 0.759883 0 0.772484 0.457452 
0.535809 0 0.760341 0 0.773478 0.458712 
0.536531 0 0.760812 0 0.774402 0.45994 
0.537211 0 0.761244 0 0.775294 0.461138 
0.537947 0 0.761645 0 0.776264 0.462306 
0.538635 0 0.76204 0 0.777184 0.463444 
0.53941 0 0.762393 0 0.778243 0.464554 
0.540043 0 0.762831 0 0.779062 0.465637 
0.540757 0 0.763147 0 0.780056 0.466692 
0.541519 0 0.76342 0 0.781128 0.467721 
0.542135 0 0.763794 0 0.781936 0.468724 
0.542811 0 0.764042 0 0.782895 0.469703 
0.543429 0 0.764268 0 0.783807 0.470656 
0.54401 0 0.764446 0 0.784697 0.471586 
0.54472 0 0.764646 0 0.785774 0.472493 
0.545502 0 0.764872 0 0.786932 0.473377 
0.546311 0 0.7651 0 0.788116 0.474238 
0.547131 0 0.765323 0 0.789308 0.475079 
0.547953 0 0.765531 0 0.790504 0.475898 
0.548766 0 0.765715 0 0.7917 0.476697 
0.54957 0 0.765872 0 0.792898 0.477476 
0.550373 0 0.76601 0 0.794098 0.478235 
0.551171 0 0.766127 0 0.795299 0.478976 
0.551956 0 0.766209 0 0.796498 0.479697 
0.55273 0 0.766258 0 0.797698 0.480401 
0.5535 0 0.766281 0 0.798901 0.481087 
0.554265 0 0.766278 0 0.800105 0.481757 
0.555019 0 0.76624 0 0.801309 0.482409 
0.555761 0 0.766166 0 0.802514 0.483045 
0.5565 0 0.766065 0 0.803722 0.483665 
0.557235 0 0.765937 0 0.804932 0.48427 
0.557958 0 0.76577 0 0.806141 0.484859 
0.558671 0 0.765566 0 0.807351 0.485434 
0.55938 0 0.765334 0 0.808564 0.485995 
0.560086 0 0.765071 0 0.809779 0.486541 
0.56078 0 0.764769 0 0.810994 0.487074 
0.561464 0 0.764427 0 0.812209 0.487593 
0.562145 0 0.764055 0 0.813427 0.4881 
0.562822 0 0.763651 0 0.814646 0.488593 
0.563488 0 0.763206 0 0.815865 0.489075 
0.564144 0 0.762719 0 0.817084 0.489544 
0.564797 0 0.762201 0 0.818306 0.490002 
0.565446 0 0.761649 0 0.819529 0.490448 
0.566083 0 0.761055 0 0.820752 0.490883 
0.566711 0 0.760417 0 0.821974 0.491307 
0.567335 0 0.759747 0 0.823199 0.491721 
0.567955 0 0.759041 0 0.824426 0.492124 
0.568563 0 0.758291 0 0.825652 0.492517 
0.56916 0 0.757497 0 0.826879 0.492901 
0.569753 0 0.756669 0 0.828109 0.493275 
0.57034 0 0.755804 0 0.829342 0.493639 
0.570767 0 0.755575 0 0.830141 0.493993 
0.571131 0 0.755703 0 0.830765 0.494341 
0.571498 0 0.756013 0 0.831291 0.494678 
0.571802 0 0.756162 0 0.831842 0.495007 
0.572101 0 0.756304 0 0.832402 0.495328 
0.572397 0 0.756447 0 0.832979 0.495642 
0.572697 0 0.756608 0 0.833585 0.495947 
0.573001 0 0.756799 0 0.834228 0.496244 
0.573301 0 0.757021 0 0.834919 0.496535 
0.573598 0 0.757292 0 0.835674 0.496817 
0.573899 0 0.757638 0 0.836513 0.497093 
0.574204 0 0.758073 0 0.837448 0.497362 
0.574504 0 0.758602 0 0.838489 0.497624 
0.574994 0 0.759533 0 0.839694 0.49788 
0.575594 0 0.760753 0 0.841035 0.498129 
0.576257 0 0.762191 0 0.842481 0.498372 
0.576954 0 0.763786 0 0.844013 0.498609 
0.577677 0 0.765496 0 0.845617 0.49884 
0.57843 0 0.767304 0 0.847277 0.499065 
0.579207 0 0.769189 0 0.848966 0.499285 
0.579998 0 0.771122 0 0.850657 0.499499 
0.5808 0 0.773085 0 0.852328 0.499708 
0.581618 0 0.775071 0 0.853966 0.499911 
0.582449 0 0.777062 0 0.855557 0.50011 
0.583283 0 0.779031 0 0.857087 0.500303 
0.584119 0 0.780966 0 0.858549 0.500492 
0.584965 0 0.782865 0 0.85994 0.500676 
0.585816 0 0.784714 0 0.861251 0.500855 
0.586664 0 0.786496 0 0.862473 0.50103 
0.587509 0 0.788202 0 0.863602 0.501201 
0.588357 0 0.789832 0 0.864635 0.501367 
0.589263 0 0.79169 0 0.865494 0.501529 
0.590187 0 0.793525 0 0.86621 0.501687 
0.591099 0 0.795272 0 0.866761 0.501841 
0.592227 0 0.796997 0 0.86736 0.501992 
0.593124 0 0.798651 0 0.867615 0.502138 
0.594021 0 0.800175 0 0.867769 0.502281 
0.595103 0 0.801566 0 0.867982 0.50242 
0.596193 0 0.802829 0 0.868097 0.502556 
0.597289 0 0.80397 0 0.868114 0.502688 
0.598384 0 0.804983 0 0.868038 0.502817 
0.59948 0 0.805878 0 0.867874 0.502943 
0.600585 0 0.806671 0 0.867633 0.503066 
0.601697 0 0.807371 0 0.867323 0.503185 
0.60266 0 0.808018 0 0.866827 0.503302 
0.603626 0 0.808589 0 0.866279 0.503415 
0.604603 0 0.809104 0 0.865689 0.503526 
0.605588 0 0.80957 0 0.865065 0.503634 
0.606577 0 0.809988 0 0.864413 0.503739 
0.607568 0 0.810367 0 0.863742 0.503842 
0.608571 0 0.810724 0 0.863062 0.503942 
0.609584 0 0.811066 0 0.862379 0.50404 
0.610642 0 0.811108 0 0.861866 0.504135 
0.611753 0 0.81102 0 0.861469 0.504228 
0.612933 0 0.810873 0 0.861196 0.504318 
0.614185 0 0.810711 0 0.861012 0.504406 
0.615514 0 0.810521 0 0.860934 0.504492 
0.616935 0 0.810315 0 0.860979 0.504576 
0.618469 0 0.810111 0 0.861163 0.504658 
0.620118 0 0.809914 0 0.86149 0.504737 
0.621878 0 0.809716 0 0.861962 0.504815 
0.623746 0 0.809521 0 0.862578 0.504891 
0.625723 0 0.80934 0 0.863334 0.504964 
0.627797 0 0.809174 0 0.864218 0.505036 
0.62995 0 0.80902 0 0.865221 0.505107 
0.632171 0 0.80888 0 0.866331 0.505175 
0.634455 0 0.808768 0 0.867538 0.505242 
0.636787 0 0.808687 0 0.868829 0.505307 
0.639148 0 0.808633 0 0.870193 0.50537 
0.641529 0 0.808608 0 0.871621 0.505432 
0.643927 0 0.808627 0 0.873106 0.505492 
0.646332 0 0.808686 0 0.874638 0.505551 
0.648732 0 0.808789 0 0.876214 0.505608 
0.651133 0 0.808923 0 0.877834 0.505664 
0.653542 0 0.809095 0 0.879498 0.505719 
0.655935 0 0.809344 0 0.881189 0.505772 
0.658328 0 0.80962 0 0.882918 0.505823 
0.660723 0 0.80992 0 0.884683 0.505874 
0.662058 0 0.811423 1 0.884739 0.505922 
0.663517 0 0.812963 1 0.885156 0.50597 
0.665002 0 0.814547 1 0.885666 0.506016 
0.666485 0 0.816168 0 0.886205 0.50606 
0.667967 0 0.817826 0 0.886772 0.506103 
0.669447 0 0.819518 0 0.887363 0.506145 
0.670925 0 0.82124 0 0.887974 0.506186 
0.672402 0 0.822988 0 0.888602 0.506225 
0.673877 0 0.82476 0 0.889243 0.506263 
0.675322 0 0.826662 0 0.890011 0.5063 
0.676782 0 0.828588 0 0.890839 0.506336 
0.678246 0 0.83053 0 0.891689 0.50637 
0.679713 0 0.832485 0 0.892561 0.506403 
0.681187 0 0.834452 0 0.89346 0.506435 
0.681965 0 0.836004 0 0.894982 0.506465 
0.682443 0 0.837571 0 0.895911 0.506493 
0.682718 0 0.839189 0 0.896502 0.50652 
0.682879 0 0.840854 0 0.897006 0.506545 
0.683045 0 0.842535 0 0.897537 0.506569 
0.683217 0 0.844229 0 0.898094 0.50659 
0.683393 0 0.845934 0 0.898675 0.50661 
0.683575 0 0.847651 0 0.899277 0.506628 
0.683762 0 0.849377 0 0.8999 0.506643 
0.683954 0 0.851111 0 0.90054 0.506656 
0.68415 0 0.852852 0 0.901196 0.506666 
0.684351 0 0.854599 0 0.901866 0.506673 
0.684555 0 0.856352 0 0.902549 0.506677 
0.684763 0 0.85811 0 0.903242 0.506679 
0.684975 0 0.859871 0 0.903943 0.506676 
0.68519 0 0.861635 0 0.90465 0.50667 
0.68527 0 0.863362 0 0.905221 0.506661 
0.685238 0 0.865074 0 0.905624 0.506647 
0.685124 0 0.866785 0 0.905897 0.506628 
0.684952 0 0.868499 0 0.906096 0.506605 
0.684742 0 0.870213 0 0.906258 0.506578 
0.684504 0 0.871921 0 0.906394 0.506545 
0.684241 0 0.873622 0 0.906503 0.506507 
0.683956 0 0.875314 0 0.906574 0.506464 
0.683646 0 0.876997 0 0.906598 0.506415 
0.683313 0 0.87867 0 0.906572 0.50636 
0.682957 0 0.880334 0 0.906494 0.5063 
0.682577 0 0.881988 0 0.906365 0.506234 
0.682173 0 0.883632 0 0.906184 0.506161 
0.681747 0 0.885265 0 0.905953 0.506083 
0.681297 0 0.886885 0 0.905671 0.505998 
0.680824 0 0.888493 0 0.905338 0.505908 
0.680327 0 0.890086 0 0.904954 0.505811 
0.679806 0 0.891665 0 0.904517 0.505708 
0.679261 0 0.893227 0 0.904029 0.505599 
0.678692 0 0.894772 0 0.903488 0.505485 
0.678098 0 0.896299 0 0.902895 0.505364 
0.67748 0 0.897805 0 0.90225 0.505239 
0.67722 1 0.897502 0 0.903437 0.505107 
0.677004 1 0.896985 0 0.904719 0.504989 
0.676622 1 0.896791 0 0.905513 0.504883 
0.676032 1 0.8964 0 0.905952 0.504785 
0.675267 1 0.895743 0 0.906202 0.504693 
0.674391 0 0.894944 0 0.906417 0.504604 
0.673516 0 0.894145 0 0.906624 0.504497 
0.67264 0 0.893346 0 0.906821 0.504371 
0.671764 0 0.892546 0 0.907009 0.504224 
0.670888 0 0.891746 0 0.907187 0.504054 
0.670012 0 0.890945 0 0.907356 0.50386 
0.669653 0 0.891416 1 0.90712 0.503639 
0.669328 0 0.891922 1 0.906912 0.503244 
0.669061 0 0.892683 1 0.906514 0.502586 
0.668706 0 0.893049 1 0.906033 0.501541 
0.668754 1 0.893152 1 0.906259 0.499936 
0.668913 1 0.893313 1 0.906229 0.497746 
0.669099 1 0.893505 1 0.906164 0.494711 
0.669323 1 0.893701 1 0.906122 0.490476 
0.669621 1 0.893941 1 0.906118 0.484565 
0.670003 1 0.894225 1 0.906163 0.476482 
0.67052 1 0.89456 1 0.906263 0.465867 
0.671201 1 0.89495 1 0.906433 0.452699 
0.672056 1 0.895395 1 0.906674 0.437301 
0.673076 1 0.89588 1 0.906968 0.420221 
0.674342 1 0.896473 1 0.907297 0.402053 
0.675753 1 0.89706 1 0.907651 0.38326 
0.677278 1 0.897684 1 0.907938 0.364192 
0.67892 1 0.898319 1 0.908281 0.34511 
0.680617 1 0.898915 1 0.90863 0.326175 
0.682373 1 0.899466 1 0.908917 0.307489 
0.684173 1 0.899974 1 0.909165 0.289121 
0.686004 1 0.900438 1 0.909382 0.271106 
0.687859 1 0.900861 1 0.909568 0.253471 
0.68973 1 0.901244 1 0.909725 0.236226 
0.691611 1 0.901588 1 0.909853 0.219378 
0.693495 1 0.901896 1 0.909955 0.202925 
0.695378 1 0.902169 1 0.910032 0.186862 
0.697255 1 0.902409 1 0.910084 0.171188 
0.699122 1 0.902618 1 0.910112 0.155897 
0.700976 1 0.902797 1 0.910119 0.140977 
0.702813 1 0.902949 1 0.910105 0.126427 
0.704631 1 0.903073 1 0.910072 0.112237 
0.706426 1 0.903173 1 0.910019 0.0983966 
0.708197 1 0.903248 1 0.909948 0.0848983 
0.709941 1 0.903299 1 0.909859 0.0717361 
0.711657 1 0.903329 1 0.909753 0.0589022 
0.713342 1 0.903338 1 0.90963 0.0463886 
0.714996 1 0.903325 1 0.909492 0.0341832 
0.716617 1 0.903294 1 0.909339 0.0222824 
0.718204 1 0.903243 1 0.909171 0.0106785 
0.719757 1 0.903174 1 0.908988 -0.000635903 
0.721274 1 0.903088 1 0.908791 -0.0116688 
0.722754 1 0.902984 1 0.90858 -0.0224281 
0.724198 1 0.902864 1 0.908355 -0.0329165 
0.725604 1 0.902726 1 0.908118 -0.0431435 
0.726974 1 0.902571 1 0.907868 -0.0531126 
0.728305 1 0.902403 1 0.907606 -0.0628339 
0.729599 1 0.90222 1 0.907331 -0.0723128 
0.730855 1 0.902023 1 0.907044 -0.0815568 
0.732073 1 0.901811 1 0.906745 -0.0905676 
0.733253 1 0.901586 1 0.906435 -0.099352 
0.734395 1 0.901347 1 0.906112 -0.107919 
0.7355 1 0.901093 1 0.905778 -0.11627 
0.736569 1 0.900827 1 0.905433 -0.124415 
0.737601 1 0.900548 1 0.905076 -0.132357 
0.738596 1 0.900256 1 0.904708 -0.140098 
0.739428 1 0.89965 1 0.904367 -0.147649 
0.740167 1 0.899163 1 0.903956 -0.155005 
0.74086 1 0.898687 1 0.903486 -0.16218 
0.741522 1 0.898207 1 0.902978 -0.169179 
0.742156 1 0.897709 1 0.902446 -0.176001 
0.742764 1 0.897209 1 0.901897 -0.182655 
0.743347 1 0.896702 1 0.901335 -0.18914 
0.743905 1 0.896188 1 0.900761 -0.195464 
0.74444 1 0.895664 1 0.900178 -0.201628 
0.744954 1 0.895131 1 0.899585 -0.207639 
0.745447 1 0.894591 1 0.898982 -0.213501 
0.746066 1 0.894158 1 0.898439 -0.219216 
0.74673 1 0.893752 1 0.897971 -0.224786 
0.747421 1 0.893375 1 0.897531 -0.230218 
0.748134 1 0.893035 1 0.897089 -0.235515 
0.748803 1 0.892665 1 0.896664 -0.240678 
0.749421 1 0.892258 1 0.896203 -0.245711 
0.750024 1 0.891845 1 0.895733 -0.250621 
0.750605 1 0.891428 1 0.895259 -0.255406 
0.751167 1 0.891003 1 0.894778 -0.260072 
0.751709 1 0.890572 1 0.894291 -0.264622 
0.75228 1 0.890179 1 0.89381 -0.269058 
0.752821 1 0.889774 1 0.893322 -0.273383 
0.753346 1 0.889366 1 0.89284 -0.2776 
0.753862 1 0.888958 1 0.892364 -0.28171 
0.754383 1 0.888566 1 0.891888 -0.285718 
0.754877 1 0.888158 1 0.89142 -0.289626 
0.755362 1 0.887747 1 0.890946 -0.293438 
0.755839 1 0.887338 1 0.890471 -0.297154 
0.75631 1 0.886934 1 0.889998 -0.300775 
0.756774 1 0.886533 1 0.889529 -0.304306 
0.757232 1 0.886135 1 0.889062 -0.307749 
0.757682 1 0.88574 1 0.888599 -0.311106 
0.758126 1 0.885347 1 0.888139 -0.314378 
0.758564 1 0.884956 1 0.887681 -0.317571 
0.758995 1 0.884567 1 0.887226 -0.320683 
0.75942 1 0.88418 1 0.886774 -0.323717 
0.759839 1 0.883796 1 0.886325 -0.326676 
0.760253 1 0.883413 1 0.88588 -0.329559 
0.760662 1 0.883034 1 0.885436 -0.332371 
0.761066 1 0.882658 1 0.884998 -0.335111 
0.761466 1 0.882285 1 0.884562 -0.337786 
0.761862 1 0.881915 1 0.884131 -0.34039 
0.762253 1 0.881547 1 0.883703 -0.342932 
0.76264 1 0.881184 1 0.883279 -0.345407 
0.763024 1 0.880824 1 0.882859 -0.347821 
0.763405 1 0.880467 1 0.882444 -0.350177 
0.763783 1 0.880113 1 0.882032 -0.352472 
0.764157 1 0.879762 1 0.881625 -0.354711 
0.764529 1 0.879416 1 0.881221 -0.356892 
0.764898 1 0.879072 1 0.880823 -0.359019 
0.765265 1 0.878731 1 0.880429 -0.361092 
0.765629 1 0.878395 1 0.880038 -0.363112 
0.765992 1 0.878062 1 0.879652 -0.365083 
0.766353 1 0.877732 1 0.879271 -0.367006 
0.766712 1 0.877407 1 0.878892 -0.368879 
0.76707 1 0.877085 1 0.87852 -0.370705 
0.767426 1 0.876768 1 0.87815 -0.372485 
0.767781 1 0.876453 1 0.877787 -0.374221 
0.768134 1 0.876143 1 0.877428 -0.375915 
0.768525 1 0.875875 1 0.877139 -0.377563 
0.768923 1 0.875632 1 0.876871 -0.379171 
0.769316 1 0.875397 1 0.876611 -0.38074 
0.769695 1 0.875159 1 0.876347 -0.38227 
0.770064 1 0.874915 1 0.876077 -0.383759 
0.770426 1 0.874667 1 0.875803 -0.385213 
0.770784 1 0.874416 1 0.875529 -0.386631 
0.771142 1 0.874167 1 0.875257 -0.388013 
0.771501 1 0.873921 1 0.874989 -0.38936 
0.77186 1 0.873679 1 0.874725 -0.390672 
0.772217 1 0.873439 1 0.874465 -0.391952 
0.772572 1 0.873203 1 0.874208 -0.393199 
0.772925 1 0.872968 1 0.873952 -0.394415 
0.773276 1 0.872735 1 0.873699 -0.395601 
0.773626 1 0.872504 1 0.873448 -0.396757 
0.773976 1 0.872275 1 0.873199 -0.397884 
0.774324 1 0.872047 1 0.872952 -0.39898 
0.774672 1 0.871822 1 0.872708 -0.400052 
0.77502 1 0.871599 1 0.872466 -0.401097 
0.775368 1 0.871379 1 0.872227 -0.402114 
0.775716 1 0.87116 1 0.871991 -0.403107 
0.776064 1 0.870944 1 0.871757 -0.404074 
0.776412 1 0.870731 1 0.871525 -0.405018 
0.776761 1 0.870519 1 0.871296 -0.405938 
0.777112 1 0.87031 1 0.87107 -0.406834 
0.777462 1 0.870103 1 0.870846 -0.407707 
0.777815 1 0.869899 1 0.870625 -0.408558 
0.778168 1 0.869697 1 0.870407 -0.409389 
0.778524 1 0.869497 1 0.870192 -0.410198 
0.778881 1 0.8693 1 0.869979 -0.410988 
0.779246 1 0.869118 1 0.869783 -0.411758 
0.779608 1 0.868946 1 0.869599 -0.412507 
0.779965 1 0.868779 1 0.869422 -0.413238 
0.780317 1 0.868615 1 0.869248 -0.413951 
0.780667 1 0.86845 1 0.869073 -0.414647 
0.781016 1 0.868286 1 0.868898 -0.415325 
0.78137 1 0.868125 1 0.868728 -0.415985 
0.781727 1 0.86797 1 0.868563 -0.416629 
0.782086 1 0.86782 1 0.868401 -0.417257 
0.782446 1 0.867672 1 0.868242 -0.417868 
0.782808 1 0.867527 1 0.868086 -0.418463 
0.783173 1 0.867385 1 0.867932 -0.419045 
0.783539 1 0.867245 1 0.867781 -0.419612 
0.783908 1 0.867109 1 0.867634 -0.420164 
0.784279 1 0.866976 1 0.867491 -0.420702 
0.784652 1 0.866845 1 0.867351 -0.421227 
0.785027 1 0.866719 1 0.867214 -0.421739 
0.785405 1 0.866595 1 0.867081 -0.422236 
0.785786 1 0.866475 1 0.866952 -0.42272 
0.786169 1 0.866357 1 0.866826 -0.423193 
0.786555 1 0.866243 1 0.866703 -0.423655 
0.786944 1 0.866132 1 0.866583 -0.424105 
0.787337 1 0.866024 1 0.866466 -0.424544 
0.787734 1 0.865919 1 0.866353 -0.424971 
0.788133 1 0.865817 1 0.866243 -0.425388 
0.788537 1 0.865718 1 0.866137 -0.425794 
0.788946 1 0.865623 1 0.866033 -0.42619 
0.789358 1 0.865531 1 0.865934 -0.426577 
0.789774 1 0.865442 1 0.865837 -0.426953 
0.790196 1 0.865356 1 0.865744 -0.427319 
0.790621 1 0.865273 1 0.865655 -0.427675 
0.791052 1 0.865194 1 0.865569 -0.428025 
0.791488 1 0.865119 1 0.865486 -0.428366 
0.791929 1 0.865046 1 0.865407 -0.428697 
0.792375 1 0.864977 1 0.865332 -0.429019 
0.792827 1 0.864912 1 0.86526 -0.429334 
0.793285 1 0.86485 1 0.865192 -0.429642 
0.793748 1 0.864792 1 0.865127 -0.42994 
0.794218 1 0.864737 1 0.865067 -0.430231 
0.794695 1 0.864686 1 0.86501 -0.430515 
0.795177 1 0.864639 1 0.864957 -0.430792 
0.795667 1 0.864596 1 0.864908 -0.431061 
0.796165 1 0.864556 1 0.864863 -0.431324 
0.796669 1 0.864521 1 0.864823 -0.431581 
0.797181 1 0.864489 1 0.864786 -0.431831 
0.797701 1 0.864462 1 0.864753 -0.432075 
0.798229 1 0.864439 1 0.864725 -0.432312 
0.798764 1 0.86442 1 0.864702 -0.432544 
0.799309 1 0.864406 1 0.864683 -0.432769 
0.799863 1 0.864396 1 0.864668 -0.432988 
0.800425 1 0.864391 1 0.864658 -0.433202 
0.800997 1 0.864391 1 0.864653 -0.433411 
0.801578 1 0.864395 1 0.864653 -0.433615 
0.802169 1 0.864405 1 0.864658 -0.433812 
0.80277 1 0.864419 1 0.864668 -0.434006 
0.803381 1 0.864438 1 0.864684 -0.434196 
0.804004 1 0.864463 1 0.864705 -0.43438 
0.804637 1 0.864494 1 0.864731 -0.43456 
0.805281 1 0.86453 1 0.864763 -0.434736 
0.805936 1 0.864572 1 0.864801 -0.434906 
0.806603 1 0.864619 1 0.864845 -0.435071 
0.807282 1 0.864673 1 0.864895 -0.435233 
0.807974 1 0.864733 1 0.864951 -0.435391 
0.808678 1 0.864799 1 0.865014 -0.435545 
0.809395 1 0.864872 1 0.865083 -0.435695 
0.810126 1 0.864952 1 0.865159 -0.435841 
0.810869 1 0.865038 1 0.865242 -0.435983 
0.811627 1 0.865132 1 0.865332 -0.436123 
0.812398 1 0.865233 1 0.86543 -0.436259 
0.813184 1 0.865341 1 0.865535 -0.43639 
0.813985 1 0.865458 1 0.865648 -0.43652 
0.8148 1 0.865582 1 0.865769 -0.436645 
0.81563 1 0.865714 1 0.865898 -0.436767 
0.816477 1 0.865854 1 0.866035 -0.436886 
0.817338 1 0.866003 1 0.866181 -0.437002 
0.818216 1 0.866161 1 0.866336 -0.437114 
0.81911 1 0.866328 1 0.8665 -0.437224 
0.82002 1 0.866504 1 0.866673 -0.437332 
0.820947 1 0.86669 1 0.866856 -0.437437 
0.821892 1 0.866885 1 0.867048 -0.437539 
0.822853 1 0.86709 1 0.86725 -0.437639 
0.823832 1 0.867306 1 0.867463 -0.437736 
0.824828 1 0.867532 1 0.867686 -0.437832 
0.825843 1 0.867769 1 0.86792 -0.437925 
0.826875 1 0.868016 1 0.868164 -0.438015 
0.827925 1 0.868275 1 0.86842 -0.438101 
0.828994 1 0.868546 1 0.868688 -0.438187 
0.83008 1 0.868828 1 0.868967 -0.43827 
0.831186 1 0.869122 1 0.869259 -0.438351 
0.832309 1 0.869429 1 0.869562 -0.43843 
0.833452 1 0.869748 1 0.869878 -0.438508 
0.834612 1 0.87008 1 0.870207 -0.438583 
0.835791 1 0.870425 1 0.870549 -0.438658 
0.836989 1 0.870784 1 0.870904 -0.438729 
0.838204 1 0.871156 1 0.871273 -0.438798 
0.839438 1 0.871542 1 0.871656 -0.438866 
0.840689 1 0.871942 1 0.872052 -0.438933 
0.841958 1 0.872357 1 0.872463 -0.438997 
0.843244 1 0.872786 1 0.872889 -0.43906 
0.844547 1 0.87323 1 0.873329 -0.439121 
0.845867 1 0.873688 1 0.873783 -0.439181 
0.847203 1 0.874163 1 0.874253 -0.439241 
0.848554 1 0.874652 1 0.874739 -0.439298 
0.849919 1 0.875158 1 0.875239 -0.439355 
0.851299 1 0.875679 1 0.875756 -0.439409 
0.852692 1 0.876216 1 0.876288 -0.43946 
0.854097 1 0.87677 1 0.876833 -0.43951 
0.855514 1 0.877342 1 0.877391 -0.439558 
0.856943 1 0.877932 1 0.877966 -0.439608 
0.858381 1 0.87854 1 0.878555 -0.439656 
0.859827 1 0.879164 1 0.879162 -0.439701 
0.861281 1 0.879806 1 0.879785 -0.439745 
0.86274 1 0.880464 1 0.880422 -0.439789 
0.864204 1 0.881139 1 0.881077 -0.439832 
0.86567 1 0.88183 1 0.881748 -0.439875 
0.867136 1 0.882536 1 0.882438 -0.439914 
0.868602 1 0.883259 1 0.883141 -0.439953 
0.870063 1 0.883997 1 0.883861 -0.43999 
0.871519 1 0.884751 1 0.884598 -0.440026 
0.872967 1 0.88552 1 0.88535 -0.440064 
0.874404 1 0.886304 1 0.886118 -0.440099 
0.875827 1 0.887102 1 0.886902 -0.440135 
0.877235 1 0.887915 1 0.887699 -0.440171 
0.878623 1 0.888741 1 0.888512 -0.440203 
0.879989 1 0.889581 1 0.889337 -0.440234 
0.881328 1 0.890435 1 0.890176 -0.440266 
0.882638 1 0.891301 1 0.891028 -0.440296 
0.883915 1 0.892179 1 0.891892 -0.440327 
0.885154 1 0.893068 1 0.892767 -0.440356 
0.886353 1 0.893967 1 0.893653 -0.440382 
0.887506 1 0.894875 1 0.894548 -0.440407 
0.88861 1 0.895793 1 0.895453 -0.440435 
0.888481 1 0.895987 1 0.89544 -0.440441 
0.88833 1 0.89606 1 0.895367 -0.440455 
0.888314 1 0.896063 1 0.89531 -0.440483 
0.888313 1 0.89605 1 0.895275 -0.440506 
