0.375279 0 0.492972 0 0.49297 0.500001 
0.37536 0 0.496278 0 0.495837 0.498525 
0.375994 0 0.500213 0 0.499607 0.495614 
0.376939 0 0.504586 0 0.50391 0.490313 
0.378054 0 0.509258 0 0.508565 0.481688 
0.37925 0 0.51412 0 0.513449 0.46937 
0.380444 0 0.519062 0 0.518416 0.453816 
0.381644 0 0.524029 0 0.523403 0.435982 
0.38285 0 0.528951 0 0.528342 0.416824 
0.384058 0 0.533751 0 0.533162 0.397054 
0.38519 0 0.538272 0 0.537767 0.377126 
0.386188 0 0.542429 0 0.542036 0.357309 
0.387148 0 0.546325 0 0.545985 0.337756 
0.388041 0 0.549889 0 0.549577 0.31855 
0.388882 0 0.55311 0 0.55282 0.299735 
0.389416 0 0.555897 0 0.555315 0.281333 
0.389754 0 0.558242 0 0.557255 0.263354 
0.389919 0 0.560122 0 0.558712 0.2458 
0.389972 0 0.561581 0 0.559769 0.228668 
0.389962 0 0.562675 0 0.560478 0.211952 
0.389911 0 0.563441 0 0.560872 0.195646 
0.389827 0 0.563895 0 0.560973 0.179741 
0.389722 0 0.564057 0 0.560805 0.16423 
0.389606 0 0.563952 0 0.560389 0.149105 
0.389673 0 0.563726 0 0.560053 0.134356 
0.389762 0 0.563274 0 0.559574 0.119976 
0.38983 0 0.562587 0 0.558885 0.105956 
0.389869 0 0.561673 0 0.557983 0.0922893 
0.389879 0 0.560538 0 0.556874 0.078968 
0.389869 0 0.559194 0 0.555565 0.0659863 
0.389901 0 0.557716 0 0.554095 0.0533396 
0.389958 0 0.556101 0 0.552488 0.041026 
0.390019 0 0.554357 0 0.550763 0.0290474 
0.390067 0 0.552504 0 0.548949 0.017412 
0.390099 0 0.55058 0 0.547084 0.00613711 
0.390119 0 0.548631 0 0.54521 -0.00474582 
0.390127 0 0.546691 0 0.543357 -0.0151847 
0.39012 0 0.544787 0 0.541557 -0.025098 
0.390099 0 0.542958 0 0.539845 -0.0343647 
0.390074 0 0.54126 0 0.53827 -0.0428137 
0.390043 0 0.539745 0 0.536884 -0.0502188 
0.390003 0 0.538471 0 0.535745 -0.0563058 
0.389955 0 0.537507 0 0.534924 -0.0607785 
0.389907 0 0.536927 0 0.534487 -0.063366 
0.389859 0 0.536776 0 0.534478 -0.0638832 
0.389804 0 0.537066 0 0.534914 -0.0622795 
0.389747 0 0.537784 0 0.535781 -0.058652 
0.389693 0 0.538899 0 0.537044 -0.0532176 
0.389643 0 0.540353 0 0.538646 -0.0462654 
0.389591 0 0.542075 0 0.54052 -0.0381039 
0.389538 0 0.544006 0 0.542608 -0.029024 
0.389493 0 0.5461 0 0.544858 -0.0192771 
0.389424 0 0.548279 0 0.547171 -0.00907097 
0.389334 0 0.550506 0 0.54952 0.00142947 
0.38918 0 0.552755 0 0.551844 0.0120961 
0.389077 0 0.554993 0 0.554219 0.0228316 
0.388928 0 0.557264 0 0.556557 0.0335618 
0.388761 0 0.55953 0 0.558843 0.0442312 
0.38862 0 0.561752 0 0.561129 0.0547984 
0.388503 0 0.563959 0 0.563412 0.0652329 
0.388406 0 0.566135 0 0.565682 0.0755117 
0.388316 0 0.568269 0 0.56792 0.0856184 
0.388231 0 0.570356 0 0.570117 0.0955413 
0.388154 0 0.572403 0 0.572275 0.105272 
0.388086 0 0.574406 0 0.57439 0.114805 
0.388018 0 0.576356 0 0.576455 0.124137 
0.387952 0 0.578252 0 0.578472 0.133265 
0.387894 0 0.580102 0 0.580443 0.14219 
0.387843 0 0.581904 0 0.582367 0.150911 
0.387793 0 0.583651 0 0.584239 0.15943 
0.387743 0 0.585342 0 0.586062 0.167747 
0.387689 0 0.586978 0 0.587808 0.175865 
0.387631 0 0.588558 0 0.589486 0.183786 
0.387566 0 0.590082 0 0.5911 0.191512 
0.387498 0 0.591554 0 0.592656 0.199047 
0.387436 0 0.592984 0 0.594165 0.206392 
0.387378 0 0.594372 0 0.595626 0.213551 
0.387321 0 0.595712 0 0.597041 0.220527 
0.387265 0 0.597006 0 0.598414 0.227323 
0.387219 0 0.598263 0 0.599753 0.233942 
0.387184 0 0.599487 0 0.60106 0.240388 
0.387153 0 0.600669 0 0.602334 0.246664 
0.387131 0 0.601815 0 0.603581 0.252776 
0.387127 0 0.602935 0 0.60481 0.258727 
0.387142 0 0.604032 0 0.606023 0.264523 
0.387175 0 0.605102 0 0.607226 0.270172 
0.387231 0 0.606148 0 0.608427 0.27568 
0.387326 0 0.607184 0 0.60964 0.281057 
0.387491 0 0.608219 0 0.610896 0.286314 
0.387722 0 0.609254 0 0.612198 0.291461 
0.388029 0 0.6103 0 0.613555 0.29651 
0.388424 0 0.611369 0 0.614981 0.30147 
0.388911 0 0.612465 0 0.616477 0.306349 
0.389483 0 0.613583 0 0.618038 0.311151 
0.390132 0 0.614722 0 0.619658 0.315874 
0.390648 0 0.615729 0 0.621254 0.320516 
0.391423 0 0.616759 0 0.622979 0.325074 
0.392198 0 0.617894 0 0.624666 0.329543 
0.39302 0 0.61906 0 0.626368 0.333921 
0.393869 0 0.620234 0 0.628061 0.338205 
0.394776 0 0.62146 0 0.629748 0.342395 
0.395665 0 0.622646 0 0.631415 0.34649 
0.396538 0 0.623796 0 0.633048 0.35049 
0.397403 0 0.624922 0 0.634647 0.354396 
0.398259 0 0.626025 0 0.636214 0.35821 
0.399103 0 0.627099 0 0.637746 0.361932 
0.399935 0 0.628148 0 0.639247 0.365564 
0.400765 0 0.629183 0 0.640722 0.369108 
0.40159 0 0.630203 0 0.642169 0.372566 
0.402406 0 0.631201 0 0.643587 0.375939 
0.403214 0 0.63218 0 0.644977 0.379229 
0.40402 0 0.63315 0 0.646343 0.382438 
0.404825 0 0.634109 0 0.647685 0.385568 
0.405622 0 0.63505 0 0.649 0.388621 
0.406413 0 0.635976 0 0.65029 0.391598 
0.407205 0 0.636897 0 0.651559 0.394501 
0.407998 0 0.637812 0 0.652806 0.397332 
0.408785 0 0.638713 0 0.65403 0.400093 
0.409568 0 0.639604 0 0.655231 0.402786 
0.410355 0 0.640493 0 0.656414 0.405411 
0.411143 0 0.641381 0 0.657579 0.407971 
0.411927 0 0.642258 0 0.658722 0.410467 
0.412708 0 0.643127 0 0.659845 0.4129 
0.413493 0 0.643996 0 0.660953 0.415273 
0.414281 0 0.644864 0 0.662046 0.417587 
0.415063 0 0.645724 0 0.66312 0.419843 
0.415842 0 0.646574 0 0.664176 0.422043 
0.416624 0 0.647425 0 0.66522 0.424188 
0.417407 0 0.648274 0 0.666251 0.426279 
0.418183 0 0.649113 0 0.667265 0.428318 
0.418955 0 0.649941 0 0.668264 0.430306 
0.419727 0 0.650767 0 0.669254 0.432245 
0.420499 0 0.65159 0 0.670232 0.434135 
0.421263 0 0.6524 0 0.671196 0.435977 
0.422021 0 0.653198 0 0.672148 0.437774 
0.422777 0 0.653991 0 0.673092 0.439526 
0.423532 0 0.654779 0 0.674027 0.441234 
0.424277 0 0.655552 0 0.67495 0.442899 
0.425014 0 0.65631 0 0.675862 0.444523 
0.425749 0 0.657063 0 0.676769 0.446106 
0.426481 0 0.657808 0 0.67767 0.44765 
0.427203 0 0.658536 0 0.67856 0.449155 
0.427916 0 0.659249 0 0.679442 0.450622 
0.428626 0 0.659955 0 0.680321 0.452053 
0.429333 0 0.660652 0 0.681195 0.453448 
0.430029 0 0.661332 0 0.682061 0.454808 
0.430715 0 0.661995 0 0.682921 0.456134 
0.431399 0 0.66265 0 0.683779 0.457427 
0.43208 0 0.663297 0 0.684635 0.458687 
0.432749 0 0.663925 0 0.685485 0.459916 
0.433409 0 0.664536 0 0.68633 0.461115 
0.434067 0 0.665139 0 0.687176 0.462283 
0.43472 0 0.665732 0 0.68802 0.463422 
0.435364 0 0.666307 0 0.688861 0.464533 
0.435998 0 0.666865 0 0.689698 0.465616 
0.43663 0 0.667414 0 0.690538 0.466672 
0.437259 0 0.667953 0 0.691378 0.467701 
0.437877 0 0.668474 0 0.692215 0.468705 
0.438487 0 0.668976 0 0.693051 0.469683 
0.439096 0 0.66947 0 0.69389 0.470638 
0.439701 0 0.669954 0 0.69473 0.471568 
0.440297 0 0.670418 0 0.69557 0.472475 
0.440884 0 0.670863 0 0.696409 0.473359 
0.44147 0 0.6713 0 0.697252 0.474222 
0.442054 0 0.671725 0 0.698098 0.475062 
0.442628 0 0.67213 0 0.698943 0.475882 
0.443195 0 0.672516 0 0.699789 0.476681 
0.443761 0 0.672891 0 0.70064 0.47746 
0.444325 0 0.673255 0 0.701495 0.47822 
0.444881 0 0.673597 0 0.70235 0.478961 
0.445429 0 0.673919 0 0.703206 0.479683 
0.445976 0 0.674229 0 0.704068 0.480387 
0.446523 0 0.674526 0 0.704934 0.481074 
0.44706 0 0.674801 0 0.7058 0.481743 
0.447591 0 0.675053 0 0.706668 0.482396 
0.448122 0 0.675293 0 0.707542 0.483032 
0.448652 0 0.675518 0 0.708421 0.483653 
0.449174 0 0.675719 0 0.709301 0.484258 
0.449689 0 0.675897 0 0.710182 0.484848 
0.450204 0 0.676059 0 0.71107 0.485423 
0.450719 0 0.676206 0 0.711963 0.485983 
0.451226 0 0.676328 0 0.712858 0.48653 
0.451726 0 0.676424 0 0.713754 0.487063 
0.452227 0 0.676504 0 0.714658 0.487583 
0.452727 0 0.676567 0 0.715567 0.488089 
0.45322 0 0.676603 0 0.716477 0.488583 
0.453706 0 0.676612 0 0.71739 0.489065 
0.454193 0 0.676605 0 0.718311 0.489535 
0.454679 0 0.676579 0 0.719239 0.489993 
0.455158 0 0.676526 0 0.720168 0.490439 
0.45563 0 0.676447 0 0.721102 0.490874 
0.456103 0 0.67635 0 0.722045 0.491299 
0.456285 0 0.676414 0 0.722594 0.491713 
0.456328 0 0.676537 0 0.722965 0.492116 
0.456331 0 0.676688 0 0.723262 0.49251 
0.456378 0 0.676867 0 0.723614 0.492893 
0.456455 0 0.677075 0 0.724003 0.493267 
0.456549 0 0.677299 0 0.724422 0.493632 
0.456659 0 0.677536 0 0.724874 0.493987 
0.456793 0 0.677794 0 0.725363 0.494334 
0.456946 0 0.678073 0 0.725892 0.494672 
0.457113 0 0.678368 0 0.726456 0.495001 
0.457293 0 0.678682 0 0.727059 0.495322 
0.457493 0 0.679027 0 0.727709 0.495635 
0.457712 0 0.679407 0 0.728407 0.495941 
0.457944 0 0.679817 0 0.729152 0.496239 
0.45819 0 0.680262 0 0.729948 0.496529 
0.458462 0 0.680941 0 0.730733 0.496812 
0.458756 0 0.681779 0 0.731532 0.497088 
0.459076 0 0.682735 0 0.732373 0.497357 
0.459432 0 0.683793 0 0.733276 0.497619 
0.459831 0 0.684957 0 0.734257 0.497875 
0.460272 0 0.686225 0 0.735315 0.498124 
0.460746 0 0.687588 0 0.73644 0.498367 
0.461253 0 0.689047 0 0.737626 0.498604 
0.461801 0 0.690607 0 0.738872 0.498835 
0.462387 0 0.692259 0 0.740166 0.49906 
0.463003 0 0.693986 0 0.741498 0.499279 
0.463651 0 0.695776 0 0.742858 0.499493 
0.464335 0 0.697626 0 0.744243 0.499701 
0.465054 0 0.699525 0 0.745643 0.499903 
0.465797 0 0.701449 0 0.747044 0.500099 
0.466564 0 0.703391 0 0.74844 0.50029 
0.467436 0 0.705551 0 0.749799 0.500474 
0.46836 0 0.707795 0 0.751142 0.500651 
0.469288 0 0.710062 0 0.752427 0.50082 
0.470456 0 0.712515 0 0.753898 0.50098 
0.471373 0 0.714805 0 0.75504 0.501127 
0.472293 0 0.717059 0 0.756157 0.50126 
0.473456 0 0.719458 0 0.757478 0.501374 
0.474617 0 0.721804 0 0.758768 0.501461 
0.475782 0 0.724107 0 0.760033 0.501514 
0.476951 0 0.726365 0 0.761271 0.50152 
0.478117 0 0.72857 0 0.76248 0.501464 
0.479282 0 0.730723 0 0.763659 0.501325 
0.480278 0 0.732733 0 0.764639 0.501077 
0.481281 0 0.734704 0 0.765595 0.50069 
0.482283 0 0.736628 0 0.766522 0.500126 
0.483287 0 0.738502 0 0.76742 0.499345 
0.4843 0 0.740335 0 0.768291 0.498304 
0.485321 0 0.742122 0 0.769132 0.496959 
0.486344 0 0.743852 0 0.769936 0.495274 
0.48737 0 0.745523 0 0.7707 0.493223 
0.488406 0 0.747141 0 0.771428 0.490793 
0.489451 0 0.748705 0 0.772115 0.487991 
0.490724 0 0.750149 0 0.773083 0.484841 
0.49216 0 0.751544 0 0.77422 0.481386 
0.493722 0 0.752902 0 0.775461 0.477682 
0.495396 0 0.754237 0 0.776764 0.473795 
0.497171 0 0.755536 0 0.778121 0.469796 
0.499046 0 0.756808 0 0.779531 0.465757 
0.501025 0 0.758072 0 0.780999 0.461745 
0.503098 0 0.759331 0 0.782521 0.45782 
0.50525 0 0.76058 0 0.784087 0.454036 
0.50747 0 0.76182 0 0.785695 0.450434 
0.509753 0 0.763065 0 0.787344 0.447051 
0.512087 0 0.764316 0 0.789028 0.44391 
0.514453 0 0.765567 0 0.79074 0.441028 
0.516842 0 0.766823 0 0.792476 0.438416 
0.519253 0 0.768094 0 0.79424 0.436077 
0.521675 0 0.769384 0 0.796028 0.43401 
0.524095 0 0.77068 0 0.797833 0.432209 
0.526509 0 0.771998 0 0.799659 0.430664 
0.52893 0 0.773337 0 0.801516 0.429365 
0.531338 0 0.774716 0 0.803394 0.4283 
0.533746 0 0.776109 0 0.805301 0.427453 
0.536155 0 0.777517 0 0.807239 0.42681 
0.538534 0 0.778985 0 0.809197 0.426357 
0.540921 0 0.780478 0 0.811193 0.426079 
0.543309 0 0.781987 0 0.81322 0.425961 
0.545698 0 0.78351 0 0.815281 0.425991 
0.548036 0 0.785116 0 0.817358 0.426153 
0.550383 0 0.786745 0 0.819472 0.426437 
0.552731 0 0.788387 0 0.821619 0.42683 
0.555081 0 0.790042 0 0.823799 0.427322 
0.557442 0 0.791717 0 0.826016 0.427902 
0.559728 0 0.793493 0 0.828244 0.428561 
0.562015 0 0.795279 0 0.830504 0.42929 
0.564305 0 0.797074 0 0.832797 0.43008 
0.566147 0 0.798436 0 0.83473 0.430926 
0.56765 0 0.799526 0 0.836245 0.431819 
0.56891 0 0.800464 0 0.837466 0.432753 
0.570018 0 0.801333 0 0.838552 0.433722 
0.571041 0 0.802187 0 0.839613 0.434721 
0.572075 0 0.803062 0 0.840706 0.435744 
0.57311 0 0.80395 0 0.841825 0.436787 
0.57415 0 0.804851 0 0.842971 0.437846 
0.575201 0 0.805774 0 0.844148 0.438918 
0.576261 0 0.806716 0 0.845355 0.439998 
0.577231 0 0.807598 0 0.846514 0.441085 
0.578126 0 0.808428 0 0.847598 0.442175 
0.578969 0 0.809231 0 0.848618 0.443267 
0.579772 0 0.810018 0 0.849593 0.444358 
0.580539 0 0.810791 0 0.850536 0.445445 
0.581278 0 0.811552 0 0.85146 0.446528 
0.582 0 0.812314 0 0.852372 0.447606 
0.582705 0 0.813073 0 0.853271 0.448675 
0.583389 0 0.813823 0 0.854149 0.449736 
0.584051 0 0.814563 0 0.855007 0.450788 
0.584701 0 0.815303 0 0.855848 0.451829 
0.585337 0 0.816042 0 0.856671 0.452858 
0.585951 0 0.816773 0 0.857473 0.453876 
0.586547 0 0.817495 0 0.858253 0.45488 
0.587131 0 0.81822 0 0.859018 0.455872 
0.58785 0 0.819249 0 0.859968 0.45685 
0.588652 0 0.8204 0 0.861041 0.457814 
0.588937 0 0.82088 1 0.861325 0.45875 
0.589166 0 0.821313 1 0.861444 0.459563 
0.58942 0 0.821742 1 0.861526 0.460201 
0.589736 0 0.822227 1 0.861645 0.460621 
0.590071 0 0.822682 1 0.861725 0.460761 
0.590416 0 0.823096 0 0.861751 0.460547 
0.59077 0 0.823542 0 0.861804 0.460404 
0.591158 0 0.824073 0 0.861938 0.460326 
0.591425 0 0.824564 0 0.86224 0.460305 
0.591617 0 0.825036 0 0.862623 0.460337 
0.591821 0 0.82554 0 0.863037 0.460416 
0.592038 0 0.826078 0 0.863485 0.460538 
0.592268 0 0.826649 0 0.863964 0.460698 
0.59246 0 0.827161 0 0.864339 0.460893 
0.592614 0 0.827653 0 0.864608 0.46112 
0.592741 0 0.828153 0 0.864814 0.461374 
0.592949 0 0.828697 0 0.865151 0.461653 
0.593213 0 0.82929 0 0.865572 0.461954 
0.593509 0 0.829912 0 0.86603 0.462275 
0.593821 0 0.83056 0 0.866506 0.462613 
0.594144 0 0.831235 0 0.866996 0.462967 
0.594477 0 0.831938 0 0.8675 0.463334 
0.594819 0 0.832668 0 0.868015 0.463713 
0.595169 0 0.833424 0 0.868538 0.464102 
0.595527 0 0.834206 0 0.869066 0.464499 
0.595892 0 0.835012 0 0.869598 0.464903 
0.596005 0 0.835264 1 0.86966 0.465307 
0.595984 0 0.835325 1 0.869496 0.465458 
0.595856 0 0.835192 0 0.869164 0.465272 
0.595657 0 0.834988 0 0.86879 0.465123 
0.595416 0 0.834765 0 0.868409 0.465007 
0.595144 0 0.834543 0 0.868034 0.464921 
0.594852 0 0.834308 0 0.867663 0.46486 
0.59454 0 0.834047 0 0.867284 0.464822 
0.594209 0 0.833752 0 0.866891 0.464803 
0.593857 0 0.833419 0 0.866485 0.4648 
0.593488 0 0.83305 0 0.866068 0.46481 
0.593242 0 0.832885 0 0.865864 0.46483 
0.59306 0 0.832792 0 0.865715 0.464858 
0.592894 0 0.832699 0 0.865555 0.464892 
0.592733 0 0.832602 0 0.865391 0.464929 
0.592578 0 0.832515 0 0.865242 0.464966 
0.592433 0 0.832444 0 0.865116 0.465003 
0.592297 0 0.832387 0 0.86501 0.465035 
0.592167 0 0.832335 0 0.864918 0.465062 
0.592042 0 0.832283 0 0.864836 0.465081 
0.59192 0 0.832227 0 0.864763 0.465089 
0.591802 0 0.832166 0 0.864699 0.465085 
0.591687 0 0.8321 0 0.864644 0.465066 
0.591576 0 0.832032 0 0.864599 0.465029 
0.591468 0 0.83196 0 0.864562 0.464971 
0.591363 0 0.831885 0 0.864532 0.464891 
0.591303 0 0.831825 0 0.864487 0.464784 
0.591259 0 0.831773 0 0.864424 0.464647 
0.591223 0 0.831731 0 0.864349 0.464478 
0.591189 0 0.831696 0 0.864264 0.46427 
0.591156 0 0.831663 0 0.864171 0.464021 
0.591124 0 0.831629 0 0.864072 0.463725 
0.591092 0 0.831588 0 0.863963 0.463377 
0.591059 0 0.831536 0 0.863843 0.46297 
0.591025 0 0.831471 0 0.86371 0.462498 
0.590988 0 0.831393 0 0.863564 0.461953 
0.59095 0 0.831299 0 0.8634 0.461327 
0.590908 0 0.831191 0 0.863217 0.460609 
0.590864 0 0.831065 0 0.863013 0.45979 
0.590816 0 0.830922 0 0.862783 0.458856 
0.590764 0 0.830758 0 0.862526 0.457795 
0.590709 0 0.830572 0 0.862239 0.456592 
0.59065 0 0.830362 0 0.861918 0.45523 
0.590588 0 0.830123 0 0.86156 0.453694 
0.590524 0 0.829855 0 0.861163 0.451964 
0.590457 0 0.829553 0 0.860723 0.450021 
0.590388 0 0.829214 0 0.860236 0.447846 
0.590319 0 0.828835 0 0.859698 0.445419 
0.59025 0 0.828414 0 0.859107 0.442722 
0.590181 0 0.827946 0 0.858458 0.439738 
0.590116 0 0.827429 0 0.857749 0.436452 
0.590053 0 0.82686 0 0.856976 0.432853 
0.589996 0 0.826236 0 0.856138 0.428933 
0.589944 0 0.825557 0 0.855233 0.42469 
0.5899 0 0.824821 0 0.854261 0.420125 
0.589865 0 0.824027 0 0.853221 0.415247 
0.589839 0 0.823176 0 0.852115 0.410067 
0.589823 0 0.822268 0 0.850945 0.404603 
0.589819 0 0.821307 0 0.849714 0.398877 
0.589826 0 0.820293 0 0.848427 0.392914 
0.589846 0 0.819232 0 0.847087 0.386742 
0.589848 0 0.81818 0 0.845774 0.380392 
0.589841 0 0.817089 0 0.844422 0.373895 
0.589829 0 0.815946 0 0.843014 0.367284 
0.589811 0 0.81476 0 0.841559 0.360591 
0.589786 0 0.81354 0 0.84007 0.353848 
0.589755 0 0.812293 0 0.838555 0.347085 
0.589715 0 0.811024 0 0.837021 0.340333 
0.589666 0 0.809739 0 0.835472 0.33362 
0.589606 0 0.808442 0 0.833914 0.326971 
0.589534 0 0.807138 0 0.832353 0.320412 
0.589449 0 0.805832 0 0.830793 0.313966 
0.589348 0 0.804528 0 0.829238 0.307656 
0.589229 0 0.803229 0 0.827692 0.301503 
0.589089 0 0.801938 0 0.826158 0.295526 
0.588926 0 0.800658 0 0.824639 0.289744 
0.588737 0 0.799392 0 0.823136 0.284177 
0.588517 0 0.798142 0 0.821652 0.278843 
0.588264 0 0.79691 0 0.820187 0.273759 
0.587973 0 0.795697 0 0.818745 0.268946 
0.587641 0 0.794507 0 0.817328 0.264424 
0.587264 0 0.793341 0 0.815937 0.260213 
0.586839 0 0.792203 0 0.814579 0.256338 
0.586365 0 0.791099 0 0.813259 0.252824 
0.585841 0 0.790033 0 0.811988 0.249702 
0.585267 0 0.789016 0 0.810777 0.247007 
0.584647 0 0.788057 0 0.809643 0.244781 
0.583986 0 0.787169 0 0.808606 0.243071 
0.583287 0 0.786365 0 0.807689 0.241933 
0.582559 0 0.78566 0 0.806916 0.241422 
0.581808 0 0.785069 0 0.806307 0.24159 
0.581041 0 0.784602 0 0.805881 0.242472 
0.580271 0 0.784273 0 0.805645 0.244075 
0.579583 0 0.784121 0 0.805606 0.246375 
0.578945 0 0.784137 0 0.805772 0.249314 
0.578334 0 0.784286 0 0.806104 0.252814 
0.577737 0 0.784529 0 0.806559 0.256782 
0.577145 0 0.784835 0 0.807102 0.261124 
0.576553 0 0.785182 0 0.807704 0.265748 
0.575962 0 0.785548 0 0.808341 0.270576 
0.57537 0 0.785919 0 0.808992 0.275539 
0.574777 0 0.78628 0 0.809641 0.280581 
0.574184 0 0.786622 0 0.810275 0.285658 
0.573591 0 0.786938 0 0.810884 0.290733 
0.572997 0 0.787221 0 0.81146 0.29578 
0.572404 0 0.787469 0 0.811998 0.300778 
0.571811 0 0.787679 0 0.812493 0.305713 
0.571219 0 0.787849 0 0.812944 0.310571 
0.570627 0 0.787979 0 0.813349 0.315345 
0.570037 0 0.788068 0 0.813707 0.32003 
0.569448 0 0.788117 0 0.814017 0.324622 
0.568861 0 0.788127 0 0.814281 0.329117 
0.568275 0 0.788098 0 0.814499 0.333515 
0.567691 0 0.788033 0 0.814672 0.337815 
0.56711 0 0.787931 0 0.814803 0.342018 
0.566531 0 0.787796 0 0.814892 0.346123 
0.565956 0 0.787627 0 0.814941 0.350132 
0.565384 0 0.787427 0 0.814953 0.354047 
0.564817 0 0.787198 0 0.814929 0.357867 
0.564255 0 0.786939 0 0.814873 0.361597 
0.563699 0 0.786655 0 0.814786 0.365236 
0.563151 0 0.786344 0 0.814672 0.368786 
0.562611 0 0.78601 0 0.814533 0.37225 
0.562081 0 0.785653 0 0.814371 0.375629 
0.561564 0 0.785275 0 0.814192 0.378926 
0.561062 0 0.784878 0 0.813998 0.382141 
0.560577 0 0.784462 0 0.813793 0.385277 
0.560114 0 0.78403 0 0.813583 0.388336 
0.559675 0 0.783582 0 0.813372 0.391319 
0.559267 0 0.783122 0 0.813167 0.394229 
0.558894 0 0.782651 0 0.812975 0.397066 
0.558563 0 0.782171 0 0.812802 0.399833 
0.558279 0 0.781686 0 0.812658 0.402532 
0.558049 0 0.7812 0 0.81255 0.405163 
0.557879 0 0.780716 0 0.812485 0.407729 
0.55777 0 0.780238 0 0.812468 0.410231 
0.557723 0 0.779772 0 0.812503 0.412671 
0.557734 0 0.779319 0 0.812586 0.41505 
0.557795 0 0.778882 0 0.812713 0.41737 
0.557983 0 0.778566 0 0.812993 0.419631 
0.558234 0 0.778293 0 0.81333 0.421837 
0.558517 0 0.778031 0 0.813686 0.423987 
0.558824 0 0.777783 0 0.814057 0.426083 
0.559152 0 0.777549 0 0.814442 0.428128 
0.559497 0 0.777329 0 0.814837 0.430121 
0.559853 0 0.77712 0 0.815237 0.432064 
0.560216 0 0.77692 0 0.815641 0.433959 
0.560584 0 0.776728 0 0.816045 0.435806 
0.560954 0 0.776542 0 0.816449 0.437607 
0.561327 0 0.776363 0 0.816851 0.439363 
0.561701 0 0.776191 0 0.817251 0.441075 
0.562075 0 0.776024 0 0.817649 0.442744 
0.56245 0 0.775862 0 0.818044 0.444372 
0.562824 0 0.775706 0 0.818437 0.445959 
0.563198 0 0.775555 0 0.818827 0.447506 
0.563571 0 0.775409 0 0.819215 0.449015 
0.563945 0 0.775268 0 0.8196 0.450486 
0.564318 0 0.775133 0 0.819983 0.45192 
0.564691 0 0.775002 0 0.820364 0.453318 
0.565064 0 0.774877 0 0.820743 0.454682 
0.565436 0 0.774756 0 0.821121 0.456011 
0.56581 0 0.774641 0 0.821497 0.457307 
0.566183 0 0.774531 0 0.821873 0.45857 
0.566557 0 0.774426 0 0.822247 0.459802 
0.566931 0 0.774327 0 0.822621 0.461004 
0.567307 0 0.774232 0 0.822995 0.462175 
0.567683 0 0.774143 0 0.823368 0.463317 
0.56806 0 0.774059 0 0.823743 0.46443 
0.568439 0 0.77398 0 0.824117 0.465516 
0.56882 0 0.773906 0 0.824493 0.466574 
0.569202 0 0.773837 0 0.82487 0.467606 
0.569586 0 0.773774 0 0.825248 0.468612 
0.569972 0 0.773716 0 0.825628 0.469593 
0.57036 0 0.773663 0 0.82601 0.47055 
0.570751 0 0.773615 0 0.826395 0.471482 
0.571145 0 0.773573 0 0.826782 0.472391 
0.571541 0 0.773536 0 0.827172 0.473278 
0.571941 0 0.773504 0 0.827566 0.474142 
0.572344 0 0.773477 0 0.827963 0.474985 
0.57275 0 0.773455 0 0.828363 0.475807 
0.57316 0 0.773439 0 0.828768 0.476608 
0.573574 0 0.773427 0 0.829178 0.477389 
0.573992 0 0.773421 0 0.829592 0.47815 
0.574415 0 0.77342 0 0.830011 0.478893 
0.574841 0 0.773423 0 0.830435 0.479617 
0.575273 0 0.773432 0 0.830864 0.480323 
0.575709 0 0.773446 0 0.8313 0.481011 
0.576151 0 0.773464 0 0.831741 0.481682 
0.576597 0 0.773488 0 0.832189 0.482336 
0.577049 0 0.773516 0 0.832643 0.482974 
0.577507 0 0.773548 0 0.833104 0.483596 
0.57797 0 0.773586 0 0.833571 0.484202 
0.57844 0 0.773628 0 0.834046 0.484794 
0.578915 0 0.773674 0 0.834528 0.48537 
0.579397 0 0.773725 0 0.835018 0.485932 
0.579885 0 0.77378 0 0.835516 0.48648 
0.580379 0 0.77384 0 0.836021 0.487014 
0.58088 0 0.773904 0 0.836535 0.487535 
0.581388 0 0.773971 0 0.837056 0.488043 
0.581903 0 0.774043 0 0.837586 0.488538 
0.582425 0 0.774119 0 0.838125 0.489021 
0.582955 0 0.774198 0 0.838672 0.489492 
0.583491 0 0.774281 0 0.839228 0.489951 
0.584035 0 0.774368 0 0.839793 0.490398 
0.584587 0 0.774459 0 0.840367 0.490835 
0.58512 0 0.774574 0 0.840945 0.49126 
0.585641 0 0.774674 0 0.841513 0.491675 
0.586153 0 0.77476 0 0.842073 0.492079 
0.586656 0 0.77483 0 0.842625 0.492474 
0.587147 0 0.774897 0 0.843173 0.492858 
0.587627 0 0.774954 0 0.843714 0.493233 
0.588097 0 0.775001 0 0.844248 0.493598 
0.588556 0 0.775039 0 0.844777 0.493955 
0.589005 0 0.775068 0 0.8453 0.494302 
0.589444 0 0.775087 0 0.845817 0.494641 
0.589873 0 0.775098 0 0.846329 0.494971 
0.590291 0 0.775099 0 0.846835 0.495293 
0.5907 0 0.775091 0 0.847335 0.495607 
0.591099 0 0.775073 0 0.84783 0.495913 
0.591411 0 0.77504 0 0.848177 0.496212 
0.591619 0 0.774996 0 0.848367 0.496503 
0.591754 0 0.774961 0 0.848441 0.496786 
0.591842 0 0.774934 0 0.848452 0.497063 
0.591901 0 0.774908 0 0.84843 0.497333 
0.591939 0 0.774884 0 0.848386 0.497596 
0.591978 0 0.774858 0 0.848356 0.497852 
0.592017 0 0.774845 0 0.848322 0.498102 
0.592054 0 0.774846 0 0.848277 0.498346 
0.592086 0 0.77486 0 0.848217 0.498583 
0.592114 0 0.774888 0 0.848145 0.498815 
0.59214 0 0.774932 0 0.848061 0.499041 
0.592164 0 0.774991 0 0.847965 0.499261 
0.592186 0 0.775067 0 0.847856 0.499476 
0.592206 0 0.775158 0 0.847736 0.499685 
0.592203 0 0.775179 0 0.847624 0.49989 
0.592189 0 0.775164 0 0.847515 0.500089 
0.592166 0 0.775127 0 0.847412 0.500283 
0.592139 0 0.775081 0 0.847315 0.500472 
0.592111 0 0.775034 0 0.847223 0.500657 
0.592082 0 0.774991 0 0.847133 0.500836 
0.592052 0 0.774951 0 0.847043 0.501012 
0.592017 0 0.774909 0 0.84695 0.501183 
0.591974 0 0.774864 0 0.846853 0.501349 
0.591923 0 0.774811 0 0.846752 0.501512 
0.591862 0 0.77475 0 0.846647 0.501671 
0.591793 0 0.77468 0 0.846539 0.501825 
0.591715 0 0.774603 0 0.846429 0.501976 
0.59163 0 0.77452 0 0.846316 0.502123 
0.591538 0 0.774431 0 0.8462 0.502266 
0.591438 0 0.774336 0 0.846082 0.502405 
0.591331 0 0.774234 0 0.845961 0.502541 
0.591216 0 0.774127 0 0.845837 0.502674 
0.591093 0 0.774012 0 0.84571 0.502804 
0.590963 0 0.773891 0 0.845581 0.50293 
0.590825 0 0.773763 0 0.845449 0.503053 
0.59068 0 0.773628 0 0.845315 0.503173 
0.590528 0 0.773487 0 0.845178 0.50329 
0.590368 0 0.773339 0 0.845038 0.503404 
0.5902 0 0.773184 0 0.844896 0.503515 
0.590026 0 0.773022 0 0.844751 0.503623 
0.589844 0 0.772854 0 0.844604 0.503729 
0.589655 0 0.772678 0 0.844455 0.503832 
0.589459 0 0.772496 0 0.844303 0.503933 
0.589349 0 0.772389 0 0.844226 0.504031 
0.589094 0 0.772352 0 0.843911 0.504126 
0.588871 0 0.772189 0 0.843726 0.504219 
0.588671 0 0.771968 0 0.843612 0.50431 
0.588438 0 0.771828 0 0.843401 0.504399 
0.588286 0 0.771687 0 0.843292 0.504485 
0.588183 0 0.771561 0 0.843238 0.504569 
0.588114 0 0.771449 0 0.843218 0.504651 
0.588069 0 0.771351 0 0.843219 0.504731 
0.588043 0 0.771265 0 0.843237 0.504809 
0.588032 0 0.771187 0 0.84327 0.504885 
0.588037 0 0.771118 0 0.843316 0.504959 
0.588055 0 0.771057 0 0.843376 0.505032 
0.588088 0 0.771002 0 0.843448 0.505102 
0.588133 0 0.770955 0 0.843533 0.505171 
0.588193 0 0.770915 0 0.84363 0.505238 
0.588266 0 0.770883 0 0.843741 0.505303 
0.588353 0 0.770858 0 0.843864 0.505367 
0.588455 0 0.770842 0 0.844 0.505429 
0.588571 0 0.770833 0 0.844149 0.50549 
0.588701 0 0.770834 0 0.844311 0.505549 
0.588846 0 0.770842 0 0.844485 0.505606 
0.589006 0 0.770859 0 0.844673 0.505663 
0.58918 0 0.770885 0 0.844873 0.505717 
0.589368 0 0.770918 0 0.845086 0.50577 
0.589572 0 0.770961 0 0.845313 0.505823 
0.58979 0 0.771011 0 0.845552 0.505873 
0.590023 0 0.771069 0 0.845805 0.505923 
0.590271 0 0.771135 0 0.846071 0.505971 
0.590533 0 0.771209 0 0.84635 0.506018 
0.590809 0 0.77129 0 0.846643 0.506064 
0.5911 0 0.771378 0 0.846949 0.506108 
0.591405 0 0.771473 0 0.847269 0.506152 
0.591725 0 0.771573 0 0.847603 0.506195 
0.592058 0 0.77168 0 0.847951 0.506236 
0.592405 0 0.771791 0 0.848312 0.506276 
0.592766 0 0.771908 0 0.848688 0.506316 
0.59314 0 0.772028 0 0.849077 0.506354 
0.593527 0 0.772153 0 0.849481 0.506391 
0.593928 0 0.77228 0 0.8499 0.506428 
0.594341 0 0.772411 0 0.850333 0.506464 
0.594767 0 0.772543 0 0.850781 0.506498 
0.595206 0 0.772677 0 0.851243 0.506532 
0.595656 0 0.772812 0 0.85172 0.506565 
0.596119 0 0.772948 0 0.852213 0.506597 
0.596594 0 0.773084 0 0.85272 0.506628 
0.597081 0 0.773219 0 0.853243 0.506659 
0.597579 0 0.773353 0 0.853781 0.506689 
0.598089 0 0.773486 0 0.854335 0.506718 
0.59861 0 0.773617 0 0.854904 0.506746 
0.599143 0 0.773745 0 0.855489 0.506774 
0.59966 0 0.773855 0 0.856067 0.506801 
0.600167 0 0.773948 0 0.856642 0.506827 
0.600666 0 0.774025 0 0.857218 0.506853 
0.601157 0 0.774087 0 0.857795 0.506878 
0.60164 0 0.774132 0 0.858372 0.506902 
0.602114 0 0.77416 0 0.85895 0.506926 
0.602579 0 0.774171 0 0.859528 0.506949 
0.603036 0 0.774165 0 0.860106 0.506971 
0.603484 0 0.77414 0 0.860685 0.506993 
0.603923 0 0.774097 0 0.861265 0.507015 
0.604353 0 0.774035 0 0.861845 0.507036 
0.604774 0 0.773955 0 0.862426 0.507056 
0.605186 0 0.773855 0 0.863007 0.507076 
0.605589 0 0.773735 0 0.86359 0.507095 
0.605983 0 0.773596 0 0.864172 0.507114 
0.606367 0 0.773436 0 0.864755 0.507133 
0.606742 0 0.773256 0 0.865339 0.507151 
0.607107 0 0.773054 0 0.865923 0.507168 
0.607463 0 0.772831 0 0.866508 0.507185 
0.607809 0 0.772587 0 0.867092 0.507202 
0.608146 0 0.772321 0 0.867677 0.507218 
0.608473 0 0.772032 0 0.868262 0.507234 
0.60879 0 0.771721 0 0.868846 0.507249 
0.609097 0 0.771387 0 0.869431 0.507265 
0.609394 0 0.77103 0 0.870015 0.507279 
0.609681 0 0.770649 0 0.870598 0.507293 
0.609958 0 0.770244 0 0.87118 0.507307 
0.610225 0 0.769814 0 0.871762 0.507321 
0.610481 0 0.769361 0 0.872342 0.507334 
0.610727 0 0.768882 0 0.87292 0.507347 
0.61079 0 0.7684 0 0.873338 0.50736 
0.610725 0 0.767964 0 0.873628 0.507372 
0.610583 0 0.767587 0 0.8738 0.507384 
0.610408 0 0.767246 0 0.873898 0.507395 
0.610298 0 0.766953 0 0.874034 0.507407 
0.610234 0 0.766681 0 0.874202 0.507418 
0.610204 0 0.766416 0 0.874398 0.507429 
0.610199 0 0.766152 0 0.874615 0.50744 
0.610212 0 0.765884 0 0.874847 0.50745 
0.610238 0 0.765608 0 0.875093 0.50746 
0.610276 0 0.765323 0 0.875349 0.50747 
0.610219 0 0.765038 0 0.875489 0.507479 
0.610096 0 0.764779 0 0.875536 0.507488 
0.609932 0 0.764546 0 0.875515 0.507498 
0.609811 0 0.764338 0 0.875503 0.507506 
0.609696 0 0.764156 0 0.875476 0.507515 
0.609588 0 0.763995 0 0.87544 0.507523 
0.609492 0 0.763855 0 0.875402 0.507532 
0.609414 0 0.763736 0 0.875366 0.50754 
0.609354 0 0.76364 0 0.875334 0.507547 
0.609312 0 0.763566 0 0.875304 0.507555 
0.609288 0 0.763516 0 0.875276 0.507562 
0.609283 0 0.76349 0 0.875252 0.50757 
0.609296 0 0.763487 0 0.875231 0.507577 
0.609328 0 0.763507 0 0.875214 0.507584 
0.60938 0 0.763551 0 0.8752 0.50759 
0.609397 0 0.763593 0 0.875176 0.507597 
0.609393 0 0.763612 0 0.875169 0.507603 
0.609398 0 0.763651 0 0.875171 0.507609 
0.609418 0 0.763685 0 0.875194 0.507615 
0.609455 0 0.763712 0 0.875239 0.507621 
0.60951 0 0.763735 0 0.875303 0.507627 
0.609581 0 0.763756 0 0.875385 0.507633 
0.609655 0 0.763786 0 0.875479 0.507638 
0.609735 0 0.763838 0 0.875572 0.507643 
0.609827 0 0.763914 0 0.875666 0.507649 
0.609933 0 0.764011 0 0.875767 0.507654 
0.610056 0 0.764126 0 0.875876 0.507659 
0.610194 0 0.764261 0 0.875995 0.507664 
0.610348 0 0.764414 0 0.876124 0.507668 
0.610517 0 0.764587 0 0.876264 0.507673 
0.610703 0 0.764782 0 0.876414 0.507677 
0.610906 0 0.764999 0 0.876575 0.507682 
0.611125 0 0.765241 0 0.876747 0.507686 
0.611363 0 0.765508 0 0.87693 0.50769 
0.611619 0 0.765802 0 0.877125 0.507694 
0.611894 0 0.766126 0 0.877333 0.507698 
0.612188 0 0.76648 0 0.877554 0.507702 
0.612502 0 0.766868 0 0.87779 0.507706 
0.612838 0 0.767291 0 0.878042 0.507709 
0.613194 0 0.767754 0 0.878312 0.507713 
0.613573 0 0.768258 0 0.878602 0.507716 
0.613954 0 0.768806 0 0.878884 0.50772 
0.61433 0 0.769376 0 0.879172 0.507723 
0.61471 0 0.769988 0 0.879479 0.507726 
0.615096 0 0.770653 0 0.879811 0.507729 
0.615488 0 0.771377 0 0.880173 0.507732 
0.615886 0 0.772169 0 0.880567 0.507735 
0.616291 0 0.773045 0 0.881001 0.507738 
0.616704 0 0.774015 0 0.88148 0.507741 
0.617125 0 0.775092 0 0.882013 0.507743 
0.617553 0 0.776283 0 0.882603 0.507746 
0.61799 0 0.777595 0 0.883257 0.507749 
0.618434 0 0.779032 0 0.883976 0.507751 
0.618884 0 0.780594 0 0.884758 0.507754 
0.61934 0 0.782276 0 0.885598 0.507756 
0.619801 0 0.784071 0 0.886489 0.507759 
0.620266 0 0.785968 0 0.887421 0.507761 
0.620732 0 0.787953 0 0.888382 0.507763 
0.6212 0 0.790011 0 0.889362 0.507765 
0.621667 0 0.792126 0 0.890348 0.507767 
0.622301 0 0.794414 0 0.891428 0.507769 
0.623039 0 0.796763 0 0.892601 0.507771 
0.623821 0 0.799142 0 0.893794 0.507773 
0.624791 0 0.801481 0 0.895208 0.507775 
0.625605 0 0.803829 0 0.896409 0.507776 
0.626628 0 0.806228 0 0.89774 0.507778 
0.627644 0 0.808595 0 0.899028 0.507779 
0.628404 0 0.811014 0 0.899969 0.50778 
0.629159 0 0.813406 0 0.900874 0.50778 
0.629909 0 0.815768 0 0.901744 0.50778 
0.630852 0 0.818109 0 0.902745 0.507779 
0.63179 0 0.82041 0 0.903705 0.507776 
0.632723 0 0.822671 0 0.904625 0.507771 
0.6335 0 0.82498 0 0.905367 0.507764 
0.634295 0 0.827268 0 0.906096 0.507752 
0.635239 0 0.829495 0 0.906891 0.507736 
0.636164 0 0.83156 0 0.907782 0.507712 
0.637084 0 0.83352 0 0.908694 0.507678 
0.638163 0 0.835475 0 0.909689 0.507631 
0.639097 0 0.837459 0 0.910528 0.507567 
0.640174 0 0.83938 0 0.911462 0.507481 
0.640757 0 0.842085 1 0.911201 0.507367 
0.641392 0 0.844747 1 0.911002 0.507152 
0.642046 0 0.847368 0 0.910794 0.506758 
0.642644 0 0.849834 0 0.910607 0.506269 
0.643249 0 0.852265 0 0.910399 0.505672 
0.6439 0 0.854409 0 0.91039 0.504956 
0.644607 0 0.856203 0 0.910691 0.504113 
0.645379 0 0.857805 0 0.911165 0.503141 
0.646212 0 0.85928 0 0.911742 0.502044 
0.647104 0 0.860654 0 0.912394 0.50083 
0.648073 0 0.861956 0 0.913105 0.499518 
0.648803 0 0.863652 1 0.913203 0.498128 
0.649533 0 0.865315 1 0.913225 0.496043 
0.650365 0 0.866845 1 0.913224 0.493059 
0.651294 0 0.868231 0 0.913151 0.488972 
0.652327 0 0.869557 0 0.913149 0.485013 
0.653468 0 0.870829 0 0.913228 0.481236 
0.654719 0 0.872057 0 0.91339 0.477687 
0.656074 0 0.873246 0 0.913635 0.474399 
0.657527 0 0.874401 0 0.913961 0.471398 
0.659069 0 0.87553 0 0.914361 0.468698 
0.660278 0 0.876773 1 0.914537 0.466308 
0.661533 0 0.877904 1 0.914586 0.463138 
0.662838 0 0.878877 1 0.914486 0.459106 
0.664177 0 0.879679 0 0.914198 0.454153 
0.665193 0 0.880272 0 0.914191 0.449886 
0.665868 0 0.880792 0 0.914242 0.446266 
0.666565 0 0.881336 1 0.914343 0.443254 
0.667089 0 0.881705 1 0.914148 0.439488 
0.66749 0 0.881899 0 0.913676 0.434955 
0.667805 0 0.882177 0 0.913292 0.431273 
0.66806 0 0.882541 0 0.913023 0.428359 
0.668272 0 0.882986 0 0.912872 0.426132 
0.668449 0 0.883506 0 0.912823 0.424511 
0.668596 0 0.884094 0 0.912856 0.423418 
0.668714 0 0.884743 0 0.91295 0.42278 
0.668805 0 0.885444 0 0.913089 0.422531 
0.668868 0 0.886191 0 0.913261 0.422613 
0.668906 0 0.886977 0 0.913453 0.422973 
0.668919 0 0.887795 0 0.913658 0.423565 
0.668907 0 0.888641 0 0.913865 0.424349 
0.668871 0 0.889508 0 0.914068 0.425292 
0.66881 0 0.890392 0 0.914258 0.426364 
0.668724 0 0.891289 0 0.914429 0.427541 
0.668615 0 0.892196 0 0.914575 0.4288 
0.66848 0 0.893108 0 0.914692 0.430124 
0.668321 0 0.894025 0 0.914776 0.431497 
0.668138 0 0.894942 0 0.914823 0.432907 
0.667929 0 0.895859 0 0.914829 0.434344 
0.667696 0 0.896773 0 0.914794 0.435797 
0.667438 0 0.897682 0 0.914714 0.43726 
0.667389 1 0.89755 0 0.915442 0.438726 
0.667282 1 0.897136 0 0.916321 0.440248 
0.667171 1 0.896802 0 0.917276 0.44179 
0.667232 0 0.897486 1 0.916963 0.443333 
0.667503 1 0.897172 1 0.917222 0.444801 
0.667814 1 0.897272 1 0.917439 0.446228 
0.668116 1 0.897309 1 0.91768 0.447611 
0.66842 1 0.897311 1 0.917913 0.448947 
0.668721 1 0.897333 1 0.918152 0.450239 
0.669024 1 0.897442 1 0.918361 0.451482 
0.669313 1 0.897477 1 0.918616 0.452674 
0.669598 1 0.897515 1 0.918874 0.45382 
0.669963 1 0.897592 1 0.918652 0.45491 
0.670293 1 0.897572 1 0.918598 0.455944 
0.670609 1 0.897544 1 0.918564 0.456904 
0.670809 1 0.897554 1 0.918415 0.457777 
0.67093 1 0.897552 1 0.918152 0.458539 
0.671019 1 0.897569 1 0.917837 0.45914 
0.671019 1 0.897563 1 0.917491 0.459516 
0.670974 1 0.897542 1 0.917125 0.459576 
0.670909 1 0.897507 1 0.916753 0.459184 
0.670848 1 0.897462 1 0.916384 0.458158 
0.670816 1 0.897421 1 0.916029 0.456263 
0.670836 1 0.897392 1 0.915698 0.45328 
0.670932 1 0.897388 1 0.915403 0.448955 
0.671126 1 0.897416 1 0.915154 0.443076 
0.671436 1 0.897483 1 0.914958 0.435515 
0.671876 1 0.897589 1 0.914817 0.426246 
0.672548 1 0.897818 1 0.914737 0.415355 
0.673366 1 0.898084 1 0.914744 0.403001 
0.674319 1 0.898412 1 0.914753 0.389409 
0.675393 1 0.898777 1 0.914809 0.37485 
0.676581 1 0.899155 1 0.914889 0.359554 
0.677839 1 0.899511 1 0.914983 0.343732 
0.679182 1 0.899846 1 0.915033 0.327581 
0.680601 1 0.900161 1 0.915066 0.311246 
0.682084 1 0.900454 1 0.915084 0.294845 
0.68367 1 0.900753 1 0.915091 0.27847 
0.685315 1 0.901043 1 0.915101 0.262202 
0.687002 1 0.901314 1 0.915094 0.246093 
0.688719 1 0.901562 1 0.91507 0.23019 
0.690456 1 0.901784 1 0.915023 0.214523 
0.692204 1 0.901979 1 0.914954 0.199113 
0.693957 1 0.902147 1 0.914862 0.183974 
0.695708 1 0.902288 1 0.914748 0.169127 
0.697452 1 0.902404 1 0.914612 0.154575 
0.699184 1 0.902494 1 0.914455 0.140327 
0.7009 1 0.902561 1 0.914277 0.126376 
0.702595 1 0.902604 1 0.914079 0.112731 
0.704268 1 0.902624 1 0.913861 0.099394 
0.705915 1 0.902623 1 0.913625 0.0863574 
0.707533 1 0.902601 1 0.913371 0.0736214 
0.709123 1 0.902557 1 0.9131 0.0611788 
0.71068 1 0.902494 1 0.912811 0.0490337 
0.712205 1 0.902412 1 0.912506 0.0371725 
0.713695 1 0.902311 1 0.912186 0.0255963 
0.715151 1 0.902192 1 0.91185 0.0142985 
0.716569 1 0.902056 1 0.9115 0.00327757 
0.717952 1 0.901903 1 0.911136 -0.00747479 
0.719297 1 0.901733 1 0.910758 -0.0179622 
0.720605 1 0.901548 1 0.910368 -0.0281913 
0.721875 1 0.901347 1 0.909965 -0.0381604 
0.723108 1 0.90113 1 0.909549 -0.0478854 
0.724304 1 0.900899 1 0.909122 -0.0573609 
0.725462 1 0.900654 1 0.908684 -0.0665989 
0.726584 1 0.900395 1 0.908235 -0.0756011 
0.727669 1 0.900122 1 0.907775 -0.0843705 
0.728718 1 0.899837 1 0.907306 -0.092916 
0.729731 1 0.899538 1 0.906827 -0.101239 
0.730709 1 0.899228 1 0.906339 -0.109346 
0.731653 1 0.898906 1 0.905842 -0.11724 
0.732562 1 0.898572 1 0.905338 -0.124924 
0.733438 1 0.898227 1 0.904825 -0.132403 
0.734281 1 0.897872 1 0.904305 -0.13968 
0.735093 1 0.897506 1 0.903778 -0.146759 
0.735873 1 0.89713 1 0.903245 -0.153644 
0.736622 1 0.896745 1 0.902706 -0.160338 
0.737341 1 0.896351 1 0.902161 -0.166846 
0.73803 1 0.895948 1 0.90161 -0.17317 
0.73869 1 0.895537 1 0.901055 -0.179314 
0.739322 1 0.895118 1 0.900495 -0.185277 
0.739926 1 0.894691 1 0.899931 -0.191065 
0.740503 1 0.894257 1 0.899363 -0.19668 
0.741054 1 0.893818 1 0.898789 -0.202125 
0.74158 1 0.893374 1 0.89821 -0.207405 
0.742081 1 0.892928 1 0.897631 -0.212516 
0.742558 1 0.892478 1 0.897052 -0.217464 
0.743013 1 0.892025 1 0.896472 -0.222251 
0.743445 1 0.89157 1 0.895893 -0.22688 
0.743856 1 0.891112 1 0.895314 -0.231347 
0.744243 1 0.890651 1 0.894733 -0.235658 
0.744608 1 0.890189 1 0.894155 -0.239817 
0.744952 1 0.889725 1 0.893576 -0.243821 
0.745274 1 0.88926 1 0.892999 -0.247674 
0.745574 1 0.888793 1 0.892423 -0.251372 
0.745854 1 0.888326 1 0.891849 -0.254921 
0.746112 1 0.887859 1 0.891277 -0.258321 
0.74635 1 0.887391 1 0.890707 -0.261576 
0.746566 1 0.886923 1 0.890139 -0.264683 
0.746763 1 0.886456 1 0.889574 -0.267645 
0.746939 1 0.88599 1 0.889012 -0.270462 
0.747094 1 0.885524 1 0.888453 -0.273134 
0.747317 1 0.885125 1 0.887998 -0.275662 
0.747542 1 0.884747 1 0.887579 -0.278053 
0.747735 1 0.88438 1 0.887158 -0.280302 
0.747887 1 0.884008 1 0.886718 -0.282412 
0.748007 1 0.883626 1 0.886268 -0.284383 
0.748098 1 0.883236 1 0.885811 -0.28622 
0.74816 1 0.882841 1 0.88535 -0.287921 
0.748195 1 0.882442 1 0.884884 -0.289488 
0.748225 1 0.882044 1 0.884443 -0.290926 
0.748236 1 0.881659 1 0.884017 -0.292235 
0.748226 1 0.881282 1 0.883596 -0.293416 
0.748195 1 0.880909 1 0.883176 -0.294475 
0.748142 1 0.880537 1 0.882757 -0.295411 
0.74807 1 0.880166 1 0.88234 -0.296235 
0.74798 1 0.879797 1 0.881928 -0.296941 
0.747873 1 0.879432 1 0.881519 -0.297536 
0.747718 1 0.878889 1 0.880957 -0.298034 
0.747557 1 0.878282 1 0.880357 -0.298426 
0.747374 1 0.877683 1 0.879791 -0.298711 
0.747155 1 0.877132 1 0.879221 -0.298903 
0.746922 1 0.876597 1 0.878628 -0.299002 
0.746696 1 0.876055 1 0.87803 -0.299017 
0.746481 1 0.87552 1 0.877437 -0.298955 
0.746279 1 0.874996 1 0.876853 -0.298817 
0.746093 1 0.874484 1 0.87628 -0.298608 
0.745924 1 0.873983 1 0.875718 -0.298339 
0.745774 1 0.873493 1 0.87517 -0.298012 
0.745646 1 0.873015 1 0.874636 -0.297633 
0.745542 1 0.872551 1 0.874117 -0.297213 
0.745463 1 0.872101 1 0.873614 -0.296745 
0.745422 1 0.87167 1 0.873149 -0.29624 
0.745407 1 0.87126 1 0.872718 -0.295707 
0.745413 1 0.870879 1 0.87231 -0.295146 
0.745441 1 0.870517 1 0.871917 -0.294564 
0.745492 1 0.870174 1 0.871539 -0.293963 
0.74557 1 0.869846 1 0.871174 -0.293349 
0.745675 1 0.869534 1 0.870828 -0.292727 
0.745808 1 0.869238 1 0.8705 -0.292099 
0.746008 1 0.868948 1 0.870169 -0.291467 
0.746259 1 0.86867 1 0.869855 -0.29084 
0.746542 1 0.868415 1 0.869561 -0.290216 
0.746853 1 0.868178 1 0.869283 -0.289601 
0.747194 1 0.867953 1 0.869021 -0.288997 
0.74757 1 0.867746 1 0.868775 -0.288409 
0.747987 1 0.867557 1 0.868549 -0.287835 
0.748444 1 0.867384 1 0.868345 -0.287279 
0.748943 1 0.86723 1 0.868164 -0.28674 
0.749481 1 0.867096 1 0.868005 -0.286226 
0.750058 1 0.866981 1 0.867868 -0.285735 
0.750671 1 0.866885 1 0.867751 -0.285267 
0.751322 1 0.86681 1 0.867652 -0.284823 
0.752011 1 0.866751 1 0.867572 -0.28441 
0.752737 1 0.866711 1 0.867512 -0.284023 
0.7535 1 0.86669 1 0.867471 -0.283666 
0.7543 1 0.866687 1 0.867449 -0.283335 
0.755137 1 0.866703 1 0.867446 -0.283033 
0.75601 1 0.866738 1 0.867462 -0.282758 
0.756919 1 0.866791 1 0.867497 -0.282511 
0.757864 1 0.86686 1 0.867552 -0.282295 
0.758844 1 0.86695 1 0.867626 -0.282109 
0.759859 1 0.867058 1 0.867718 -0.281951 
0.760908 1 0.867184 1 0.867828 -0.281819 
0.761991 1 0.867327 1 0.867957 -0.281717 
0.763108 1 0.867491 1 0.868105 -0.281644 
0.764259 1 0.86767 1 0.868271 -0.281595 
0.765442 1 0.86787 1 0.868456 -0.281573 
0.766658 1 0.868087 1 0.86866 -0.281571 
0.767906 1 0.868323 1 0.868882 -0.281595 
0.769186 1 0.868576 1 0.869123 -0.281643 
0.770497 1 0.868849 1 0.869384 -0.281713 
0.771839 1 0.869142 1 0.869663 -0.281803 
0.773211 1 0.869453 1 0.86996 -0.28191 
0.774613 1 0.869781 1 0.870278 -0.282039 
0.776045 1 0.870131 1 0.870615 -0.282188 
0.777505 1 0.870499 1 0.870971 -0.28235 
0.778994 1 0.870887 1 0.871348 -0.282528 
0.780511 1 0.871294 1 0.871744 -0.282725 
0.782054 1 0.871722 1 0.87216 -0.282935 
0.783625 1 0.87217 1 0.872596 -0.283159 
0.785221 1 0.872638 1 0.873053 -0.283396 
0.786842 1 0.873125 1 0.873531 -0.283641 
0.788487 1 0.873635 1 0.874029 -0.283893 
0.790155 1 0.874166 1 0.874548 -0.284154 
0.791845 1 0.874718 1 0.875088 -0.284425 
0.793555 1 0.875291 1 0.875649 -0.284701 
0.795286 1 0.875884 1 0.876232 -0.284988 
0.797035 1 0.876501 1 0.876836 -0.285277 
0.798801 1 0.877138 1 0.877463 -0.285574 
0.800582 1 0.877798 1 0.878111 -0.285867 
0.802377 1 0.878478 1 0.878781 -0.286165 
0.804184 1 0.879182 1 0.879474 -0.286461 
0.806002 1 0.879908 1 0.880188 -0.28676 
0.807826 1 0.880655 1 0.880924 -0.287062 
0.809656 1 0.881424 1 0.881682 -0.287359 
0.81149 1 0.882215 1 0.882462 -0.287656 
0.813323 1 0.883029 1 0.883264 -0.287947 
0.815154 1 0.883863 1 0.884086 -0.288237 
0.81698 1 0.884719 1 0.88493 -0.288521 
0.818797 1 0.885596 1 0.885795 -0.288796 
0.820601 1 0.886493 1 0.88668 -0.289067 
0.82239 1 0.887409 1 0.887585 -0.289328 
0.82416 1 0.888346 1 0.88851 -0.289587 
0.825906 1 0.889302 1 0.889453 -0.289832 
0.827624 1 0.890275 1 0.890415 -0.290073 
0.82931 1 0.891267 1 0.891393 -0.290302 
0.830959 1 0.892274 1 0.892388 -0.290519 
0.832566 1 0.893296 1 0.893399 -0.290729 
0.834127 1 0.894333 1 0.894423 -0.290925 
0.835636 1 0.895383 1 0.895461 -0.291106 
0.837088 1 0.896444 1 0.89651 -0.291278 
0.838478 1 0.897517 1 0.897569 -0.291434 
0.839801 1 0.898597 1 0.898637 -0.291575 
0.84105 1 0.899684 1 0.899712 -0.291702 
0.842223 1 0.900776 1 0.900792 -0.291816 
0.843311 1 0.901872 1 0.901875 -0.291912 
0.842726 1 0.901449 1 0.901508 -0.291987 
0.842422 1 0.90114 1 0.901159 -0.292054 
0.842163 1 0.900849 1 0.90087 -0.292111 
0.841899 1 0.900567 1 0.900593 -0.292155 
0.841628 1 0.900284 1 0.900315 -0.292195 
0.841344 1 0.899997 1 0.900033 -0.292228 
0.841054 1 0.899707 1 0.899749 -0.292254 
0.840756 1 0.899417 1 0.899465 -0.292276 
0.840453 1 0.899126 1 0.89918 -0.292298 
0.840153 1 0.898839 1 0.898894 -0.292326 
0.839859 1 0.898558 1 0.898614 -0.292355 
0.83957 1 0.898288 1 0.898337 -0.292389 
0.839297 1 0.898032 1 0.898086 -0.29243 
0.839033 1 0.897786 1 0.897843 -0.292477 
0.838774 1 0.897546 1 0.897606 -0.292536 
0.838519 1 0.897309 1 0.897374 -0.292603 
0.838268 1 0.897076 1 0.897145 -0.292681 
0.838022 1 0.896847 1 0.89692 -0.292771 
0.837786 1 0.896624 1 0.896702 -0.292869 
0.837559 1 0.896409 1 0.89649 -0.292986 
0.837342 1 0.8962 1 0.896284 -0.293113 
0.837134 1 0.895998 1 0.896085 -0.293257 
0.836936 1 0.895801 1 0.895891 -0.293416 
0.836749 1 0.895612 1 0.8957 -0.293592 
0.836572 1 0.895428 1 0.895515 -0.293784 
0.836406 1 0.895251 1 0.895335 -0.293997 
0.836252 1 0.895081 1 0.895163 -0.294229 
0.83611 1 0.894916 1 0.894994 -0.294479 
0.83598 1 0.894758 1 0.894831 -0.294743 
0.835862 1 0.894605 1 0.894676 -0.295029 
0.835756 1 0.894459 1 0.894525 -0.295335 
0.835663 1 0.894319 1 0.894379 -0.295656 
0.835583 1 0.894184 1 0.894241 -0.295998 
0.835516 1 0.894055 1 0.894107 -0.296357 
0.835462 1 0.893932 1 0.89398 -0.296737 
0.835421 1 0.893815 1 0.893859 -0.297132 
0.835393 1 0.893704 1 0.893743 -0.297544 
0.835379 1 0.893599 1 0.893633 -0.297976 
0.835378 1 0.893499 1 0.89353 -0.298427 
0.83539 1 0.893406 1 0.893432 -0.298894 
0.835416 1 0.893319 1 0.893339 -0.299375 
0.835455 1 0.893238 1 0.893253 -0.299877 
0.835508 1 0.893163 1 0.893174 -0.300396 
0.835575 1 0.893093 1 0.893098 -0.300929 
0.835655 1 0.89303 1 0.893031 -0.301479 
0.835748 1 0.892973 1 0.892968 -0.302047 
0.835855 1 0.892922 1 0.892913 -0.302623 
0.835975 1 0.892876 1 0.892863 -0.30322 
0.836109 1 0.892837 1 0.892818 -0.303832 
0.836257 1 0.892803 1 0.892779 -0.304457 
0.836417 1 0.892776 1 0.892747 -0.305093 
0.836591 1 0.892755 1 0.892722 -0.305742 
0.836778 1 0.892739 1 0.892703 -0.30641 
0.836978 1 0.89273 1 0.892689 -0.307088 
0.837191 1 0.892727 1 0.892681 -0.307779 
0.837418 1 0.89273 1 0.89268 -0.308482 
0.837657 1 0.892739 1 0.892685 -0.309201 
0.837909 1 0.892753 1 0.892696 -0.309927 
0.838174 1 0.892775 1 0.892712 -0.310666 
0.838451 1 0.892801 1 0.892737 -0.311417 
0.838741 1 0.892835 1 0.892766 -0.312177 
0.839044 1 0.892874 1 0.892801 -0.312946 
0.839358 1 0.89292 1 0.892842 -0.313728 
0.839685 1 0.892972 1 0.89289 -0.314518 
0.840024 1 0.893031 1 0.892943 -0.315318 
0.840375 1 0.893095 1 0.893004 -0.31613 
0.840738 1 0.893165 1 0.893071 -0.316948 
0.841112 1 0.893241 1 0.893145 -0.317776 
0.841498 1 0.893324 1 0.893223 -0.318616 
0.841896 1 0.893412 1 0.893308 -0.319465 
0.842305 1 0.893506 1 0.893399 -0.32032 
0.842724 1 0.893607 1 0.893497 -0.321183 
0.843155 1 0.893715 1 0.8936 -0.322053 
0.843596 1 0.893828 1 0.893711 -0.32293 
0.844049 1 0.893947 1 0.893826 -0.323819 
0.844515 1 0.89407 1 0.893949 -0.324714 
0.844998 1 0.8942 1 0.894078 -0.325617 
0.845491 1 0.894339 1 0.894218 -0.326525 
0.845991 1 0.894486 1 0.894365 -0.327438 
0.846499 1 0.894639 1 0.894518 -0.328361 
0.847015 1 0.8948 1 0.894674 -0.329288 
0.847539 1 0.894966 1 0.89484 -0.330224 
0.848073 1 0.895138 1 0.89501 -0.331168 
0.848615 1 0.895316 1 0.895186 -0.332113 
0.849166 1 0.895501 1 0.895369 -0.333065 
0.849725 1 0.895691 1 0.895558 -0.334025 
0.850292 1 0.895888 1 0.895752 -0.334991 
0.850866 1 0.896092 1 0.895952 -0.335957 
0.851446 1 0.896302 1 0.89616 -0.336932 
0.852033 1 0.896517 1 0.896373 -0.337907 
0.852626 1 0.896739 1 0.896592 -0.338891 
0.853224 1 0.896967 1 0.896817 -0.339878 
0.853827 1 0.8972 1 0.897049 -0.340867 
0.854436 1 0.89744 1 0.897287 -0.341861 
0.855048 1 0.897685 1 0.89753 -0.342862 
0.855665 1 0.897937 1 0.897779 -0.343865 
0.856284 1 0.898193 1 0.898034 -0.34487 
0.856906 1 0.898456 1 0.898296 -0.345875 
0.857531 1 0.898725 1 0.898561 -0.346884 
0.858158 1 0.898999 1 0.898835 -0.347895 
0.858786 1 0.899279 1 0.899112 -0.348905 
0.859413 1 0.899564 1 0.899396 -0.349915 
0.859382 1 0.899377 1 0.899222 -0.350933 
0.859518 1 0.899173 1 0.899038 -0.351943 
0.859676 1 0.89899 1 0.898858 -0.352951 
0.859838 1 0.898812 1 0.898685 -0.35396 
0.86 1 0.898636 1 0.898514 -0.354963 
0.860166 1 0.898464 1 0.898344 -0.355965 
0.860338 1 0.898297 1 0.89818 -0.35697 
0.860516 1 0.898136 1 0.898022 -0.357972 
0.8607 1 0.897983 1 0.89787 -0.35897 
0.860889 1 0.897837 1 0.897726 -0.359965 
0.861084 1 0.897697 1 0.897588 -0.360957 
0.861284 1 0.897562 1 0.897456 -0.36194 
0.861489 1 0.897435 1 0.89733 -0.362922 
0.861699 1 0.897314 1 0.897211 -0.363901 
0.861914 1 0.8972 1 0.897098 -0.36487 
0.862135 1 0.897092 1 0.896991 -0.365832 
0.86236 1 0.89699 1 0.896892 -0.366784 
0.862591 1 0.896897 1 0.896798 -0.367729 
0.862827 1 0.896809 1 0.896712 -0.368662 
0.863067 1 0.896729 1 0.896632 -0.369586 
0.863312 1 0.896655 1 0.896559 -0.370496 
0.863562 1 0.896589 1 0.896493 -0.371395 
0.863816 1 0.896529 1 0.896434 -0.372279 
0.864074 1 0.896477 1 0.896382 -0.373151 
0.864337 1 0.896432 1 0.896337 -0.37401 
0.864603 1 0.896393 1 0.896299 -0.374851 
0.864873 1 0.896362 1 0.896269 -0.375679 
0.865147 1 0.896339 1 0.896245 -0.376486 
0.865424 1 0.896323 1 0.896229 -0.377282 
0.865704 1 0.896314 1 0.89622 -0.378057 
0.865987 1 0.896312 1 0.896218 -0.378808 
0.866273 1 0.896319 1 0.896223 -0.379543 
0.866561 1 0.896332 1 0.896236 -0.380258 
0.866851 1 0.896353 1 0.896256 -0.380955 
0.867143 1 0.896381 1 0.896284 -0.381629 
0.867436 1 0.896417 1 0.89632 -0.382279 
0.867731 1 0.89646 1 0.896362 -0.382907 
0.868026 1 0.89651 1 0.896413 -0.383512 
0.868322 1 0.896568 1 0.896471 -0.38409 
0.868617 1 0.896634 1 0.896536 -0.384639 
0.868912 1 0.896707 1 0.896609 -0.385164 
0.869206 1 0.896788 1 0.896689 -0.385658 
0.869498 1 0.896877 1 0.896777 -0.386127 
0.869788 1 0.896973 1 0.896872 -0.386566 
0.870076 1 0.897076 1 0.896975 -0.386976 
0.870361 1 0.897187 1 0.897085 -0.387357 
0.870643 1 0.897305 1 0.897203 -0.387704 
0.870921 1 0.897431 1 0.897328 -0.388017 
0.870914 1 0.897377 1 0.897257 -0.388301 
0.870943 1 0.897324 1 0.897197 -0.388547 
0.870994 1 0.897276 1 0.897146 -0.388761 
0.871042 1 0.897234 1 0.897103 -0.388944 
0.871086 1 0.897197 1 0.897067 -0.389087 
0.871124 1 0.897166 1 0.897038 -0.389194 
0.871159 1 0.897142 1 0.897015 -0.389262 
0.871189 1 0.897127 1 0.897001 -0.389289 
0.871215 1 0.897119 1 0.896995 -0.389276 
0.871235 1 0.897119 1 0.896996 -0.389227 
0.871251 1 0.897128 1 0.897005 -0.389137 
0.87126 1 0.897143 1 0.897021 -0.389007 
0.871264 1 0.897166 1 0.897045 -0.388837 
0.871262 1 0.897198 1 0.897077 -0.388621 
0.871253 1 0.897236 1 0.897116 -0.388362 
0.871182 1 0.897203 1 0.897098 -0.388058 
0.871097 1 0.897191 1 0.897092 -0.387714 
0.871003 1 0.89719 1 0.897093 -0.387326 
0.870901 1 0.897196 1 0.897102 -0.386897 
0.870792 1 0.897211 1 0.897118 -0.386423 
0.870676 1 0.897232 1 0.897141 -0.385907 
0.870554 1 0.897263 1 0.897171 -0.385344 
0.87044 1 0.897233 1 0.897175 -0.384741 
0.870279 1 0.897246 1 0.897192 -0.384094 
0.870109 1 0.897275 1 0.897213 -0.383404 
0.869952 1 0.897242 1 0.897211 -0.382677 
0.869746 1 0.897258 1 0.897222 -0.381904 
0.869539 1 0.897279 1 0.897245 -0.381092 
0.869318 1 0.897316 1 0.897269 -0.380242 
0.869096 1 0.897362 1 0.897302 -0.379353 
0.868873 1 0.897416 1 0.897343 -0.378432 
0.868647 1 0.897478 1 0.897391 -0.377473 
0.868444 1 0.897449 1 0.897385 -0.376484 
0.868172 1 0.897466 1 0.897399 -0.375461 
0.86789 1 0.897494 1 0.897421 -0.374406 
0.867604 1 0.89753 1 0.897449 -0.373322 
0.867317 1 0.897574 1 0.897484 -0.372215 
0.867029 1 0.897626 1 0.897525 -0.371086 
0.86674 1 0.897684 1 0.897572 -0.369932 
0.866453 1 0.897748 1 0.897627 -0.368761 
0.866165 1 0.897819 1 0.897688 -0.367571 
0.865911 1 0.897788 1 0.89767 -0.366363 
0.865577 1 0.897806 1 0.897678 -0.365142 
0.865237 1 0.897835 1 0.897699 -0.36391 
0.864898 1 0.89787 1 0.897726 -0.362666 
0.864562 1 0.897912 1 0.897759 -0.361414 
0.864231 1 0.89796 1 0.897798 -0.360163 
0.863904 1 0.898014 1 0.897842 -0.358905 
0.863583 1 0.898073 1 0.897892 -0.357649 
0.863268 1 0.898138 1 0.897948 -0.356397 
0.86296 1 0.898209 1 0.89801 -0.355146 
0.862659 1 0.898285 1 0.898078 -0.353902 
0.862366 1 0.898367 1 0.898152 -0.352664 
0.862081 1 0.898455 1 0.898229 -0.351436 
0.861824 1 0.898431 1 0.898209 -0.350217 
0.861496 1 0.898453 1 0.898218 -0.349012 
0.861165 1 0.898483 1 0.898238 -0.347817 
0.860843 1 0.898518 1 0.898265 -0.346638 
0.860532 1 0.898558 1 0.898297 -0.345477 
0.86023 1 0.898604 1 0.898335 -0.344337 
0.859939 1 0.898653 1 0.898379 -0.343213 
0.859658 1 0.898708 1 0.898426 -0.342109 
0.859389 1 0.898767 1 0.898477 -0.341026 
0.859131 1 0.898831 1 0.898535 -0.339965 
0.858885 1 0.8989 1 0.898597 -0.338923 
0.858682 1 0.898888 1 0.898586 -0.337904 
0.85842 1 0.898915 1 0.8986 -0.336909 
0.858161 1 0.898949 1 0.898625 -0.335941 
0.857913 1 0.898987 1 0.898656 -0.334992 
0.857677 1 0.89903 1 0.898694 -0.334067 
0.857453 1 0.899078 1 0.898735 -0.333169 
0.857241 1 0.89913 1 0.898781 -0.332292 
0.85704 1 0.899187 1 0.898832 -0.331442 
0.856873 1 0.899176 1 0.89882 -0.330615 
0.856662 1 0.899198 1 0.898832 -0.329814 
0.856457 1 0.899224 1 0.898852 -0.329039 
0.856263 1 0.899256 1 0.898878 -0.328284 
0.85608 1 0.899293 1 0.898909 -0.327551 
0.855908 1 0.899335 1 0.898946 -0.326842 
0.855769 1 0.899325 1 0.898936 -0.326161 
0.855596 1 0.899341 1 0.898945 -0.325499 
0.855428 1 0.899364 1 0.898961 -0.324859 
0.85527 1 0.899392 1 0.898985 -0.324239 
0.855124 1 0.899425 1 0.899012 -0.323642 
0.854989 1 0.899463 1 0.899046 -0.323063 
0.854866 1 0.899506 1 0.899084 -0.322502 
0.854764 1 0.899503 1 0.899078 -0.321962 
0.854636 1 0.899523 1 0.899093 -0.321442 
0.854514 1 0.899549 1 0.899112 -0.320937 
0.854417 1 0.899542 1 0.899104 -0.32045 
0.854298 1 0.899556 1 0.899112 -0.31998 
0.854185 1 0.899574 1 0.899127 -0.319525 
0.854081 1 0.899598 1 0.899147 -0.319087 
0.853986 1 0.899627 1 0.899173 -0.318667 
0.853901 1 0.899662 1 0.899203 -0.318259 
0.853821 1 0.899654 1 0.899196 -0.317868 
0.853726 1 0.899665 1 0.899201 -0.317495 
0.853638 1 0.899682 1 0.899213 -0.317132 
0.853559 1 0.899705 1 0.899233 -0.316783 
0.853498 1 0.899703 1 0.899233 -0.316442 
0.853432 1 0.899696 1 0.899223 -0.316113 
0.853353 1 0.899704 1 0.899226 -0.315799 
0.85328 1 0.899717 1 0.899238 -0.315494 
0.853215 1 0.899736 1 0.899255 -0.315203 
0.853159 1 0.899761 1 0.899275 -0.31492 
0.85311 1 0.899791 1 0.899304 -0.314647 
0.85305 1 0.89978 1 0.899293 -0.31438 
0.852985 1 0.899784 1 0.899292 -0.314123 
0.852926 1 0.899795 1 0.8993 -0.313878 
0.852876 1 0.899812 1 0.899313 -0.31364 
0.852839 1 0.899813 1 0.899315 -0.313407 
0.852799 1 0.899811 1 0.899312 -0.31318 
0.852752 1 0.899822 1 0.899319 -0.312962 
0.85271 1 0.899838 1 0.899334 -0.312755 
0.852677 1 0.899839 1 0.899335 -0.312553 
0.852643 1 0.899838 1 0.899332 -0.312356 
0.852604 1 0.899849 1 0.89934 -0.312167 
0.852571 1 0.899866 1 0.899356 -0.311986 
0.852538 1 0.899863 1 0.899352 -0.311807 
0.852507 1 0.899861 1 0.899349 -0.311634 
0.852472 1 0.899869 1 0.899356 -0.311467 
0.852442 1 0.899884 1 0.899366 -0.311303 
0.852417 1 0.899884 1 0.899366 -0.311144 
0.852393 1 0.899884 1 0.899367 -0.310989 
0.852365 1 0.899895 1 0.899374 -0.310838 
0.852343 1 0.899895 1 0.899376 -0.310694 
0.852323 1 0.899896 1 0.899376 -0.310548 
0.852299 1 0.899908 1 0.899386 -0.31041 
0.852277 1 0.899907 1 0.899385 -0.310272 
0.852257 1 0.899906 1 0.899386 -0.310145 
0.852236 1 0.899917 1 0.899392 -0.310018 
0.852218 1 0.899917 1 0.899393 -0.309896 
0.852201 1 0.899918 1 0.899393 -0.309776 
0.852187 1 0.899921 1 0.899394 -0.309657 
0.852174 1 0.899924 1 0.899397 -0.309545 
0.85216 1 0.899926 1 0.899399 -0.309435 
0.852147 1 0.899928 1 0.899401 -0.309326 
0.852135 1 0.899929 1 0.899402 -0.309218 
0.852123 1 0.899931 1 0.899405 -0.309119 
0.852112 1 0.899933 1 0.899405 -0.309019 
0.852101 1 0.899935 1 0.899407 -0.308921 
0.85209 1 0.899937 1 0.899409 -0.308826 
0.85208 1 0.899939 1 0.89941 -0.308735 
0.85207 1 0.899941 1 0.899412 -0.308647 
0.852061 1 0.899943 1 0.899413 -0.308557 
0.852052 1 0.899944 1 0.899415 -0.308472 
0.852043 1 0.899946 1 0.899416 -0.308391 
0.852035 1 0.899948 1 0.899418 -0.308309 
0.852027 1 0.89995 1 0.89942 -0.30823 
0.85202 1 0.899951 1 0.899421 -0.308155 
0.852013 1 0.899953 1 0.899422 -0.308083 
0.852006 1 0.899955 1 0.899425 -0.308015 
0.851999 1 0.899956 1 0.899427 -0.307949 
0.851993 1 0.899957 1 0.899428 -0.307883 
0.851987 1 0.899958 1 0.899429 -0.307817 
0.851982 1 0.89996 1 0.899431 -0.307756 
0.851977 1 0.899962 1 0.899432 -0.307694 
0.851972 1 0.899963 1 0.899434 -0.307635 
0.851967 1 0.899964 1 0.899437 -0.30758 
0.851963 1 0.899965 1 0.899437 -0.307524 
0.85196 1 0.899967 1 0.899438 -0.307466 
0.851956 1 0.899969 1 0.89944 -0.307416 
0.851953 1 0.89997 1 0.899441 -0.307366 
0.85195 1 0.899972 1 0.899442 -0.307318 
0.851947 1 0.899973 1 0.899444 -0.307272 
0.851944 1 0.899974 1 0.899445 -0.307227 
0.851942 1 0.899976 1 0.899446 -0.307183 
0.85194 1 0.899977 1 0.899447 -0.307138 
0.851938 1 0.899979 1 0.899449 -0.307097 
0.851936 1 0.89998 1 0.899449 -0.307057 
0.851935 1 0.899981 1 0.899451 -0.307017 
0.851933 1 0.899983 1 0.899453 -0.30698 
0.851932 1 0.899984 1 0.899454 -0.306942 
0.851931 1 0.899985 1 0.899455 -0.306907 
0.851931 1 0.899986 1 0.899456 -0.306876 
0.85193 1 0.899988 1 0.899457 -0.30684 
0.851929 1 0.899989 1 0.899458 -0.306806 
0.851929 1 0.89999 1 0.89946 -0.306776 
0.851929 1 0.899991 1 0.899462 -0.30675 
0.851929 1 0.899992 1 0.899461 -0.30672 
0.85193 1 0.899993 1 0.899463 -0.306694 
0.85193 1 0.899995 1 0.899464 -0.306669 
0.851931 1 0.899996 1 0.899466 -0.306646 
0.851932 1 0.899998 1 0.899466 -0.306623 
0.851933 1 0.9 1 0.899466 -0.306601 
0.851934 1 0.900001 1 0.899467 -0.306584 
0.851936 1 0.900002 1 0.899468 -0.306568 
0.851937 1 0.900003 1 0.89947 -0.306546 
0.851939 1 0.900005 1 0.89947 -0.306528 
0.851941 1 0.900006 1 0.89947 -0.306509 
0.851943 1 0.900007 1 0.899472 -0.306494 
0.851945 1 0.900008 1 0.899473 -0.306475 
0.851948 1 0.900009 1 0.899474 -0.306462 
0.85195 1 0.90001 1 0.899475 -0.30645 
0.851953 1 0.900012 1 0.899476 -0.306439 
0.851956 1 0.900013 1 0.899476 -0.306426 
0.851958 1 0.900015 1 0.899477 -0.306411 
0.851961 1 0.900016 1 0.899479 -0.306401 
0.851964 1 0.900017 1 0.89948 -0.306391 
0.851967 1 0.900018 1 0.89948 -0.306383 
0.85197 1 0.900018 1 0.899482 -0.306374 
0.851973 1 0.900019 1 0.899483 -0.306367 
0.851977 1 0.90002 1 0.899483 -0.306357 
0.85198 1 0.900022 1 0.899483 -0.306351 
0.851983 1 0.900023 1 0.899485 -0.306344 
0.851987 1 0.900024 1 0.899487 -0.306339 
0.851991 1 0.900025 1 0.899487 -0.306334 
0.851995 1 0.900026 1 0.899488 -0.306328 
0.851999 1 0.900027 1 0.899488 -0.306326 
0.852003 1 0.900028 1 0.89949 -0.30632 
0.852006 1 0.900029 1 0.899491 -0.306317 
0.85201 1 0.90003 1 0.899492 -0.306313 
0.852014 1 0.900031 1 0.899492 -0.306309 
0.852018 1 0.900032 1 0.899494 -0.306308 
