0.349308 0 0.468585 0 0.468584 0.500001 
0.349575 0 0.472195 0 0.472131 0.498813 
0.349982 0 0.476404 0 0.476387 0.49681 
0.350617 0 0.481239 0 0.481244 0.493786 
0.351413 0 0.486453 0 0.486463 0.489576 
0.352326 0 0.49187 0 0.491861 0.484064 
0.353306 0 0.497357 0 0.497297 0.477173 
0.354325 0 0.502833 0 0.502684 0.468873 
0.355357 0 0.508232 0 0.507954 0.459183 
0.356379 0 0.513494 0 0.513055 0.448175 
0.357379 0 0.518577 0 0.517945 0.435962 
0.358358 0 0.523453 0 0.522597 0.422689 
0.35931 0 0.52809 0 0.526982 0.408519 
0.360227 0 0.532452 0 0.531073 0.393619 
0.36111 0 0.536519 0 0.534851 0.378151 
0.361966 0 0.540281 0 0.538307 0.362262 
0.362794 0 0.543724 0 0.541429 0.346085 
0.363588 0 0.546833 0 0.544208 0.329734 
0.364352 0 0.549603 0 0.546644 0.313305 
0.365093 0 0.552045 0 0.548745 0.296879 
0.365812 0 0.554161 0 0.550516 0.280522 
0.366502 0 0.555951 0 0.551963 0.264287 
0.367167 0 0.557426 0 0.553099 0.248216 
0.367816 0 0.558607 0 0.553943 0.232345 
0.368447 0 0.559507 0 0.55451 0.216699 
0.369056 0 0.560135 0 0.554814 0.201299 
0.369646 0 0.560508 0 0.554872 0.186161 
0.370223 0 0.560651 0 0.554709 0.171296 
0.370788 0 0.560582 0 0.55434 0.156714 
0.371335 0 0.560309 0 0.553781 0.142418 
0.371866 0 0.559851 0 0.55305 0.128414 
0.372388 0 0.559234 0 0.552169 0.114702 
0.372901 0 0.558472 0 0.551152 0.101283 
0.373398 0 0.557573 0 0.550012 0.0881568 
0.373881 0 0.556553 0 0.548764 0.0753207 
0.374357 0 0.555434 0 0.547426 0.0627723 
0.374824 0 0.554227 0 0.54601 0.0505086 
0.375274 0 0.552936 0 0.544524 0.0385259 
0.37571 0 0.551573 0 0.542979 0.0268202 
0.376138 0 0.550156 0 0.541388 0.0153873 
0.376553 0 0.548692 0 0.539759 0.00422251 
0.376949 0 0.54718 0 0.538096 -0.00667888 
0.377326 0 0.545629 0 0.536405 -0.0173217 
0.377687 0 0.544051 0 0.534695 -0.0277108 
0.377846 0 0.541805 0 0.532615 -0.0378512 
0.377834 0 0.53931 0 0.530218 -0.0477479 
0.377763 0 0.53676 0 0.527795 -0.0574061 
0.377676 0 0.534241 0 0.525365 -0.0668309 
0.377578 0 0.531746 0 0.52294 -0.0760271 
0.377473 0 0.529279 0 0.520534 -0.0849999 
0.377367 0 0.526853 0 0.518157 -0.0937542 
0.37727 0 0.524483 0 0.515824 -0.102295 
0.377184 0 0.522173 0 0.513538 -0.110626 
0.377102 0 0.519919 0 0.511299 -0.118753 
0.377025 0 0.517724 0 0.509109 -0.126681 
0.37696 0 0.515597 0 0.506975 -0.134413 
0.376904 0 0.513537 0 0.504896 -0.141954 
0.37685 0 0.511539 0 0.502869 -0.149309 
0.376531 0 0.509231 0 0.500776 -0.15648 
0.376051 0 0.506755 0 0.498564 -0.163473 
0.375475 0 0.504214 0 0.496272 -0.170291 
0.374842 0 0.501669 0 0.493951 -0.176937 
0.374294 0 0.49908 0 0.491659 -0.183415 
0.373898 0 0.496708 0 0.48944 -0.189729 
0.37354 0 0.49449 0 0.487298 -0.19588 
0.373199 0 0.492357 0 0.485213 -0.201873 
0.372866 0 0.490283 0 0.483171 -0.207709 
0.372542 0 0.488272 0 0.481174 -0.213391 
0.372282 0 0.486305 0 0.479244 -0.218921 
0.372056 0 0.484405 0 0.477381 -0.2243 
0.371848 0 0.482564 0 0.475575 -0.229529 
0.371651 0 0.480777 0 0.473817 -0.23461 
0.371455 0 0.479029 0 0.472095 -0.239542 
0.371249 0 0.477309 0 0.470399 -0.244325 
0.371032 0 0.475617 0 0.468733 -0.248958 
0.371 0 0.474315 0 0.467488 -0.25344 
0.371031 0 0.473097 0 0.466318 -0.257767 
0.371056 0 0.47186 0 0.465136 -0.261937 
0.371133 0 0.470687 0 0.464035 -0.265946 
0.371148 0 0.469553 0 0.462977 -0.269788 
0.371223 0 0.468498 0 0.461996 -0.273458 
0.371298 0 0.467506 0 0.461079 -0.276948 
0.371311 0 0.466569 0 0.460233 -0.280253 
0.371325 0 0.465666 0 0.459403 -0.283363 
0.371343 0 0.46482 0 0.458629 -0.286272 
0.371362 0 0.464035 0 0.457921 -0.28897 
0.371383 0 0.463318 0 0.457285 -0.291454 
0.371414 0 0.462678 0 0.456728 -0.293717 
0.371453 0 0.462114 0 0.456246 -0.29576 
0.371494 0 0.461618 0 0.455835 -0.297587 
0.371538 0 0.461184 0 0.455489 -0.299209 
0.371593 0 0.460815 0 0.455209 -0.300643 
0.371659 0 0.460503 0 0.454985 -0.301918 
0.371728 0 0.460231 0 0.454806 -0.303068 
0.371805 0 0.459991 0 0.454661 -0.304135 
0.371896 0 0.45978 0 0.454545 -0.305165 
0.372 0 0.459586 0 0.454445 -0.306205 
0.372112 0 0.459391 0 0.454347 -0.307295 
0.372233 0 0.459188 0 0.45424 -0.308474 
0.37237 0 0.458976 0 0.454124 -0.309768 
0.372522 0 0.458751 0 0.453992 -0.311196 
0.372683 0 0.458501 0 0.453836 -0.312767 
0.372852 0 0.458229 0 0.453657 -0.314481 
0.373038 0 0.457943 0 0.453462 -0.316331 
0.37324 0 0.457645 0 0.453253 -0.318306 
0.37345 0 0.457332 0 0.45303 -0.320388 
0.373674 0 0.457008 0 0.452801 -0.32256 
0.37392 0 0.456689 0 0.452577 -0.324803 
0.374194 0 0.45638 0 0.452368 -0.327099 
0.374071 0 0.456295 0 0.45189 -0.329428 
0.37421 0 0.456072 0 0.451814 -0.331774 
0.374222 0 0.45578 0 0.451654 -0.334121 
0.374555 0 0.455504 0 0.451815 -0.336453 
0.374507 0 0.455388 0 0.451701 -0.338759 
0.374911 0 0.45512 0 0.451922 -0.341026 
0.375324 0 0.454876 0 0.452169 -0.343248 
0.375743 0 0.454653 0 0.452441 -0.345422 
0.375772 0 0.454602 0 0.452432 -0.347546 
0.375801 0 0.454564 0 0.452445 -0.34962 
0.376326 0 0.454398 0 0.452825 -0.351645 
0.376448 0 0.45442 0 0.452906 -0.353622 
0.377009 0 0.454319 0 0.453321 -0.355553 
0.377196 0 0.454474 0 0.453496 -0.357439 
0.377855 0 0.454588 0 0.454173 -0.359281 
0.378141 0 0.454879 0 0.454563 -0.36108 
0.37882 0 0.455046 0 0.45527 -0.362837 
0.379498 0 0.455222 0 0.455995 -0.364553 
0.379816 0 0.455553 0 0.456455 -0.366229 
0.380497 0 0.455785 0 0.457206 -0.367867 
0.380825 0 0.456145 0 0.4577 -0.369465 
0.381464 0 0.456331 0 0.458405 -0.371026 
0.381754 0 0.456628 0 0.458776 -0.37255 
0.382362 0 0.456811 0 0.459434 -0.374038 
0.382649 0 0.457102 0 0.459859 -0.37549 
0.383232 0 0.457292 0 0.460539 -0.376906 
0.383527 0 0.457612 0 0.460988 -0.378287 
0.384137 0 0.457875 0 0.461803 -0.379635 
0.384474 0 0.458233 0 0.462411 -0.380948 
0.38507 0 0.458483 0 0.463237 -0.382229 
0.385812 0 0.458721 0 0.464181 -0.383477 
0.386284 0 0.459159 0 0.464944 -0.384694 
0.386751 0 0.459592 0 0.465723 -0.38588 
0.387406 0 0.459918 0 0.466662 -0.387036 
0.387827 0 0.46031 0 0.467367 -0.388163 
0.388441 0 0.460614 0 0.468255 -0.389261 
0.388859 0 0.460986 0 0.46898 -0.39033 
0.389472 0 0.461306 0 0.469957 -0.391372 
0.38993 0 0.461687 0 0.470815 -0.392387 
0.390542 0 0.461992 0 0.471801 -0.393376 
0.391022 0 0.462369 0 0.472674 -0.394339 
0.391652 0 0.4627 0 0.473746 -0.395276 
0.392184 0 0.46309 0 0.474746 -0.39619 
0.39284 0 0.463445 0 0.475886 -0.397078 
0.393271 0 0.463475 0 0.476309 -0.397944 
0.393552 0 0.463329 0 0.476272 -0.398786 
0.393843 0 0.463276 0 0.476127 -0.399605 
0.394103 0 0.463235 0 0.475979 -0.400403 
0.39436 0 0.463203 0 0.475843 -0.401179 
0.394616 0 0.463179 0 0.475723 -0.401934 
0.394877 0 0.463172 0 0.475622 -0.402669 
0.395143 0 0.463182 0 0.475541 -0.403384 
0.395407 0 0.463198 0 0.475473 -0.404079 
0.39574 0 0.463283 0 0.475511 -0.404756 
0.396139 0 0.463432 0 0.475633 -0.405414 
0.396591 0 0.463631 0 0.475822 -0.406053 
0.397084 0 0.463866 0 0.476065 -0.406675 
0.397614 0 0.464138 0 0.476363 -0.40728 
0.398184 0 0.464453 0 0.476716 -0.407868 
0.398789 0 0.464807 0 0.477121 -0.408439 
0.399263 0 0.464986 0 0.477587 -0.408994 
0.399657 0 0.46508 0 0.478062 -0.409533 
0.400056 0 0.465186 0 0.478556 -0.410056 
0.400458 0 0.465301 0 0.479067 -0.410565 
0.400857 0 0.465418 0 0.47959 -0.411058 
0.401254 0 0.465536 0 0.480127 -0.411537 
0.401656 0 0.465665 0 0.480682 -0.412002 
0.40203 0 0.465776 0 0.481316 -0.412453 
0.402373 0 0.465858 0 0.481959 -0.41289 
0.402713 0 0.465939 0 0.482615 -0.413314 
0.403057 0 0.466028 0 0.483289 -0.413724 
0.403326 0 0.466032 0 0.48356 -0.414122 
0.403539 0 0.466011 0 0.483645 -0.414507 
0.403735 0 0.466015 0 0.483701 -0.41488 
0.403894 0 0.465981 0 0.483773 -0.415241 
0.404057 0 0.465959 0 0.483864 -0.41559 
0.404217 0 0.46594 0 0.483969 -0.415928 
0.404528 0 0.466074 0 0.484262 -0.416254 
0.404952 0 0.466317 0 0.484685 -0.416569 
0.405448 0 0.466624 0 0.485191 -0.416874 
0.405986 0 0.466964 0 0.485749 -0.417168 
0.40655 0 0.46733 0 0.486349 -0.417451 
0.407141 0 0.467725 0 0.486992 -0.417724 
0.407668 0 0.468079 0 0.487521 -0.417987 
0.408138 0 0.46838 0 0.487947 -0.41824 
0.408566 0 0.468643 0 0.488305 -0.418483 
0.408973 0 0.468889 0 0.488633 -0.418717 
0.409366 0 0.469126 0 0.488952 -0.418941 
0.409687 0 0.469277 0 0.489255 -0.419156 
0.40993 0 0.46937 0 0.489496 -0.419361 
0.410131 0 0.469438 0 0.489687 -0.419558 
0.410307 0 0.469496 0 0.489844 -0.419746 
0.410463 0 0.469546 0 0.48998 -0.419926 
0.410607 0 0.469596 0 0.490108 -0.420096 
0.410751 0 0.469658 0 0.49024 -0.420259 
0.410896 0 0.469731 0 0.490376 -0.420413 
0.411091 0 0.469837 0 0.49057 -0.420559 
0.411345 0 0.470003 0 0.490813 -0.420698 
0.411621 0 0.470183 0 0.491081 -0.420828 
0.411916 0 0.470387 0 0.491359 -0.420951 
0.412164 0 0.470532 0 0.491614 -0.421067 
0.412426 0 0.4707 0 0.49186 -0.421174 
0.412657 0 0.470832 0 0.492097 -0.421275 
0.412871 0 0.470948 0 0.492319 -0.421368 
0.413069 0 0.471051 0 0.492524 -0.421454 
0.413255 0 0.471145 0 0.492718 -0.421533 
0.413441 0 0.471241 0 0.492911 -0.421606 
0.413624 0 0.47134 0 0.493103 -0.421671 
0.413799 0 0.471432 0 0.493289 -0.42173 
0.413967 0 0.47152 0 0.493469 -0.421782 
0.414135 0 0.471611 0 0.49365 -0.421828 
0.414303 0 0.471706 0 0.49383 -0.421867 
0.414462 0 0.471794 0 0.494003 -0.4219 
0.414614 0 0.471878 0 0.49417 -0.421927 
0.414767 0 0.471966 0 0.494338 -0.421948 
0.41492 0 0.472056 0 0.494506 -0.421963 
0.415064 0 0.47214 0 0.494666 -0.421972 
0.415202 0 0.47222 0 0.494821 -0.421975 
0.415341 0 0.472303 0 0.494978 -0.421973 
0.415479 0 0.47239 0 0.495133 -0.421965 
0.41561 0 0.47247 0 0.495283 -0.421952 
0.415735 0 0.472546 0 0.495427 -0.421933 
0.415861 0 0.472626 0 0.495573 -0.421909 
0.415987 0 0.472709 0 0.495718 -0.42188 
0.416106 0 0.472786 0 0.495858 -0.421845 
0.416218 0 0.472858 0 0.495992 -0.421806 
0.416333 0 0.472935 0 0.496128 -0.421762 
0.416447 0 0.473014 0 0.496264 -0.421713 
0.416555 0 0.473088 0 0.496393 -0.421659 
0.416657 0 0.473157 0 0.496519 -0.421601 
0.41676 0 0.47323 0 0.496645 -0.421538 
0.416864 0 0.473307 0 0.496772 -0.421471 
0.416962 0 0.473377 0 0.496894 -0.421399 
0.417053 0 0.473443 0 0.49701 -0.421323 
0.417147 0 0.473513 0 0.497129 -0.421243 
0.417242 0 0.473587 0 0.497248 -0.421158 
0.41733 0 0.473654 0 0.497361 -0.42107 
0.417413 0 0.473718 0 0.49747 -0.420978 
0.417498 0 0.473785 0 0.497581 -0.420881 
0.417584 0 0.473856 0 0.497692 -0.420781 
0.417664 0 0.47392 0 0.497798 -0.420677 
0.417738 0 0.473981 0 0.497899 -0.42057 
0.417815 0 0.474046 0 0.498003 -0.420458 
0.417894 0 0.474114 0 0.498108 -0.420344 
0.417966 0 0.474176 0 0.498207 -0.420225 
0.418033 0 0.474234 0 0.498302 -0.420103 
0.418103 0 0.474296 0 0.498399 -0.419978 
0.418174 0 0.474362 0 0.498497 -0.41985 
0.418239 0 0.474422 0 0.49859 -0.419718 
0.418299 0 0.474477 0 0.498679 -0.419583 
0.418363 0 0.474537 0 0.49877 -0.419444 
0.418428 0 0.4746 0 0.498862 -0.419303 
0.418487 0 0.474658 0 0.498949 -0.419158 
0.418541 0 0.474711 0 0.499032 -0.41901 
0.418598 0 0.474769 0 0.499118 -0.41886 
0.418658 0 0.47483 0 0.499204 -0.418706 
0.418711 0 0.474886 0 0.499286 -0.418549 
0.41876 0 0.474937 0 0.499364 -0.418389 
0.418812 0 0.474993 0 0.499444 -0.418226 
0.418866 0 0.475052 0 0.499526 -0.41806 
0.418915 0 0.475106 0 0.499603 -0.417891 
0.418959 0 0.475155 0 0.499676 -0.41772 
0.419006 0 0.475209 0 0.499752 -0.417545 
0.419056 0 0.475267 0 0.499829 -0.417368 
0.4191 0 0.475319 0 0.499902 -0.417187 
0.41914 0 0.475367 0 0.49997 -0.417004 
0.419183 0 0.475419 0 0.500042 -0.416817 
0.419228 0 0.475475 0 0.500115 -0.416628 
0.419268 0 0.475526 0 0.500184 -0.416436 
0.419305 0 0.475573 0 0.500249 -0.41624 
0.419344 0 0.475624 0 0.500318 -0.416042 
0.419386 0 0.475679 0 0.500387 -0.415841 
0.419423 0 0.475729 0 0.500453 -0.415636 
0.419456 0 0.475775 0 0.500515 -0.415429 
0.419492 0 0.475825 0 0.50058 -0.415218 
0.419531 0 0.475879 0 0.500647 -0.415004 
0.419565 0 0.475928 0 0.500709 -0.414787 
0.419595 0 0.475973 0 0.500769 -0.414567 
0.419629 0 0.476023 0 0.500832 -0.414343 
0.419665 0 0.476077 0 0.500896 -0.414116 
0.419696 0 0.476126 0 0.500957 -0.413886 
0.419724 0 0.476171 0 0.501014 -0.413652 
0.419755 0 0.47622 0 0.501075 -0.413415 
0.419789 0 0.476274 0 0.501138 -0.413174 
0.419819 0 0.476323 0 0.501197 -0.412929 
0.419844 0 0.476368 0 0.501253 -0.412681 
0.419874 0 0.476418 0 0.501313 -0.412429 
0.419906 0 0.476473 0 0.501375 -0.412172 
0.419934 0 0.476522 0 0.501433 -0.411912 
0.419958 0 0.476568 0 0.501489 -0.411648 
0.419986 0 0.476619 0 0.501548 -0.41138 
0.420017 0 0.476674 0 0.50161 -0.411107 
0.420043 0 0.476725 0 0.501668 -0.410831 
0.420066 0 0.476772 0 0.501724 -0.410549 
0.420093 0 0.476824 0 0.501784 -0.410263 
0.420123 0 0.476881 0 0.501846 -0.409973 
0.420149 0 0.476933 0 0.501905 -0.409678 
0.420171 0 0.476982 0 0.501962 -0.409378 
0.420197 0 0.477037 0 0.502023 -0.409073 
0.420226 0 0.477096 0 0.502087 -0.408762 
0.420251 0 0.477151 0 0.502147 -0.408447 
0.420273 0 0.477202 0 0.502206 -0.408126 
0.420299 0 0.477259 0 0.502269 -0.4078 
0.420328 0 0.477321 0 0.502335 -0.407468 
0.420353 0 0.477379 0 0.502399 -0.40713 
0.420375 0 0.477434 0 0.50246 -0.406787 
0.420401 0 0.477494 0 0.502526 -0.406437 
0.42043 0 0.47756 0 0.502595 -0.406081 
0.420456 0 0.477621 0 0.502662 -0.405719 
0.420478 0 0.47768 0 0.502727 -0.40535 
0.420504 0 0.477745 0 0.502798 -0.404975 
0.420534 0 0.477814 0 0.502871 -0.404593 
0.42056 0 0.47788 0 0.502942 -0.404203 
0.420583 0 0.477944 0 0.503012 -0.403807 
0.42061 0 0.478014 0 0.503088 -0.403402 
0.420641 0 0.478089 0 0.503166 -0.402991 
0.420668 0 0.47816 0 0.503243 -0.402571 
0.420692 0 0.478229 0 0.503319 -0.402143 
0.42072 0 0.478305 0 0.5034 -0.401707 
0.420752 0 0.478386 0 0.503486 -0.401263 
0.42078 0 0.478464 0 0.503569 -0.40081 
0.420806 0 0.47854 0 0.503652 -0.400347 
0.420836 0 0.478622 0 0.503741 -0.399876 
0.42087 0 0.478711 0 0.503834 -0.399395 
0.4209 0 0.478796 0 0.503926 -0.398904 
0.420927 0 0.478879 0 0.504017 -0.398403 
0.42096 0 0.47897 0 0.504114 -0.397892 
0.420996 0 0.479067 0 0.504217 -0.39737 
0.421028 0 0.479161 0 0.504318 -0.396837 
0.421058 0 0.479253 0 0.504419 -0.396292 
0.421093 0 0.479353 0 0.504527 -0.395736 
0.421131 0 0.479459 0 0.504639 -0.395167 
0.421166 0 0.479563 0 0.504752 -0.394587 
0.421199 0 0.479666 0 0.504864 -0.393993 
0.421237 0 0.479777 0 0.504984 -0.393386 
0.421278 0 0.479894 0 0.505109 -0.392765 
0.421317 0 0.48001 0 0.505234 -0.39213 
0.421353 0 0.480124 0 0.50536 -0.39148 
0.421394 0 0.480248 0 0.505494 -0.390815 
0.42144 0 0.480378 0 0.505634 -0.390133 
0.421482 0 0.480507 0 0.505774 -0.389436 
0.421522 0 0.480636 0 0.505916 -0.388721 
0.421568 0 0.480774 0 0.506066 -0.387989 
0.421618 0 0.480919 0 0.506222 -0.387239 
0.421665 0 0.481064 0 0.50638 -0.386469 
0.42171 0 0.481209 0 0.50654 -0.385679 
0.421761 0 0.481364 0 0.50671 -0.384869 
0.421816 0 0.481527 0 0.506886 -0.384038 
0.421869 0 0.481691 0 0.507065 -0.383184 
0.42192 0 0.481855 0 0.507247 -0.382306 
0.421977 0 0.482031 0 0.507439 -0.381405 
0.422038 0 0.482215 0 0.50764 -0.380477 
0.422097 0 0.482401 0 0.507844 -0.379524 
0.422155 0 0.482588 0 0.508052 -0.378542 
0.422219 0 0.482788 0 0.508271 -0.377531 
0.422289 0 0.482998 0 0.5085 -0.37649 
0.422356 0 0.48321 0 0.508734 -0.375416 
0.422422 0 0.483426 0 0.508974 -0.374309 
0.422495 0 0.483655 0 0.509227 -0.373166 
0.422574 0 0.483896 0 0.509491 -0.371987 
0.42265 0 0.484141 0 0.509761 -0.370767 
0.422727 0 0.484391 0 0.51004 -0.369507 
0.422811 0 0.484656 0 0.510333 -0.368203 
0.4229 0 0.484936 0 0.510641 -0.366852 
0.422989 0 0.485221 0 0.510957 -0.365453 
0.423078 0 0.485515 0 0.511284 -0.364002 
0.423176 0 0.485826 0 0.511629 -0.362496 
0.42328 0 0.486154 0 0.511991 -0.360931 
0.423384 0 0.486491 0 0.512365 -0.359305 
0.423489 0 0.486839 0 0.512753 -0.357613 
0.423603 0 0.487208 0 0.513164 -0.355851 
0.423725 0 0.487599 0 0.513596 -0.354013 
0.423848 0 0.488003 0 0.514045 -0.352096 
0.423973 0 0.488422 0 0.514513 -0.350092 
0.424109 0 0.488868 0 0.515009 -0.347997 
0.424254 0 0.48934 0 0.515533 -0.345804 
0.424402 0 0.489833 0 0.51608 -0.343504 
0.424554 0 0.490347 0 0.516655 -0.341091 
0.424718 0 0.490895 0 0.517265 -0.338555 
0.424894 0 0.491478 0 0.517912 -0.335888 
0.425075 0 0.49209 0 0.518593 -0.333078 
0.425262 0 0.492733 0 0.519312 -0.330114 
0.425464 0 0.493422 0 0.520078 -0.326984 
0.42568 0 0.494156 0 0.520894 -0.323674 
0.425905 0 0.494933 0 0.521758 -0.32017 
0.426139 0 0.495755 0 0.522675 -0.316456 
0.426392 0 0.496638 0 0.523657 -0.312515 
0.426663 0 0.497584 0 0.524707 -0.308329 
0.426946 0 0.49859 0 0.525825 -0.303878 
0.427244 0 0.499663 0 0.527018 -0.299142 
0.427565 0 0.500816 0 0.528297 -0.294101 
0.427909 0 0.502055 0 0.529668 -0.288734 
0.42827 0 0.503377 0 0.531132 -0.283022 
0.42865 0 0.504789 0 0.532694 -0.276945 
0.429058 0 0.506306 0 0.534367 -0.270488 
0.429397 0 0.507952 0 0.536048 -0.263638 
0.429694 0 0.509681 0 0.537745 -0.25639 
0.429955 0 0.51148 0 0.539481 -0.248744 
0.430209 0 0.513373 0 0.541288 -0.240709 
0.430465 0 0.515367 0 0.543178 -0.232307 
0.430724 0 0.517455 0 0.545151 -0.223568 
0.430991 0 0.519631 0 0.547201 -0.214539 
0.431274 0 0.521895 0 0.549327 -0.205275 
0.431571 0 0.524233 0 0.55151 -0.195846 
0.431875 0 0.526621 0 0.55373 -0.186327 
0.432188 0 0.529042 0 0.555968 -0.176803 
0.432514 0 0.53149 0 0.558211 -0.16736 
0.432853 0 0.533945 0 0.56044 -0.15808 
0.433195 0 0.536383 0 0.562632 -0.149042 
0.433541 0 0.538791 0 0.564773 -0.140316 
0.433897 0 0.541164 0 0.566854 -0.131962 
0.43426 0 0.543488 0 0.568863 -0.124033 
0.434624 0 0.545744 0 0.570782 -0.116573 
0.434986 0 0.547923 0 0.572602 -0.10962 
0.435355 0 0.550022 0 0.57432 -0.103206 
0.435728 0 0.552031 0 0.575925 -0.0973568 
0.436097 0 0.553933 0 0.577406 -0.0920935 
0.436463 0 0.555719 0 0.578755 -0.0874309 
0.437051 0 0.557462 0 0.580163 -0.0833786 
0.437759 0 0.559153 0 0.581547 -0.0799407 
0.438518 0 0.560748 0 0.582837 -0.0771156 
0.439298 0 0.562226 0 0.584003 -0.0748966 
0.440089 0 0.563587 0 0.585041 -0.0732727 
0.440882 0 0.564826 0 0.585942 -0.0722274 
0.441666 0 0.565934 0 0.586703 -0.0717413 
0.442441 0 0.566913 0 0.587325 -0.071791 
0.443213 0 0.567776 0 0.587818 -0.0723505 
0.443979 0 0.568524 0 0.588186 -0.0733919 
0.444734 0 0.569158 0 0.588431 -0.0748856 
0.445479 0 0.569683 0 0.588564 -0.0768007 
0.44622 0 0.570118 0 0.588597 -0.0791062 
0.446958 0 0.570468 0 0.588539 -0.0817707 
0.447684 0 0.570732 0 0.588393 -0.0847634 
0.448402 0 0.570919 0 0.588168 -0.088054 
0.449117 0 0.571045 0 0.587878 -0.0916136 
0.44983 0 0.571116 0 0.58753 -0.0954139 
0.450533 0 0.571132 0 0.587126 -0.0994284 
0.451227 0 0.571099 0 0.586675 -0.103632 
0.451921 0 0.571034 0 0.58619 -0.108 
0.452612 0 0.57094 0 0.585675 -0.112512 
0.453295 0 0.570817 0 0.585132 -0.117146 
0.45397 0 0.570671 0 0.584568 -0.121884 
0.454645 0 0.570514 0 0.583992 -0.126707 
0.455318 0 0.57035 0 0.58341 -0.1316 
0.455984 0 0.570176 0 0.582819 -0.136549 
0.456643 0 0.569996 0 0.582226 -0.141539 
0.457302 0 0.569822 0 0.581638 -0.146558 
0.457961 0 0.569657 0 0.581058 -0.151595 
0.458613 0 0.569494 0 0.580483 -0.156641 
0.459259 0 0.569338 0 0.579917 -0.161687 
0.459906 0 0.5692 0 0.579368 -0.166724 
0.460552 0 0.569078 0 0.578835 -0.171745 
0.461192 0 0.568969 0 0.578317 -0.176743 
0.461827 0 0.568874 0 0.577814 -0.181714 
0.462463 0 0.568803 0 0.577333 -0.186651 
0.4631 0 0.568755 0 0.576875 -0.191551 
0.46373 0 0.568724 0 0.576434 -0.196409 
0.464355 0 0.568712 0 0.576012 -0.201222 
0.464982 0 0.568727 0 0.575616 -0.205987 
0.46561 0 0.568768 0 0.575243 -0.2107 
0.466232 0 0.568828 0 0.574889 -0.215361 
0.466848 0 0.56891 0 0.574556 -0.219966 
0.467467 0 0.56902 0 0.574248 -0.224514 
0.468087 0 0.569157 0 0.573964 -0.229004 
0.4687 0 0.569315 0 0.573699 -0.233433 
0.469308 0 0.569494 0 0.573453 -0.237801 
0.469919 0 0.569702 0 0.573232 -0.242106 
0.47053 0 0.569937 0 0.573034 -0.246348 
0.471135 0 0.570193 0 0.572854 -0.250525 
0.471735 0 0.570469 0 0.572691 -0.254638 
0.472337 0 0.570775 0 0.572552 -0.258686 
0.472939 0 0.571107 0 0.572433 -0.262667 
0.473535 0 0.571458 0 0.572331 -0.266582 
0.474126 0 0.571831 0 0.572244 -0.27043 
0.474718 0 0.572231 0 0.572179 -0.274212 
0.47531 0 0.572656 0 0.572131 -0.277926 
0.475896 0 0.573101 0 0.572098 -0.281573 
0.476476 0 0.573565 0 0.572078 -0.285152 
0.477057 0 0.574056 0 0.572077 -0.288665 
0.477638 0 0.574571 0 0.572091 -0.29211 
0.478211 0 0.575105 0 0.572116 -0.295488 
0.478779 0 0.575656 0 0.572152 -0.2988 
0.479346 0 0.576233 0 0.572204 -0.302045 
0.479913 0 0.576833 0 0.572268 -0.305225 
0.480472 0 0.57745 0 0.57234 -0.308339 
0.481024 0 0.578083 0 0.57242 -0.311388 
0.481575 0 0.57874 0 0.572512 -0.314372 
0.482124 0 0.579419 0 0.572612 -0.317293 
0.482665 0 0.580111 0 0.572716 -0.32015 
0.483197 0 0.580819 0 0.572825 -0.322945 
0.483727 0 0.581547 0 0.57294 -0.325679 
0.483867 0 0.580639 0 0.571936 -0.32835 
0.483823 0 0.578991 0 0.570398 -0.330962 
0.483733 0 0.577276 0 0.568866 -0.333516 
0.483554 0 0.575582 0 0.567276 -0.336011 
0.483371 0 0.573922 0 0.565705 -0.338449 
0.483181 0 0.57229 0 0.564151 -0.34083 
0.482983 0 0.570687 0 0.562615 -0.343157 
0.482785 0 0.569119 0 0.561103 -0.34543 
0.482587 0 0.567586 0 0.559612 -0.347649 
0.482381 0 0.566081 0 0.558141 -0.349816 
0.482171 0 0.564604 0 0.556688 -0.351932 
0.481962 0 0.563163 0 0.555261 -0.353998 
0.481724 0 0.561828 0 0.553881 -0.356014 
0.481455 0 0.56052 0 0.552507 -0.357983 
0.481183 0 0.559242 0 0.551155 -0.359903 
0.480916 0 0.558 0 0.549831 -0.361777 
0.480641 0 0.55681 0 0.548538 -0.363606 
0.48036 0 0.555661 0 0.547273 -0.36539 
0.480077 0 0.554553 0 0.546039 -0.36713 
0.479804 0 0.553498 0 0.544844 -0.368827 
0.479543 0 0.552495 0 0.54369 -0.370482 
0.479289 0 0.551542 0 0.542575 -0.372096 
0.479047 0 0.550638 0 0.541501 -0.37367 
0.478822 0 0.549791 0 0.540474 -0.375203 
0.478615 0 0.548999 0 0.539491 -0.376698 
0.47842 0 0.548257 0 0.53855 -0.378155 
0.47824 0 0.547564 0 0.537651 -0.379574 
0.47808 0 0.546926 0 0.536798 -0.380957 
0.477939 0 0.546343 0 0.53599 -0.382303 
0.477813 0 0.545806 0 0.535222 -0.383615 
0.477701 0 0.545316 0 0.534494 -0.384891 
0.477612 0 0.544879 0 0.53381 -0.386133 
0.477543 0 0.544493 0 0.533168 -0.387341 
0.477489 0 0.544151 0 0.532562 -0.388516 
0.477451 0 0.543851 0 0.531992 -0.389658 
0.477436 0 0.543601 0 0.53146 -0.390767 
0.477441 0 0.543397 0 0.530963 -0.391843 
0.477462 0 0.543232 0 0.530496 -0.392886 
0.477499 0 0.543106 0 0.530057 -0.393895 
0.477117 0 0.542326 0 0.52932 -0.394871 
0.476507 0 0.541233 0 0.528331 -0.395813 
0.475784 0 0.540019 0 0.527207 -0.39672 
0.475101 0 0.538853 0 0.526104 -0.39759 
0.474569 0 0.537797 0 0.525126 -0.398422 
0.474154 0 0.536861 0 0.524264 -0.399215 
0.473821 0 0.536019 0 0.523489 -0.399967 
0.473548 0 0.535249 0 0.522778 -0.400674 
0.473325 0 0.534544 0 0.522124 -0.401334 
0.47314 0 0.533899 0 0.521519 -0.401943 
0.472981 0 0.533306 0 0.520957 -0.402495 
0.472844 0 0.532766 0 0.520439 -0.402985 
0.472731 0 0.532287 0 0.519971 -0.403407 
0.472639 0 0.53187 0 0.519554 -0.403753 
0.47256 0 0.53151 0 0.519185 -0.404012 
0.472494 0 0.531058 0 0.518641 -0.404175 
0.472436 0 0.530577 0 0.518057 -0.404228 
0.472447 0 0.530377 0 0.517808 -0.404155 
0.472456 0 0.530198 0 0.517593 -0.40394 
0.472433 0 0.52998 0 0.517354 -0.403563 
0.472486 0 0.529854 0 0.517206 -0.403 
0.472422 0 0.529757 0 0.517114 -0.402227 
0.472359 0 0.529735 0 0.517096 -0.401216 
0.472414 0 0.529823 0 0.517188 -0.39994 
0.472477 0 0.530008 0 0.517374 -0.398369 
0.472548 0 0.530293 0 0.517657 -0.396477 
0.472621 0 0.53068 0 0.518042 -0.394239 
0.472697 0 0.531174 0 0.518534 -0.39164 
0.472685 0 0.531762 0 0.519119 -0.388671 
0.472759 0 0.532396 0 0.519776 -0.385331 
0.472838 0 0.533181 0 0.520555 -0.381634 
0.472905 0 0.534021 0 0.521386 -0.3776 
0.472965 0 0.534913 0 0.522273 -0.373259 
0.473105 0 0.535905 0 0.523277 -0.368646 
0.473162 0 0.536959 0 0.524355 -0.363798 
0.473298 0 0.538101 0 0.525517 -0.358754 
0.473375 0 0.539301 0 0.526741 -0.353555 
0.47351 0 0.540514 0 0.527983 -0.348237 
0.473637 0 0.541785 0 0.529262 -0.342837 
0.473759 0 0.543075 0 0.530555 -0.337388 
0.473555 0 0.544748 0 0.532035 -0.331922 
0.473622 0 0.546333 0 0.533769 -0.326467 
0.473841 0 0.547894 0 0.535631 -0.32105 
0.47406 0 0.549458 0 0.537509 -0.315694 
0.474286 0 0.551028 0 0.539401 -0.310423 
0.474517 0 0.552594 0 0.5413 -0.305261 
0.474748 0 0.554146 0 0.543197 -0.30023 
0.474979 0 0.555676 0 0.545087 -0.295354 
0.475218 0 0.557186 0 0.546968 -0.290658 
0.475464 0 0.558668 0 0.548832 -0.286169 
0.475709 0 0.560108 0 0.550669 -0.281915 
0.475957 0 0.561498 0 0.55247 -0.27793 
0.476212 0 0.562838 0 0.554233 -0.274247 
0.476474 0 0.564116 0 0.555946 -0.270903 
0.476473 0 0.564948 0 0.557329 -0.267934 
0.476276 0 0.565498 0 0.558458 -0.265375 
0.476082 0 0.565794 0 0.559542 -0.263256 
0.476004 0 0.565965 0 0.560566 -0.261604 
0.475926 0 0.566027 0 0.561497 -0.260434 
0.475851 0 0.565979 0 0.562333 -0.259752 
0.475784 0 0.56583 0 0.563078 -0.259554 
0.475724 0 0.565582 0 0.563733 -0.259822 
0.475665 0 0.565234 0 0.564301 -0.260528 
0.475608 0 0.564795 0 0.564791 -0.261634 
0.475559 0 0.564283 0 0.565217 -0.263093 
0.475518 0 0.56371 0 0.56559 -0.264851 
0.475628 0 0.562993 0 0.565975 -0.266848 
0.475876 0 0.562176 0 0.566378 -0.269018 
0.476132 0 0.561344 0 0.566771 -0.271297 
0.476395 0 0.560506 0 0.567164 -0.273628 
0.476656 0 0.559666 0 0.567563 -0.275965 
0.476917 0 0.55883 0 0.567975 -0.278283 
0.477184 0 0.558009 0 0.568405 -0.280569 
0.477454 0 0.557201 0 0.568854 -0.282821 
0.47772 0 0.5564 0 0.569317 -0.285041 
0.477984 0 0.555603 0 0.569794 -0.287231 
0.478253 0 0.55482 0 0.570289 -0.289394 
0.478524 0 0.554047 0 0.570799 -0.291532 
0.478792 0 0.553277 0 0.571321 -0.293649 
0.479056 0 0.552508 0 0.571855 -0.295744 
0.479015 0 0.552094 0 0.572025 -0.29782 
0.479342 0 0.551757 0 0.572302 -0.299877 
0.479362 0 0.551405 0 0.572349 -0.301914 
0.479727 0 0.550898 0 0.572563 -0.303932 
0.479756 0 0.550653 0 0.57259 -0.30593 
0.47979 0 0.550423 0 0.572639 -0.307907 
0.479825 0 0.550202 0 0.572707 -0.309862 
0.479861 0 0.549988 0 0.572793 -0.311792 
0.479904 0 0.549792 0 0.572904 -0.313696 
0.479954 0 0.549611 0 0.573037 -0.315572 
0.480296 0 0.549286 0 0.573348 -0.31742 
0.480638 0 0.548972 0 0.573679 -0.319237 
0.480985 0 0.548675 0 0.574033 -0.321024 
0.481104 0 0.548664 0 0.574321 -0.322781 
0.48122 0 0.548655 0 0.574629 -0.324508 
0.481576 0 0.54844 0 0.575089 -0.326204 
0.481679 0 0.548371 0 0.575326 -0.327871 
0.482017 0 0.548147 0 0.575751 -0.329507 
0.482125 0 0.548085 0 0.576028 -0.331114 
0.482469 0 0.547891 0 0.576566 -0.332692 
0.482605 0 0.547839 0 0.576983 -0.33424 
0.482946 0 0.547645 0 0.577541 -0.33576 
0.48307 0 0.547551 0 0.577911 -0.33725 
0.483334 0 0.547274 0 0.577875 -0.338711 
0.483428 0 0.546948 0 0.577583 -0.340145 
0.483413 0 0.546508 0 0.577063 -0.34155 
0.483329 0 0.546 0 0.576426 -0.342927 
0.483245 0 0.545508 0 0.575808 -0.344277 
0.483167 0 0.545039 0 0.575217 -0.345601 
0.483094 0 0.544592 0 0.57465 -0.346899 
0.483019 0 0.544158 0 0.574103 -0.34817 
0.482943 0 0.543738 0 0.573576 -0.349416 
0.483004 0 0.543431 0 0.573555 -0.350637 
0.483149 0 0.543193 0 0.5737 -0.351833 
0.483292 0 0.542962 0 0.573865 -0.353005 
0.483532 0 0.542832 0 0.573935 -0.354152 
0.483815 0 0.542706 0 0.57404 -0.355275 
0.484132 0 0.542618 0 0.574183 -0.356375 
0.48446 0 0.542555 0 0.574343 -0.35745 
0.484792 0 0.542509 0 0.574512 -0.358503 
0.485128 0 0.542482 0 0.574694 -0.359532 
0.485464 0 0.542471 0 0.574883 -0.360538 
0.485793 0 0.542466 0 0.575073 -0.361522 
0.486115 0 0.542467 0 0.575262 -0.362484 
0.486436 0 0.542483 0 0.575455 -0.363423 
0.486756 0 0.542513 0 0.57565 -0.36434 
0.487067 0 0.542548 0 0.575843 -0.365235 
0.48737 0 0.542591 0 0.576035 -0.366109 
0.487674 0 0.542649 0 0.576232 -0.366961 
0.487977 0 0.542722 0 0.576433 -0.367792 
0.488272 0 0.542801 0 0.576633 -0.368602 
0.488716 0 0.543019 0 0.576994 -0.369392 
0.489251 0 0.543305 0 0.577452 -0.370161 
0.489833 0 0.54362 0 0.577949 -0.370909 
0.490432 0 0.54394 0 0.578461 -0.371637 
0.491037 0 0.544263 0 0.578985 -0.372344 
0.491651 0 0.544595 0 0.579524 -0.373032 
0.492267 0 0.544931 0 0.580071 -0.3737 
0.492877 0 0.545258 0 0.580612 -0.374348 
0.493477 0 0.545573 0 0.581144 -0.374976 
0.494075 0 0.545885 0 0.581669 -0.375584 
0.494666 0 0.546193 0 0.582186 -0.376174 
0.495245 0 0.546487 0 0.58269 -0.376744 
0.495811 0 0.546771 0 0.583185 -0.377294 
0.496373 0 0.547051 0 0.583674 -0.377826 
0.496927 0 0.547328 0 0.584157 -0.378339 
0.497466 0 0.547592 0 0.584626 -0.378834 
0.497992 0 0.547843 0 0.585082 -0.37931 
0.49851 0 0.548091 0 0.585531 -0.379767 
0.49902 0 0.548335 0 0.58597 -0.380206 
0.499514 0 0.548565 0 0.586394 -0.380628 
0.499993 0 0.548782 0 0.586804 -0.381031 
0.500464 0 0.548996 0 0.587206 -0.381417 
0.500926 0 0.549205 0 0.587597 -0.381785 
0.501372 0 0.549401 0 0.587974 -0.382136 
0.501803 0 0.549585 0 0.588336 -0.382469 
0.502226 0 0.549765 0 0.588689 -0.382786 
0.50264 0 0.549941 0 0.589032 -0.383086 
0.503037 0 0.550104 0 0.58936 -0.383369 
0.50342 0 0.550254 0 0.589673 -0.383636 
0.503795 0 0.550401 0 0.589978 -0.383886 
0.50416 0 0.550544 0 0.590272 -0.384121 
0.50451 0 0.550674 0 0.590551 -0.38434 
0.504845 0 0.550791 0 0.590815 -0.384543 
0.505173 0 0.550906 0 0.591071 -0.384731 
0.505492 0 0.551017 0 0.591317 -0.384903 
0.505796 0 0.551115 0 0.591548 -0.385061 
0.506085 0 0.5512 0 0.591765 -0.385204 
0.506367 0 0.551283 0 0.591973 -0.385332 
0.506641 0 0.551363 0 0.592172 -0.385447 
0.5069 0 0.551429 0 0.592355 -0.385547 
0.507145 0 0.551484 0 0.592525 -0.385633 
0.507384 0 0.551536 0 0.592686 -0.385706 
0.507615 0 0.551584 0 0.592838 -0.385766 
0.507831 0 0.55162 0 0.592975 -0.385813 
0.508032 0 0.551652 0 0.593197 -0.385847 
0.508188 0 0.551681 0 0.593383 -0.385868 
0.508307 0 0.551697 0 0.593508 -0.385878 
0.508396 0 0.551699 0 0.593591 -0.385875 
0.508469 0 0.551699 0 0.593661 -0.38586 
0.508543 0 0.551715 0 0.59374 -0.385834 
0.50862 0 0.551748 0 0.593831 -0.385797 
0.508694 0 0.551787 0 0.593928 -0.385748 
0.508766 0 0.551834 0 0.594029 -0.385688 
0.508844 0 0.551898 0 0.59414 -0.385618 
0.508928 0 0.551978 0 0.594261 -0.385537 
0.509009 0 0.552065 0 0.594384 -0.385446 
0.509089 0 0.55216 0 0.594513 -0.385344 
0.509246 0 0.552301 0 0.594718 -0.385233 
0.509441 0 0.552463 0 0.594954 -0.385112 
0.509644 0 0.552625 0 0.595192 -0.384981 
0.509847 0 0.552784 0 0.595427 -0.38484 
0.510052 0 0.552947 0 0.595665 -0.38469 
0.510257 0 0.553112 0 0.595902 -0.38453 
0.510451 0 0.553267 0 0.596131 -0.384361 
0.510636 0 0.553412 0 0.596348 -0.384183 
0.510819 0 0.553555 0 0.596559 -0.383996 
0.510996 0 0.553696 0 0.596762 -0.383799 
0.511163 0 0.553825 0 0.596951 -0.383594 
0.511319 0 0.553944 0 0.597129 -0.38338 
0.511473 0 0.554062 0 0.597303 -0.383157 
0.511623 0 0.554178 0 0.597471 -0.382925 
0.511762 0 0.554283 0 0.597628 -0.382684 
0.511892 0 0.554378 0 0.597774 -0.382434 
0.512009 0 0.554465 0 0.597946 -0.382176 
0.51212 0 0.554553 0 0.598113 -0.381909 
0.512219 0 0.554634 0 0.598266 -0.381633 
0.51231 0 0.554709 0 0.598409 -0.381348 
0.512401 0 0.554789 0 0.598552 -0.381055 
0.512492 0 0.55487 0 0.598692 -0.380752 
0.512576 0 0.554946 0 0.598827 -0.380441 
0.512654 0 0.555016 0 0.598957 -0.38012 
0.512735 0 0.555092 0 0.599089 -0.379791 
0.512816 0 0.555171 0 0.599222 -0.379452 
0.512891 0 0.555246 0 0.599351 -0.379104 
0.512962 0 0.555317 0 0.599477 -0.378747 
0.513035 0 0.555394 0 0.599605 -0.37838 
0.513109 0 0.555475 0 0.599734 -0.378003 
0.513178 0 0.555552 0 0.599858 -0.377616 
0.513241 0 0.555624 0 0.599979 -0.377219 
0.513307 0 0.555702 0 0.600102 -0.376811 
0.513375 0 0.555784 0 0.600226 -0.376393 
0.513437 0 0.555862 0 0.600347 -0.375964 
0.513494 0 0.555936 0 0.600464 -0.375524 
0.513554 0 0.556016 0 0.600584 -0.375073 
0.513616 0 0.556101 0 0.600705 -0.37461 
0.513672 0 0.556181 0 0.600823 -0.374134 
0.513723 0 0.556258 0 0.600938 -0.373647 
0.513778 0 0.556341 0 0.601057 -0.373146 
0.513835 0 0.556429 0 0.601177 -0.372633 
0.513886 0 0.556513 0 0.601294 -0.372106 
0.513933 0 0.556594 0 0.601409 -0.371566 
0.513983 0 0.556681 0 0.601528 -0.371011 
0.514036 0 0.556774 0 0.601649 -0.370441 
0.514083 0 0.556863 0 0.601768 -0.369856 
0.514126 0 0.556949 0 0.601884 -0.369256 
0.514172 0 0.557042 0 0.602006 -0.368639 
0.514221 0 0.557141 0 0.60213 -0.368006 
0.514265 0 0.557237 0 0.602252 -0.367355 
0.514305 0 0.557331 0 0.602374 -0.366687 
0.514349 0 0.557432 0 0.6025 -0.366 
0.514396 0 0.557539 0 0.602631 -0.365295 
0.514437 0 0.557643 0 0.60276 -0.36457 
0.514475 0 0.557747 0 0.602888 -0.363824 
0.514517 0 0.557858 0 0.603023 -0.363058 
0.514562 0 0.557976 0 0.603163 -0.362269 
0.514603 0 0.558092 0 0.603302 -0.361459 
0.51464 0 0.558207 0 0.603441 -0.360625 
0.514681 0 0.558331 0 0.603588 -0.359767 
0.514726 0 0.558462 0 0.60374 -0.358885 
0.514766 0 0.558593 0 0.603893 -0.357976 
0.514803 0 0.558723 0 0.604048 -0.357041 
0.514845 0 0.558863 0 0.604211 -0.356077 
0.51489 0 0.559012 0 0.604381 -0.355085 
0.514932 0 0.55916 0 0.604552 -0.354063 
0.51497 0 0.559309 0 0.604727 -0.35301 
0.515014 0 0.559469 0 0.604911 -0.351925 
0.515062 0 0.559639 0 0.605103 -0.350806 
0.515106 0 0.559809 0 0.605299 -0.349652 
0.515148 0 0.559982 0 0.605499 -0.348461 
0.515195 0 0.560167 0 0.60571 -0.347232 
0.515247 0 0.560362 0 0.605931 -0.345963 
0.515296 0 0.56056 0 0.606158 -0.344653 
0.515343 0 0.560762 0 0.606391 -0.343299 
0.515396 0 0.560978 0 0.606637 -0.3419 
0.515454 0 0.561206 0 0.606896 -0.340452 
0.515509 0 0.561439 0 0.607162 -0.338955 
0.515564 0 0.561677 0 0.607437 -0.337405 
0.515625 0 0.561931 0 0.607728 -0.335799 
0.515692 0 0.5622 0 0.608034 -0.334135 
0.515757 0 0.562476 0 0.608351 -0.33241 
0.515822 0 0.562761 0 0.60868 -0.330619 
0.515895 0 0.563064 0 0.609029 -0.328759 
0.515974 0 0.563386 0 0.609397 -0.326826 
0.516053 0 0.563717 0 0.60978 -0.324816 
0.516133 0 0.564061 0 0.61018 -0.322723 
0.516222 0 0.564428 0 0.610605 -0.320542 
0.516319 0 0.564818 0 0.611054 -0.318268 
0.516417 0 0.565223 0 0.611524 -0.315894 
0.516517 0 0.565645 0 0.612018 -0.313414 
0.516628 0 0.566096 0 0.612543 -0.310818 
0.516749 0 0.566576 0 0.613101 -0.3081 
0.516872 0 0.567079 0 0.613689 -0.305249 
0.517001 0 0.567607 0 0.614309 -0.302256 
0.517142 0 0.568172 0 0.614973 -0.29911 
0.517296 0 0.568776 0 0.61568 -0.295797 
0.517456 0 0.569413 0 0.616429 -0.292306 
0.517624 0 0.570086 0 0.617226 -0.28862 
0.517808 0 0.57081 0 0.61808 -0.284724 
0.518008 0 0.571586 0 0.618996 -0.280601 
0.518219 0 0.572411 0 0.619972 -0.27623 
0.518441 0 0.57329 0 0.621017 -0.271591 
0.518685 0 0.574238 0 0.622142 -0.266661 
0.51895 0 0.575259 0 0.623353 -0.261418 
0.519231 0 0.576351 0 0.624652 -0.255834 
0.51953 0 0.577521 0 0.626046 -0.249885 
0.519856 0 0.578786 0 0.627552 -0.243545 
0.52021 0 0.58015 0 0.629175 -0.236785 
0.520586 0 0.581613 0 0.630918 -0.229583 
0.520987 0 0.583182 0 0.63279 -0.221916 
0.521327 0 0.58492 0 0.634714 -0.213766 
0.521624 0 0.586764 0 0.636679 -0.205121 
0.521892 0 0.588704 0 0.63871 -0.195976 
0.52215 0 0.590754 0 0.640838 -0.186337 
0.522417 0 0.592932 0 0.643087 -0.17622 
0.522697 0 0.595238 0 0.64546 -0.165649 
0.522986 0 0.597659 0 0.647948 -0.154661 
0.523286 0 0.600188 0 0.650546 -0.143304 
0.523603 0 0.602826 0 0.653248 -0.131629 
0.523936 0 0.605562 0 0.656042 -0.119694 
0.524278 0 0.608378 0 0.65891 -0.107561 
0.524627 0 0.611263 0 0.661841 -0.095289 
0.524991 0 0.614218 0 0.66483 -0.0829346 
0.525368 0 0.617232 0 0.667862 -0.0705513 
0.525749 0 0.620287 0 0.670924 -0.0581868 
0.526134 0 0.623378 0 0.674008 -0.0458832 
0.52653 0 0.626507 0 0.67711 -0.0336769 
0.526935 0 0.629668 0 0.680224 -0.0215988 
0.52734 0 0.632848 0 0.683338 -0.00967462 
0.527747 0 0.636045 0 0.686449 0.00207405 
0.528161 0 0.639266 0 0.689558 0.0136297 
0.528581 0 0.642506 0 0.692661 0.0249776 
0.528998 0 0.645756 0 0.69575 0.0361055 
0.529415 0 0.649014 0 0.698823 0.0470034 
0.529837 0 0.652288 0 0.701883 0.0576619 
0.530264 0 0.655574 0 0.704925 0.0680725 
0.530687 0 0.658862 0 0.707943 0.0782264 
0.531107 0 0.662149 0 0.710933 0.0881141 
0.531532 0 0.66544 0 0.713897 0.097725 
0.531959 0 0.668729 0 0.716826 0.107046 
0.532383 0 0.672001 0 0.71971 0.116063 
0.532803 0 0.67525 0 0.722544 0.124759 
0.533432 0 0.678509 0 0.725498 0.133114 
0.534169 0 0.681751 0 0.728473 0.141108 
0.534948 0 0.684939 0 0.731394 0.148718 
0.535742 0 0.688063 0 0.734236 0.155921 
0.536547 0 0.691127 0 0.736997 0.162691 
0.537357 0 0.69412 0 0.739664 0.168999 
0.538162 0 0.697022 0 0.74222 0.174819 
0.538961 0 0.699817 0 0.744648 0.180121 
0.53976 0 0.702504 0 0.746936 0.184873 
0.540556 0 0.705071 0 0.749071 0.189046 
0.541343 0 0.707501 0 0.75104 0.192611 
0.542123 0 0.709788 0 0.752837 0.19554 
0.542903 0 0.711933 0 0.754459 0.197808 
0.543682 0 0.71393 0 0.755898 0.199392 
0.544454 0 0.715764 0 0.757146 0.200277 
0.545219 0 0.717431 0 0.758197 0.20045 
0.545986 0 0.718937 0 0.759055 0.199906 
0.546752 0 0.72028 0 0.759715 0.198647 
0.54751 0 0.721451 0 0.760176 0.19668 
0.548263 0 0.722452 0 0.760442 0.19402 
0.549017 0 0.723296 0 0.760522 0.190688 
0.549771 0 0.723986 0 0.76042 0.186711 
0.550518 0 0.724521 0 0.760143 0.182121 
0.551259 0 0.724907 0 0.7597 0.176954 
0.552001 0 0.725161 0 0.759106 0.171251 
0.552743 0 0.725292 0 0.758371 0.165052 
0.553478 0 0.725301 0 0.757503 0.1584 
0.554207 0 0.725197 0 0.756516 0.15134 
0.554937 0 0.725001 0 0.755426 0.143913 
0.555667 0 0.72472 0 0.754243 0.136163 
0.556389 0 0.724358 0 0.752978 0.128129 
0.557106 0 0.723925 0 0.751641 0.119851 
0.557824 0 0.723439 0 0.750249 0.111366 
0.558541 0 0.722908 0 0.74881 0.102707 
0.559251 0 0.722333 0 0.747332 0.0939064 
0.559955 0 0.721722 0 0.745823 0.0849937 
0.560661 0 0.721093 0 0.744296 0.0759958 
0.561366 0 0.720451 0 0.742758 0.0669371 
0.562064 0 0.719795 0 0.741213 0.0578399 
0.562756 0 0.719131 0 0.739666 0.0487242 
0.56345 0 0.718475 0 0.738129 0.0396082 
0.564143 0 0.717827 0 0.736603 0.0305079 
0.56483 0 0.717188 0 0.735091 0.0214378 
0.565511 0 0.71656 0 0.733597 0.0124108 
0.566194 0 0.715956 0 0.732129 0.00343834 
0.566877 0 0.715376 0 0.730686 -0.00546971 
0.567553 0 0.714818 0 0.729269 -0.0143041 
0.568223 0 0.714284 0 0.72788 -0.0230571 
0.568895 0 0.713784 0 0.726524 -0.0317218 
0.569567 0 0.713318 0 0.725202 -0.0402918 
0.570232 0 0.712881 0 0.723911 -0.0487619 
0.570892 0 0.712474 0 0.722653 -0.0571273 
0.571553 0 0.712108 0 0.721431 -0.0653838 
0.572213 0 0.71178 0 0.720244 -0.0735276 
0.572867 0 0.711485 0 0.71909 -0.0815557 
0.573514 0 0.711224 0 0.717968 -0.0894651 
0.574162 0 0.711005 0 0.716883 -0.0972536 
0.574809 0 0.710827 0 0.715832 -0.104919 
0.575448 0 0.710682 0 0.714812 -0.112459 
0.576081 0 0.710573 0 0.713822 -0.119873 
0.576713 0 0.710505 0 0.712866 -0.12716 
0.577343 0 0.710477 0 0.71194 -0.134318 
0.577964 0 0.710483 0 0.711041 -0.141346 
0.578577 0 0.710522 0 0.710168 -0.148245 
0.579189 0 0.710601 0 0.709324 -0.155014 
0.579796 0 0.710717 0 0.708505 -0.161653 
0.580394 0 0.710865 0 0.707707 -0.168162 
0.580983 0 0.711043 0 0.706931 -0.174542 
0.581567 0 0.711258 0 0.706176 -0.180792 
0.582147 0 0.711508 0 0.70544 -0.186915 
0.582714 0 0.711784 0 0.704719 -0.192909 
0.583271 0 0.712087 0 0.704012 -0.198777 
0.583354 0 0.710137 0 0.701974 -0.204519 
0.583239 0 0.707318 0 0.699406 -0.210138 
0.583082 0 0.704549 0 0.69694 -0.215634 
0.582873 0 0.701837 0 0.694463 -0.221009 
0.582661 0 0.699187 0 0.692029 -0.226265 
0.582446 0 0.696598 0 0.689636 -0.231403 
0.582221 0 0.694064 0 0.687282 -0.236426 
0.581989 0 0.691586 0 0.684969 -0.241335 
0.581757 0 0.68917 0 0.6827 -0.246131 
0.581522 0 0.686814 0 0.680474 -0.250818 
0.581269 0 0.684571 0 0.678311 -0.255395 
0.581004 0 0.682407 0 0.676199 -0.259866 
0.580738 0 0.680314 0 0.674137 -0.264232 
0.580472 0 0.678293 0 0.672125 -0.268496 
0.580207 0 0.676342 0 0.670169 -0.272658 
0.579945 0 0.674466 0 0.668271 -0.276721 
0.579695 0 0.672672 0 0.666436 -0.280686 
0.579458 0 0.670957 0 0.664663 -0.284556 
0.579228 0 0.669316 0 0.66295 -0.288333 
0.579009 0 0.667749 0 0.661298 -0.292018 
0.578805 0 0.666262 0 0.65971 -0.295612 
0.578618 0 0.664852 0 0.658186 -0.299119 
0.578441 0 0.663515 0 0.656722 -0.302539 
0.578277 0 0.662249 0 0.655319 -0.305874 
0.578132 0 0.661061 0 0.65398 -0.309126 
0.578005 0 0.659948 0 0.652704 -0.312296 
0.577889 0 0.658904 0 0.651488 -0.315387 
0.577788 0 0.657929 0 0.650332 -0.3184 
0.577707 0 0.657029 0 0.64924 -0.321336 
0.577645 0 0.656201 0 0.648209 -0.324196 
0.577596 0 0.655439 0 0.647237 -0.326983 
0.577563 0 0.654743 0 0.646324 -0.329697 
0.57755 0 0.654119 0 0.645473 -0.33234 
0.577556 0 0.653563 0 0.644683 -0.334914 
0.577577 0 0.653071 0 0.64395 -0.337418 
0.577626 0 0.652225 0 0.643168 -0.339855 
0.577689 0 0.651277 0 0.642405 -0.342226 
0.577775 0 0.650356 0 0.641716 -0.344532 
0.577787 0 0.649475 0 0.641014 -0.346773 
0.5778 0 0.648628 0 0.640342 -0.348951 
0.577819 0 0.647823 0 0.639702 -0.351067 
0.577843 0 0.647057 0 0.639092 -0.353121 
0.577867 0 0.646323 0 0.63851 -0.355114 
0.577891 0 0.645623 0 0.637956 -0.357046 
0.577922 0 0.644961 0 0.637434 -0.35892 
0.577959 0 0.644335 0 0.636941 -0.360733 
0.577975 0 0.643801 0 0.63651 -0.362488 
0.577975 0 0.643301 0 0.636103 -0.364185 
0.577971 0 0.642837 0 0.635724 -0.365823 
0.577972 0 0.642406 0 0.635374 -0.367403 
0.577748 0 0.64141 0 0.634645 -0.368924 
0.577486 0 0.640423 0 0.633903 -0.370387 
0.577058 0 0.639286 0 0.633005 -0.371791 
0.576443 0 0.638019 0 0.631976 -0.373136 
0.575683 0 0.636676 0 0.630876 -0.37442 
0.574802 0 0.635265 0 0.629715 -0.375643 
0.573816 0 0.633783 0 0.628484 -0.376803 
0.572735 0 0.632226 0 0.627174 -0.377897 
0.571562 0 0.630591 0 0.625784 -0.378923 
0.570491 0 0.629121 0 0.624371 -0.379877 
0.569611 0 0.627831 0 0.623063 -0.380754 
0.568868 0 0.626685 0 0.621872 -0.381549 
0.568217 0 0.625641 0 0.620774 -0.382254 
0.567796 0 0.624686 0 0.619815 -0.382861 
0.567515 0 0.623844 0 0.618973 -0.383357 
0.567309 0 0.623086 0 0.618208 -0.38373 
0.567137 0 0.622377 0 0.617487 -0.383964 
0.566981 0 0.621706 0 0.616801 -0.384038 
0.566834 0 0.621077 0 0.616151 -0.383929 
0.566692 0 0.620488 0 0.615539 -0.383611 
0.566546 0 0.619938 0 0.614966 -0.38305 
0.566394 0 0.619434 0 0.61444 -0.38221 
0.566243 0 0.618993 0 0.613975 -0.381048 
0.566091 0 0.618624 0 0.61358 -0.379517 
0.565932 0 0.618335 0 0.613268 -0.377564 
0.565769 0 0.618141 0 0.613053 -0.375132 
0.565607 0 0.618063 0 0.612952 -0.372164 
0.565446 0 0.618114 0 0.612978 -0.3686 
0.565281 0 0.618301 0 0.613142 -0.364382 
0.565114 0 0.618638 0 0.613457 -0.359461 
0.564949 0 0.619144 0 0.613939 -0.353794 
0.564788 0 0.619827 0 0.614596 -0.347353 
0.564625 0 0.620688 0 0.615431 -0.340125 
0.564461 0 0.621733 0 0.61645 -0.332114 
0.564304 0 0.622968 0 0.617657 -0.323344 
0.564153 0 0.62439 0 0.619046 -0.313856 
0.564002 0 0.625987 0 0.62061 -0.303708 
0.563854 0 0.627749 0 0.622339 -0.292968 
0.563715 0 0.629673 0 0.624225 -0.281714 
0.563584 0 0.631742 0 0.626252 -0.270029 
0.563456 0 0.633936 0 0.628403 -0.257995 
0.563333 0 0.636238 0 0.630661 -0.245694 
0.56322 0 0.63864 0 0.633014 -0.2332 
0.563117 0 0.641123 0 0.635444 -0.220584 
0.563018 0 0.643668 0 0.637933 -0.207908 
0.562924 0 0.646258 0 0.640467 -0.195229 
0.562841 0 0.648888 0 0.643036 -0.182594 
0.562767 0 0.651542 0 0.645625 -0.170044 
0.562696 0 0.654205 0 0.648222 -0.157616 
0.562629 0 0.656866 0 0.650815 -0.14534 
0.562573 0 0.659522 0 0.653399 -0.13324 
0.562524 0 0.662163 0 0.655964 -0.121339 
0.562477 0 0.664777 0 0.658501 -0.109653 
0.562433 0 0.667356 0 0.661004 -0.0981976 
0.562397 0 0.669902 0 0.66347 -0.0869836 
0.562367 0 0.672408 0 0.665892 -0.0760212 
0.56217 0 0.675375 0 0.66862 -0.0653181 
0.561798 0 0.678101 0 0.671196 -0.0548791 
0.561609 0 0.680534 0 0.673758 -0.0447085 
0.561341 0 0.683023 0 0.676231 -0.0348089 
0.561078 0 0.685476 0 0.67867 -0.0251818 
0.560821 0 0.68789 0 0.681074 -0.0158277 
0.560576 0 0.690271 0 0.683442 -0.00674605 
0.560478 0 0.692454 0 0.685804 0.00206473 
0.560385 0 0.69459 0 0.688127 0.0106073 
0.560298 0 0.696681 0 0.690413 0.0188853 
0.560298 0 0.698647 0 0.692654 0.0269035 
0.559939 0 0.70068 0 0.694672 0.0346689 
0.559724 0 0.702359 0 0.696596 0.0421902 
0.559373 0 0.704078 0 0.698403 0.0494787 
0.559224 0 0.705664 0 0.700304 0.0565495 
0.558815 0 0.707581 0 0.702088 0.063422 
0.558621 0 0.709049 0 0.703856 0.0701223 
0.558584 0 0.710325 0 0.705627 0.0766829 
0.55856 0 0.711595 0 0.707397 0.0831448 
0.558248 0 0.713313 0 0.709059 0.0895576 
0.557942 0 0.715045 0 0.71074 0.0959766 
0.558006 0 0.716301 0 0.712526 0.102457 
0.557768 0 0.718128 0 0.714157 0.109042 
0.558066 0 0.719619 0 0.71631 0.115756 
0.558018 0 0.721664 0 0.718328 0.122596 
0.557974 0 0.723741 0 0.720383 0.129543 
0.558394 0 0.725251 0 0.722624 0.13657 
0.558822 0 0.72678 0 0.724891 0.143641 
0.558909 0 0.729028 0 0.727069 0.150726 
0.559 0 0.731276 0 0.729253 0.157798 
0.559101 0 0.733523 0 0.731437 0.164831 
0.55921 0 0.735762 0 0.733617 0.171806 
0.55972 0 0.737417 0 0.735994 0.178705 
0.560233 0 0.739049 0 0.738366 0.185513 
0.560424 0 0.741301 0 0.740587 0.192216 
0.560623 0 0.743526 0 0.742788 0.198802 
0.561158 0 0.745107 0 0.745126 0.205263 
0.56108 0 0.746502 0 0.746943 0.211587 
0.560644 0 0.747591 0 0.748314 0.217765 
0.560116 0 0.748554 0 0.749501 0.22379 
0.559593 0 0.749485 0 0.750664 0.229651 
0.559074 0 0.750384 0 0.751801 0.235341 
0.558567 0 0.751257 0 0.752911 0.24085 
0.55807 0 0.752099 0 0.753989 0.24617 
0.557578 0 0.752902 0 0.755033 0.251291 
0.557091 0 0.753662 0 0.75604 0.256206 
0.556617 0 0.754388 0 0.757011 0.260906 
0.556525 0 0.754729 0 0.758114 0.265385 
0.556254 0 0.755461 0 0.759043 0.269637 
0.555882 0 0.756274 0 0.759852 0.273661 
0.55552 0 0.757046 0 0.760622 0.277456 
0.555505 0 0.757389 0 0.761611 0.281025 
0.555363 0 0.758056 0 0.76244 0.284371 
0.555483 0 0.758607 0 0.763486 0.287501 
0.55548 0 0.759279 0 0.764394 0.290421 
0.555718 0 0.759681 0 0.765464 0.293143 
0.555823 0 0.760255 0 0.766387 0.295678 
0.556134 0 0.760646 0 0.767511 0.298042 
0.556335 0 0.761179 0 0.768493 0.300249 
0.556675 0 0.761539 0 0.769552 0.302319 
0.556935 0 0.761961 0 0.770505 0.30427 
0.557298 0 0.762304 0 0.771564 0.306125 
0.557601 0 0.762731 0 0.772527 0.307903 
0.557965 0 0.763111 0 0.77354 0.30963 
0.558327 0 0.763532 0 0.774535 0.311326 
0.558688 0 0.763969 0 0.775534 0.313015 
0.559053 0 0.764421 0 0.776545 0.314719 
0.559403 0 0.764709 0 0.777128 0.31646 
0.559756 0 0.76496 0 0.777533 0.318254 
0.560145 0 0.765247 0 0.777927 0.32012 
0.56053 0 0.76555 0 0.778381 0.322071 
0.560922 0 0.765891 0 0.778876 0.324116 
0.561314 0 0.766263 0 0.779414 0.326264 
0.561708 0 0.766667 0 0.779997 0.328519 
0.562111 0 0.767114 0 0.780628 0.330879 
0.562589 0 0.767656 0 0.781125 0.333343 
0.56313 0 0.76821 0 0.781722 0.335903 
0.563709 0 0.768773 0 0.782363 0.338553 
0.564309 0 0.769354 0 0.783018 0.341282 
0.56492 0 0.769958 0 0.783677 0.344079 
0.565531 0 0.770579 0 0.784342 0.346932 
0.566141 0 0.77122 0 0.785018 0.349831 
0.566755 0 0.771886 0 0.785702 0.352764 
0.567367 0 0.772574 0 0.786388 0.35572 
0.567971 0 0.77327 0 0.787074 0.358689 
0.568564 0 0.773975 0 0.787757 0.361663 
0.569154 0 0.774697 0 0.78844 0.364633 
0.569738 0 0.775434 0 0.789123 0.367592 
0.570311 0 0.776179 0 0.789806 0.370533 
0.570872 0 0.776931 0 0.790493 0.37345 
0.57143 0 0.777698 0 0.791184 0.37634 
0.571982 0 0.77848 0 0.791878 0.379197 
0.572521 0 0.779266 0 0.792577 0.382019 
0.57305 0 0.780058 0 0.793279 0.384801 
0.573575 0 0.780864 0 0.793989 0.387543 
0.574095 0 0.781682 0 0.794704 0.390241 
0.574604 0 0.782504 0 0.795425 0.392894 
0.575103 0 0.783331 0 0.796154 0.395501 
0.5756 0 0.784171 0 0.796891 0.39806 
0.576094 0 0.785023 0 0.797636 0.400572 
0.576578 0 0.785879 0 0.79839 0.403036 
0.577054 0 0.786738 0 0.799153 0.40545 
0.57753 0 0.787609 0 0.799926 0.407816 
0.578005 0 0.788492 0 0.80071 0.410134 
0.578493 0 0.789439 0 0.801729 0.412403 
0.578961 0 0.790394 0 0.802742 0.414623 
0.579503 0 0.791449 0 0.803692 0.416796 
0.579988 0 0.792451 0 0.804683 0.418921 
0.580519 0 0.79351 0 0.805624 0.420999 
0.580993 0 0.79453 0 0.806631 0.42303 
0.58143 0 0.795539 0 0.807616 0.425016 
0.581905 0 0.79659 0 0.808583 0.426957 
0.582331 0 0.797626 0 0.809549 0.428853 
0.582725 0 0.798657 0 0.81049 0.430705 
0.583101 0 0.799698 0 0.811411 0.432515 
0.583465 0 0.800755 0 0.812317 0.434282 
0.583816 0 0.801822 0 0.813214 0.436007 
0.584284 0 0.802967 0 0.814184 0.437691 
0.584835 0 0.804163 0 0.815234 0.439335 
0.585436 0 0.805381 0 0.816339 0.44094 
0.586062 0 0.806601 0 0.817476 0.442506 
0.586706 0 0.807821 0 0.818641 0.444034 
0.587372 0 0.809054 0 0.819834 0.445525 
0.588056 0 0.810295 0 0.821053 0.446979 
0.588752 0 0.811537 0 0.822296 0.448398 
0.58946 0 0.812778 0 0.823561 0.449781 
0.590188 0 0.814026 0 0.824847 0.45113 
0.590934 0 0.81528 0 0.826153 0.452445 
0.591691 0 0.816532 0 0.827477 0.453728 
0.592461 0 0.817781 0 0.828821 0.454977 
0.59325 0 0.819038 0 0.830185 0.456195 
0.594056 0 0.8203 0 0.831565 0.457382 
0.594873 0 0.821558 0 0.832962 0.458539 
0.595701 0 0.822813 0 0.834373 0.459665 
0.596546 0 0.824073 0 0.835798 0.460763 
0.597406 0 0.825337 0 0.837233 0.461831 
0.598273 0 0.826595 0 0.838676 0.462872 
0.599147 0 0.827848 0 0.840126 0.463885 
0.600034 0 0.829105 0 0.841582 0.46487 
0.600931 0 0.830363 0 0.843039 0.465829 
0.601831 0 0.831616 0 0.844497 0.466763 
0.602733 0 0.832862 0 0.845954 0.46767 
0.603644 0 0.83411 0 0.847408 0.468553 
0.60456 0 0.835361 0 0.848855 0.469411 
0.605475 0 0.836604 0 0.850295 0.470245 
0.606387 0 0.83784 0 0.851727 0.471054 
0.607304 0 0.839079 0 0.853149 0.471841 
0.608222 0 0.84032 0 0.854557 0.472604 
0.609133 0 0.841554 0 0.855953 0.473344 
0.61004 0 0.842781 0 0.857334 0.474062 
0.610947 0 0.844012 0 0.858699 0.474758 
0.611852 0 0.845246 0 0.860048 0.47543 
0.612748 0 0.846474 0 0.861378 0.47608 
0.613636 0 0.847696 0 0.86269 0.476708 
0.614522 0 0.848923 0 0.863983 0.477312 
0.615404 0 0.850154 0 0.865254 0.477893 
0.616275 0 0.851381 0 0.866505 0.478449 
0.617136 0 0.852603 0 0.867734 0.478978 
0.617993 0 0.853831 0 0.868941 0.47948 
0.618843 0 0.855064 0 0.870123 0.479952 
0.619682 0 0.856293 0 0.87128 0.48039 
0.620508 0 0.857519 0 0.87241 0.480789 
0.621329 0 0.85875 0 0.873513 0.481145 
0.622141 0 0.859984 0 0.874586 0.481449 
0.622939 0 0.861214 0 0.875625 0.481691 
0.623724 0 0.862437 0 0.87663 0.481861 
0.6245 0 0.863662 0 0.877597 0.481943 
0.625266 0 0.864885 0 0.878521 0.481921 
0.626015 0 0.866096 0 0.879399 0.481776 
0.626748 0 0.867294 0 0.880228 0.481485 
0.627471 0 0.868483 0 0.881001 0.481023 
0.628182 0 0.869659 0 0.881714 0.480362 
0.628874 0 0.870811 0 0.882361 0.479471 
0.629549 0 0.871934 0 0.882937 0.478315 
0.630212 0 0.873032 0 0.883438 0.476859 
0.630862 0 0.8741 0 0.883853 0.475063 
0.631493 0 0.875122 0 0.88418 0.472886 
0.632106 0 0.876093 0 0.88441 0.470289 
0.632707 0 0.877015 0 0.884537 0.46723 
0.633296 0 0.877878 0 0.884553 0.463671 
0.633866 0 0.878669 0 0.884453 0.459574 
0.634418 0 0.879377 0 0.884229 0.454909 
0.63496 0 0.880005 0 0.883876 0.44965 
0.63549 0 0.880542 0 0.883385 0.443778 
0.636004 0 0.880973 0 0.882755 0.437284 
0.636716 1 0.881127 0 0.883216 0.430166 
0.637552 1 0.881343 0 0.883631 0.421531 
0.638347 1 0.88122 0 0.883511 0.411396 
0.639113 0 0.880836 0 0.882953 0.399856 
0.640219 1 0.881296 0 0.882923 0.387909 
0.641286 0 0.881481 0 0.88244 0.374797 
0.642316 0 0.881581 0 0.881742 0.361454 
0.643315 0 0.881614 0 0.880895 0.347929 
0.644287 0 0.881586 0 0.879933 0.33427 
0.6461 0 0.883035 1 0.879785 0.320519 
0.648436 1 0.883439 1 0.880385 0.306019 
0.650975 1 0.88434 1 0.881069 0.290541 
0.653655 1 0.885293 1 0.881768 0.274472 
0.656423 1 0.886243 1 0.882478 0.25811 
0.659238 1 0.887173 1 0.883186 0.241678 
0.662067 1 0.888063 1 0.883882 0.22533 
0.66489 1 0.888903 1 0.884553 0.209164 
0.66769 1 0.889685 1 0.885198 0.193244 
0.670459 1 0.890407 1 0.88581 0.177617 
0.673203 1 0.891079 1 0.886391 0.162307 
0.675916 1 0.891707 1 0.886944 0.147326 
0.678596 1 0.892294 1 0.887468 0.132683 
0.681239 1 0.892841 1 0.887962 0.118384 
0.683845 1 0.893352 1 0.888429 0.104421 
0.686687 1 0.893464 1 0.888941 0.0907901 
0.689659 1 0.893479 1 0.889862 0.0775009 
0.692272 0 0.893442 1 0.890818 0.0645349 
0.69521 1 0.893389 1 0.891976 0.0518814 
0.698125 1 0.893744 1 0.892841 0.0395394 
0.700983 1 0.894189 1 0.893569 0.027507 
0.703784 1 0.894656 1 0.894213 0.0157724 
0.706525 1 0.895123 1 0.894796 0.00433258 
0.709209 1 0.895581 1 0.895333 -0.00682457 
0.711833 1 0.89602 1 0.895833 -0.0177061 
0.7144 1 0.896437 1 0.896302 -0.0283129 
0.716909 1 0.896835 1 0.896743 -0.0386555 
0.71936 1 0.897212 1 0.897157 -0.0487397 
0.721753 1 0.897569 1 0.897547 -0.0585726 
0.724089 1 0.897906 1 0.897915 -0.0681607 
0.726368 1 0.898223 1 0.89826 -0.0775073 
0.728591 1 0.898522 1 0.898585 -0.0866227 
0.730758 1 0.898802 1 0.89889 -0.0955123 
0.732869 1 0.899065 1 0.899176 -0.104177 
0.734926 1 0.89931 1 0.899444 -0.112626 
0.736928 1 0.89954 1 0.899695 -0.120862 
0.738877 1 0.899755 1 0.89993 -0.128894 
0.740772 1 0.899953 1 0.900148 -0.136724 
0.742615 1 0.900138 1 0.900351 -0.14436 
0.744406 1 0.900308 1 0.90054 -0.151803 
0.746145 1 0.900466 1 0.900714 -0.15906 
0.747632 1 0.900697 1 0.900664 -0.166132 
0.748994 1 0.900833 1 0.900559 -0.17303 
0.750311 1 0.900891 1 0.900495 -0.179756 
0.751586 1 0.900908 1 0.900457 -0.186317 
0.75282 1 0.900897 1 0.90043 -0.192711 
0.754012 1 0.900866 1 0.900407 -0.198947 
0.755164 1 0.90082 1 0.900382 -0.205027 
0.756277 1 0.900761 1 0.900353 -0.210957 
0.757349 1 0.900693 1 0.900318 -0.216737 
0.758383 1 0.900615 1 0.900276 -0.222372 
0.759379 1 0.900528 1 0.900226 -0.227866 
0.760336 1 0.900434 1 0.900169 -0.233222 
0.761249 1 0.900346 1 0.9001 -0.238448 
0.762136 1 0.900246 1 0.900025 -0.243542 
0.763002 1 0.90014 1 0.899954 -0.248507 
0.763852 1 0.900029 1 0.899889 -0.25335 
0.764683 1 0.899914 1 0.899831 -0.25807 
0.765498 1 0.899799 1 0.899777 -0.262673 
0.766297 1 0.899686 1 0.899728 -0.267159 
0.767084 1 0.899575 1 0.899684 -0.271534 
0.76786 1 0.89947 1 0.899645 -0.275798 
0.768629 1 0.899369 1 0.899612 -0.279958 
0.769392 1 0.899274 1 0.899586 -0.284012 
0.769903 1 0.899083 1 0.899497 -0.287969 
0.77031 1 0.898815 1 0.899323 -0.291821 
0.770681 1 0.898546 1 0.899111 -0.295579 
0.77103 1 0.898285 1 0.898887 -0.299244 
0.771357 1 0.898028 1 0.898654 -0.302817 
0.771665 1 0.897771 1 0.898414 -0.306299 
0.771953 1 0.897513 1 0.898168 -0.309695 
0.772221 1 0.897254 1 0.897919 -0.313006 
0.772472 1 0.896992 1 0.897664 -0.316234 
0.772704 1 0.896728 1 0.897407 -0.319383 
0.772919 1 0.896461 1 0.897145 -0.322452 
0.773117 1 0.896192 1 0.896882 -0.325445 
0.773299 1 0.89592 1 0.896613 -0.328362 
0.773464 1 0.895646 1 0.896343 -0.331207 
0.773613 1 0.895368 1 0.89607 -0.333979 
0.773747 1 0.895088 1 0.895793 -0.336683 
0.773835 1 0.894797 1 0.895489 -0.33932 
0.7739 1 0.894495 1 0.895187 -0.341892 
0.773955 1 0.89419 1 0.894886 -0.344398 
0.774001 1 0.893885 1 0.89458 -0.346842 
0.774036 1 0.893579 1 0.894268 -0.349225 
0.774056 1 0.893271 1 0.893951 -0.351548 
0.774061 1 0.892959 1 0.893631 -0.353813 
0.774051 1 0.892644 1 0.893306 -0.356021 
0.774027 1 0.892323 1 0.892978 -0.358174 
0.773989 1 0.891999 1 0.892645 -0.360274 
0.773938 1 0.89167 1 0.892307 -0.362322 
0.773874 1 0.891337 1 0.891966 -0.364318 
0.773795 1 0.891 1 0.89162 -0.366263 
0.773704 1 0.890658 1 0.891268 -0.36816 
0.773601 1 0.890312 1 0.890913 -0.37001 
0.773485 1 0.889961 1 0.890552 -0.371812 
0.773356 1 0.889606 1 0.890186 -0.373571 
0.773215 1 0.889245 1 0.889817 -0.375286 
0.773063 1 0.88888 1 0.889441 -0.376956 
0.772899 1 0.888511 1 0.88906 -0.378586 
0.772724 1 0.888135 1 0.888676 -0.380175 
0.772538 1 0.887754 1 0.888286 -0.381725 
0.772341 1 0.887369 1 0.88789 -0.383236 
0.772134 1 0.886979 1 0.887489 -0.384709 
0.772382 1 0.886794 1 0.88746 -0.386145 
0.772929 1 0.886782 1 0.887685 -0.38754 
0.77362 1 0.886908 1 0.888016 -0.388906 
0.774341 1 0.887118 1 0.888344 -0.390235 
0.77505 1 0.887351 1 0.888631 -0.391533 
0.77575 1 0.887589 1 0.888894 -0.392798 
0.77644 1 0.887835 1 0.889146 -0.39403 
0.777122 1 0.888086 1 0.88939 -0.395233 
0.777794 1 0.88834 1 0.889629 -0.396407 
0.778458 1 0.888593 1 0.889865 -0.39755 
0.779113 1 0.888848 1 0.890099 -0.398665 
0.779761 1 0.889101 1 0.890331 -0.399752 
0.78037 1 0.889333 1 0.890547 -0.400811 
0.780961 1 0.889553 1 0.890752 -0.401845 
0.78154 1 0.889771 1 0.890953 -0.402854 
0.782109 1 0.889987 1 0.89115 -0.403836 
0.782667 1 0.8902 1 0.891343 -0.404794 
0.783214 1 0.89041 1 0.891532 -0.405728 
0.783749 1 0.890616 1 0.891716 -0.406638 
0.784274 1 0.890819 1 0.891898 -0.407526 
0.784868 1 0.89104 1 0.892136 -0.408392 
0.785519 1 0.891296 1 0.892428 -0.409235 
0.786208 1 0.891588 1 0.892748 -0.410058 
0.786914 1 0.891902 1 0.893075 -0.41086 
0.787624 1 0.892222 1 0.893398 -0.411642 
0.788332 1 0.892545 1 0.893716 -0.412403 
0.789041 1 0.89287 1 0.894031 -0.413147 
0.789753 1 0.893199 1 0.894349 -0.413873 
0.790473 1 0.893532 1 0.894672 -0.414581 
0.791254 1 0.893927 1 0.894997 -0.415269 
0.792114 1 0.894388 1 0.895345 -0.415943 
0.793025 1 0.894885 1 0.895718 -0.416597 
0.793961 1 0.895391 1 0.896109 -0.417236 
0.794906 1 0.895888 1 0.896513 -0.417859 
0.795854 1 0.896376 1 0.896926 -0.418466 
0.796808 1 0.896859 1 0.897345 -0.419057 
0.797775 1 0.897351 1 0.897765 -0.419633 
0.798752 1 0.897846 1 0.898181 -0.420196 
0.799742 1 0.898345 1 0.898599 -0.420745 
0.800749 1 0.898853 1 0.899024 -0.421279 
0.801776 1 0.899367 1 0.899456 -0.421802 
0.802822 1 0.899888 1 0.899894 -0.422309 
0.803887 1 0.900412 1 0.900338 -0.422806 
0.804971 1 0.900941 1 0.900786 -0.42329 
0.8061 1 0.901475 1 0.901268 -0.423763 
0.80726 1 0.902009 1 0.901767 -0.424222 
0.808445 1 0.90254 1 0.902274 -0.424671 
0.809651 1 0.903072 1 0.902786 -0.425108 
0.810877 1 0.903604 1 0.903299 -0.425535 
0.812125 1 0.90414 1 0.903809 -0.425949 
0.813396 1 0.904682 1 0.904316 -0.426353 
0.814692 1 0.90523 1 0.90482 -0.426748 
0.816012 1 0.905782 1 0.905322 -0.427132 
0.817358 1 0.906336 1 0.905823 -0.427509 
0.818728 1 0.90689 1 0.906322 -0.427874 
0.820123 1 0.907443 1 0.90682 -0.42823 
0.821543 1 0.907991 1 0.907316 -0.428578 
0.822987 1 0.908534 1 0.90781 -0.428918 
0.824456 1 0.909072 1 0.908301 -0.429249 
0.82595 1 0.909603 1 0.908787 -0.429572 
0.827469 1 0.910127 1 0.909269 -0.429887 
0.829013 1 0.910642 1 0.909745 -0.430194 
0.830582 1 0.911149 1 0.910213 -0.430494 
0.830932 1 0.911037 1 0.910423 -0.430797 
0.83075 1 0.910936 1 0.910356 -0.431078 
0.830656 1 0.9109 1 0.910305 -0.431355 
0.830588 1 0.910867 1 0.910261 -0.431624 
0.830523 1 0.910831 1 0.910224 -0.431887 
0.830461 1 0.910791 1 0.910189 -0.432145 
0.830409 1 0.910752 1 0.910155 -0.432396 
0.830373 1 0.91072 1 0.910124 -0.43264 
0.830356 1 0.910698 1 0.910096 -0.432878 
0.83036 1 0.910685 1 0.910073 -0.433111 
0.830382 1 0.910682 1 0.910054 -0.433338 
0.830422 1 0.910687 1 0.910041 -0.433559 
0.830478 1 0.910699 1 0.910032 -0.433775 
0.830552 1 0.910717 1 0.910028 -0.433984 
0.830642 1 0.910742 1 0.91003 -0.434188 
0.830749 1 0.910773 1 0.910039 -0.434389 
0.830873 1 0.910809 1 0.910054 -0.434581 
0.831014 1 0.910851 1 0.910075 -0.43477 
0.831172 1 0.910898 1 0.910103 -0.434953 
0.831348 1 0.91095 1 0.910138 -0.435133 
0.831541 1 0.911008 1 0.910177 -0.435309 
0.831571 1 0.910976 1 0.910192 -0.435479 
0.831577 1 0.910955 1 0.910193 -0.435645 
0.831595 1 0.91095 1 0.910188 -0.435808 
0.831625 1 0.91095 1 0.910184 -0.435966 
0.831656 1 0.910951 1 0.91018 -0.43612 
0.831686 1 0.910951 1 0.910178 -0.436271 
0.831716 1 0.910951 1 0.910175 -0.436419 
0.831745 1 0.91095 1 0.910172 -0.436562 
0.831772 1 0.910949 1 0.910169 -0.436702 
0.8318 1 0.910948 1 0.910167 -0.436838 
0.831826 1 0.910948 1 0.910164 -0.436971 
0.831851 1 0.910947 1 0.91016 -0.4371 
0.831876 1 0.910946 1 0.910158 -0.437226 
0.8319 1 0.910946 1 0.910155 -0.437349 
0.831924 1 0.910945 1 0.910153 -0.43747 
0.831946 1 0.910944 1 0.91015 -0.437587 
0.831969 1 0.910944 1 0.910147 -0.437701 
0.831991 1 0.910943 1 0.910145 -0.437814 
0.832012 1 0.910942 1 0.910142 -0.437922 
0.832033 1 0.910942 1 0.910139 -0.438027 
0.832053 1 0.910941 1 0.910136 -0.43813 
0.832073 1 0.91094 1 0.910134 -0.43823 
0.832092 1 0.91094 1 0.910132 -0.438328 
0.83211 1 0.910939 1 0.910128 -0.438423 
0.832128 1 0.910938 1 0.910127 -0.438516 
0.832146 1 0.910938 1 0.910124 -0.438608 
0.832164 1 0.910937 1 0.910122 -0.438697 
0.832181 1 0.910936 1 0.910118 -0.438783 
0.832197 1 0.910936 1 0.910117 -0.438867 
0.832213 1 0.910935 1 0.910114 -0.438948 
0.832229 1 0.910934 1 0.910112 -0.439028 
0.832244 1 0.910934 1 0.91011 -0.439104 
0.832258 1 0.910933 1 0.910107 -0.43918 
0.832273 1 0.910932 1 0.910106 -0.439254 
0.832287 1 0.910931 1 0.910103 -0.439327 
0.832301 1 0.910931 1 0.9101 -0.439397 
0.832315 1 0.91093 1 0.910099 -0.439468 
0.832327 1 0.910929 1 0.910096 -0.439535 
0.83234 1 0.910928 1 0.910094 -0.439601 
0.832353 1 0.910928 1 0.910093 -0.439667 
0.832365 1 0.910927 1 0.91009 -0.43973 
0.832377 1 0.910926 1 0.910087 -0.439791 
0.832388 1 0.910926 1 0.910085 -0.439849 
0.8324 1 0.910925 1 0.910083 -0.439907 
0.832411 1 0.910924 1 0.910081 -0.439963 
0.832421 1 0.910924 1 0.910079 -0.440017 
0.832432 1 0.910923 1 0.910077 -0.440071 
0.832441 1 0.910922 1 0.910075 -0.440125 
0.832451 1 0.910922 1 0.910073 -0.440176 
0.832461 1 0.910921 1 0.910071 -0.440226 
0.83247 1 0.91092 1 0.910069 -0.440275 
0.83248 1 0.910919 1 0.910067 -0.440322 
0.832489 1 0.910919 1 0.910065 -0.440367 
0.832498 1 0.910918 1 0.910063 -0.440412 
0.832507 1 0.910917 1 0.910061 -0.440456 
0.832515 1 0.910917 1 0.910058 -0.440499 
0.832523 1 0.910916 1 0.910057 -0.440541 
0.832531 1 0.910915 1 0.910055 -0.440582 
0.832539 1 0.910914 1 0.910052 -0.440621 
0.832546 1 0.910914 1 0.91005 -0.44066 
0.832554 1 0.910913 1 0.910049 -0.440697 
0.832561 1 0.910912 1 0.910047 -0.440732 
0.832568 1 0.910912 1 0.910045 -0.440766 
0.832574 1 0.910911 1 0.910044 -0.440799 
0.832581 1 0.91091 1 0.910041 -0.440834 
0.832587 1 0.91091 1 0.910039 -0.440867 
0.832594 1 0.910909 1 0.910038 -0.440899 
0.8326 1 0.910908 1 0.910036 -0.44093 
0.832606 1 0.910907 1 0.910033 -0.44096 
0.832612 1 0.910907 1 0.910031 -0.440989 
0.832617 1 0.910906 1 0.91003 -0.441017 
0.832623 1 0.910905 1 0.910028 -0.441045 
0.832628 1 0.910904 1 0.910026 -0.441072 
0.832633 1 0.910904 1 0.910024 -0.4411 
0.832639 1 0.910903 1 0.910022 -0.441128 
0.832644 1 0.910902 1 0.91002 -0.441154 
0.832649 1 0.910902 1 0.910019 -0.441178 
0.832654 1 0.910901 1 0.910017 -0.441201 
0.832659 1 0.9109 1 0.910015 -0.441226 
0.832663 1 0.910899 1 0.910013 -0.441249 
0.832668 1 0.910899 1 0.910011 -0.441272 
0.832672 1 0.910898 1 0.910009 -0.441294 
0.832677 1 0.910897 1 0.910008 -0.441313 
0.832681 1 0.910896 1 0.910007 -0.441335 
0.832685 1 0.910895 1 0.910005 -0.441355 
0.832689 1 0.910895 1 0.910002 -0.441375 
0.832693 1 0.910894 1 0.910001 -0.441393 
0.832696 1 0.910894 1 0.909999 -0.441413 
0.8327 1 0.910893 1 0.909997 -0.441431 
0.832704 1 0.910892 1 0.909995 -0.441448 
0.832707 1 0.910891 1 0.909992 -0.441465 
0.832711 1 0.910891 1 0.909991 -0.441483 
0.832714 1 0.91089 1 0.909989 -0.441499 
0.832717 1 0.91089 1 0.909986 -0.441516 
0.832721 1 0.910889 1 0.909985 -0.441533 
0.832723 1 0.910888 1 0.909984 -0.441547 
0.832727 1 0.910887 1 0.909981 -0.441561 
0.832729 1 0.910887 1 0.90998 -0.441575 
0.832732 1 0.910886 1 0.909979 -0.441589 
0.832735 1 0.910885 1 0.909977 -0.441603 
0.832738 1 0.910884 1 0.909975 -0.441616 
0.832741 1 0.910884 1 0.909974 -0.441628 
0.832743 1 0.910883 1 0.909972 -0.44164 
0.832746 1 0.910882 1 0.909971 -0.441651 
0.832749 1 0.910881 1 0.909969 -0.441662 
0.832751 1 0.910881 1 0.909967 -0.441676 
0.832754 1 0.91088 1 0.909965 -0.441687 
0.832756 1 0.91088 1 0.909963 -0.441698 
0.832758 1 0.910879 1 0.909961 -0.441708 
0.83276 1 0.910878 1 0.90996 -0.44172 
0.832763 1 0.910877 1 0.909957 -0.44173 
0.832765 1 0.910877 1 0.909956 -0.441739 
0.832767 1 0.910876 1 0.909954 -0.441749 
0.832769 1 0.910875 1 0.909953 -0.441759 
0.832771 1 0.910874 1 0.909951 -0.441769 
0.832773 1 0.910874 1 0.909949 -0.441779 
0.832775 1 0.910873 1 0.909948 -0.44179 
0.832778 1 0.910872 1 0.909945 -0.441798 
0.83278 1 0.910871 1 0.909944 -0.441806 
0.832782 1 0.910871 1 0.909942 -0.441815 
0.832784 1 0.91087 1 0.90994 -0.441824 
0.832786 1 0.910869 1 0.909938 -0.441832 
0.832787 1 0.910869 1 0.909937 -0.441841 
0.832789 1 0.910868 1 0.909935 -0.44185 
0.83279 1 0.910867 1 0.909934 -0.441857 
0.832792 1 0.910867 1 0.909931 -0.441864 
0.832793 1 0.910866 1 0.909931 -0.44187 
0.832795 1 0.910865 1 0.909929 -0.441878 
0.832796 1 0.910864 1 0.909927 -0.441884 
