0.245403 0 0.369748 0 0.369746 0.500001 
0.245377 0 0.371077 0 0.370714 0.498621 
0.245377 0 0.372781 0 0.371853 0.495756 
0.245499 0 0.375078 0 0.373214 0.49035 
0.245707 0 0.377839 0 0.374877 0.481409 
0.245983 0 0.380994 0 0.37687 0.468673 
0.245902 0 0.384061 0 0.378765 0.452778 
0.246283 0 0.387981 0 0.381254 0.434747 
0.246306 0 0.391662 0 0.383543 0.415502 
0.246326 0 0.395444 0 0.385931 0.395701 
0.246342 0 0.399266 0 0.38836 0.375763 
0.246364 0 0.40308 0 0.390779 0.35594 
0.24676 0 0.407258 0 0.393479 0.336379 
0.24688 0 0.411001 0 0.39581 0.317164 
0.246845 0 0.414471 0 0.397821 0.298341 
0.24718 0 0.41814 0 0.40004 0.279932 
0.247666 0 0.421587 0 0.402378 0.261949 
0.248251 0 0.424839 0 0.404696 0.244392 
0.248894 0 0.427876 0 0.406916 0.22726 
0.249616 0 0.430711 0 0.409053 0.210546 
0.250191 0 0.433179 0 0.410851 0.194244 
0.250989 0 0.43565 0 0.412584 0.178346 
0.251655 0 0.437742 0 0.414029 0.162842 
0.252498 0 0.439756 0 0.415403 0.147723 
0.253292 0 0.441541 0 0.416564 0.132981 
0.254162 0 0.443072 0 0.417693 0.118607 
0.25508 0 0.444393 0 0.418724 0.104592 
0.256039 0 0.445543 0 0.419642 0.0909258 
0.256929 0 0.446462 0 0.420339 0.0776012 
0.257916 0 0.447287 0 0.42094 0.0646094 
0.258841 0 0.447922 0 0.421375 0.0519421 
0.259734 0 0.448405 0 0.421656 0.0395913 
0.260707 0 0.448793 0 0.421865 0.027549 
0.261702 0 0.44907 0 0.422062 0.0158077 
0.262703 0 0.449235 0 0.422197 0.00435968 
0.263701 0 0.449294 0 0.422252 -0.0068021 
0.264689 0 0.449256 0 0.422225 -0.017685 
0.265658 0 0.449127 0 0.422121 -0.0282959 
0.266609 0 0.44892 0 0.421949 -0.0386415 
0.267546 0 0.448649 0 0.421721 -0.0487287 
0.268468 0 0.448322 0 0.421444 -0.0585636 
0.269364 0 0.447934 0 0.42112 -0.0681528 
0.270233 0 0.447494 0 0.420754 -0.0775022 
0.271078 0 0.447012 0 0.420359 -0.086618 
0.271894 0 0.446493 0 0.419939 -0.0955058 
0.272684 0 0.445937 0 0.419506 -0.104171 
0.273432 0 0.445342 0 0.419065 -0.112621 
0.274133 0 0.444709 0 0.418618 -0.120858 
0.274777 0 0.444031 0 0.41816 -0.12889 
0.27535 0 0.443302 0 0.417685 -0.136722 
0.275851 0 0.442521 0 0.41719 -0.144357 
0.276286 0 0.4417 0 0.41668 -0.151801 
0.276654 0 0.440842 0 0.416152 -0.15906 
0.276952 0 0.439944 0 0.415601 -0.166137 
0.277186 0 0.439012 0 0.415029 -0.173037 
0.277364 0 0.438058 0 0.414438 -0.179764 
0.277492 0 0.437086 0 0.413829 -0.186323 
0.277566 0 0.436094 0 0.413196 -0.192719 
0.277593 0 0.435087 0 0.412541 -0.198954 
0.277582 0 0.434075 0 0.41187 -0.205033 
0.277538 0 0.433062 0 0.411181 -0.21096 
0.277455 0 0.432043 0 0.410471 -0.216739 
0.27734 0 0.431022 0 0.409741 -0.222374 
0.2772 0 0.430008 0 0.408998 -0.227867 
0.277038 0 0.429003 0 0.40824 -0.233223 
0.276849 0 0.428 0 0.407462 -0.238444 
0.276636 0 0.427002 0 0.406668 -0.243535 
0.276399 0 0.425464 0 0.405882 -0.248498 
0.276133 0 0.423658 0 0.40506 -0.253336 
0.27584 0 0.421804 0 0.404236 -0.258053 
0.275543 0 0.419983 0 0.403418 -0.262652 
0.27525 0 0.418201 0 0.402614 -0.267134 
0.274959 0 0.416456 0 0.401822 -0.271503 
0.274663 0 0.414743 0 0.401039 -0.275762 
0.274364 0 0.41306 0 0.400265 -0.279913 
0.274068 0 0.411416 0 0.399508 -0.283957 
0.273774 0 0.409809 0 0.398765 -0.287898 
0.273477 0 0.408232 0 0.398034 -0.291738 
0.273176 0 0.406685 0 0.397314 -0.295477 
0.272879 0 0.405176 0 0.396612 -0.299118 
0.272584 0 0.403702 0 0.395927 -0.302662 
0.272285 0 0.402257 0 0.395255 -0.30611 
0.271982 0 0.400842 0 0.394598 -0.309463 
0.271683 0 0.399464 0 0.39396 -0.31272 
0.271386 0 0.398121 0 0.393341 -0.315881 
0.271083 0 0.396806 0 0.392737 -0.318946 
0.270737 0 0.39541 0 0.392011 -0.321913 
0.270362 0 0.393997 0 0.391222 -0.32478 
0.270119 0 0.392959 0 0.390416 -0.327544 
0.270062 0 0.392188 0 0.389749 -0.330202 
0.270114 0 0.391562 0 0.389193 -0.332749 
0.27017 0 0.390978 0 0.388675 -0.33518 
0.270229 0 0.390437 0 0.388197 -0.337487 
0.270283 0 0.389933 0 0.387756 -0.339664 
0.270336 0 0.389471 0 0.387354 -0.341702 
0.270392 0 0.389059 0 0.387 -0.343591 
0.27045 0 0.388701 0 0.386695 -0.34532 
0.270503 0 0.38839 0 0.386438 -0.346877 
0.270606 0 0.388188 0 0.386283 -0.348248 
0.270736 0 0.388057 0 0.386204 -0.349421 
0.270876 0 0.38798 0 0.386186 -0.350379 
0.271012 0 0.387956 0 0.386226 -0.351108 
0.271144 0 0.387994 0 0.386333 -0.351592 
0.271279 0 0.388109 0 0.386519 -0.351817 
0.271414 0 0.3883 0 0.386785 -0.351767 
0.271544 0 0.388563 0 0.387128 -0.35143 
0.271668 0 0.388901 0 0.38755 -0.350791 
0.271794 0 0.389324 0 0.38806 -0.349841 
0.271919 0 0.389832 0 0.38866 -0.348571 
0.272038 0 0.390423 0 0.389348 -0.346974 
0.272152 0 0.391097 0 0.390125 -0.345045 
0.272147 0 0.391685 0 0.390835 -0.342784 
0.272086 0 0.392283 0 0.391575 -0.340191 
0.271997 0 0.392949 0 0.392384 -0.337269 
0.271898 0 0.393707 0 0.39328 -0.334025 
0.271873 0 0.394624 0 0.394333 -0.330467 
0.271909 0 0.395696 0 0.395543 -0.326603 
0.271988 0 0.396905 0 0.39689 -0.322445 
0.272101 0 0.398238 0 0.398363 -0.318006 
0.272248 0 0.399693 0 0.399955 -0.313297 
0.272306 0 0.401136 0 0.401534 -0.308332 
0.272295 0 0.402558 0 0.403067 -0.303125 
0.272249 0 0.403996 0 0.404608 -0.29769 
0.272194 0 0.40549 0 0.4062 -0.29204 
0.272141 0 0.407047 0 0.407854 -0.286189 
0.272086 0 0.40866 0 0.409563 -0.28015 
0.272031 0 0.410322 0 0.411322 -0.273935 
0.271982 0 0.412035 0 0.413132 -0.267556 
0.271936 0 0.413793 0 0.414986 -0.261024 
0.271889 0 0.415588 0 0.416877 -0.254349 
0.271842 0 0.417419 0 0.418805 -0.247539 
0.271802 0 0.419291 0 0.420773 -0.240604 
0.271767 0 0.421199 0 0.422776 -0.233552 
0.27173 0 0.423135 0 0.424807 -0.226389 
0.271694 0 0.425097 0 0.426864 -0.219122 
0.271665 0 0.42709 0 0.428951 -0.211756 
0.27164 0 0.42911 0 0.431065 -0.204298 
0.271615 0 0.431148 0 0.433198 -0.19675 
0.271589 0 0.433204 0 0.435349 -0.189119 
0.271569 0 0.435283 0 0.437523 -0.181408 
0.271555 0 0.437382 0 0.439716 -0.173619 
0.271539 0 0.439492 0 0.441922 -0.165758 
0.271523 0 0.441613 0 0.444139 -0.157826 
0.271513 0 0.443751 0 0.446372 -0.149827 
0.271508 0 0.445901 0 0.448618 -0.141765 
0.2715 0 0.448056 0 0.450869 -0.133642 
0.271493 0 0.450215 0 0.453125 -0.125462 
0.27149 0 0.452383 0 0.455391 -0.117228 
0.271493 0 0.454558 0 0.457662 -0.108943 
0.271492 0 0.456729 0 0.459932 -0.100612 
0.271491 0 0.458897 0 0.462199 -0.0922382 
0.271495 0 0.461066 0 0.464468 -0.0838259 
0.271502 0 0.463233 0 0.466734 -0.0753794 
0.271507 0 0.46539 0 0.468991 -0.0669036 
0.27151 0 0.467534 0 0.471237 -0.0584034 
0.271517 0 0.46967 0 0.473477 -0.049884 
0.271528 0 0.471797 0 0.475705 -0.0413506 
0.271536 0 0.473903 0 0.477915 -0.0328087 
0.271541 0 0.475987 0 0.480106 -0.0242639 
0.271551 0 0.478056 0 0.48228 -0.0157219 
0.271563 0 0.480105 0 0.484436 -0.00718843 
0.271572 0 0.482125 0 0.486564 0.00133085 
0.271578 0 0.484115 0 0.488665 0.0098305 
0.271588 0 0.48608 0 0.490742 0.0183046 
0.271601 0 0.488017 0 0.492792 0.0267482 
0.27161 0 0.489918 0 0.494807 0.0351559 
0.271616 0 0.491781 0 0.496788 0.0435227 
0.271626 0 0.493612 0 0.498739 0.0518439 
0.271639 0 0.495408 0 0.500658 0.060115 
0.271647 0 0.497162 0 0.502536 0.0683318 
0.271654 0 0.498872 0 0.504376 0.0764903 
0.271664 0 0.500545 0 0.506182 0.0845869 
0.271677 0 0.50218 0 0.507951 0.0926182 
0.271686 0 0.503767 0 0.509678 0.100581 
0.271692 0 0.505307 0 0.511363 0.108473 
0.271703 0 0.506807 0 0.513013 0.11629 
0.271718 0 0.508266 0 0.514625 0.124032 
0.271728 0 0.509675 0 0.516194 0.131695 
0.271737 0 0.511037 0 0.517721 0.139277 
0.271751 0 0.512358 0 0.519213 0.146776 
0.271768 0 0.513636 0 0.520668 0.154191 
0.271782 0 0.514866 0 0.52208 0.16152 
0.271794 0 0.516048 0 0.523453 0.16876 
0.271812 0 0.517191 0 0.524791 0.17591 
0.271834 0 0.518293 0 0.526094 0.182969 
0.271853 0 0.519349 0 0.527357 0.189935 
0.271871 0 0.520359 0 0.528582 0.196805 
0.271895 0 0.521333 0 0.529775 0.203579 
0.271923 0 0.52227 0 0.530936 0.210255 
0.271949 0 0.523164 0 0.532059 0.21683 
0.271974 0 0.524017 0 0.533146 0.223305 
0.272005 0 0.524838 0 0.534205 0.229677 
0.27204 0 0.525627 0 0.535234 0.235945 
0.272074 0 0.526377 0 0.536228 0.242109 
0.272107 0 0.527091 0 0.53719 0.248166 
0.272145 0 0.527779 0 0.538125 0.254116 
0.272189 0 0.528439 0 0.539034 0.25996 
0.27223 0 0.529066 0 0.539912 0.265695 
0.27227 0 0.529662 0 0.540759 0.271322 
0.272316 0 0.530237 0 0.541584 0.276841 
0.272367 0 0.53079 0 0.542385 0.282252 
0.272415 0 0.531314 0 0.543158 0.287556 
0.272462 0 0.531812 0 0.543903 0.292751 
0.272514 0 0.532294 0 0.544629 0.29784 
0.272825 0 0.533112 0 0.545743 0.302823 
0.273253 0 0.534012 0 0.546949 0.3077 
0.273709 0 0.534882 0 0.548127 0.312474 
0.274279 0 0.535793 0 0.54939 0.317144 
0.274851 0 0.536684 0 0.550634 0.321712 
0.275418 0 0.537548 0 0.551851 0.32618 
0.27585 0 0.538297 0 0.552931 0.330548 
0.276286 0 0.539028 0 0.553993 0.334819 
0.276724 0 0.53974 0 0.555038 0.338994 
0.277158 0 0.540426 0 0.55606 0.343074 
0.277588 0 0.541087 0 0.557061 0.34706 
0.278124 0 0.541789 0 0.558135 0.350955 
0.278724 0 0.542513 0 0.559254 0.35476 
0.279208 0 0.543155 0 0.560285 0.358477 
0.279587 0 0.543688 0 0.561144 0.362108 
0.279911 0 0.54416 0 0.561909 0.365653 
0.280096 0 0.544533 0 0.562503 0.369115 
0.280211 0 0.544837 0 0.563004 0.372495 
0.280274 0 0.545087 0 0.563433 0.375795 
0.280306 0 0.545301 0 0.563814 0.379017 
0.280315 0 0.545488 0 0.564155 0.382163 
0.280299 0 0.545645 0 0.564455 0.385233 
0.280263 0 0.545777 0 0.56472 0.38823 
0.280218 0 0.545897 0 0.564959 0.391155 
0.280162 0 0.546004 0 0.565172 0.394009 
0.280133 0 0.546147 0 0.56541 0.396795 
0.280114 0 0.546298 0 0.565646 0.399514 
0.280102 0 0.546451 0 0.565875 0.402167 
0.280092 0 0.546603 0 0.566095 0.404756 
0.280079 0 0.546746 0 0.566301 0.407282 
0.280065 0 0.546885 0 0.566498 0.409747 
0.280059 0 0.547026 0 0.566693 0.412152 
0.280057 0 0.547171 0 0.566883 0.414498 
0.280156 0 0.547353 0 0.567174 0.416788 
0.280338 0 0.547586 0 0.567549 0.419022 
0.280571 0 0.54785 0 0.567972 0.421201 
0.28083 0 0.548129 0 0.568418 0.423327 
0.281096 0 0.548404 0 0.568868 0.425401 
0.281364 0 0.548673 0 0.569316 0.427425 
0.281638 0 0.548943 0 0.569767 0.429399 
0.281917 0 0.54921 0 0.570219 0.431325 
0.282193 0 0.549466 0 0.570666 0.433204 
0.282467 0 0.549711 0 0.571106 0.435036 
0.282745 0 0.549952 0 0.571548 0.436825 
0.283025 0 0.550189 0 0.57199 0.438569 
0.283301 0 0.550413 0 0.572424 0.440271 
0.283507 0 0.550593 0 0.572767 0.441931 
0.283676 0 0.550755 0 0.57306 0.443551 
0.283766 0 0.550869 0 0.573259 0.445131 
0.283806 0 0.550947 0 0.573399 0.446673 
0.283819 0 0.551004 0 0.573507 0.448177 
0.283826 0 0.551058 0 0.573603 0.449644 
0.283831 0 0.551114 0 0.573694 0.451076 
0.283897 0 0.551197 0 0.573849 0.452473 
0.283994 0 0.551296 0 0.574038 0.453836 
0.284113 0 0.551408 0 0.574248 0.455165 
0.284241 0 0.551526 0 0.574465 0.456463 
0.284365 0 0.551637 0 0.574674 0.457729 
0.284483 0 0.551742 0 0.574875 0.458964 
0.284602 0 0.551849 0 0.575073 0.460169 
0.28472 0 0.551957 0 0.575267 0.461346 
0.284831 0 0.552057 0 0.575451 0.462493 
0.284937 0 0.552151 0 0.575627 0.463613 
0.285044 0 0.552246 0 0.575802 0.464706 
0.285151 0 0.552342 0 0.575974 0.465772 
0.285252 0 0.552431 0 0.576137 0.466812 
0.285347 0 0.552512 0 0.576293 0.467828 
0.285443 0 0.552596 0 0.576449 0.468818 
0.28554 0 0.552681 0 0.576602 0.469785 
0.28563 0 0.552758 0 0.576746 0.470728 
0.285714 0 0.55283 0 0.576883 0.471648 
0.2858 0 0.552903 0 0.57702 0.472546 
0.285887 0 0.552978 0 0.577155 0.473422 
0.285966 0 0.553046 0 0.577281 0.474277 
0.286041 0 0.553108 0 0.577401 0.475111 
0.286116 0 0.553172 0 0.57752 0.475924 
0.286192 0 0.553238 0 0.577638 0.476718 
0.286262 0 0.553296 0 0.577748 0.477492 
0.286326 0 0.553349 0 0.577851 0.478247 
0.286391 0 0.553405 0 0.577953 0.478984 
0.286457 0 0.553462 0 0.578055 0.479702 
0.286516 0 0.553512 0 0.578148 0.480403 
0.286569 0 0.553557 0 0.578234 0.481086 
0.286624 0 0.553604 0 0.578321 0.481753 
0.286678 0 0.553653 0 0.578406 0.482403 
0.286726 0 0.553695 0 0.578482 0.483038 
0.286768 0 0.553732 0 0.578552 0.483656 
0.286811 0 0.553771 0 0.578621 0.48426 
0.286854 0 0.553812 0 0.578689 0.484848 
0.28689 0 0.553846 0 0.578749 0.485422 
0.286919 0 0.553874 0 0.578801 0.485981 
0.28695 0 0.553905 0 0.578853 0.486527 
0.28698 0 0.553938 0 0.578903 0.487059 
0.287002 0 0.553964 0 0.578944 0.487578 
0.287018 0 0.553984 0 0.578978 0.488084 
0.287035 0 0.554007 0 0.579011 0.488577 
0.287051 0 0.554032 0 0.579042 0.489058 
0.287059 0 0.554049 0 0.579064 0.489527 
0.28706 0 0.554061 0 0.579079 0.489985 
0.287062 0 0.554076 0 0.579092 0.490431 
0.287062 0 0.554093 0 0.579103 0.490866 
0.287055 0 0.554102 0 0.579105 0.49129 
0.287041 0 0.554107 0 0.579099 0.491703 
0.287027 0 0.554114 0 0.579091 0.492107 
0.287011 0 0.554122 0 0.579081 0.4925 
0.286987 0 0.554125 0 0.579061 0.492883 
0.286957 0 0.554122 0 0.579033 0.493257 
0.286926 0 0.554123 0 0.579004 0.493622 
0.286894 0 0.554125 0 0.578971 0.493977 
0.286853 0 0.554122 0 0.578929 0.494324 
0.286805 0 0.554114 0 0.578879 0.494662 
0.286757 0 0.55411 0 0.578826 0.494991 
0.286708 0 0.554109 0 0.578771 0.495312 
0.28665 0 0.554103 0 0.578705 0.495625 
0.286584 0 0.554094 0 0.57863 0.495931 
0.286519 0 0.554089 0 0.578553 0.496229 
0.286451 0 0.554088 0 0.578472 0.496519 
0.286374 0 0.554084 0 0.578379 0.496802 
0.286289 0 0.554078 0 0.578277 0.497078 
0.286203 0 0.554078 0 0.578171 0.497347 
0.286114 0 0.554084 0 0.578058 0.49761 
0.286015 0 0.554087 0 0.577933 0.497865 
0.285907 0 0.554091 0 0.577796 0.498115 
0.285796 0 0.554103 0 0.577652 0.498358 
0.28568 0 0.554123 0 0.577498 0.498595 
0.285552 0 0.554143 0 0.577328 0.498826 
0.285412 0 0.554165 0 0.577142 0.499052 
0.285266 0 0.554197 0 0.576943 0.499271 
0.285241 0 0.554306 0 0.576882 0.499486 
0.285139 0 0.554392 0 0.576722 0.499694 
0.284986 0 0.55446 0 0.576501 0.499898 
0.284974 0 0.554617 0 0.576441 0.500096 
0.285062 0 0.55485 0 0.57649 0.50029 
0.285217 0 0.555137 0 0.576609 0.500478 
0.285419 0 0.555468 0 0.576775 0.500662 
0.28566 0 0.555842 0 0.576979 0.500841 
0.285932 0 0.556254 0 0.577211 0.501015 
0.286223 0 0.556692 0 0.577459 0.501185 
0.286532 0 0.557154 0 0.577721 0.50135 
0.286864 0 0.557647 0 0.578003 0.50151 
0.287216 0 0.558167 0 0.578301 0.501666 
0.28758 0 0.558704 0 0.578605 0.501817 
0.287953 0 0.559255 0 0.578916 0.501963 
0.28834 0 0.559825 0 0.579237 0.502104 
0.288738 0 0.56041 0 0.579563 0.502239 
0.289133 0 0.560997 0 0.579884 0.502368 
0.289524 0 0.561582 0 0.580196 0.502491 
0.289909 0 0.562166 0 0.580498 0.502605 
0.290278 0 0.562738 0 0.58078 0.50271 
0.290611 0 0.563277 0 0.581023 0.502804 
0.291133 0 0.56405 0 0.581422 0.502884 
0.291754 0 0.564934 0 0.58191 0.502947 
0.292396 0 0.565854 0 0.582409 0.502989 
0.293206 0 0.566968 0 0.583061 0.503004 
0.294012 0 0.568075 0 0.583707 0.502984 
0.294819 0 0.569183 0 0.584354 0.502918 
0.295426 0 0.57009 0 0.584799 0.502797 
0.296028 0 0.570992 0 0.585239 0.502602 
0.296627 0 0.571891 0 0.585675 0.502317 
0.297228 0 0.572795 0 0.586117 0.50192 
0.297832 0 0.573703 0 0.586563 0.501384 
0.29843 0 0.574611 0 0.587009 0.50068 
0.299025 0 0.575518 0 0.587458 0.499775 
0.299624 0 0.576434 0 0.587918 0.498635 
0.300224 0 0.577359 0 0.588386 0.497225 
0.300957 0 0.57843 0 0.588991 0.49551 
0.301735 0 0.57955 0 0.589648 0.493462 
0.302516 0 0.580674 0 0.590308 0.491056 
0.303299 0 0.581798 0 0.590965 0.488276 
0.304078 0 0.582909 0 0.591603 0.485119 
0.304719 0 0.583862 0 0.592079 0.481586 
0.305367 0 0.584777 0 0.59255 0.47769 
0.306017 0 0.585663 0 0.592986 0.473451 
0.306665 0 0.586511 0 0.593366 0.468892 
0.307234 0 0.587214 0 0.593628 0.464039 
0.307807 0 0.587877 0 0.593824 0.45892 
0.308381 0 0.588496 0 0.593947 0.453561 
0.308951 0 0.58906 0 0.593988 0.447986 
0.309518 0 0.589572 0 0.593946 0.442219 
0.309807 0 0.589677 0 0.593608 0.436276 
0.309889 0 0.589445 0 0.593041 0.430177 
0.309829 0 0.588972 0 0.592287 0.423931 
0.309684 0 0.588344 0 0.591381 0.41755 
0.309545 0 0.587659 0 0.590406 0.411039 
0.309409 0 0.586919 0 0.589361 0.404403 
0.309272 0 0.586117 0 0.588242 0.397643 
0.309133 0 0.585256 0 0.587054 0.390757 
0.30893 0 0.584254 0 0.585746 0.383744 
0.308673 0 0.583114 0 0.584329 0.376599 
0.308365 0 0.581841 0 0.582807 0.369319 
0.308018 0 0.580451 0 0.581191 0.361897 
0.307647 0 0.578962 0 0.57949 0.354331 
0.307255 0 0.577378 0 0.577709 0.346617 
0.30684 0 0.575692 0 0.575846 0.338753 
0.306407 0 0.573908 0 0.573907 0.330739 
0.30619 0 0.572239 0 0.572145 0.322578 
0.306122 0 0.570661 0 0.570475 0.314275 
0.306255 0 0.569183 0 0.56896 0.305835 
0.306542 0 0.567778 0 0.567546 0.29727 
0.306958 0 0.56643 0 0.566206 0.28859 
0.307479 0 0.565123 0 0.564916 0.279809 
0.308082 0 0.563838 0 0.563658 0.270941 
0.308565 0 0.562441 0 0.56218 0.262001 
0.308877 0 0.560882 0 0.56046 0.253005 
0.309079 0 0.559169 0 0.558586 0.243968 
0.309205 0 0.557318 0 0.556605 0.234908 
0.309284 0 0.555361 0 0.554556 0.225839 
0.309343 0 0.553329 0 0.552463 0.216777 
0.309392 0 0.551237 0 0.550343 0.207736 
0.309434 0 0.549088 0 0.548202 0.198732 
0.309473 0 0.546888 0 0.546048 0.189779 
0.309518 0 0.544651 0 0.543892 0.180889 
0.309568 0 0.542371 0 0.541636 0.172076 
0.309598 0 0.540042 0 0.539286 0.16335 
0.30961 0 0.537675 0 0.536886 0.154723 
0.309613 0 0.535277 0 0.534479 0.146203 
0.309606 0 0.532837 0 0.532081 0.1378 
0.309815 0 0.530621 0 0.529998 0.129519 
0.310141 0 0.528552 0 0.528082 0.121368 
0.310517 0 0.526542 0 0.526233 0.11335 
0.310901 0 0.524541 0 0.524399 0.105471 
0.311256 0 0.522519 0 0.522551 0.0977318 
0.311598 0 0.520485 0 0.520715 0.0901334 
0.311929 0 0.518453 0 0.518894 0.0826759 
0.312247 0 0.516423 0 0.517088 0.0753571 
0.312544 0 0.514389 0 0.51529 0.0681742 
0.31282 0 0.512354 0 0.513501 0.0611236 
0.313082 0 0.510327 0 0.511724 0.0541999 
0.313326 0 0.508307 0 0.509957 0.0473978 
0.313546 0 0.506287 0 0.508195 0.0407108 
0.313744 0 0.504267 0 0.506437 0.0341322 
0.313925 0 0.502255 0 0.504687 0.0276548 
0.314087 0 0.500248 0 0.502943 0.0212714 
0.314224 0 0.498239 0 0.5012 0.0149748 
0.314339 0 0.496228 0 0.499458 0.00875765 
0.314437 0 0.494225 0 0.497722 0.00261346 
0.314518 0 0.492227 0 0.495988 -0.00346428 
0.314576 0 0.490228 0 0.494253 -0.00948146 
0.314613 0 0.488228 0 0.492519 -0.0154433 
0.314636 0 0.486237 0 0.490788 -0.0213546 
0.314645 0 0.484252 0 0.489061 -0.0272196 
0.314634 0 0.482269 0 0.487334 -0.0330417 
0.314605 0 0.480287 0 0.485609 -0.0388235 
0.314565 0 0.478317 0 0.48389 -0.0445671 
0.314514 0 0.476356 0 0.482177 -0.0502735 
0.314446 0 0.4744 0 0.480468 -0.0559437 
0.314363 0 0.47245 0 0.478764 -0.0615774 
0.314273 0 0.470515 0 0.477071 -0.0671736 
0.314173 0 0.468594 0 0.475389 -0.0727312 
0.314059 0 0.466681 0 0.473717 -0.0782476 
0.313933 0 0.464779 0 0.472056 -0.0837199 
0.313799 0 0.462895 0 0.470412 -0.0891446 
0.313659 0 0.461029 0 0.468787 -0.094517 
0.313504 0 0.459175 0 0.467178 -0.0998318 
0.313337 0 0.457334 0 0.465589 -0.105083 
0.313163 0 0.455514 0 0.464026 -0.110264 
0.312981 0 0.453715 0 0.462491 -0.115365 
0.312783 0 0.45193 0 0.460982 -0.120379 
0.31257 0 0.45016 0 0.459503 -0.125295 
0.312368 0 0.448434 0 0.458068 -0.130101 
0.312364 0 0.446953 0 0.456765 -0.134785 
0.312483 0 0.445672 0 0.455606 -0.139332 
0.312676 0 0.444535 0 0.454574 -0.143726 
0.312924 0 0.443521 0 0.453653 -0.147947 
0.313198 0 0.44258 0 0.452798 -0.151976 
0.313477 0 0.441691 0 0.452002 -0.155789 
0.313759 0 0.440856 0 0.451273 -0.159358 
0.314049 0 0.440088 0 0.450626 -0.162653 
0.314345 0 0.439394 0 0.450067 -0.165641 
0.314643 0 0.438775 0 0.449604 -0.168282 
0.314943 0 0.43824 0 0.449245 -0.170534 
0.315252 0 0.437808 0 0.449005 -0.172351 
0.31557 0 0.437485 0 0.448893 -0.173684 
0.31589 0 0.437275 0 0.448916 -0.174482 
0.316212 0 0.437189 0 0.449085 -0.174695 
0.316545 0 0.437243 0 0.449412 -0.174276 
0.316884 0 0.437442 0 0.449905 -0.173186 
0.317225 0 0.437783 0 0.450562 -0.171396 
0.317567 0 0.438269 0 0.451385 -0.168889 
0.317915 0 0.438903 0 0.452376 -0.165665 
0.318268 0 0.439679 0 0.453527 -0.161738 
0.318699 0 0.440867 0 0.455207 -0.157139 
0.319137 0 0.442152 0 0.457032 -0.151908 
0.319539 0 0.443419 0 0.458891 -0.146099 
0.320061 0 0.444803 0 0.460934 -0.139773 
0.320418 0 0.44618 0 0.463012 -0.132996 
0.320901 0 0.447657 0 0.465206 -0.125835 
0.321391 0 0.449187 0 0.467454 -0.118358 
0.321886 0 0.450759 0 0.469743 -0.110632 
0.32238 0 0.452363 0 0.472062 -0.102721 
0.322874 0 0.453998 0 0.474407 -0.0946835 
0.323235 0 0.455615 0 0.476752 -0.086573 
0.323602 0 0.457246 0 0.479036 -0.0784337 
0.323979 0 0.458902 0 0.481311 -0.0702975 
0.324409 0 0.460647 0 0.483623 -0.0621795 
0.324976 0 0.462597 0 0.486032 -0.0540709 
0.325767 0 0.464874 0 0.488598 -0.045937 
0.326838 0 0.467511 0 0.491394 -0.0377323 
0.328168 0 0.470475 0 0.494423 -0.0294268 
0.329699 0 0.473703 0 0.49765 -0.0210096 
0.331368 0 0.477126 0 0.501024 -0.0124801 
0.33312 0 0.48069 0 0.504505 -0.00384389 
0.334895 0 0.484335 0 0.508061 0.00489023 
0.336676 0 0.48805 0 0.511677 0.0137108 
0.338462 0 0.491833 0 0.515351 0.0226048 
0.340245 0 0.495672 0 0.519076 0.0315577 
0.342028 0 0.499568 0 0.522853 0.040554 
0.343817 0 0.503524 0 0.526684 0.0495781 
0.34561 0 0.507536 0 0.530562 0.058614 
0.347402 0 0.511592 0 0.534482 0.067646 
0.349193 0 0.515689 0 0.53844 0.0766584 
0.350991 0 0.519829 0 0.542437 0.0856365 
0.352793 0 0.524007 0 0.546466 0.0945661 
0.354595 0 0.528209 0 0.550518 0.103434 
0.356396 0 0.532431 0 0.554591 0.112227 
0.358204 0 0.536675 0 0.558683 0.120935 
0.360016 0 0.540935 0 0.562787 0.129548 
0.361828 0 0.545198 0 0.566896 0.138055 
0.36364 0 0.549458 0 0.571004 0.146449 
0.365132 0 0.553445 0 0.574793 0.154723 
0.36642 0 0.557177 0 0.578352 0.162871 
0.367497 0 0.560693 0 0.581709 0.170887 
0.368432 0 0.564057 0 0.584924 0.178767 
0.369281 0 0.567323 0 0.588042 0.186509 
0.370071 0 0.570514 0 0.591083 0.194108 
0.370815 0 0.57363 0 0.594053 0.201564 
0.371525 0 0.576673 0 0.596955 0.208874 
0.372211 0 0.579648 0 0.599797 0.216038 
0.372877 0 0.582552 0 0.602576 0.223056 
0.373519 0 0.585375 0 0.605289 0.229928 
0.374138 0 0.588119 0 0.607937 0.236654 
0.374744 0 0.590791 0 0.610524 0.243235 
0.375336 0 0.59339 0 0.613051 0.249672 
0.375907 0 0.595908 0 0.615511 0.255967 
0.376459 0 0.598345 0 0.617905 0.262122 
0.376999 0 0.600709 0 0.62024 0.268138 
0.377526 0 0.603 0 0.622512 0.274016 
0.378034 0 0.60521 0 0.624719 0.27976 
0.378524 0 0.607339 0 0.626861 0.28537 
0.379003 0 0.609398 0 0.628944 0.290851 
0.379469 0 0.611384 0 0.630968 0.296202 
0.379916 0 0.613292 0 0.632928 0.301428 
0.380345 0 0.615123 0 0.634826 0.30653 
0.380763 0 0.616886 0 0.636668 0.311511 
0.381169 0 0.618582 0 0.638454 0.316373 
0.381557 0 0.620202 0 0.64018 0.321118 
0.381927 0 0.621749 0 0.641848 0.325749 
0.382286 0 0.623233 0 0.643464 0.330269 
0.382633 0 0.624655 0 0.645027 0.334679 
0.382961 0 0.626005 0 0.646535 0.338982 
0.383487 0 0.627459 0 0.648375 0.34318 
0.384122 0 0.628961 0 0.650313 0.347276 
0.384792 0 0.630438 0 0.65223 0.351272 
0.385402 0 0.631818 0 0.654052 0.35517 
0.385966 0 0.633107 0 0.655791 0.358972 
0.3865 0 0.634316 0 0.65746 0.362681 
0.387009 0 0.635449 0 0.659065 0.366299 
0.387489 0 0.636501 0 0.660604 0.369828 
0.387943 0 0.637475 0 0.662083 0.373269 
0.388381 0 0.638384 0 0.66351 0.376625 
0.388803 0 0.639229 0 0.664884 0.379899 
0.3892 0 0.640002 0 0.666202 0.383091 
0.389577 0 0.640705 0 0.667465 0.386205 
0.390064 0 0.64145 0 0.668847 0.389241 
0.390607 0 0.642201 0 0.670252 0.392202 
0.39097 0 0.642846 0 0.671273 0.395089 
0.391207 0 0.643406 0 0.672021 0.397904 
0.391371 0 0.643943 0 0.672613 0.40065 
0.391512 0 0.644477 0 0.673152 0.403327 
0.391692 0 0.645032 0 0.673721 0.405938 
0.3919 0 0.645592 0 0.674309 0.408483 
0.392134 0 0.646156 0 0.674918 0.410965 
0.392387 0 0.646718 0 0.67554 0.413386 
0.392648 0 0.647265 0 0.676166 0.415746 
0.392915 0 0.647795 0 0.676796 0.418047 
0.393195 0 0.648315 0 0.677433 0.42029 
0.393484 0 0.648824 0 0.678076 0.422478 
0.393775 0 0.649311 0 0.678718 0.424611 
0.394069 0 0.649778 0 0.67936 0.426691 
0.394372 0 0.650232 0 0.680007 0.428719 
0.394683 0 0.650673 0 0.680657 0.430697 
0.394994 0 0.65109 0 0.681305 0.432625 
0.395236 0 0.651507 0 0.681824 0.434505 
0.395428 0 0.651922 0 0.68225 0.436337 
0.395589 0 0.652333 0 0.682616 0.438125 
0.395728 0 0.652733 0 0.682944 0.439867 
0.395857 0 0.653122 0 0.683253 0.441566 
0.395989 0 0.65351 0 0.683555 0.443223 
0.396124 0 0.653895 0 0.683851 0.444838 
0.396254 0 0.65427 0 0.684135 0.446413 
0.396382 0 0.654638 0 0.684406 0.447948 
0.396513 0 0.655007 0 0.684671 0.449445 
0.396646 0 0.655377 0 0.684928 0.450905 
0.396776 0 0.65574 0 0.685173 0.452328 
0.396904 0 0.656097 0 0.685407 0.453716 
0.397037 0 0.656456 0 0.685637 0.455069 
0.397173 0 0.656818 0 0.685861 0.456388 
0.397306 0 0.657174 0 0.686074 0.457675 
0.397438 0 0.657526 0 0.686277 0.458929 
0.397576 0 0.657882 0 0.686477 0.460151 
0.397718 0 0.658242 0 0.686673 0.461343 
0.397859 0 0.658597 0 0.686858 0.462506 
0.397998 0 0.658951 0 0.687035 0.463639 
0.398017 0 0.659227 0 0.687072 0.464744 
0.397981 0 0.659441 0 0.687054 0.465821 
0.397889 0 0.659602 0 0.686974 0.466872 
0.397877 0 0.659792 0 0.686991 0.467896 
0.397922 0 0.660013 0 0.68707 0.468894 
0.398007 0 0.660258 0 0.687188 0.469868 
0.398112 0 0.660518 0 0.687325 0.470817 
0.398232 0 0.660793 0 0.687473 0.471743 
0.398371 0 0.661091 0 0.687634 0.472645 
0.398526 0 0.661411 0 0.687805 0.473525 
0.398534 0 0.661685 0 0.687781 0.474382 
0.398464 0 0.66206 0 0.687595 0.475219 
0.398355 0 0.662528 0 0.687302 0.476034 
0.39822 0 0.663072 0 0.686929 0.476829 
0.398061 0 0.663685 0 0.686477 0.477604 
0.397777 0 0.664228 0 0.685854 0.478359 
0.397537 0 0.664914 0 0.685212 0.479095 
0.397313 0 0.665712 0 0.684515 0.479813 
0.397087 0 0.66659 0 0.683743 0.480512 
0.396746 0 0.667397 0 0.682791 0.481194 
0.396456 0 0.668317 0 0.681818 0.481858 
0.396184 0 0.669317 0 0.680784 0.482504 
0.395806 0 0.670231 0 0.679569 0.483134 
0.395474 0 0.671212 0 0.678335 0.483746 
0.39516 0 0.672235 0 0.677037 0.484342 
0.394759 0 0.673168 0 0.675577 0.48492 
0.394294 0 0.673998 0 0.674005 0.485481 
0.393786 0 0.674733 0 0.672354 0.486024 
0.393358 0 0.675529 0 0.670728 0.486547 
0.392875 0 0.67623 0 0.668993 0.487051 
0.392348 0 0.676829 0 0.667183 0.487532 
0.391776 0 0.676636 0 0.6662 0.487989 
0.391498 0 0.676616 0 0.665736 0.488419 
0.391379 0 0.676721 0 0.665478 0.488816 
0.391114 0 0.676603 0 0.665165 0.489176 
0.390847 0 0.676471 0 0.664851 0.489492 
0.390584 0 0.676333 0 0.66454 0.489754 
0.390323 0 0.676188 0 0.66423 0.48995 
0.38976 0 0.675662 0 0.663724 0.490064 
0.389196 0 0.675129 0 0.663216 0.490075 
0.388636 0 0.674596 0 0.662712 0.489958 
0.388082 0 0.674063 0 0.662209 0.489685 
0.387525 0 0.673522 0 0.661701 0.489219 
0.386685 0 0.67264 0 0.660994 0.488519 
0.385852 0 0.671762 0 0.660286 0.487542 
0.385024 0 0.670888 0 0.659573 0.486239 
0.38445 0 0.670285 0 0.659063 0.484562 
0.384044 0 0.669855 0 0.658692 0.482463 
0.383644 0 0.669429 0 0.65831 0.479903 
0.383249 0 0.669007 0 0.657913 0.476849 
0.383161 0 0.66906 0 0.657517 0.473283 
0.383289 0 0.669324 0 0.657271 0.4692 
0.383539 0 0.669693 0 0.657084 0.464612 
0.383848 0 0.67009 0 0.656893 0.459544 
0.384154 0 0.670447 0 0.656633 0.454031 
0.384459 0 0.670754 0 0.656298 0.448117 
0.384771 0 0.671013 0 0.655882 0.44185 
0.385087 0 0.671212 0 0.655377 0.435277 
0.3854 0 0.671338 0 0.654774 0.428444 
0.385714 0 0.671385 0 0.654071 0.421391 
0.386033 0 0.671359 0 0.653271 0.414152 
0.386289 0 0.671209 0 0.652317 0.406757 
0.386596 0 0.670991 0 0.651312 0.399227 
0.386942 0 0.67072 0 0.650248 0.391583 
0.387323 0 0.6704 0 0.649128 0.383837 
0.387729 0 0.670024 0 0.647946 0.376001 
0.388112 0 0.669541 0 0.646683 0.36808 
0.388521 0 0.669007 0 0.645359 0.360082 
0.388958 0 0.668425 0 0.643987 0.352008 
0.389416 0 0.667793 0 0.642566 0.343862 
0.389887 0 0.667102 0 0.641094 0.335643 
0.390372 0 0.666354 0 0.639575 0.327353 
0.390878 0 0.66556 0 0.638016 0.318991 
0.391402 0 0.664721 0 0.63642 0.310558 
0.391941 0 0.663834 0 0.634789 0.302053 
0.392497 0 0.662902 0 0.633126 0.293476 
0.393076 0 0.661936 0 0.631441 0.284828 
0.393679 0 0.660939 0 0.629735 0.27611 
0.3943 0 0.659904 0 0.628009 0.267325 
0.394942 0 0.658838 0 0.626267 0.258476 
0.39561 0 0.657749 0 0.624516 0.249565 
0.396305 0 0.656641 0 0.622758 0.240598 
0.39702 0 0.655508 0 0.620993 0.231581 
0.397756 0 0.654356 0 0.619224 0.222522 
0.398519 0 0.653195 0 0.617459 0.213428 
0.399038 0 0.651527 0 0.615374 0.204308 
0.399328 0 0.64949 0 0.613063 0.195174 
0.399474 0 0.647261 0 0.610626 0.186035 
0.399626 0 0.645017 0 0.608179 0.176904 
0.399782 0 0.642763 0 0.605723 0.167792 
0.399935 0 0.640499 0 0.603262 0.158713 
0.400087 0 0.63823 0 0.600801 0.149682 
0.400243 0 0.635972 0 0.598349 0.140712 
0.400403 0 0.633728 0 0.595911 0.131819 
0.40056 0 0.631498 0 0.593487 0.123018 
0.400716 0 0.62929 0 0.591086 0.114324 
0.400809 0 0.626944 0 0.588671 0.105751 
0.400852 0 0.624484 0 0.586253 0.0973152 
0.400855 0 0.621956 0 0.583848 0.0890297 
0.400835 0 0.619403 0 0.581471 0.0809084 
0.401091 0 0.617206 0 0.5794 0.0729641 
0.401519 0 0.615258 0 0.577535 0.065209 
0.402036 0 0.613444 0 0.57579 0.0576545 
0.402519 0 0.611652 0 0.57405 0.0503112 
0.402929 0 0.609855 0 0.572294 0.0431882 
0.403292 0 0.608045 0 0.570554 0.0362933 
0.403522 0 0.60606 0 0.568758 0.0296326 
0.403671 0 0.603997 0 0.566953 0.0232101 
0.403779 0 0.601926 0 0.565199 0.0170281 
0.404017 0 0.600058 0 0.563613 0.0110868 
0.404314 0 0.598339 0 0.562166 0.00538466 
0.404629 0 0.596697 0 0.560805 -8.23186e-05 
0.404942 0 0.5951 0 0.559502 -0.00531933 
0.405239 0 0.593533 0 0.558241 -0.0103346 
0.405511 0 0.591989 0 0.557016 -0.0151373 
0.405759 0 0.59047 0 0.555826 -0.0197391 
0.405989 0 0.588983 0 0.554671 -0.0241525 
0.406199 0 0.587524 0 0.553545 -0.0283918 
0.406381 0 0.586082 0 0.552441 -0.0324718 
0.406536 0 0.584654 0 0.551356 -0.0364081 
0.406671 0 0.583245 0 0.550287 -0.0402165 
0.406783 0 0.581848 0 0.549232 -0.0439126 
0.406868 0 0.580455 0 0.548183 -0.047512 
0.406926 0 0.579063 0 0.547138 -0.0510292 
0.406964 0 0.577679 0 0.546098 -0.0544777 
0.406983 0 0.576298 0 0.545061 -0.0578701 
0.406976 0 0.574914 0 0.544021 -0.0612168 
0.406946 0 0.573525 0 0.542979 -0.0645267 
0.406901 0 0.57214 0 0.541939 -0.0678066 
0.406839 0 0.570757 0 0.540899 -0.0710607 
0.406755 0 0.569369 0 0.539858 -0.0742902 
0.406651 0 0.567978 0 0.538819 -0.077493 
0.406533 0 0.566595 0 0.53779 -0.0806633 
0.4064 0 0.565219 0 0.536774 -0.0837902 
0.406246 0 0.563847 0 0.535774 -0.0868583 
0.406101 0 0.562515 0 0.534808 -0.0898458 
0.406045 0 0.561312 0 0.533915 -0.0927243 
0.406161 0 0.560345 0 0.533138 -0.0954588 
0.406358 0 0.559554 0 0.532491 -0.0980061 
0.406611 0 0.558912 0 0.531969 -0.100315 
0.406908 0 0.558416 0 0.531573 -0.102329 
0.407238 0 0.558028 0 0.531268 -0.10398 
0.407582 0 0.557758 0 0.53108 -0.105196 
0.407939 0 0.55763 0 0.531036 -0.105903 
0.408313 0 0.55767 0 0.53116 -0.10602 
0.4087 0 0.557892 0 0.531466 -0.105472 
0.409093 0 0.558302 0 0.531965 -0.104187 
0.409492 0 0.558914 0 0.53267 -0.102106 
0.409902 0 0.559745 0 0.533596 -0.0991848 
0.410323 0 0.5608 0 0.534746 -0.0954012 
0.410746 0 0.562071 0 0.536117 -0.0907549 
0.411173 0 0.563553 0 0.537703 -0.0852691 
0.411609 0 0.565244 0 0.539497 -0.0789889 
0.412079 0 0.567344 0 0.541779 -0.0719768 
0.412541 0 0.569579 0 0.544226 -0.0643074 
0.412968 0 0.571841 0 0.546744 -0.0560639 
0.413507 0 0.574262 0 0.549453 -0.0473319 
0.4139 0 0.576713 0 0.55222 -0.0381963 
0.414405 0 0.579273 0 0.555103 -0.028738 
0.41491 0 0.581894 0 0.558044 -0.0190322 
0.415421 0 0.584563 0 0.56103 -0.00914661 
0.415805 0 0.587208 0 0.564031 0.000858498 
0.416294 0 0.589885 0 0.567063 0.0109303 
0.416754 0 0.592591 0 0.570087 0.0210234 
0.417196 0 0.595266 0 0.573073 0.0310989 
0.417622 0 0.597889 0 0.57602 0.0411238 
0.418036 0 0.60047 0 0.578941 0.0510706 
0.418452 0 0.603033 0 0.581854 0.0609163 
0.41889 0 0.605613 0 0.584777 0.0706425 
0.419368 0 0.608238 0 0.587725 0.0802346 
0.419907 0 0.610946 0 0.590715 0.0896818 
0.420551 0 0.613802 0 0.593781 0.0989773 
0.421355 0 0.616894 0 0.596964 0.108118 
0.422342 0 0.620266 0 0.600292 0.117103 
0.423486 0 0.623893 0 0.603759 0.125932 
0.424856 0 0.627771 0 0.607399 0.134604 
0.426402 0 0.63185 0 0.611185 0.14312 
0.428074 0 0.636059 0 0.615065 0.15148 
0.429822 0 0.640337 0 0.618991 0.159686 
0.431619 0 0.644645 0 0.622933 0.167739 
0.433424 0 0.648943 0 0.626868 0.17564 
0.435236 0 0.653222 0 0.630784 0.183391 
0.437047 0 0.657471 0 0.634673 0.190993 
0.43886 0 0.661685 0 0.638531 0.198447 
0.44068 0 0.665869 0 0.642357 0.205754 
0.442507 0 0.670021 0 0.646149 0.212915 
0.444333 0 0.674129 0 0.649901 0.219931 
0.446162 0 0.678194 0 0.653612 0.226804 
0.447998 0 0.682223 0 0.657285 0.233533 
0.449841 0 0.686213 0 0.660917 0.240121 
0.451684 0 0.690156 0 0.664504 0.246569 
0.453504 0 0.694037 0 0.668085 0.252878 
0.455053 0 0.697649 0 0.671403 0.25905 
0.456351 0 0.700952 0 0.674451 0.265086 
0.457465 0 0.70398 0 0.677296 0.270988 
0.458453 0 0.706806 0 0.679996 0.276759 
0.459364 0 0.709504 0 0.682596 0.282399 
0.460226 0 0.712111 0 0.685115 0.287911 
0.46105 0 0.714635 0 0.687561 0.293297 
0.461845 0 0.71708 0 0.689939 0.298558 
0.462624 0 0.719453 0 0.692254 0.303698 
0.463387 0 0.72175 0 0.694509 0.308718 
0.464129 0 0.723966 0 0.696702 0.313621 
0.464853 0 0.726101 0 0.698838 0.318408 
0.465567 0 0.728169 0 0.700922 0.323083 
0.466269 0 0.730168 0 0.702953 0.327646 
0.466954 0 0.732093 0 0.704932 0.332101 
0.467624 0 0.733947 0 0.70686 0.336449 
0.468285 0 0.735739 0 0.708743 0.340693 
0.468936 0 0.737468 0 0.710579 0.344835 
0.46957 0 0.739129 0 0.712368 0.348877 
0.470189 0 0.740724 0 0.714112 0.352822 
0.4708 0 0.742261 0 0.715815 0.356671 
0.471401 0 0.743742 0 0.717477 0.360427 
0.471986 0 0.745159 0 0.719097 0.364091 
0.472556 0 0.746515 0 0.720677 0.367666 
0.473118 0 0.747819 0 0.722221 0.371153 
0.47367 0 0.749071 0 0.723729 0.374555 
0.474207 0 0.750265 0 0.7252 0.377874 
0.474728 0 0.751401 0 0.726634 0.381111 
0.475241 0 0.75249 0 0.728038 0.384269 
0.475746 0 0.753532 0 0.72941 0.387349 
0.476234 0 0.754519 0 0.730748 0.390353 
0.476707 0 0.755454 0 0.732055 0.393283 
0.477172 0 0.756345 0 0.733334 0.39614 
0.477628 0 0.757193 0 0.734586 0.398927 
0.478068 0 0.75799 0 0.735807 0.401645 
0.478494 0 0.758738 0 0.737 0.404295 
0.479117 0 0.759642 0 0.738542 0.40688 
0.479858 0 0.760629 0 0.740205 0.409401 
0.480635 0 0.761608 0 0.74187 0.411859 
0.481365 0 0.762502 0 0.743473 0.414256 
0.482067 0 0.763329 0 0.745028 0.416593 
0.482747 0 0.764094 0 0.746542 0.418872 
0.4834 0 0.76479 0 0.748014 0.421095 
0.484031 0 0.765419 0 0.749448 0.423262 
0.484649 0 0.765991 0 0.75085 0.425375 
0.485252 0 0.766507 0 0.752221 0.427435 
0.485835 0 0.766959 0 0.753558 0.429444 
0.486481 0 0.767424 0 0.754952 0.431403 
0.487175 0 0.767892 0 0.756374 0.433314 
0.48789 0 0.768338 0 0.757793 0.435176 
0.488605 0 0.76874 0 0.759191 0.436992 
0.489315 0 0.76909 0 0.760565 0.438763 
0.490024 0 0.769392 0 0.761918 0.440489 
0.490365 0 0.769629 0 0.762603 0.442172 
0.490509 0 0.769806 0 0.762975 0.443813 
0.490582 0 0.769949 0 0.763225 0.445413 
0.490689 0 0.770111 0 0.763513 0.446974 
0.490818 0 0.770283 0 0.763821 0.448495 
0.490956 0 0.770451 0 0.764141 0.449979 
0.491102 0 0.770611 0 0.764473 0.451425 
0.49126 0 0.770771 0 0.76482 0.452836 
0.491428 0 0.770927 0 0.765181 0.454211 
0.491598 0 0.771071 0 0.765549 0.455551 
0.49177 0 0.771201 0 0.765926 0.456859 
0.491951 0 0.771327 0 0.766316 0.458133 
0.49214 0 0.771447 0 0.766717 0.459376 
0.49233 0 0.771553 0 0.767125 0.460588 
0.492521 0 0.771644 0 0.76754 0.461769 
0.492722 0 0.77173 0 0.767967 0.462921 
0.49293 0 0.771809 0 0.768404 0.464044 
0.493139 0 0.771872 0 0.768845 0.465139 
0.49335 0 0.771919 0 0.769293 0.466207 
0.49357 0 0.77196 0 0.769749 0.467248 
0.493798 0 0.771992 0 0.770214 0.468263 
0.494027 0 0.772006 0 0.770679 0.469252 
0.494257 0 0.772002 0 0.771147 0.470217 
0.494497 0 0.771989 0 0.77162 0.471158 
0.494744 0 0.771964 0 0.772095 0.472075 
0.494991 0 0.771918 0 0.772568 0.472969 
0.49524 0 0.771852 0 0.773037 0.473841 
0.495436 0 0.771839 0 0.773357 0.474691 
0.495618 0 0.771825 0 0.773643 0.47552 
0.49579 0 0.771782 0 0.773919 0.476328 
0.495857 0 0.771786 0 0.774043 0.477116 
0.49588 0 0.77181 0 0.774108 0.477885 
0.495891 0 0.771835 0 0.774146 0.478634 
0.495887 0 0.771818 0 0.77418 0.479364 
0.495874 0 0.771774 0 0.77421 0.480076 
0.495863 0 0.771717 0 0.774244 0.48077 
0.495856 0 0.771648 0 0.774282 0.481447 
0.495849 0 0.771562 0 0.774321 0.482107 
0.495844 0 0.771461 0 0.774365 0.482751 
0.495875 0 0.771442 0 0.774403 0.483378 
0.49592 0 0.771469 0 0.774433 0.48399 
0.495965 0 0.771517 0 0.774448 0.484586 
0.496009 0 0.77158 0 0.774454 0.485168 
0.496063 0 0.771662 0 0.774458 0.485735 
0.496126 0 0.771761 0 0.774463 0.486287 
0.496191 0 0.771871 0 0.774465 0.486826 
0.49626 0 0.771994 0 0.774467 0.487352 
0.496341 0 0.772141 0 0.774473 0.487864 
0.496434 0 0.772314 0 0.774484 0.488363 
0.496532 0 0.772506 0 0.774495 0.48885 
0.496636 0 0.77272 0 0.774509 0.489325 
0.496757 0 0.772967 0 0.774533 0.489788 
0.496894 0 0.773247 0 0.774566 0.490239 
0.497041 0 0.773554 0 0.774605 0.490678 
0.497199 0 0.77389 0 0.774651 0.491107 
0.497378 0 0.774265 0 0.774711 0.491525 
0.497576 0 0.774677 0 0.774784 0.491932 
0.497788 0 0.775117 0 0.774865 0.492328 
0.498013 0 0.775586 0 0.774954 0.492715 
0.49827 0 0.776103 0 0.775063 0.493091 
0.498542 0 0.776644 0 0.775181 0.493457 
0.498858 0 0.777245 0 0.775328 0.493812 
0.49917 0 0.77784 0 0.775469 0.494158 
0.499559 0 0.778531 0 0.775663 0.494493 
0.499929 0 0.77919 0 0.77584 0.494817 
0.500396 0 0.779971 0 0.77608 0.49513 
0.500809 0 0.780671 0 0.776282 0.49543 
0.501355 0 0.781543 0 0.776564 0.495716 
0.501756 0 0.78222 0 0.776735 0.495988 
0.502278 0 0.783081 0 0.776962 0.496242 
0.502597 0 0.78363 0 0.777087 0.496475 
0.503066 0 0.784419 0 0.777259 0.496685 
0.503331 0 0.7849 0 0.777331 0.496865 
0.503748 0 0.78563 0 0.777439 0.497011 
0.503917 0 0.785995 0 0.777422 0.497113 
0.504265 0 0.786651 0 0.777443 0.497163 
0.50431 0 0.786854 0 0.777324 0.497146 
0.504593 0 0.787449 0 0.77723 0.497048 
0.50447 0 0.787459 0 0.77695 0.496846 
0.504623 0 0.78793 0 0.776704 0.496516 
0.504935 0 0.788634 0 0.776507 0.496027 
0.50472 0 0.788577 0 0.776076 0.495343 
0.504778 0 0.788971 0 0.775672 0.494424 
0.505003 0 0.789603 0 0.775313 0.493226 
0.50473 0 0.789503 0 0.774767 0.491705 
0.504739 0 0.789864 0 0.77422 0.489815 
0.504868 0 0.79033 0 0.773763 0.487514 
0.504547 0 0.790178 0 0.7731 0.484768 
0.504528 0 0.790484 0 0.77243 0.48155 
0.504503 0 0.790767 0 0.771707 0.477849 
0.504181 0 0.790698 0 0.770703 0.473662 
0.503654 0 0.790329 0 0.769522 0.469005 
0.502999 0 0.789742 0 0.768188 0.463902 
0.502642 0 0.789502 0 0.766967 0.458388 
0.502647 0 0.789518 0 0.766014 0.452502 
0.502816 0 0.789594 0 0.765121 0.446287 
0.503109 0 0.789712 0 0.764192 0.439788 
0.503398 0 0.789737 0 0.763146 0.433043 
0.503687 0 0.789667 0 0.761984 0.426088 
0.503902 0 0.789434 0 0.760683 0.418954 
0.504121 0 0.789115 0 0.759279 0.411667 
0.504338 0 0.788703 0 0.757775 0.404249 
0.504555 0 0.788202 0 0.756179 0.396716 
0.504777 0 0.787624 0 0.7545 0.389084 
0.505005 0 0.78697 0 0.752743 0.381364 
0.505319 0 0.786279 0 0.750932 0.373564 
0.505656 0 0.785528 0 0.749135 0.365694 
0.50602 0 0.784729 0 0.747317 0.357759 
0.506399 0 0.78387 0 0.745455 0.349764 
0.506781 0 0.782941 0 0.743541 0.341715 
0.507167 0 0.781951 0 0.741584 0.333614 
0.507564 0 0.780917 0 0.739592 0.325466 
0.507973 0 0.779842 0 0.737573 0.317273 
0.508388 0 0.778724 0 0.735528 0.309038 
0.508812 0 0.777566 0 0.733463 0.300764 
0.509252 0 0.776381 0 0.731382 0.292454 
0.509708 0 0.77517 0 0.72929 0.284108 
0.510174 0 0.773931 0 0.727188 0.275729 
0.510652 0 0.772668 0 0.725081 0.26732 
0.511151 0 0.771393 0 0.722977 0.258883 
0.511481 0 0.769705 0 0.7207 0.250419 
0.511633 0 0.767703 0 0.718296 0.24193 
0.511672 0 0.765529 0 0.71582 0.233418 
0.511648 0 0.763282 0 0.713298 0.224887 
0.511629 0 0.761024 0 0.710769 0.216337 
0.511608 0 0.758751 0 0.708236 0.207772 
0.511586 0 0.756469 0 0.7057 0.199197 
0.511528 0 0.754107 0 0.703144 0.190615 
0.511441 0 0.751664 0 0.700575 0.182032 
0.511328 0 0.749149 0 0.697999 0.173455 
0.511197 0 0.746578 0 0.695425 0.16489 
0.511305 0 0.744216 0 0.693136 0.156346 
0.511644 0 0.742041 0 0.691083 0.147832 
0.512167 0 0.740014 0 0.689208 0.139358 
0.512828 0 0.738108 0 0.687471 0.130937 
0.513604 0 0.736314 0 0.68585 0.122579 
0.514469 0 0.734622 0 0.684327 0.1143 
0.515401 0 0.733024 0 0.682894 0.106111 
0.51639 0 0.731517 0 0.681545 0.0980279 
0.517221 0 0.729961 0 0.680023 0.0900643 
0.517863 0 0.728312 0 0.678361 0.0822349 
0.518378 0 0.72657 0 0.676644 0.0745538 
0.518813 0 0.724766 0 0.674922 0.067035 
0.51911 0 0.722723 0 0.673017 0.0596919 
0.519333 0 0.720614 0 0.671049 0.0525371 
0.519524 0 0.718525 0 0.669129 0.0455823 
0.519729 0 0.716496 0 0.667274 0.0388382 
0.519954 0 0.714523 0 0.665495 0.0323144 
0.520195 0 0.712595 0 0.663792 0.0260193 
0.520442 0 0.710701 0 0.662164 0.0199596 
0.520634 0 0.708755 0 0.660631 0.0141408 
0.520794 0 0.706786 0 0.659175 0.00856618 
0.520932 0 0.704814 0 0.657793 0.00323778 
0.521047 0 0.702847 0 0.656484 -0.0018449 
0.521144 0 0.700893 0 0.655245 -0.00668379 
0.521418 0 0.699327 0 0.654164 -0.0112828 
0.521784 0 0.697954 0 0.653221 -0.0156479 
0.522171 0 0.696645 0 0.652348 -0.019786 
0.522479 0 0.695312 0 0.651534 -0.0237062 
0.522734 0 0.693947 0 0.650795 -0.0274188 
0.522948 0 0.69255 0 0.650105 -0.0309353 
0.523081 0 0.691125 0 0.649438 -0.0342685 
0.523203 0 0.689689 0 0.648808 -0.037432 
0.523265 0 0.688243 0 0.648202 -0.04044 
0.523331 0 0.686792 0 0.647633 -0.0433073 
0.523334 0 0.685317 0 0.647079 -0.046049 
0.523335 0 0.683822 0 0.646551 -0.0486796 
0.523405 0 0.682672 0 0.645903 -0.0512135 
0.523664 0 0.681731 0 0.645249 -0.0536648 
0.524031 0 0.680934 0 0.644658 -0.0560463 
0.524461 0 0.680243 0 0.644137 -0.0583692 
0.524774 0 0.679604 0 0.643758 -0.0606433 
0.525016 0 0.678924 0 0.643379 -0.0628756 
0.525203 0 0.678176 0 0.642975 -0.0650706 
0.525355 0 0.677394 0 0.642564 -0.0672296 
0.525496 0 0.676624 0 0.64217 -0.0693505 
0.525634 0 0.675884 0 0.641802 -0.071427 
0.525645 0 0.675048 0 0.641389 -0.0734473 
0.52562 0 0.674085 0 0.641072 -0.0753948 
0.525457 0 0.673043 0 0.64075 -0.0772457 
0.525191 0 0.671966 0 0.640424 -0.0789699 
0.524839 0 0.670885 0 0.640111 -0.0805298 
0.524418 0 0.669828 0 0.63984 -0.0818811 
0.524114 0 0.668744 0 0.639823 -0.0829723 
0.523895 0 0.667737 0 0.639969 -0.0837462 
0.523672 0 0.66684 0 0.640214 -0.084141 
0.523461 0 0.666236 0 0.640255 -0.0840925 
0.523347 0 0.665799 0 0.640218 -0.0835367 
0.523292 0 0.665534 0 0.640273 -0.0824129 
0.523275 0 0.665453 0 0.64048 -0.080667 
0.523286 0 0.665569 0 0.640866 -0.0782541 
0.523323 0 0.665896 0 0.641441 -0.0751424 
0.52338 0 0.666429 0 0.642206 -0.0713149 
0.523447 0 0.667153 0 0.643153 -0.066771 
0.523523 0 0.668057 0 0.644274 -0.0615268 
0.52361 0 0.669134 0 0.64556 -0.0556137 
0.523707 0 0.670369 0 0.646999 -0.0490768 
0.523805 0 0.671744 0 0.648576 -0.0419708 
0.523906 0 0.673245 0 0.650279 -0.0343578 
0.524015 0 0.674867 0 0.652098 -0.0263033 
0.524132 0 0.676594 0 0.654015 -0.0178738 
0.52425 0 0.678404 0 0.656013 -0.00913413 
0.52437 0 0.680282 0 0.658079 -0.000145935 
0.5245 0 0.682224 0 0.660201 0.00903373 
0.524639 0 0.684217 0 0.662367 0.0183532 
0.524784 0 0.686246 0 0.664566 0.0277661 
0.52494 0 0.688308 0 0.666789 0.0372316 
0.525122 0 0.690414 0 0.669035 0.0467147 
0.525339 0 0.692568 0 0.6713 0.0561855 
0.525601 0 0.694782 0 0.673583 0.065619 
0.525932 0 0.69708 0 0.67589 0.0749945 
0.526367 0 0.699507 0 0.678232 0.0842957 
0.526929 0 0.702098 0 0.68062 0.093509 
0.527628 0 0.704874 0 0.683069 0.102623 
0.528459 0 0.707842 0 0.685593 0.111626 
0.529401 0 0.710991 0 0.688202 0.120508 
0.530421 0 0.714282 0 0.690891 0.129258 
0.53148 0 0.717667 0 0.693647 0.137869 
0.532489 0 0.721055 0 0.696485 0.146333 
0.533374 0 0.724407 0 0.699303 0.154648 
0.534163 0 0.727675 0 0.702068 0.162812 
0.534872 0 0.73084 0 0.704778 0.170825 
0.53552 0 0.733916 0 0.707441 0.178686 
0.536131 0 0.73693 0 0.710064 0.186398 
0.536713 0 0.739893 0 0.712646 0.19396 
0.537267 0 0.742799 0 0.715184 0.201374 
0.537797 0 0.745645 0 0.717675 0.20864 
0.538313 0 0.748433 0 0.720117 0.21576 
0.538812 0 0.751158 0 0.722507 0.222735 
0.53929 0 0.75381 0 0.724842 0.229566 
0.539748 0 0.756387 0 0.727121 0.236253 
0.540193 0 0.758897 0 0.729347 0.2428 
0.540624 0 0.761338 0 0.731517 0.249206 
0.541035 0 0.763705 0 0.733632 0.255473 
0.541429 0 0.765996 0 0.735691 0.261603 
0.54181 0 0.768221 0 0.737697 0.267597 
0.542179 0 0.770377 0 0.739648 0.273458 
0.54253 0 0.772459 0 0.741543 0.279186 
0.542863 0 0.774466 0 0.743386 0.284785 
0.543185 0 0.776409 0 0.745176 0.290256 
0.543495 0 0.778285 0 0.746915 0.2956 
0.543787 0 0.780089 0 0.748601 0.300821 
0.544062 0 0.781822 0 0.750236 0.30592 
0.544327 0 0.783493 0 0.751824 0.3109 
0.54458 0 0.785102 0 0.753362 0.315762 
0.544816 0 0.786642 0 0.754852 0.32051 
0.545036 0 0.788116 0 0.756296 0.325144 
0.545246 0 0.789532 0 0.757695 0.329668 
0.545444 0 0.79089 0 0.759049 0.334083 
0.545626 0 0.792184 0 0.760359 0.338393 
0.545792 0 0.793416 0 0.761626 0.342598 
0.545948 0 0.794595 0 0.762853 0.346702 
0.546094 0 0.795721 0 0.764039 0.350706 
0.546223 0 0.796787 0 0.765184 0.354613 
0.546336 0 0.797797 0 0.766291 0.358425 
0.54644 0 0.798758 0 0.767362 0.362143 
0.546535 0 0.79967 0 0.768395 0.365771 
0.546612 0 0.800528 0 0.769392 0.369309 
0.546674 0 0.801333 0 0.770353 0.372761 
0.546728 0 0.802094 0 0.771282 0.376128 
0.546998 0 0.80314 0 0.772441 0.379412 
0.547414 0 0.804382 0 0.773719 0.382615 
0.547902 0 0.805676 0 0.77501 0.385739 
0.54842 0 0.806963 0 0.776281 0.388785 
0.548944 0 0.808229 0 0.777537 0.391756 
0.549468 0 0.80948 0 0.778782 0.394654 
0.549991 0 0.81072 0 0.780022 0.397479 
0.550518 0 0.811953 0 0.781256 0.400235 
0.551046 0 0.81317 0 0.782478 0.402922 
0.551567 0 0.81436 0 0.783686 0.405542 
0.552081 0 0.815524 0 0.784882 0.408097 
0.552595 0 0.816671 0 0.786071 0.410589 
0.553108 0 0.817801 0 0.787251 0.413018 
0.553615 0 0.818912 0 0.788423 0.415387 
0.554117 0 0.820003 0 0.78959 0.417697 
0.554621 0 0.821084 0 0.790753 0.41995 
0.555126 0 0.822153 0 0.791911 0.422146 
0.555625 0 0.823204 0 0.793063 0.424287 
0.55612 0 0.824237 0 0.794211 0.426375 
0.556617 0 0.82526 0 0.795358 0.428411 
0.557115 0 0.826274 0 0.796502 0.430396 
0.557609 0 0.82727 0 0.797642 0.432332 
0.558098 0 0.82825 0 0.798781 0.434219 
0.558591 0 0.829223 0 0.79992 0.43606 
0.559086 0 0.830187 0 0.801058 0.437854 
0.559576 0 0.831135 0 0.802195 0.439603 
0.560063 0 0.832067 0 0.803332 0.441309 
0.560554 0 0.832993 0 0.80447 0.442972 
0.561047 0 0.833909 0 0.80561 0.444594 
0.561536 0 0.83481 0 0.806749 0.446175 
0.562022 0 0.835696 0 0.807889 0.447716 
0.562512 0 0.836574 0 0.809032 0.44922 
0.563005 0 0.837444 0 0.810177 0.450685 
0.563494 0 0.838297 0 0.811322 0.452114 
0.56398 0 0.839134 0 0.812468 0.453507 
0.56447 0 0.839962 0 0.813619 0.454866 
0.564964 0 0.84078 0 0.814771 0.45619 
0.565453 0 0.841581 0 0.815925 0.457481 
0.56594 0 0.842363 0 0.817079 0.45874 
0.566431 0 0.843135 0 0.818237 0.459968 
0.566924 0 0.843895 0 0.819397 0.461165 
0.567414 0 0.844635 0 0.820558 0.462332 
0.567901 0 0.845353 0 0.821719 0.46347 
0.568392 0 0.846059 0 0.822883 0.464579 
0.568886 0 0.84675 0 0.824048 0.465661 
0.569375 0 0.847417 0 0.825212 0.466716 
0.569862 0 0.84806 0 0.826375 0.467744 
0.570352 0 0.848686 0 0.827541 0.468746 
0.570844 0 0.849294 0 0.828705 0.469724 
0.571331 0 0.849874 0 0.829867 0.470677 
0.571815 0 0.850425 0 0.831026 0.471606 
0.572302 0 0.850955 0 0.832185 0.472512 
0.572791 0 0.851462 0 0.83334 0.473396 
0.573274 0 0.851935 0 0.83449 0.474257 
0.573752 0 0.852376 0 0.835634 0.475097 
0.574233 0 0.85279 0 0.836775 0.475916 
0.574715 0 0.853175 0 0.837909 0.476714 
0.57519 0 0.853522 0 0.839034 0.477492 
0.57566 0 0.853829 0 0.84015 0.478251 
0.576131 0 0.854105 0 0.841257 0.478991 
0.576602 0 0.854346 0 0.842354 0.479712 
0.577064 0 0.854542 0 0.843437 0.480416 
0.57752 0 0.854693 0 0.844505 0.481102 
0.577976 0 0.854805 0 0.84556 0.48177 
0.57843 0 0.854877 0 0.8466 0.482422 
0.578875 0 0.854897 0 0.847618 0.483058 
0.579311 0 0.854865 0 0.848615 0.483678 
0.579745 0 0.854789 0 0.849593 0.484282 
0.580174 0 0.854665 0 0.850548 0.484871 
0.580593 0 0.854483 0 0.851474 0.485445 
0.581 0 0.854242 0 0.852371 0.486005 
0.581402 0 0.853949 0 0.853239 0.486551 
0.581798 0 0.853603 0 0.854075 0.487084 
0.58218 0 0.853191 0 0.854873 0.487603 
0.582547 0 0.852713 0 0.855631 0.488109 
0.582905 0 0.852177 0 0.856349 0.488602 
0.583254 0 0.85158 0 0.857024 0.489083 
0.583583 0 0.850911 0 0.857647 0.489552 
0.583893 0 0.850168 0 0.858216 0.49001 
0.584049 0 0.849811 0 0.858543 0.490455 
0.584102 0 0.849751 0 0.858794 0.490891 
0.584086 0 0.849832 0 0.858938 0.491314 
0.584057 0 0.849943 0 0.859022 0.491727 
0.583973 0 0.84994 0 0.859076 0.49213 
0.583892 0 0.849929 0 0.859129 0.492523 
0.583807 0 0.8499 0 0.859176 0.492906 
0.58372 0 0.849856 0 0.859219 0.493279 
0.583638 0 0.849806 0 0.859263 0.493643 
0.583559 0 0.84975 0 0.859307 0.493997 
0.583478 0 0.849679 0 0.859346 0.494343 
0.583394 0 0.849594 0 0.859383 0.494679 
0.583435 0 0.849725 0 0.859491 0.495007 
0.583545 0 0.849988 0 0.859636 0.495327 
0.583692 0 0.850328 0 0.859794 0.495638 
0.583864 0 0.850717 0 0.859962 0.495941 
0.58411 0 0.851197 0 0.860173 0.496235 
0.584364 0 0.851673 0 0.860389 0.496521 
0.58469 0 0.852233 0 0.860648 0.496799 
0.584999 0 0.852755 0 0.860897 0.497068 
0.585397 0 0.853387 0 0.861193 0.497328 
0.585762 0 0.853963 0 0.861467 0.497577 
0.586225 0 0.854662 0 0.861788 0.497817 
0.586628 0 0.855265 0 0.862072 0.498044 
0.587157 0 0.856047 0 0.862395 0.498258 
0.587578 0 0.856657 0 0.862664 0.498457 
0.588102 0 0.85743 0 0.862951 0.498637 
0.588488 0 0.857991 0 0.863168 0.498796 
0.589005 0 0.858755 0 0.863409 0.498929 
0.589392 0 0.85932 0 0.863588 0.499031 
0.589886 0 0.860054 0 0.86378 0.499095 
0.59012 0 0.860367 0 0.8639 0.499112 
0.590515 0 0.860968 0 0.864006 0.499071 
0.590604 0 0.861172 0 0.863951 0.498959 
0.590876 0 0.861696 0 0.863884 0.498758 
0.590732 0 0.861576 0 0.863714 0.498448 
0.590851 0 0.861936 0 0.863502 0.498002 
0.590529 0 0.861617 0 0.863191 0.49739 
0.590512 0 0.861853 0 0.862818 0.496578 
0.590064 0 0.861415 0 0.862359 0.495528 
0.589956 0 0.861566 0 0.861837 0.494199 
0.589855 0 0.861692 0 0.861298 0.492552 
0.58937 0 0.861217 0 0.860696 0.490546 
0.589202 0 0.86127 0 0.859974 0.488147 
0.588918 0 0.8611 0 0.859202 0.485324 
0.588712 0 0.860987 0 0.858392 0.48206 
0.588293 0 0.860598 0 0.857405 0.478345 
0.588158 0 0.860534 0 0.856348 0.474182 
0.58768 0 0.859904 0 0.855242 0.469587 
0.587512 0 0.859641 0 0.854003 0.464584 
0.587343 0 0.859279 0 0.852658 0.459207 
0.586858 0 0.858391 0 0.851274 0.453493 
0.586662 0 0.857818 0 0.849659 0.447482 
0.586155 0 0.856714 0 0.847981 0.441213 
0.585926 0 0.855894 0 0.846071 0.434723 
0.585411 0 0.854588 0 0.844207 0.428044 
0.585216 0 0.853676 0 0.842119 0.421204 
0.58475 0 0.852335 0 0.840083 0.414227 
0.584554 0 0.851261 0 0.837789 0.407131 
0.584516 0 0.850268 0 0.835342 0.399933 
0.584175 0 0.84884 0 0.833116 0.392645 
0.584097 0 0.847727 0 0.83068 0.385278 
0.583741 0 0.846289 0 0.828203 0.377839 
0.583607 0 0.845012 0 0.825511 0.370335 
0.583517 0 0.843729 0 0.822744 0.362772 
0.583138 0 0.842102 0 0.820158 0.355155 
0.582971 0 0.84064 0 0.81732 0.347487 
0.582525 0 0.838818 0 0.814645 0.339771 
0.582312 0 0.83722 0 0.811721 0.332012 
0.581843 0 0.835332 0 0.808962 0.324212 
0.581599 0 0.833652 0 0.805958 0.316373 
0.581119 0 0.831742 0 0.803163 0.308498 
0.58089 0 0.83014 0 0.800132 0.300589 
0.580435 0 0.828332 0 0.797292 0.292648 
0.58019 0 0.826681 0 0.794186 0.284678 
0.580065 0 0.825094 0 0.79097 0.27668 
0.58031 0 0.824555 0 0.788369 0.268654 
0.580764 0 0.823766 0 0.785944 0.260605 
0.581301 0 0.822838 0 0.783539 0.252535 
0.581833 0 0.821907 0 0.781126 0.244445 
0.582366 0 0.820983 0 0.778707 0.236338 
0.582898 0 0.820066 0 0.776281 0.228217 
0.583423 0 0.819151 0 0.773851 0.220083 
0.583941 0 0.818239 0 0.771417 0.21194 
0.584258 0 0.816584 0 0.768855 0.20379 
0.584405 0 0.814341 0 0.766249 0.195636 
0.584429 0 0.811808 0 0.763636 0.18748 
0.584414 0 0.80921 0 0.761059 0.179325 
0.584403 0 0.80663 0 0.758495 0.171176 
0.584396 0 0.804072 0 0.755946 0.163038 
0.584388 0 0.801533 0 0.753412 0.154916 
0.584378 0 0.799016 0 0.750899 0.146817 
0.584374 0 0.796532 0 0.748408 0.138749 
0.584373 0 0.794085 0 0.745941 0.13072 
0.584371 0 0.791671 0 0.7435 0.12274 
0.584329 0 0.789152 0 0.741071 0.114818 
0.584257 0 0.786528 0 0.738656 0.106968 
0.584163 0 0.783831 0 0.736264 0.0991985 
0.584051 0 0.781099 0 0.733905 0.0915229 
0.583928 0 0.778359 0 0.731585 0.083953 
0.583808 0 0.77563 0 0.729308 0.076501 
0.583691 0 0.772913 0 0.727074 0.0691791 
0.583865 0 0.770602 0 0.725008 0.0619992 
0.584236 0 0.768567 0 0.723119 0.0549732 
0.584724 0 0.76667 0 0.721338 0.0481124 
0.585178 0 0.764801 0 0.719556 0.0414272 
0.58557 0 0.762936 0 0.717782 0.0349273 
0.585923 0 0.761061 0 0.716041 0.0286215 
0.586255 0 0.759187 0 0.714345 0.022517 
0.586574 0 0.757326 0 0.712702 0.0166202 
0.586881 0 0.755485 0 0.711119 0.0109358 
0.587181 0 0.753672 0 0.709597 0.0054673 
0.587625 0 0.752037 0 0.708218 0.00021646 
0.588167 0 0.750589 0 0.706981 -0.00481604 
0.588762 0 0.749267 0 0.705851 -0.0096311 
0.589384 0 0.748028 0 0.7048 -0.0142309 
0.590021 0 0.746858 0 0.703815 -0.018619 
0.590665 0 0.745752 0 0.702894 -0.0228001 
0.591307 0 0.744704 0 0.702035 -0.0267801 
0.591946 0 0.743712 0 0.701241 -0.030566 
0.592587 0 0.742783 0 0.700511 -0.0341658 
0.593228 0 0.741911 0 0.699841 -0.037588 
0.593862 0 0.741088 0 0.699229 -0.040842 
0.59449 0 0.740313 0 0.698673 -0.0439376 
0.595117 0 0.73959 0 0.698172 -0.0468848 
0.595742 0 0.738915 0 0.697723 -0.0496941 
0.596359 0 0.73828 0 0.697321 -0.0523756 
0.596967 0 0.737681 0 0.696967 -0.0549394 
0.597574 0 0.737124 0 0.69666 -0.057395 
0.598178 0 0.736604 0 0.696394 -0.0597516 
0.598773 0 0.736115 0 0.69617 -0.0620171 
0.599359 0 0.735653 0 0.695985 -0.0641983 
0.599944 0 0.735225 0 0.695839 -0.0663007 
0.600525 0 0.734827 0 0.695731 -0.0683274 
0.601096 0 0.734455 0 0.695661 -0.0702794 
0.60166 0 0.734106 0 0.695628 -0.0721545 
0.602222 0 0.73379 0 0.695635 -0.073947 
0.602781 0 0.733507 0 0.695684 -0.075647 
0.603258 0 0.733408 0 0.69599 -0.0772394 
0.603688 0 0.733306 0 0.696329 -0.0787034 
0.60408 0 0.733143 0 0.696652 -0.0800118 
0.604446 0 0.732963 0 0.696994 -0.0811313 
0.604892 0 0.732843 0 0.697424 -0.0820222 
0.605225 0 0.732796 0 0.69796 -0.0826387 
0.605565 0 0.732857 0 0.698586 -0.0829293 
0.605999 0 0.733002 0 0.699297 -0.0828386 
0.606421 0 0.733316 0 0.700122 -0.082309 
0.606833 0 0.73373 0 0.701033 -0.0812827 
0.60724 0 0.73424 0 0.702043 -0.0797056 
0.607646 0 0.734866 0 0.703174 -0.0775295 
0.60805 0 0.735629 0 0.704446 -0.0747157 
0.608459 0 0.736543 0 0.70587 -0.0712371 
0.608879 0 0.737623 0 0.70745 -0.0670815 
0.60931 0 0.738863 0 0.709183 -0.0622512 
0.609744 0 0.740252 0 0.711064 -0.0567638 
0.610182 0 0.741781 0 0.713087 -0.0506505 
0.61063 0 0.74345 0 0.715244 -0.0439544 
0.611086 0 0.745248 0 0.717525 -0.0367276 
0.611544 0 0.747155 0 0.719918 -0.0290281 
0.612007 0 0.749159 0 0.72241 -0.0209172 
0.61248 0 0.751255 0 0.724991 -0.0124568 
0.612966 0 0.753432 0 0.727646 -0.00370684 
0.61346 0 0.755671 0 0.730364 0.00527555 
0.613969 0 0.757968 0 0.733133 0.0144378 
0.614507 0 0.760329 0 0.735946 0.0237325 
0.615084 0 0.762756 0 0.738792 0.0331174 
0.61571 0 0.765253 0 0.741665 0.0425559 
0.616409 0 0.76784 0 0.74456 0.0520166 
0.61721 0 0.770551 0 0.747477 0.061473 
0.618136 0 0.773412 0 0.750413 0.0709023 
0.619191 0 0.776436 0 0.753375 0.0802842 
0.620371 0 0.779626 0 0.756371 0.0895993 
0.621661 0 0.782978 0 0.759416 0.098829 
0.623031 0 0.786469 0 0.762518 0.107956 
0.624444 0 0.790066 0 0.765686 0.116965 
0.625799 0 0.793684 0 0.768986 0.125843 
0.627034 0 0.797316 0 0.772318 0.134582 
0.628176 0 0.800906 0 0.775652 0.143176 
0.629241 0 0.804432 0 0.778983 0.151621 
0.63025 0 0.807903 0 0.782313 0.159916 
0.631223 0 0.811343 0 0.785641 0.168059 
0.632171 0 0.814756 0 0.788959 0.17605 
0.633092 0 0.818135 0 0.792262 0.18389 
0.633991 0 0.821471 0 0.795543 0.191578 
0.634876 0 0.824765 0 0.798797 0.199114 
0.635747 0 0.82801 0 0.802019 0.206501 
0.636598 0 0.831193 0 0.805206 0.213737 
0.63743 0 0.834312 0 0.808359 0.220823 
0.63825 0 0.837373 0 0.811475 0.227761 
0.639059 0 0.840371 0 0.814552 0.234551 
0.639848 0 0.8433 0 0.817591 0.241195 
0.640621 0 0.846156 0 0.82059 0.247694 
0.641383 0 0.848946 0 0.823551 0.254049 
0.642133 0 0.851668 0 0.826471 0.260262 
0.642865 0 0.854314 0 0.829352 0.266334 
0.643581 0 0.856881 0 0.832194 0.272269 
0.644286 0 0.859377 0 0.834997 0.278067 
0.64498 0 0.8618 0 0.837761 0.283731 
0.645657 0 0.864142 0 0.840487 0.289262 
0.646316 0 0.866401 0 0.843176 0.294664 
0.646966 0 0.868586 0 0.845828 0.299939 
0.647605 0 0.870695 0 0.848443 0.305088 
0.648226 0 0.872719 0 0.851024 0.310114 
0.64883 0 0.874657 0 0.853571 0.31502 
0.649424 0 0.876517 0 0.856084 0.319808 
0.650008 0 0.878298 0 0.858564 0.32448 
0.650573 0 0.879991 0 0.861012 0.329039 
0.651122 0 0.881596 0 0.863429 0.333487 
0.651661 0 0.88312 0 0.865817 0.337827 
0.652188 0 0.884562 0 0.868175 0.342061 
0.652698 0 0.885914 0 0.870504 0.346191 
0.65319 0 0.887175 0 0.872807 0.350219 
0.653672 0 0.888354 0 0.875084 0.354149 
0.654143 0 0.889448 0 0.877333 0.357982 
0.654596 0 0.89045 0 0.879557 0.36172 
0.65503 0 0.89136 0 0.881758 0.365366 
0.655455 0 0.892185 0 0.883935 0.368922 
0.655867 0 0.892926 0 0.886088 0.372389 
0.65626 0 0.893574 0 0.888219 0.375771 
0.656636 0 0.894128 0 0.890328 0.379069 
0.657 0 0.894598 0 0.892416 0.382285 
0.657352 0 0.894984 0 0.894482 0.385421 
0.657684 0 0.895277 0 0.896528 0.388479 
0.657998 0 0.895478 0 0.898553 0.39146 
0.6583 0 0.895597 0 0.900558 0.394368 
0.6589 0 0.89582 0 0.902976 0.397204 
0.659639 0 0.896025 0 0.905446 0.399969 
0.660327 0 0.896069 0 0.907867 0.402664 
0.660633 0 0.896432 0 0.908968 0.405292 
0.660751 0 0.898066 1 0.908345 0.407859 
0.660855 0 0.899556 1 0.907937 0.410358 
0.66095 0 0.90101 0 0.907524 0.412794 
0.661043 0 0.902443 0 0.907093 0.415169 
0.661135 0 0.903857 0 0.906643 0.417485 
0.661226 0 0.905251 0 0.906177 0.419744 
0.661315 0 0.906626 0 0.905693 0.421946 
0.661389 0 0.907961 0 0.905225 0.424093 
0.66145 0 0.909259 0 0.904765 0.426186 
0.661609 0 0.910079 0 0.904918 0.428227 
0.661859 0 0.910803 0 0.905277 0.430217 
0.662168 0 0.91151 0 0.905698 0.432158 
0.662509 0 0.912206 0 0.906137 0.43405 
0.662867 0 0.912887 0 0.906587 0.435894 
0.663234 0 0.913542 0 0.907053 0.437693 
0.663593 1 0.913586 0 0.907962 0.439458 
0.663841 1 0.913371 0 0.908975 0.441173 
0.664124 1 0.913122 0 0.910082 0.44284 
0.664297 0 0.913797 1 0.910062 0.444464 
0.664502 1 0.913383 1 0.910159 0.446043 
0.66471 1 0.91323 1 0.910182 0.447582 
0.664915 1 0.91313 1 0.910178 0.449081 
0.665113 1 0.913034 1 0.910169 0.450545 
0.665305 1 0.912939 1 0.910158 0.451977 
0.665493 1 0.912846 1 0.910146 0.453366 
0.665676 1 0.91273 1 0.910135 0.454726 
0.665834 1 0.912581 1 0.910153 0.456045 
0.665983 1 0.91244 1 0.910162 0.457316 
0.666121 1 0.912308 1 0.910167 0.458557 
0.66625 1 0.912176 1 0.910169 0.459756 
0.666372 1 0.912045 1 0.910166 0.460904 
0.666494 1 0.912001 1 0.910113 0.461991 
0.666616 1 0.911925 1 0.91005 0.463015 
0.666738 1 0.911846 1 0.909983 0.463946 
0.666843 1 0.91175 1 0.90992 0.464746 
0.666972 1 0.911659 1 0.909864 0.465363 
0.667115 1 0.911592 1 0.909798 0.465731 
0.667275 1 0.91153 1 0.909737 0.465744 
0.667459 1 0.911464 1 0.909694 0.465263 
0.667675 1 0.911408 1 0.909661 0.464099 
0.667938 1 0.911368 1 0.90964 0.462027 
0.668288 1 0.911348 1 0.909637 0.458819 
0.668719 1 0.911339 1 0.909658 0.454252 
0.669211 1 0.911381 1 0.909693 0.448174 
0.669837 1 0.911414 1 0.909748 0.440513 
0.670579 1 0.911481 1 0.909827 0.431297 
0.671437 1 0.911582 1 0.909925 0.420669 
0.672416 1 0.911702 1 0.910038 0.4088 
0.673515 1 0.911833 1 0.910162 0.395885 
0.674732 1 0.911971 1 0.910294 0.382128 
0.676065 1 0.912113 1 0.910429 0.367721 
0.677507 1 0.912255 1 0.910566 0.352831 
0.679054 1 0.912395 1 0.910702 0.337588 
0.680699 1 0.91253 1 0.910836 0.322127 
0.682436 1 0.91266 1 0.910967 0.30654 
0.684257 1 0.912783 1 0.911093 0.290903 
0.686156 1 0.912901 1 0.911214 0.275281 
0.688124 1 0.913009 1 0.911329 0.259729 
0.690156 1 0.913112 1 0.911439 0.244288 
0.692244 1 0.913207 1 0.911543 0.228991 
0.694383 1 0.913295 1 0.911641 0.213868 
0.696564 1 0.913376 1 0.911735 0.198944 
0.698783 1 0.913451 1 0.911823 0.184231 
0.701033 1 0.91352 1 0.911905 0.169745 
0.703309 1 0.913582 1 0.911984 0.155495 
0.705606 1 0.913638 1 0.912057 0.141493 
0.707919 1 0.91369 1 0.912126 0.127744 
0.710244 1 0.913736 1 0.912191 0.114254 
0.712576 1 0.913777 1 0.912252 0.101025 
0.71491 1 0.913814 1 0.91231 0.088059 
0.717244 1 0.913847 1 0.912363 0.0753545 
0.719575 1 0.913888 1 0.912398 0.0629051 
0.721892 1 0.91395 1 0.912366 0.050729 
0.724179 1 0.913992 1 0.91244 0.0388152 
0.726441 1 0.914013 1 0.912541 0.0271613 
0.728703 1 0.914027 1 0.912586 0.0157633 
0.730954 1 0.914038 1 0.912619 0.00462318 
0.733186 1 0.914047 1 0.91265 -0.00626398 
0.735399 1 0.914054 1 0.91268 -0.0169076 
0.73759 1 0.914059 1 0.912707 -0.0273013 
0.739758 1 0.914061 1 0.912732 -0.0374577 
0.741901 1 0.914062 1 0.912757 -0.0473763 
0.744017 1 0.914061 1 0.91278 -0.05706 
0.746106 1 0.914058 1 0.912801 -0.0665151 
0.748167 1 0.914053 1 0.912822 -0.0757469 
0.750197 1 0.914047 1 0.91284 -0.0847597 
0.752197 1 0.91404 1 0.912856 -0.0935563 
0.754165 1 0.914031 1 0.912872 -0.102139 
0.756102 1 0.914022 1 0.912886 -0.110517 
0.758007 1 0.91401 1 0.912898 -0.118693 
0.759879 1 0.913998 1 0.912909 -0.12667 
0.761717 1 0.913985 1 0.912919 -0.134454 
0.763522 1 0.913971 1 0.912928 -0.142048 
0.765294 1 0.913956 1 0.912935 -0.149457 
0.767032 1 0.913939 1 0.912942 -0.156685 
0.768736 1 0.913922 1 0.912946 -0.163734 
0.770407 1 0.913904 1 0.912949 -0.170611 
0.772043 1 0.913886 1 0.912953 -0.177318 
0.773646 1 0.913866 1 0.912954 -0.183858 
0.775215 1 0.913846 1 0.912955 -0.190236 
0.776736 1 0.9138 1 0.912936 -0.196454 
0.778226 1 0.913751 1 0.912937 -0.202517 
0.779684 1 0.913717 1 0.912941 -0.208431 
0.781101 1 0.913686 1 0.912937 -0.214197 
0.782485 1 0.913656 1 0.912926 -0.219818 
0.783835 1 0.913625 1 0.912913 -0.225299 
0.785155 1 0.913604 1 0.912893 -0.23064 
0.786443 1 0.913579 1 0.912879 -0.235845 
0.787718 1 0.913565 1 0.912857 -0.240918 
0.788962 1 0.913544 1 0.91284 -0.245864 
0.790172 1 0.913519 1 0.912824 -0.250682 
0.79135 1 0.913491 1 0.912808 -0.255377 
0.792521 1 0.913481 1 0.912771 -0.259949 
0.793661 1 0.913481 1 0.912735 -0.264401 
0.794761 1 0.91347 1 0.91275 -0.268737 
0.795824 1 0.913448 1 0.912771 -0.272959 
0.796855 1 0.913417 1 0.91277 -0.277068 
0.797861 1 0.913385 1 0.912754 -0.281066 
0.79884 1 0.913352 1 0.912736 -0.284954 
0.79979 1 0.913319 1 0.912718 -0.288735 
0.800711 1 0.913286 1 0.912698 -0.29241 
0.801607 1 0.913257 1 0.912667 -0.295978 
0.802478 1 0.913229 1 0.912643 -0.299441 
0.803322 1 0.913202 1 0.912623 -0.3028 
0.804169 1 0.91318 1 0.912612 -0.306055 
0.804987 1 0.913156 1 0.912602 -0.309207 
0.805773 1 0.913128 1 0.912591 -0.312256 
0.806528 1 0.9131 1 0.912581 -0.3152 
0.807254 1 0.913074 1 0.912565 -0.318036 
0.807951 1 0.913048 1 0.912546 -0.320764 
0.808611 1 0.913023 1 0.912534 -0.323384 
0.809245 1 0.913 1 0.912522 -0.325892 
0.80985 1 0.912977 1 0.912509 -0.328288 
0.810422 1 0.912952 1 0.912494 -0.330564 
0.810959 1 0.912925 1 0.912478 -0.332717 
0.81146 1 0.912897 1 0.912458 -0.334743 
0.811924 1 0.912868 1 0.912436 -0.336639 
0.81235 1 0.91284 1 0.912414 -0.338395 
0.812736 1 0.912811 1 0.912394 -0.340008 
0.81308 1 0.912783 1 0.912373 -0.34147 
0.813379 1 0.912753 1 0.912354 -0.342772 
0.81363 1 0.912723 1 0.912331 -0.343911 
0.813832 1 0.912692 1 0.91231 -0.344874 
0.813981 1 0.91266 1 0.912286 -0.345657 
0.814076 1 0.912627 1 0.912262 -0.346251 
0.814114 1 0.912592 1 0.912237 -0.346648 
0.814094 1 0.912557 1 0.912209 -0.346843 
0.814013 1 0.91252 1 0.91218 -0.346829 
0.81387 1 0.912482 1 0.91215 -0.346604 
0.813664 1 0.912442 1 0.912118 -0.346162 
0.813394 1 0.912401 1 0.912085 -0.345499 
0.813059 1 0.912359 1 0.91205 -0.344618 
0.812662 1 0.912314 1 0.912012 -0.34352 
0.812201 1 0.912268 1 0.911973 -0.342205 
0.811679 1 0.91222 1 0.911934 -0.340684 
0.811098 1 0.912171 1 0.911891 -0.338959 
0.810461 1 0.912119 1 0.911847 -0.337041 
0.809771 1 0.912067 1 0.911801 -0.334939 
0.809031 1 0.912012 1 0.911754 -0.332668 
0.808245 1 0.911956 1 0.911706 -0.330235 
0.807418 1 0.911898 1 0.911653 -0.327656 
0.806553 1 0.911839 1 0.911601 -0.324945 
0.805655 1 0.911779 1 0.911546 -0.322118 
0.804729 1 0.911718 1 0.911491 -0.319186 
0.80378 1 0.911656 1 0.911435 -0.316168 
0.80281 1 0.911593 1 0.911377 -0.313076 
0.801827 1 0.911529 1 0.911318 -0.309926 
0.800832 1 0.911465 1 0.911258 -0.306732 
0.799831 1 0.9114 1 0.911199 -0.303507 
0.798827 1 0.911336 1 0.911138 -0.300261 
0.797824 1 0.911271 1 0.911077 -0.297006 
0.796825 1 0.911207 1 0.911017 -0.293758 
0.795833 1 0.911142 1 0.910957 -0.29052 
0.794851 1 0.911079 1 0.910896 -0.287308 
0.793881 1 0.911015 1 0.910836 -0.284127 
0.792926 1 0.910953 1 0.910776 -0.280988 
0.791988 1 0.910891 1 0.910717 -0.277897 
0.791069 1 0.910831 1 0.91066 -0.274859 
0.790169 1 0.910771 1 0.910603 -0.271881 
0.789292 1 0.910713 1 0.910546 -0.268963 
0.788436 1 0.910656 1 0.910492 -0.266115 
0.787605 1 0.9106 1 0.910437 -0.26334 
0.786798 1 0.910546 1 0.910384 -0.260639 
0.786016 1 0.910494 1 0.910333 -0.25802 
0.785261 1 0.910443 1 0.910283 -0.255478 
0.784531 1 0.910393 1 0.910236 -0.25302 
0.783828 1 0.910345 1 0.910191 -0.250645 
0.783152 1 0.9103 1 0.910145 -0.248356 
0.782502 1 0.910255 1 0.910102 -0.246153 
0.78188 1 0.910213 1 0.910061 -0.244038 
0.781285 1 0.910173 1 0.910021 -0.24201 
0.780716 1 0.910134 1 0.909984 -0.240072 
0.780175 1 0.910097 1 0.909947 -0.238221 
0.779661 1 0.910062 1 0.909914 -0.236459 
0.779174 1 0.910029 1 0.909882 -0.234785 
0.778714 1 0.909998 1 0.909852 -0.233203 
0.77828 1 0.909969 1 0.909823 -0.23171 
0.777874 1 0.909942 1 0.909797 -0.230307 
0.777495 1 0.909916 1 0.909772 -0.228995 
0.777143 1 0.909892 1 0.909749 -0.227779 
0.776819 1 0.90987 1 0.909727 -0.22666 
0.776522 1 0.90985 1 0.909709 -0.225636 
0.776254 1 0.909831 1 0.909691 -0.224714 
0.776014 1 0.909814 1 0.909675 -0.223892 
0.775803 1 0.909798 1 0.909662 -0.22318 
0.775623 1 0.909783 1 0.909648 -0.222579 
0.775475 1 0.90977 1 0.909637 -0.222096 
0.775359 1 0.909758 1 0.909628 -0.221739 
0.775278 1 0.909746 1 0.909619 -0.221514 
0.775233 1 0.909736 1 0.909612 -0.221432 
0.775227 1 0.909726 1 0.909606 -0.221499 
0.775261 1 0.909718 1 0.909601 -0.221721 
0.775338 1 0.909711 1 0.909597 -0.222105 
0.77546 1 0.909707 1 0.909595 -0.222658 
0.775627 1 0.909705 1 0.909594 -0.223376 
0.775841 1 0.909707 1 0.909596 -0.224253 
0.7761 1 0.909712 1 0.909601 -0.225286 
0.776402 1 0.909721 1 0.909607 -0.226466 
0.776745 1 0.909733 1 0.909618 -0.227781 
0.777127 1 0.909749 1 0.909631 -0.22922 
0.777545 1 0.909768 1 0.909649 -0.230774 
0.777996 1 0.909791 1 0.909669 -0.232431 
0.778477 1 0.909816 1 0.909693 -0.23418 
0.778985 1 0.909845 1 0.909719 -0.236013 
0.779518 1 0.909876 1 0.909749 -0.237918 
0.780074 1 0.909909 1 0.90978 -0.239887 
0.78065 1 0.909945 1 0.909813 -0.241913 
0.781244 1 0.909983 1 0.90985 -0.243988 
0.781855 1 0.910023 1 0.909889 -0.246103 
0.782479 1 0.910066 1 0.909929 -0.248255 
0.783117 1 0.91011 1 0.909971 -0.250436 
0.783766 1 0.910155 1 0.910014 -0.252641 
0.784426 1 0.910203 1 0.910061 -0.254866 
0.785093 1 0.910252 1 0.910107 -0.257107 
0.785769 1 0.910302 1 0.910157 -0.259359 
0.78645 1 0.910354 1 0.910208 -0.261618 
0.787137 1 0.910407 1 0.910258 -0.263882 
0.787829 1 0.910461 1 0.910311 -0.266146 
0.788525 1 0.910516 1 0.910366 -0.268408 
0.789223 1 0.910573 1 0.910422 -0.270665 
0.789923 1 0.91063 1 0.910477 -0.272916 
0.790626 1 0.910689 1 0.910534 -0.275157 
0.791329 1 0.910748 1 0.910593 -0.277386 
0.792032 1 0.910809 1 0.910652 -0.279604 
0.792736 1 0.91087 1 0.910712 -0.281805 
0.793438 1 0.910932 1 0.910773 -0.283991 
0.79414 1 0.910994 1 0.910836 -0.28616 
0.79484 1 0.911058 1 0.910898 -0.288309 
0.795538 1 0.911122 1 0.910961 -0.290439 
0.796234 1 0.911187 1 0.911024 -0.292547 
0.796928 1 0.911252 1 0.911089 -0.294633 
0.797618 1 0.911318 1 0.911154 -0.296696 
0.798306 1 0.911384 1 0.91122 -0.298736 
0.798991 1 0.911451 1 0.911286 -0.300752 
0.799672 1 0.911518 1 0.911352 -0.302742 
0.800349 1 0.911586 1 0.911419 -0.304708 
0.801022 1 0.911654 1 0.911487 -0.306648 
0.801691 1 0.911723 1 0.911556 -0.308562 
0.802356 1 0.911791 1 0.911623 -0.310449 
0.803017 1 0.91186 1 0.911692 -0.31231 
0.803674 1 0.91193 1 0.911761 -0.314143 
0.804325 1 0.912 1 0.911829 -0.315949 
0.804973 1 0.912069 1 0.911899 -0.317728 
0.805615 1 0.912139 1 0.911969 -0.319479 
0.806253 1 0.91221 1 0.912039 -0.321203 
0.806886 1 0.91228 1 0.912108 -0.322899 
0.807513 1 0.91235 1 0.912179 -0.324568 
0.808136 1 0.912421 1 0.912249 -0.326208 
0.808755 1 0.912491 1 0.912318 -0.327822 
0.809368 1 0.912562 1 0.91239 -0.329408 
0.809975 1 0.912632 1 0.91246 -0.330966 
0.810578 1 0.912702 1 0.912529 -0.332496 
0.811176 1 0.912773 1 0.9126 -0.333999 
0.811769 1 0.912843 1 0.912668 -0.335474 
0.812356 1 0.912913 1 0.912738 -0.336922 
0.812939 1 0.912983 1 0.912808 -0.338345 
0.813516 1 0.913052 1 0.912877 -0.33974 
0.814088 1 0.913121 1 0.912947 -0.341109 
0.814656 1 0.91319 1 0.913016 -0.342451 
0.815218 1 0.913259 1 0.913084 -0.343767 
0.815775 1 0.913327 1 0.913153 -0.345058 
0.816327 1 0.913395 1 0.913221 -0.346323 
0.816874 1 0.913463 1 0.913288 -0.347562 
0.817416 1 0.91353 1 0.913354 -0.348777 
0.817953 1 0.913596 1 0.91342 -0.349967 
0.818486 1 0.913662 1 0.913486 -0.351133 
0.819013 1 0.913727 1 0.913552 -0.352273 
0.819536 1 0.913792 1 0.913617 -0.35339 
0.820053 1 0.913856 1 0.91368 -0.354482 
0.820566 1 0.91392 1 0.913744 -0.355551 
0.821074 1 0.913982 1 0.913807 -0.356596 
0.821577 1 0.914044 1 0.913869 -0.35762 
0.822075 1 0.914106 1 0.91393 -0.358619 
0.822569 1 0.914166 1 0.913989 -0.359597 
0.823058 1 0.914225 1 0.914048 -0.360552 
0.823543 1 0.914284 1 0.914107 -0.361485 
0.824022 1 0.914341 1 0.914166 -0.362396 
0.824496 1 0.914398 1 0.914222 -0.363287 
0.824966 1 0.914453 1 0.914277 -0.364155 
0.825432 1 0.914508 1 0.914332 -0.365003 
0.825893 1 0.914561 1 0.914385 -0.365832 
0.826349 1 0.914613 1 0.914438 -0.36664 
0.826801 1 0.914664 1 0.914487 -0.367428 
0.827248 1 0.914714 1 0.914538 -0.368196 
0.827691 1 0.914763 1 0.914587 -0.368944 
0.82813 1 0.91481 1 0.914634 -0.369675 
0.828564 1 0.914856 1 0.914681 -0.370387 
0.828994 1 0.9149 1 0.914723 -0.371079 
0.829419 1 0.914943 1 0.914767 -0.371753 
0.829839 1 0.914985 1 0.91481 -0.37241 
0.830256 1 0.915025 1 0.91485 -0.37305 
0.830668 1 0.915064 1 0.914889 -0.373673 
0.831075 1 0.915101 1 0.914926 -0.374278 
0.831479 1 0.915136 1 0.91496 -0.374866 
0.831877 1 0.91517 1 0.914996 -0.375437 
0.832271 1 0.915203 1 0.915028 -0.375994 
0.832662 1 0.915233 1 0.915058 -0.376534 
0.833047 1 0.915262 1 0.915088 -0.37706 
0.833429 1 0.915289 1 0.915114 -0.377569 
0.833806 1 0.915314 1 0.91514 -0.378064 
0.834179 1 0.915338 1 0.915163 -0.378545 
0.834547 1 0.91536 1 0.915186 -0.37901 
0.834911 1 0.915379 1 0.915206 -0.379461 
0.835271 1 0.915397 1 0.915224 -0.379897 
0.835626 1 0.915413 1 0.91524 -0.380321 
0.835977 1 0.915427 1 0.915254 -0.38073 
0.836323 1 0.91544 1 0.915267 -0.381126 
0.836665 1 0.91545 1 0.915277 -0.381508 
0.837003 1 0.915458 1 0.915285 -0.38188 
0.837337 1 0.915464 1 0.91529 -0.382239 
0.837666 1 0.915468 1 0.915296 -0.382585 
0.83799 1 0.91547 1 0.915299 -0.38292 
0.838311 1 0.91547 1 0.915297 -0.383244 
0.838626 1 0.915468 1 0.915296 -0.383555 
0.838937 1 0.915464 1 0.915292 -0.383855 
0.839244 1 0.915458 1 0.915287 -0.384144 
0.839546 1 0.91545 1 0.915278 -0.384423 
0.839843 1 0.915439 1 0.915268 -0.384691 
0.840137 1 0.915426 1 0.915255 -0.384949 
0.840425 1 0.915412 1 0.915241 -0.385196 
0.84071 1 0.915395 1 0.915224 -0.385434 
0.840989 1 0.915376 1 0.915205 -0.385663 
0.841265 1 0.915355 1 0.915184 -0.385882 
0.841535 1 0.915331 1 0.915161 -0.386092 
0.841802 1 0.915306 1 0.915135 -0.386293 
0.84184 1 0.915302 1 0.915125 -0.386487 
0.841842 1 0.915287 1 0.915092 -0.386671 
0.841877 1 0.9153 1 0.915104 -0.386847 
0.841914 1 0.915305 1 0.915117 -0.387014 
0.841949 1 0.91531 1 0.915125 -0.387174 
0.841983 1 0.915315 1 0.915131 -0.387325 
0.842015 1 0.915321 1 0.915136 -0.387469 
0.842045 1 0.915327 1 0.915143 -0.387606 
0.842073 1 0.915333 1 0.915148 -0.387734 
0.8421 1 0.915339 1 0.915155 -0.387854 
0.842124 1 0.915345 1 0.915161 -0.387968 
0.842146 1 0.915351 1 0.915167 -0.388075 
0.842166 1 0.915357 1 0.915174 -0.388174 
0.842185 1 0.915363 1 0.915179 -0.388267 
0.842202 1 0.915369 1 0.915185 -0.388353 
0.842217 1 0.915375 1 0.915191 -0.388433 
0.84223 1 0.91538 1 0.915198 -0.388504 
0.842241 1 0.915386 1 0.915205 -0.388571 
0.842251 1 0.915392 1 0.915209 -0.388632 
0.84226 1 0.915397 1 0.915215 -0.388685 
0.842267 1 0.915403 1 0.91522 -0.388733 
0.842272 1 0.915409 1 0.915227 -0.388776 
0.842276 1 0.915414 1 0.915232 -0.388813 
0.842279 1 0.915419 1 0.915238 -0.388845 
0.84228 1 0.915425 1 0.915244 -0.388872 
0.84228 1 0.91543 1 0.91525 -0.388893 
0.842279 1 0.915436 1 0.915255 -0.388908 
0.842277 1 0.915441 1 0.915261 -0.388921 
0.842273 1 0.915446 1 0.915266 -0.388927 
0.842269 1 0.915451 1 0.915271 -0.38893 
0.842264 1 0.915457 1 0.915276 -0.388927 
0.842257 1 0.915462 1 0.915282 -0.388921 
0.842249 1 0.915467 1 0.915287 -0.38891 
0.842241 1 0.915472 1 0.915292 -0.388895 
0.842232 1 0.915477 1 0.915298 -0.388876 
0.842221 1 0.915482 1 0.915303 -0.388853 
0.842211 1 0.915487 1 0.915308 -0.388827 
0.842199 1 0.915492 1 0.915314 -0.388797 
0.842186 1 0.915497 1 0.915318 -0.388764 
0.842173 1 0.915502 1 0.915324 -0.388729 
0.842159 1 0.915507 1 0.915329 -0.388689 
0.842145 1 0.915512 1 0.915333 -0.388647 
0.84213 1 0.915516 1 0.915338 -0.388603 
0.842115 1 0.915521 1 0.915342 -0.388555 
0.842099 1 0.915526 1 0.915347 -0.388505 
0.842084 1 0.91553 1 0.915353 -0.388453 
0.842067 1 0.915535 1 0.915357 -0.388397 
0.842051 1 0.91554 1 0.915361 -0.388339 
0.842033 1 0.915544 1 0.915367 -0.38828 
0.842016 1 0.915549 1 0.915372 -0.388219 
0.841998 1 0.915553 1 0.915376 -0.388157 
0.84198 1 0.915558 1 0.91538 -0.388092 
0.841962 1 0.915562 1 0.915385 -0.388025 
0.841944 1 0.915566 1 0.915389 -0.387958 
0.841925 1 0.915571 1 0.915393 -0.387888 
0.841907 1 0.915575 1 0.915398 -0.387816 
0.841888 1 0.915579 1 0.915402 -0.387745 
0.841869 1 0.915584 1 0.915408 -0.38767 
0.84185 1 0.915588 1 0.915411 -0.387595 
0.841832 1 0.915592 1 0.915414 -0.387521 
0.841813 1 0.915596 1 0.915419 -0.387444 
0.841795 1 0.9156 1 0.915423 -0.387366 
0.841776 1 0.915604 1 0.915427 -0.387288 
0.841758 1 0.915608 1 0.915432 -0.387209 
0.84174 1 0.915612 1 0.915435 -0.387129 
0.841722 1 0.915616 1 0.91544 -0.38705 
0.841704 1 0.91562 1 0.915443 -0.386969 
0.841687 1 0.915624 1 0.915447 -0.386887 
0.841669 1 0.915628 1 0.915451 -0.386806 
0.841652 1 0.915631 1 0.915455 -0.386724 
0.841635 1 0.915635 1 0.915459 -0.386643 
0.841619 1 0.915639 1 0.915463 -0.386562 
0.841603 1 0.915642 1 0.915465 -0.38648 
0.841587 1 0.915646 1 0.915469 -0.386398 
0.841572 1 0.91565 1 0.915473 -0.386316 
0.841557 1 0.915653 1 0.915477 -0.386234 
0.841542 1 0.915657 1 0.915481 -0.386153 
0.841528 1 0.91566 1 0.915484 -0.386071 
0.841514 1 0.915664 1 0.915488 -0.38599 
0.8415 1 0.915667 1 0.915491 -0.385909 
0.841487 1 0.915671 1 0.915494 -0.385829 
0.841475 1 0.915674 1 0.915497 -0.385751 
0.841462 1 0.915677 1 0.915501 -0.385672 
0.841451 1 0.915681 1 0.915503 -0.385594 
0.84144 1 0.915684 1 0.915508 -0.385516 
0.841429 1 0.915687 1 0.91551 -0.385439 
0.841419 1 0.91569 1 0.915514 -0.385362 
0.84141 1 0.915693 1 0.915516 -0.385287 
0.841401 1 0.915696 1 0.915519 -0.385211 
0.841392 1 0.915699 1 0.915522 -0.385137 
0.841384 1 0.915702 1 0.915526 -0.385064 
0.841377 1 0.915705 1 0.915528 -0.384991 
0.84137 1 0.915708 1 0.91553 -0.384919 
0.841364 1 0.915711 1 0.915533 -0.384848 
0.841358 1 0.915714 1 0.915537 -0.384778 
0.841353 1 0.915717 1 0.915539 -0.384709 
0.841348 1 0.915719 1 0.915543 -0.38464 
0.841344 1 0.915722 1 0.915544 -0.384572 
0.841341 1 0.915725 1 0.915547 -0.384506 
0.841338 1 0.915727 1 0.915549 -0.38444 
0.841336 1 0.91573 1 0.915551 -0.384376 
0.841334 1 0.915732 1 0.915555 -0.384313 
0.841334 1 0.915735 1 0.915557 -0.384252 
0.841333 1 0.915737 1 0.915559 -0.384191 
0.841333 1 0.91574 1 0.915562 -0.384131 
0.841334 1 0.915742 1 0.915564 -0.384072 
0.841336 1 0.915744 1 0.915566 -0.384014 
0.841338 1 0.915747 1 0.915568 -0.383957 
0.84134 1 0.915749 1 0.915571 -0.383901 
0.841343 1 0.915751 1 0.915574 -0.383847 
0.841347 1 0.915753 1 0.915574 -0.383792 
0.841351 1 0.915755 1 0.915578 -0.383739 
0.841356 1 0.915757 1 0.915578 -0.383688 
0.841362 1 0.915759 1 0.91558 -0.383638 
0.841368 1 0.915761 1 0.915582 -0.383589 
0.841375 1 0.915763 1 0.915584 -0.38354 
0.841383 1 0.915765 1 0.915586 -0.383494 
0.84139 1 0.915767 1 0.915588 -0.383449 
0.841399 1 0.915768 1 0.915589 -0.383404 
0.841408 1 0.91577 1 0.91559 -0.383361 
0.841418 1 0.915772 1 0.915592 -0.383318 
0.841428 1 0.915773 1 0.915594 -0.383278 
0.841439 1 0.915775 1 0.915595 -0.383237 
0.841451 1 0.915776 1 0.915596 -0.383197 
0.841463 1 0.915778 1 0.915597 -0.383158 
0.841475 1 0.915779 1 0.9156 -0.383121 
0.841488 1 0.915781 1 0.915601 -0.383084 
0.841502 1 0.915782 1 0.915602 -0.383048 
0.841516 1 0.915783 1 0.915602 -0.383014 
0.841531 1 0.915784 1 0.915604 -0.382981 
0.841546 1 0.915785 1 0.915605 -0.382949 
0.841561 1 0.915786 1 0.915606 -0.382918 
0.841578 1 0.915787 1 0.915607 -0.382889 
0.841595 1 0.915788 1 0.915607 -0.38286 
0.841612 1 0.915789 1 0.915609 -0.382832 
0.84163 1 0.91579 1 0.91561 -0.382805 
0.841648 1 0.915791 1 0.91561 -0.382778 
0.841626 1 0.915781 1 0.915613 -0.382752 
0.841615 1 0.915783 1 0.915614 -0.382728 
0.841611 1 0.915787 1 0.915613 -0.382704 
0.841609 1 0.915792 1 0.915619 -0.382682 
0.841608 1 0.915796 1 0.915622 -0.382661 
0.841607 1 0.915799 1 0.915625 -0.382641 
0.841607 1 0.915803 1 0.915629 -0.382622 
0.841607 1 0.915807 1 0.915633 -0.382603 
0.841607 1 0.915811 1 0.915635 -0.382584 
0.841609 1 0.915815 1 0.91564 -0.382567 
0.84161 1 0.915819 1 0.915644 -0.382551 
0.841612 1 0.915823 1 0.915648 -0.382534 
0.841614 1 0.915827 1 0.915651 -0.382519 
0.841617 1 0.91583 1 0.915655 -0.382505 
0.84162 1 0.915834 1 0.915658 -0.38249 
0.841624 1 0.915838 1 0.915661 -0.382477 
0.841627 1 0.915842 1 0.915664 -0.382464 
0.841631 1 0.915845 1 0.915667 -0.382451 
0.841636 1 0.915849 1 0.915672 -0.382439 
0.841641 1 0.915852 1 0.915674 -0.382428 
0.841643 1 0.915854 1 0.915677 -0.382417 
0.841645 1 0.915856 1 0.915679 -0.382407 
0.841647 1 0.915859 1 0.915681 -0.382397 
0.841649 1 0.915861 1 0.915684 -0.382388 
0.841652 1 0.915864 1 0.915686 -0.38238 
0.841654 1 0.915866 1 0.915689 -0.382372 
0.841657 1 0.915868 1 0.915691 -0.382365 
0.841659 1 0.915871 1 0.915693 -0.382358 
0.841662 1 0.915873 1 0.915695 -0.382352 
0.841665 1 0.915876 1 0.915697 -0.382346 
0.841668 1 0.915878 1 0.9157 -0.38234 
0.841672 1 0.915881 1 0.915701 -0.382335 
0.841675 1 0.915883 1 0.915705 -0.38233 
0.841679 1 0.915886 1 0.915705 -0.382326 
0.841683 1 0.915888 1 0.915708 -0.382321 
0.841687 1 0.915891 1 0.91571 -0.382318 
0.841691 1 0.915893 1 0.915711 -0.382314 
0.841695 1 0.915896 1 0.915716 -0.382311 
0.841699 1 0.915898 1 0.915717 -0.382308 
0.841703 1 0.9159 1 0.915719 -0.382307 
0.841708 1 0.915903 1 0.915721 -0.382304 
0.841712 1 0.915905 1 0.915723 -0.382301 
0.841716 1 0.915908 1 0.915727 -0.3823 
0.84172 1 0.91591 1 0.915729 -0.382298 
0.841725 1 0.915913 1 0.91573 -0.382297 
0.84173 1 0.915915 1 0.915732 -0.382296 
0.841735 1 0.915918 1 0.915734 -0.382295 
0.84174 1 0.91592 1 0.915737 -0.382294 
0.841744 1 0.915923 1 0.915739 -0.382294 
0.841749 1 0.915925 1 0.915741 -0.382294 
0.841754 1 0.915928 1 0.915743 -0.382295 
0.841759 1 0.91593 1 0.915746 -0.382294 
0.841764 1 0.915932 1 0.915749 -0.382294 
0.841769 1 0.915935 1 0.91575 -0.382295 
0.841773 1 0.915937 1 0.915753 -0.382295 
0.841778 1 0.91594 1 0.915754 -0.382296 
0.841784 1 0.915942 1 0.915756 -0.382297 
0.841789 1 0.915945 1 0.915758 -0.3823 
0.841794 1 0.915947 1 0.915761 -0.382301 
0.841799 1 0.91595 1 0.915763 -0.382303 
0.841804 1 0.915952 1 0.915765 -0.382303 
0.84181 1 0.915955 1 0.915767 -0.382305 
0.841815 1 0.915957 1 0.91577 -0.382307 
0.84182 1 0.915959 1 0.915771 -0.38231 
0.841826 1 0.915962 1 0.915773 -0.382313 
0.841831 1 0.915964 1 0.915776 -0.382316 
0.841837 1 0.915967 1 0.915778 -0.382318 
0.841842 1 0.915969 1 0.915781 -0.382321 
0.841848 1 0.915972 1 0.915783 -0.382324 
0.841854 1 0.915974 1 0.915784 -0.382327 
0.841859 1 0.915977 1 0.915787 -0.382328 
0.841864 1 0.915979 1 0.91579 -0.38233 
0.84187 1 0.915982 1 0.915791 -0.382333 
0.841876 1 0.915984 1 0.915793 -0.382336 
0.841882 1 0.915986 1 0.915795 -0.382339 
0.841887 1 0.915989 1 0.915798 -0.382341 
0.841893 1 0.915991 1 0.915801 -0.382344 
0.841898 1 0.915994 1 0.915802 -0.382348 
0.841904 1 0.915996 1 0.915805 -0.38235 
0.84191 1 0.915999 1 0.915806 -0.382353 
0.841916 1 0.916001 1 0.915808 -0.382356 
0.841921 1 0.916004 1 0.915811 -0.382359 
0.841927 1 0.916006 1 0.915813 -0.382362 
0.841933 1 0.916008 1 0.915815 -0.382365 
0.841938 1 0.916011 1 0.915817 -0.382368 
0.841944 1 0.916013 1 0.91582 -0.382371 
0.84195 1 0.916016 1 0.915821 -0.382374 
0.841956 1 0.916018 1 0.915823 -0.382376 
0.841961 1 0.916021 1 0.915826 -0.382379 
0.841967 1 0.916023 1 0.915829 -0.382382 
0.841973 1 0.916026 1 0.91583 -0.382385 
0.841978 1 0.916028 1 0.915834 -0.382388 
0.841984 1 0.91603 1 0.915835 -0.382391 
0.841989 1 0.916033 1 0.915837 -0.382394 
0.841995 1 0.916035 1 0.915839 -0.382397 
0.842001 1 0.916038 1 0.915841 -0.3824 
0.842006 1 0.91604 1 0.915843 -0.382402 
0.842012 1 0.916043 1 0.915846 -0.382404 
0.842017 1 0.916045 1 0.915847 -0.382407 
0.842023 1 0.916047 1 0.915851 -0.382411 
0.842028 1 0.91605 1 0.915853 -0.382414 
0.842034 1 0.916052 1 0.915853 -0.382416 
0.842039 1 0.916055 1 0.915856 -0.382419 
0.842045 1 0.916057 1 0.915858 -0.382422 
0.842051 1 0.91606 1 0.915861 -0.382424 
0.842056 1 0.916062 1 0.915863 -0.382426 
0.842062 1 0.916064 1 0.915865 -0.382429 
0.842067 1 0.916067 1 0.915868 -0.382431 
0.842073 1 0.916069 1 0.915869 -0.382433 
0.842078 1 0.916072 1 0.915871 -0.382436 
0.842084 1 0.916074 1 0.915874 -0.382439 
0.842089 1 0.916076 1 0.915876 -0.382441 
0.842095 1 0.916079 1 0.915878 -0.382444 
