0.363292 0 0.481736 0 0.481734 0.500001 
0.363699 0 0.485326 0 0.485132 0.498533 
0.364384 0 0.489538 0 0.489127 0.495724 
0.365219 0 0.49419 0 0.49359 0.490777 
0.366149 0 0.499213 0 0.498344 0.482934 
0.367081 0 0.504387 0 0.503251 0.47186 
0.368012 0 0.509617 0 0.508217 0.457817 
0.368948 0 0.514822 0 0.513158 0.441481 
0.369892 0 0.519922 0 0.517994 0.423615 
0.370837 0 0.524844 0 0.522658 0.404862 
0.371783 0 0.529535 0 0.527097 0.385687 
0.372739 0 0.533969 0 0.531281 0.366403 
0.373704 0 0.538117 0 0.535184 0.347209 
0.374672 0 0.541955 0 0.538784 0.328233 
0.375643 0 0.545474 0 0.542074 0.309553 
0.376303 0 0.548488 0 0.544647 0.291218 
0.37674 0 0.550973 0 0.546686 0.273257 
0.376874 0 0.552732 0 0.548248 0.255685 
0.376833 0 0.553963 0 0.54938 0.238512 
0.376705 0 0.554791 0 0.550148 0.221743 
0.376506 0 0.555254 0 0.550574 0.205375 
0.376249 0 0.555386 0 0.550676 0.189409 
0.375949 0 0.555216 0 0.550478 0.17384 
0.375621 0 0.554778 0 0.550002 0.158666 
0.375271 0 0.554092 0 0.549265 0.143881 
0.374896 0 0.55317 0 0.548283 0.129484 
0.374562 0 0.55201 0 0.547171 0.115471 
0.374248 0 0.550631 0 0.545924 0.101841 
0.373907 0 0.54906 0 0.544486 0.0885942 
0.373539 0 0.547319 0 0.542869 0.0757322 
0.373151 0 0.545434 0 0.541094 0.0632593 
0.372756 0 0.543441 0 0.539192 0.0511817 
0.372397 0 0.541345 0 0.537247 0.0395077 
0.372017 0 0.53917 0 0.53522 0.028247 
0.371656 0 0.536927 0 0.533174 0.0174095 
0.371457 0 0.534993 0 0.531638 0.00700415 
0.371288 0 0.533087 0 0.529877 -0.00296178 
0.371112 0 0.53114 0 0.528034 -0.0124834 
0.370936 0 0.52923 0 0.526223 -0.021559 
0.370766 0 0.527376 0 0.524458 -0.0301886 
0.370601 0 0.525582 0 0.522748 -0.0383731 
0.370435 0 0.523849 0 0.521095 -0.0461127 
0.370268 0 0.522184 0 0.519507 -0.0534063 
0.370107 0 0.5206 0 0.517995 -0.060251 
0.369951 0 0.519101 0 0.516564 -0.0666421 
0.369792 0 0.517685 0 0.515216 -0.0725726 
0.369634 0 0.516359 0 0.513957 -0.0780343 
0.369481 0 0.515136 0 0.512798 -0.0830169 
0.369333 0 0.51402 0 0.511743 -0.0875085 
0.369183 0 0.513009 0 0.510794 -0.0914956 
0.369033 0 0.512111 0 0.509958 -0.0949612 
0.36889 0 0.51134 0 0.509246 -0.0978848 
0.368744 0 0.510753 0 0.508743 -0.100241 
0.368583 0 0.510297 0 0.508379 -0.101996 
0.368422 0 0.509991 0 0.508165 -0.103109 
0.368267 0 0.509854 0 0.508118 -0.103528 
0.368143 0 0.50974 0 0.50817 -0.103193 
0.368056 0 0.509906 0 0.508455 -0.102041 
0.367976 0 0.510265 0 0.508918 -0.10001 
0.367894 0 0.510816 0 0.509571 -0.0970463 
0.367864 0 0.511615 0 0.510492 -0.093117 
0.367781 0 0.512629 0 0.511643 -0.0882149 
0.367696 0 0.513872 0 0.513024 -0.082363 
0.367656 0 0.515329 0 0.514623 -0.0756138 
0.367646 0 0.51699 0 0.516438 -0.068046 
0.367603 0 0.518855 0 0.51848 -0.0597562 
0.367546 0 0.520841 0 0.520586 -0.0508509 
0.367488 0 0.522939 0 0.522791 -0.0414398 
0.367435 0 0.525138 0 0.525095 -0.0316286 
0.367387 0 0.527418 0 0.52748 -0.0215152 
0.367344 0 0.52976 0 0.529928 -0.0111877 
0.367313 0 0.53215 0 0.53242 -0.000722099 
0.367293 0 0.534568 0 0.534934 0.00981616 
0.367275 0 0.536987 0 0.53745 0.0203725 
0.367259 0 0.539394 0 0.539955 0.0309018 
0.367252 0 0.541787 0 0.542442 0.0413669 
0.367253 0 0.544156 0 0.544903 0.0517379 
0.367256 0 0.546488 0 0.547329 0.0619909 
0.367263 0 0.54878 0 0.549714 0.072107 
0.367279 0 0.551035 0 0.552061 0.0820712 
0.367305 0 0.553249 0 0.554362 0.0918718 
0.367333 0 0.555412 0 0.556613 0.101501 
0.367364 0 0.557522 0 0.558813 0.110951 
0.367405 0 0.559586 0 0.560963 0.120218 
0.367455 0 0.561602 0 0.563063 0.129299 
0.367507 0 0.563561 0 0.565107 0.138192 
0.367562 0 0.565464 0 0.567098 0.146896 
0.367628 0 0.56732 0 0.569039 0.155412 
0.367701 0 0.569127 0 0.570929 0.16374 
0.367776 0 0.570879 0 0.572767 0.171881 
0.367854 0 0.572576 0 0.574552 0.179836 
0.367941 0 0.574227 0 0.576292 0.187609 
0.368037 0 0.575833 0 0.577985 0.195201 
0.368134 0 0.577385 0 0.579629 0.202615 
0.368234 0 0.578887 0 0.581226 0.209854 
0.368343 0 0.580347 0 0.582783 0.21692 
0.36846 0 0.581765 0 0.584298 0.223817 
0.368579 0 0.583135 0 0.585771 0.230547 
0.368701 0 0.584458 0 0.587203 0.237114 
0.368833 0 0.585745 0 0.588601 0.243521 
0.368975 0 0.586995 0 0.589965 0.249772 
0.369119 0 0.588202 0 0.591294 0.255869 
0.369268 0 0.589368 0 0.592589 0.261817 
0.36943 0 0.590503 0 0.593859 0.267619 
0.369603 0 0.591608 0 0.595104 0.273279 
0.369782 0 0.592676 0 0.596322 0.278799 
0.369969 0 0.593711 0 0.597517 0.284185 
0.370173 0 0.594722 0 0.598696 0.28944 
0.370393 0 0.595711 0 0.599861 0.294568 
0.370626 0 0.596672 0 0.601012 0.299572 
0.370874 0 0.597607 0 0.602153 0.304458 
0.371147 0 0.59853 0 0.603292 0.30923 
0.371446 0 0.59944 0 0.604433 0.313892 
0.371768 0 0.600335 0 0.605578 0.318449 
0.372119 0 0.601217 0 0.606732 0.322906 
0.37251 0 0.6021 0 0.607906 0.327266 
0.372944 0 0.602987 0 0.609105 0.331535 
0.37342 0 0.603874 0 0.610332 0.335717 
0.373945 0 0.604768 0 0.611595 0.339815 
0.37453 0 0.605682 0 0.612905 0.343834 
0.375179 0 0.606619 0 0.614264 0.347774 
0.375887 0 0.607574 0 0.615671 0.351639 
0.376656 0 0.608552 0 0.617128 0.355428 
0.377491 0 0.609562 0 0.618636 0.359142 
0.378385 0 0.610603 0 0.620186 0.36278 
0.379325 0 0.611663 0 0.621767 0.366343 
0.380305 0 0.612739 0 0.62337 0.369829 
0.381324 0 0.613838 0 0.624992 0.373238 
0.382374 0 0.614952 0 0.626622 0.37657 
0.383439 0 0.616069 0 0.628249 0.379825 
0.384518 0 0.617186 0 0.629869 0.383005 
0.38561 0 0.618309 0 0.631482 0.386109 
0.386712 0 0.619433 0 0.633083 0.389139 
0.387813 0 0.620548 0 0.634666 0.392095 
0.388913 0 0.621652 0 0.63623 0.39498 
0.390015 0 0.622753 0 0.637779 0.397794 
0.391118 0 0.623847 0 0.639311 0.40054 
0.392212 0 0.624925 0 0.64082 0.403217 
0.393298 0 0.625987 0 0.642309 0.405829 
0.394382 0 0.627039 0 0.643782 0.408376 
0.395461 0 0.62808 0 0.645237 0.41086 
0.396528 0 0.629101 0 0.646671 0.413282 
0.397584 0 0.630101 0 0.648085 0.415644 
0.398634 0 0.631088 0 0.649483 0.417948 
0.399678 0 0.63206 0 0.650866 0.420194 
0.400707 0 0.633009 0 0.652228 0.422384 
0.401724 0 0.633934 0 0.653573 0.42452 
0.402733 0 0.634844 0 0.654904 0.426602 
0.403735 0 0.635737 0 0.656222 0.428632 
0.404722 0 0.636603 0 0.657521 0.430612 
0.405694 0 0.637444 0 0.658804 0.432542 
0.40666 0 0.638268 0 0.660077 0.434424 
0.407617 0 0.639073 0 0.661337 0.43626 
0.408558 0 0.639851 0 0.662581 0.438049 
0.409486 0 0.640601 0 0.663811 0.439794 
0.410407 0 0.641333 0 0.665033 0.441495 
0.411319 0 0.642045 0 0.666244 0.443153 
0.412216 0 0.642728 0 0.667442 0.44477 
0.413099 0 0.643382 0 0.668627 0.446347 
0.413976 0 0.644017 0 0.669806 0.447884 
0.414845 0 0.644631 0 0.670976 0.449383 
0.4157 0 0.645215 0 0.672134 0.450845 
0.416541 0 0.64577 0 0.673282 0.45227 
0.417376 0 0.646304 0 0.674424 0.453659 
0.418204 0 0.646815 0 0.67556 0.455014 
0.419017 0 0.647296 0 0.676685 0.456335 
0.419818 0 0.647746 0 0.677801 0.457623 
0.420614 0 0.648174 0 0.678914 0.458878 
0.421403 0 0.648579 0 0.68002 0.460102 
0.422178 0 0.648952 0 0.681118 0.461296 
0.422941 0 0.649292 0 0.682208 0.46246 
0.4237 0 0.64961 0 0.683295 0.463595 
0.424452 0 0.649902 0 0.684377 0.464701 
0.425191 0 0.650161 0 0.685451 0.46578 
0.425918 0 0.650387 0 0.686518 0.466831 
0.426641 0 0.650587 0 0.687582 0.467857 
0.427358 0 0.650762 0 0.688643 0.468857 
0.428062 0 0.6509 0 0.689696 0.469831 
0.428755 0 0.651004 0 0.690743 0.470782 
0.429444 0 0.65108 0 0.691787 0.471709 
0.430127 0 0.651129 0 0.692828 0.472612 
0.430798 0 0.65114 0 0.693861 0.473493 
0.431457 0 0.651113 0 0.694887 0.474352 
0.432112 0 0.651057 0 0.695912 0.475189 
0.432762 0 0.650972 0 0.696933 0.476006 
0.433398 0 0.650845 0 0.697946 0.476802 
0.434024 0 0.65068 0 0.698952 0.477578 
0.434645 0 0.650482 0 0.699955 0.478335 
0.434995 0 0.650349 0 0.700591 0.479072 
0.435137 0 0.650254 0 0.700948 0.479792 
0.43517 0 0.650178 0 0.701136 0.480494 
0.435198 0 0.650135 0 0.701279 0.481178 
0.435275 0 0.650133 0 0.701465 0.481844 
0.435382 0 0.650143 0 0.701681 0.482495 
0.435512 0 0.650155 0 0.701924 0.483129 
0.435668 0 0.650171 0 0.702195 0.483747 
0.435844 0 0.650186 0 0.702491 0.484349 
0.436032 0 0.650188 0 0.702803 0.484937 
0.436231 0 0.650178 0 0.703133 0.48551 
0.436447 0 0.650161 0 0.703483 0.486068 
0.436677 0 0.650137 0 0.703852 0.486613 
0.436915 0 0.650095 0 0.704234 0.487144 
0.437063 0 0.650065 0 0.704484 0.487661 
0.437159 0 0.650062 0 0.704648 0.488166 
0.43723 0 0.650077 0 0.704762 0.488658 
0.437288 0 0.650093 0 0.704849 0.489138 
0.437344 0 0.650109 0 0.704927 0.489606 
0.437409 0 0.650137 0 0.705007 0.490062 
0.437484 0 0.650178 0 0.705089 0.490507 
0.437562 0 0.650225 0 0.70517 0.49094 
0.437645 0 0.650283 0 0.70525 0.491363 
0.437741 0 0.650361 0 0.705335 0.491775 
0.43785 0 0.650459 0 0.705424 0.492177 
0.437964 0 0.650568 0 0.705513 0.492569 
0.438087 0 0.650689 0 0.705604 0.492951 
0.438225 0 0.650833 0 0.705704 0.493323 
0.438379 0 0.651 0 0.705811 0.493687 
0.438542 0 0.651181 0 0.705921 0.494041 
0.438717 0 0.651378 0 0.706037 0.494386 
0.438911 0 0.651602 0 0.706165 0.494723 
0.439124 0 0.651853 0 0.706304 0.495051 
0.43935 0 0.652124 0 0.706451 0.495371 
0.439591 0 0.652416 0 0.706607 0.495683 
0.439857 0 0.65274 0 0.706779 0.495987 
0.440146 0 0.653098 0 0.706967 0.496284 
0.440378 0 0.653458 0 0.7071 0.496573 
0.440581 0 0.653797 0 0.707229 0.496855 
0.440728 0 0.654089 0 0.707306 0.49713 
0.440917 0 0.654411 0 0.70744 0.497398 
0.441131 0 0.654753 0 0.707598 0.497659 
0.441363 0 0.655122 0 0.707768 0.497914 
0.441686 0 0.655541 0 0.708057 0.498162 
0.441995 0 0.656 0 0.708289 0.498404 
0.442296 0 0.656487 0 0.708495 0.498641 
0.442597 0 0.657 0 0.70869 0.498871 
0.442911 0 0.657549 0 0.708885 0.499095 
0.443242 0 0.658131 0 0.709083 0.499314 
0.443581 0 0.658736 0 0.70928 0.499528 
0.44393 0 0.659364 0 0.709479 0.499736 
0.444295 0 0.660023 0 0.709681 0.499939 
0.444674 0 0.66071 0 0.709885 0.500136 
0.445058 0 0.661413 0 0.710086 0.500329 
0.445447 0 0.662129 0 0.710283 0.500517 
0.445847 0 0.662867 0 0.710479 0.500701 
0.446255 0 0.663622 0 0.710674 0.500879 
0.446663 0 0.664382 0 0.710861 0.501054 
0.447072 0 0.665146 0 0.711042 0.501224 
0.447487 0 0.66592 0 0.711221 0.501389 
0.447906 0 0.6667 0 0.711395 0.501551 
0.448496 0 0.667616 0 0.711707 0.501708 
0.449185 0 0.668609 0 0.712116 0.501862 
0.44992 0 0.669656 0 0.712562 0.502011 
0.450832 0 0.670789 0 0.71324 0.502158 
0.45166 0 0.671839 0 0.71383 0.5023 
0.452486 0 0.672877 0 0.714418 0.502439 
0.453483 0 0.67408 0 0.715162 0.502574 
0.454483 0 0.675277 0 0.715908 0.502706 
0.455241 0 0.676348 0 0.716323 0.502834 
0.455998 0 0.677409 0 0.716739 0.502959 
0.456917 0 0.678628 0 0.717308 0.503081 
0.457754 0 0.67974 0 0.717815 0.5032 
0.458539 0 0.680792 0 0.71828 0.503316 
0.459288 0 0.68181 0 0.718713 0.503429 
0.46002 0 0.682812 0 0.719126 0.503539 
0.46074 0 0.683801 0 0.719524 0.503647 
0.461445 0 0.68477 0 0.719911 0.503752 
0.462139 0 0.685721 0 0.72029 0.503854 
0.462829 0 0.686665 0 0.720666 0.503953 
0.463513 0 0.687601 0 0.721036 0.50405 
0.464185 0 0.68852 0 0.721396 0.504145 
0.464845 0 0.689424 0 0.721749 0.504237 
0.465501 0 0.690322 0 0.722098 0.504327 
0.466152 0 0.691213 0 0.722443 0.504414 
0.46679 0 0.692087 0 0.72278 0.504499 
0.467417 0 0.692947 0 0.723112 0.504582 
0.468041 0 0.693802 0 0.723441 0.504663 
0.468659 0 0.694651 0 0.723768 0.504741 
0.469266 0 0.695485 0 0.724089 0.504817 
0.469861 0 0.696306 0 0.724406 0.504892 
0.470454 0 0.697124 0 0.724722 0.504964 
0.471042 0 0.697939 0 0.725037 0.505035 
0.471619 0 0.69874 0 0.725349 0.505103 
0.472185 0 0.699532 0 0.725658 0.50517 
0.472749 0 0.700322 0 0.725969 0.505235 
0.47331 0 0.701112 0 0.726283 0.505298 
0.47386 0 0.701893 0 0.726595 0.505359 
0.474401 0 0.702667 0 0.726908 0.505419 
0.474941 0 0.703444 0 0.727227 0.505476 
0.475478 0 0.704225 0 0.727551 0.505532 
0.476006 0 0.705001 0 0.727878 0.505587 
0.476526 0 0.705774 0 0.72821 0.505639 
0.477047 0 0.706556 0 0.728553 0.50569 
0.477566 0 0.707347 0 0.728905 0.50574 
0.478079 0 0.708138 0 0.729265 0.505787 
0.478585 0 0.708934 0 0.729636 0.505833 
0.479094 0 0.709744 0 0.730023 0.505877 
0.479605 0 0.710569 0 0.730427 0.50592 
0.48011 0 0.711403 0 0.730844 0.505961 
0.480613 0 0.712247 0 0.73128 0.506 
0.48112 0 0.713113 0 0.731739 0.506037 
0.481633 0 0.714002 0 0.732221 0.506073 
0.482145 0 0.714906 0 0.732726 0.506107 
0.482658 0 0.715828 0 0.733258 0.506139 
0.48318 0 0.716779 0 0.733821 0.506169 
0.483713 0 0.71776 0 0.734418 0.506196 
0.48425 0 0.718763 0 0.735047 0.506222 
0.484796 0 0.719789 0 0.735713 0.506245 
0.485358 0 0.72085 0 0.736423 0.506266 
0.485939 0 0.721945 0 0.737178 0.506284 
0.486534 0 0.723066 0 0.737978 0.506299 
0.487148 0 0.724214 0 0.73883 0.506311 
0.48779 0 0.725399 0 0.73974 0.50632 
0.488464 0 0.726618 0 0.740711 0.506325 
0.489166 0 0.727862 0 0.741745 0.506327 
0.489901 0 0.72913 0 0.742848 0.506325 
0.49068 0 0.730431 0 0.744028 0.506319 
0.491506 0 0.731761 0 0.745285 0.506309 
0.492374 0 0.733108 0 0.746621 0.506296 
0.493288 0 0.73447 0 0.748037 0.506279 
0.494255 0 0.735853 0 0.749537 0.506259 
0.495274 0 0.737253 0 0.751117 0.506237 
0.496336 0 0.738658 0 0.752769 0.506212 
0.49744 0 0.740065 0 0.75449 0.506186 
0.498589 0 0.741481 0 0.756275 0.506159 
0.499777 0 0.742902 0 0.758116 0.506131 
0.500993 0 0.744317 0 0.760002 0.506104 
0.502234 0 0.745725 0 0.761926 0.506076 
0.503502 0 0.747134 0 0.763885 0.506049 
0.504791 0 0.748541 0 0.765869 0.506023 
0.506092 0 0.749937 0 0.767871 0.505997 
0.507403 0 0.751322 0 0.769884 0.505973 
0.508726 0 0.752705 0 0.771909 0.50595 
0.510058 0 0.754084 0 0.773939 0.505928 
0.51139 0 0.75545 0 0.775967 0.505907 
0.512721 0 0.756803 0 0.77799 0.505887 
0.514055 0 0.758153 0 0.780009 0.505869 
0.51539 0 0.759499 0 0.782019 0.505851 
0.516716 0 0.76083 0 0.784014 0.505834 
0.518035 0 0.762148 0 0.785993 0.505818 
0.519351 0 0.763462 0 0.787956 0.505803 
0.520661 0 0.764772 0 0.789901 0.505789 
0.521959 0 0.766067 0 0.791823 0.505775 
0.523243 0 0.767348 0 0.79372 0.505762 
0.524521 0 0.768626 0 0.795595 0.505749 
0.52579 0 0.769899 0 0.797444 0.505737 
0.527043 0 0.771159 0 0.799265 0.505725 
0.52828 0 0.772405 0 0.801057 0.505713 
0.529508 0 0.773648 0 0.802823 0.505702 
0.530726 0 0.774888 0 0.80456 0.505691 
0.531926 0 0.776114 0 0.806266 0.505681 
0.53311 0 0.777329 0 0.807941 0.50567 
0.534284 0 0.778542 0 0.809588 0.50566 
0.535447 0 0.779753 0 0.811207 0.505649 
0.536592 0 0.780952 0 0.812793 0.505639 
0.53772 0 0.782141 0 0.814348 0.505629 
0.538838 0 0.783329 0 0.815875 0.505619 
0.539946 0 0.784517 0 0.817375 0.505609 
0.541037 0 0.785695 0 0.818843 0.505599 
0.542111 0 0.786866 0 0.820281 0.505589 
0.543176 0 0.788037 0 0.821694 0.505579 
0.544232 0 0.78921 0 0.82308 0.505569 
0.545271 0 0.790375 0 0.824437 0.505559 
0.546295 0 0.791534 0 0.825766 0.505549 
0.547311 0 0.792697 0 0.827071 0.505538 
0.548319 0 0.793862 0 0.828352 0.505528 
0.549311 0 0.795022 0 0.829606 0.505518 
0.55029 0 0.796178 0 0.830834 0.505508 
0.551262 0 0.797339 0 0.832041 0.505497 
0.552227 0 0.798505 0 0.833225 0.505487 
0.553177 0 0.799668 0 0.834385 0.505477 
0.554116 0 0.800828 0 0.83552 0.505467 
0.555049 0 0.801995 0 0.836637 0.505456 
0.555976 0 0.803169 0 0.837732 0.505446 
0.55689 0 0.804341 0 0.838805 0.505436 
0.557793 0 0.805512 0 0.839855 0.505425 
0.558323 0 0.806341 0 0.84048 0.505415 
0.558616 0 0.806851 0 0.840883 0.505404 
0.558772 0 0.807191 0 0.841157 0.505394 
0.558849 0 0.807477 0 0.841362 0.505384 
0.558936 0 0.80777 0 0.841573 0.505374 
0.559031 0 0.808068 0 0.84179 0.505364 
0.559127 0 0.808364 0 0.842011 0.505354 
0.559226 0 0.808657 0 0.842235 0.505344 
0.559334 0 0.808959 0 0.842469 0.505334 
0.559451 0 0.809268 0 0.84271 0.505323 
0.559567 0 0.809562 0 0.842916 0.505313 
0.559615 0 0.809847 0 0.842992 0.505303 
0.559617 0 0.810105 0 0.842983 0.505292 
0.559587 0 0.810332 0 0.842925 0.505282 
0.559515 0 0.810514 0 0.842826 0.505271 
0.559413 0 0.810653 0 0.842705 0.50526 
0.559296 0 0.810763 0 0.842571 0.505249 
0.559176 0 0.810874 0 0.8424 0.505238 
0.55904 0 0.810976 0 0.84219 0.505227 
0.558888 0 0.811065 0 0.841947 0.505215 
0.558725 0 0.811144 0 0.841677 0.505204 
0.558548 0 0.811207 0 0.84138 0.505192 
0.55835 0 0.811242 0 0.841051 0.50518 
0.558131 0 0.811248 0 0.84069 0.505167 
0.557897 0 0.811234 0 0.840302 0.505154 
0.557649 0 0.811199 0 0.839886 0.505141 
0.557378 0 0.811133 0 0.839438 0.505127 
0.557087 0 0.811037 0 0.838961 0.505113 
0.556782 0 0.810919 0 0.838457 0.505099 
0.556462 0 0.810777 0 0.837927 0.505084 
0.55612 0 0.810602 0 0.837366 0.505069 
0.555979 0 0.810455 0 0.837152 0.505053 
0.556084 0 0.810661 0 0.837381 0.505036 
0.556209 0 0.810937 0 0.837559 0.505019 
0.556315 0 0.811172 0 0.837679 0.505001 
0.556407 0 0.811385 0 0.837776 0.504983 
0.556487 0 0.811589 0 0.837867 0.504964 
0.556559 0 0.811784 0 0.837956 0.504944 
0.556619 0 0.811972 0 0.838008 0.504924 
0.556663 0 0.81215 0 0.838022 0.504902 
0.556695 0 0.812323 0 0.838006 0.50488 
0.556714 0 0.812484 0 0.837965 0.504858 
0.556712 0 0.81262 0 0.837895 0.504834 
0.556689 0 0.812731 0 0.837799 0.50481 
0.556653 0 0.812825 0 0.837679 0.504784 
0.556639 0 0.812902 0 0.837647 0.504758 
0.556638 0 0.812985 0 0.837644 0.504731 
0.556639 0 0.81306 0 0.837642 0.504702 
0.556641 0 0.813131 0 0.837637 0.504673 
0.556643 0 0.8132 0 0.83763 0.504643 
0.556639 0 0.813261 0 0.837619 0.504611 
0.556631 0 0.813315 0 0.837604 0.504579 
0.556626 0 0.813372 0 0.83759 0.504545 
0.556622 0 0.813429 0 0.837575 0.504509 
0.556613 0 0.813477 0 0.837554 0.504473 
0.5566 0 0.813518 0 0.837531 0.504435 
0.556589 0 0.813561 0 0.837508 0.504395 
0.55658 0 0.813604 0 0.837486 0.504354 
0.556565 0 0.813639 0 0.837459 0.504312 
0.556547 0 0.813667 0 0.837429 0.504267 
0.556531 0 0.813697 0 0.8374 0.504221 
0.556516 0 0.813727 0 0.837371 0.504173 
0.556496 0 0.81375 0 0.837337 0.504123 
0.556472 0 0.813766 0 0.837299 0.504071 
0.55645 0 0.813784 0 0.837263 0.504017 
0.55643 0 0.813803 0 0.837226 0.503961 
0.556405 0 0.813814 0 0.837185 0.503902 
0.556375 0 0.813818 0 0.83714 0.503841 
0.556347 0 0.813824 0 0.837097 0.503777 
0.556321 0 0.813832 0 0.837053 0.503711 
0.55629 0 0.813831 0 0.837004 0.503642 
0.556254 0 0.813824 0 0.836952 0.50357 
0.55622 0 0.813819 0 0.836901 0.503494 
0.556188 0 0.813816 0 0.836849 0.503416 
0.556151 0 0.813804 0 0.836792 0.503334 
0.556109 0 0.813786 0 0.836732 0.503249 
0.556069 0 0.81377 0 0.836673 0.503159 
0.556031 0 0.813755 0 0.836613 0.503066 
0.555987 0 0.813733 0 0.836548 0.502969 
0.555938 0 0.813704 0 0.836479 0.502867 
0.555892 0 0.813677 0 0.836411 0.502761 
0.555847 0 0.813651 0 0.836342 0.50265 
0.555796 0 0.813617 0 0.836268 0.502534 
0.55574 0 0.813576 0 0.83619 0.502413 
0.555687 0 0.813538 0 0.836112 0.502286 
0.555635 0 0.8135 0 0.836033 0.502153 
0.555577 0 0.813455 0 0.835949 0.502014 
0.555513 0 0.813402 0 0.83586 0.501869 
0.555452 0 0.813352 0 0.835771 0.501716 
0.555392 0 0.813302 0 0.83568 0.501556 
0.555325 0 0.813244 0 0.835584 0.501389 
0.555254 0 0.813179 0 0.835483 0.501213 
0.555184 0 0.813116 0 0.835381 0.501029 
0.555115 0 0.813052 0 0.835277 0.500836 
0.555039 0 0.812981 0 0.835167 0.500633 
0.554958 0 0.812902 0 0.835051 0.500419 
0.554878 0 0.812824 0 0.834934 0.500195 
0.554799 0 0.812746 0 0.834814 0.499959 
0.554712 0 0.812659 0 0.834687 0.499711 
0.55462 0 0.812563 0 0.834553 0.49945 
0.554529 0 0.812469 0 0.834418 0.499175 
0.554437 0 0.812373 0 0.834279 0.498885 
0.554338 0 0.812268 0 0.834131 0.498579 
0.554232 0 0.812154 0 0.833976 0.498256 
0.554127 0 0.812039 0 0.833817 0.497915 
0.554021 0 0.811923 0 0.833654 0.497554 
0.553906 0 0.811796 0 0.83348 0.497171 
0.553784 0 0.811659 0 0.833298 0.496766 
0.553662 0 0.81152 0 0.83311 0.496336 
0.553537 0 0.811378 0 0.832915 0.49588 
0.553403 0 0.811223 0 0.832708 0.495394 
0.553261 0 0.811056 0 0.83249 0.494877 
0.553117 0 0.810886 0 0.832264 0.494325 
0.552969 0 0.81071 0 0.832028 0.493736 
0.552811 0 0.810519 0 0.831776 0.493105 
0.552642 0 0.810313 0 0.83151 0.492429 
0.55247 0 0.810101 0 0.831232 0.491703 
0.552293 0 0.80988 0 0.83094 0.490922 
0.552103 0 0.80964 0 0.830628 0.490079 
0.551901 0 0.809381 0 0.830296 0.489168 
0.551693 0 0.809111 0 0.829947 0.488181 
0.551478 0 0.808827 0 0.829577 0.48711 
0.551248 0 0.808519 0 0.829181 0.485944 
0.551004 0 0.808185 0 0.828756 0.484672 
0.550752 0 0.807834 0 0.828307 0.483281 
0.550491 0 0.80746 0 0.827828 0.481756 
0.550213 0 0.807055 0 0.827312 0.480083 
0.54992 0 0.806614 0 0.826758 0.478241 
0.549619 0 0.806146 0 0.826168 0.476214 
0.549308 0 0.805645 0 0.825536 0.473978 
0.548981 0 0.8051 0 0.824855 0.471512 
0.548639 0 0.804508 0 0.824122 0.468792 
0.548292 0 0.803875 0 0.823339 0.465796 
0.547937 0 0.803195 0 0.822501 0.462501 
0.547571 0 0.802458 0 0.8216 0.458886 
0.547195 0 0.80166 0 0.820633 0.454932 
0.546818 0 0.800807 0 0.819602 0.450626 
0.546441 0 0.799895 0 0.818504 0.445957 
0.546057 0 0.798913 0 0.817333 0.440921 
0.545671 0 0.797859 0 0.816086 0.43552 
0.545289 0 0.796742 0 0.81477 0.429763 
0.544912 0 0.79556 0 0.813382 0.423662 
0.544534 0 0.794304 0 0.81192 0.417238 
0.544157 0 0.792978 0 0.810386 0.410514 
0.543788 0 0.791591 0 0.808789 0.403521 
0.543427 0 0.790145 0 0.80713 0.396288 
0.543067 0 0.788637 0 0.805408 0.388849 
0.542709 0 0.78707 0 0.803631 0.38124 
0.542359 0 0.785458 0 0.801809 0.373494 
0.542016 0 0.783804 0 0.799944 0.365648 
0.541672 0 0.782107 0 0.798039 0.357733 
0.541328 0 0.780372 0 0.796101 0.349783 
0.540989 0 0.778613 0 0.79414 0.34183 
0.540652 0 0.776834 0 0.79216 0.333901 
0.54031 0 0.775033 0 0.790162 0.326025 
0.539961 0 0.773214 0 0.788152 0.318227 
0.53961 0 0.771391 0 0.786139 0.310532 
0.539255 0 0.769566 0 0.784125 0.302963 
0.538884 0 0.767736 0 0.782111 0.29554 
0.538497 0 0.765904 0 0.780098 0.288283 
0.538097 0 0.764082 0 0.778096 0.281213 
0.53768 0 0.76227 0 0.776104 0.274347 
0.537235 0 0.760464 0 0.774121 0.267704 
0.536759 0 0.758666 0 0.772149 0.2613 
0.536255 0 0.756886 0 0.770194 0.255153 
0.535719 0 0.755126 0 0.768258 0.249281 
0.535142 0 0.753381 0 0.766339 0.2437 
0.534521 0 0.751657 0 0.764443 0.238429 
0.533863 0 0.749967 0 0.76258 0.233483 
0.533168 0 0.748317 0 0.760757 0.22888 
0.532431 0 0.746708 0 0.75898 0.224636 
0.531656 0 0.74515 0 0.757259 0.220764 
0.530857 0 0.743663 0 0.755612 0.217279 
0.530037 0 0.742256 0 0.754051 0.214191 
0.529197 0 0.740932 0 0.752584 0.211509 
0.528344 0 0.739699 0 0.751221 0.209239 
0.527491 0 0.738574 0 0.749976 0.207386 
0.526653 0 0.73757 0 0.74886 0.205951 
0.525904 0 0.736728 0 0.74789 0.204932 
0.525213 0 0.736048 0 0.747087 0.204328 
0.524564 0 0.735514 0 0.746436 0.204134 
0.523941 0 0.735105 0 0.745918 0.204343 
0.523329 0 0.734801 0 0.745517 0.204948 
0.522725 0 0.734594 0 0.745229 0.205941 
0.522134 0 0.734489 0 0.745054 0.207312 
0.521554 0 0.734479 0 0.744986 0.209049 
0.520978 0 0.734554 0 0.745017 0.21114 
0.520407 0 0.734707 0 0.745141 0.21357 
0.519848 0 0.734943 0 0.745361 0.216324 
0.5193 0 0.735255 0 0.745666 0.219385 
0.518757 0 0.735629 0 0.746049 0.222733 
0.518218 0 0.73606 0 0.746503 0.226348 
0.517693 0 0.736549 0 0.747024 0.230207 
0.517178 0 0.737087 0 0.747605 0.234287 
0.516668 0 0.73766 0 0.748232 0.238563 
0.516163 0 0.738259 0 0.748899 0.24301 
0.515671 0 0.738887 0 0.749602 0.247604 
0.51519 0 0.739533 0 0.750331 0.252318 
0.514714 0 0.740184 0 0.751075 0.257129 
0.514243 0 0.740833 0 0.751826 0.262013 
0.513785 0 0.741481 0 0.752583 0.266949 
0.513338 0 0.742122 0 0.753337 0.271917 
0.512895 0 0.742742 0 0.754078 0.276898 
0.512458 0 0.743338 0 0.754801 0.281875 
0.512033 0 0.743914 0 0.755507 0.286834 
0.51162 0 0.744464 0 0.756189 0.291762 
0.51121 0 0.744979 0 0.756842 0.296647 
0.510806 0 0.745456 0 0.757461 0.30148 
0.510414 0 0.745903 0 0.75805 0.306252 
0.510033 0 0.746316 0 0.758605 0.310958 
0.509656 0 0.746687 0 0.759121 0.315591 
0.509285 0 0.747017 0 0.759598 0.320147 
0.508925 0 0.747313 0 0.76004 0.324622 
0.508576 0 0.747574 0 0.760445 0.329014 
0.508231 0 0.747793 0 0.76081 0.333321 
0.50789 0 0.747972 0 0.761137 0.337541 
0.507562 0 0.74812 0 0.761428 0.341674 
0.507244 0 0.748237 0 0.761685 0.345719 
0.506929 0 0.748315 0 0.761905 0.349676 
0.506619 0 0.748357 0 0.76209 0.353547 
0.506321 0 0.748374 0 0.762245 0.35733 
0.506032 0 0.748364 0 0.762369 0.361027 
0.505747 0 0.748322 0 0.762462 0.36464 
0.505466 0 0.74825 0 0.762525 0.368168 
0.505197 0 0.748158 0 0.762565 0.371614 
0.504937 0 0.748047 0 0.762579 0.374979 
0.50468 0 0.747909 0 0.762569 0.378263 
0.504428 0 0.747746 0 0.762534 0.381469 
0.504186 0 0.74757 0 0.762482 0.384599 
0.503954 0 0.74738 0 0.762412 0.387652 
0.503725 0 0.74717 0 0.762322 0.390632 
0.5035 0 0.746941 0 0.762215 0.393539 
0.503285 0 0.746704 0 0.762096 0.396376 
0.50308 0 0.746458 0 0.761964 0.399143 
0.502877 0 0.746197 0 0.761819 0.401842 
0.502679 0 0.745922 0 0.761661 0.404475 
0.50249 0 0.745644 0 0.761497 0.407043 
0.502311 0 0.745361 0 0.761325 0.409548 
0.502135 0 0.745068 0 0.761145 0.411991 
0.501962 0 0.744764 0 0.760957 0.414374 
0.5018 0 0.744461 0 0.760767 0.416697 
0.501646 0 0.744158 0 0.760574 0.418963 
0.501495 0 0.743847 0 0.760376 0.421172 
0.501347 0 0.743529 0 0.760175 0.423327 
0.50121 0 0.743215 0 0.759975 0.425428 
0.501082 0 0.742903 0 0.759775 0.427476 
0.500956 0 0.742586 0 0.759573 0.429473 
0.500833 0 0.742264 0 0.759372 0.431419 
0.50072 0 0.741949 0 0.759175 0.433317 
0.500616 0 0.741637 0 0.75898 0.435168 
0.500514 0 0.741323 0 0.758787 0.436971 
0.500416 0 0.741006 0 0.758596 0.438729 
0.500327 0 0.740696 0 0.758411 0.440442 
0.500247 0 0.740392 0 0.758231 0.442112 
0.50017 0 0.740087 0 0.758054 0.443739 
0.500095 0 0.73978 0 0.757882 0.445324 
0.500031 0 0.739482 0 0.757718 0.446869 
0.499976 0 0.73919 0 0.75756 0.448373 
0.499924 0 0.738898 0 0.757408 0.449838 
0.499875 0 0.738606 0 0.757261 0.451265 
0.499838 0 0.738324 0 0.757125 0.452654 
0.49981 0 0.73805 0 0.756998 0.454006 
0.499786 0 0.737776 0 0.756879 0.455322 
0.499767 0 0.737503 0 0.756768 0.456602 
0.499762 0 0.737241 0 0.756671 0.457847 
0.499768 0 0.736988 0 0.756586 0.459057 
0.499781 0 0.736738 0 0.756513 0.460234 
0.499803 0 0.736489 0 0.756453 0.461377 
0.499842 0 0.736254 0 0.756412 0.462487 
0.499898 0 0.73603 0 0.75639 0.463565 
0.499967 0 0.73581 0 0.756386 0.464611 
0.500051 0 0.735596 0 0.756404 0.465626 
0.50016 0 0.735397 0 0.756451 0.466611 
0.500295 0 0.735214 0 0.756529 0.467567 
0.500455 0 0.73504 0 0.756638 0.468495 
0.500643 0 0.734876 0 0.756786 0.469396 
0.500871 0 0.734735 0 0.75698 0.470272 
0.501144 0 0.734617 0 0.757225 0.471123 
0.501459 0 0.734515 0 0.757526 0.471953 
0.501823 0 0.734434 0 0.757889 0.472764 
0.502249 0 0.734385 0 0.758323 0.473556 
0.502739 0 0.73437 0 0.758831 0.474333 
0.503287 0 0.734383 0 0.759412 0.475095 
0.503893 0 0.734424 0 0.760065 0.475845 
0.504562 0 0.734503 0 0.760789 0.476583 
0.505285 0 0.734617 0 0.761573 0.477309 
0.506046 0 0.734755 0 0.762405 0.478023 
0.506839 0 0.734913 0 0.763276 0.478726 
0.50766 0 0.735095 0 0.764177 0.479417 
0.508501 0 0.735297 0 0.765099 0.480095 
0.509347 0 0.735504 0 0.76603 0.480761 
0.510195 0 0.735714 0 0.766968 0.481414 
0.511046 0 0.735934 0 0.767909 0.482054 
0.511897 0 0.73616 0 0.76885 0.482681 
0.512737 0 0.736382 0 0.769785 0.483294 
0.513568 0 0.736598 0 0.770713 0.483894 
0.514394 0 0.736818 0 0.771637 0.484481 
0.515213 0 0.737038 0 0.772554 0.485054 
0.516018 0 0.737251 0 0.773461 0.485615 
0.51681 0 0.737455 0 0.774358 0.486163 
0.517596 0 0.73766 0 0.775249 0.486697 
0.518374 0 0.737865 0 0.776132 0.48722 
0.519137 0 0.73806 0 0.777004 0.48773 
0.519887 0 0.738246 0 0.777866 0.488228 
0.520631 0 0.738432 0 0.778722 0.488714 
0.521367 0 0.738617 0 0.77957 0.489188 
0.52209 0 0.738791 0 0.780407 0.489651 
0.522799 0 0.738955 0 0.781236 0.490103 
0.523503 0 0.739119 0 0.782059 0.490544 
0.524201 0 0.739282 0 0.782875 0.490974 
0.524733 0 0.739325 0 0.783522 0.491394 
0.525171 0 0.739135 0 0.784181 0.491803 
0.525436 0 0.739038 0 0.784528 0.492202 
0.525597 0 0.738886 0 0.784773 0.492592 
0.525675 0 0.738675 0 0.784953 0.492972 
0.525692 0 0.738413 0 0.785089 0.493343 
0.525665 0 0.738115 0 0.785195 0.493704 
0.525599 0 0.737785 0 0.785274 0.494057 
0.525492 0 0.737416 0 0.785324 0.494401 
0.525346 0 0.73701 0 0.785349 0.494737 
0.52517 0 0.736578 0 0.785349 0.495064 
0.524966 0 0.736121 0 0.785325 0.495383 
0.52486 0 0.735348 0 0.78567 0.495694 
0.524881 0 0.734511 0 0.786242 0.495998 
0.524912 0 0.733685 0 0.786821 0.496294 
0.52495 0 0.732869 0 0.787405 0.496583 
0.52499 0 0.732053 0 0.787992 0.496864 
0.525032 0 0.731239 0 0.788582 0.497139 
0.525083 0 0.730434 0 0.789178 0.497406 
0.525278 0 0.730205 0 0.789537 0.497667 
0.525534 0 0.730183 0 0.789825 0.497922 
0.525811 0 0.730229 0 0.79009 0.49817 
0.526102 0 0.730303 0 0.790354 0.498412 
0.526403 0 0.730394 0 0.790623 0.498647 
0.52667 0 0.730458 0 0.790868 0.498877 
0.526986 0 0.730543 0 0.791168 0.499102 
0.527278 0 0.730612 0 0.791455 0.49932 
0.527581 0 0.730719 0 0.791727 0.499534 
0.527885 0 0.730834 0 0.791996 0.499742 
0.52819 0 0.730953 0 0.792266 0.499944 
0.528504 0 0.731083 0 0.792541 0.500142 
0.528823 0 0.731223 0 0.79282 0.500335 
0.529143 0 0.731365 0 0.793099 0.500523 
0.529462 0 0.731508 0 0.793378 0.500706 
0.529788 0 0.731662 0 0.793661 0.500884 
0.530119 0 0.731826 0 0.793946 0.501058 
0.530447 0 0.731988 0 0.79423 0.501228 
0.530775 0 0.73215 0 0.794514 0.501394 
0.531109 0 0.732322 0 0.794802 0.501555 
0.531448 0 0.732501 0 0.795092 0.501713 
0.531785 0 0.732679 0 0.795383 0.501866 
0.532122 0 0.732857 0 0.795674 0.502016 
0.532466 0 0.733044 0 0.79597 0.502162 
0.532815 0 0.733239 0 0.79627 0.502304 
0.533163 0 0.733432 0 0.796569 0.502443 
0.53351 0 0.733624 0 0.796871 0.502578 
0.533864 0 0.733823 0 0.797177 0.502709 
0.534222 0 0.734028 0 0.797487 0.502838 
0.534579 0 0.734231 0 0.797798 0.502963 
0.534934 0 0.73443 0 0.798111 0.503086 
0.535296 0 0.734635 0 0.798429 0.503205 
0.535662 0 0.734844 0 0.798751 0.503321 
0.536026 0 0.735049 0 0.799075 0.503434 
0.536388 0 0.735248 0 0.799402 0.503544 
0.536756 0 0.735451 0 0.799734 0.503652 
0.537128 0 0.735657 0 0.80007 0.503757 
0.537496 0 0.735856 0 0.800409 0.50386 
0.537862 0 0.736048 0 0.80075 0.503959 
0.538234 0 0.736242 0 0.801098 0.504056 
0.538608 0 0.736436 0 0.80145 0.504152 
0.538979 0 0.736622 0 0.801805 0.504244 
0.539347 0 0.736799 0 0.802163 0.504334 
0.53972 0 0.736976 0 0.802528 0.504422 
0.540096 0 0.737152 0 0.802898 0.504508 
0.540467 0 0.737317 0 0.803271 0.504591 
0.540836 0 0.737472 0 0.803647 0.504673 
0.541208 0 0.737626 0 0.804031 0.504752 
0.541583 0 0.737777 0 0.80442 0.50483 
0.541954 0 0.737916 0 0.804812 0.504905 
0.542322 0 0.738043 0 0.805208 0.504979 
0.542693 0 0.738168 0 0.805612 0.505051 
0.543067 0 0.738288 0 0.806022 0.505121 
0.543436 0 0.738395 0 0.806435 0.505189 
0.543802 0 0.738488 0 0.806852 0.505256 
0.544171 0 0.738578 0 0.807277 0.505321 
0.544543 0 0.738662 0 0.807709 0.505384 
0.54491 0 0.738731 0 0.808144 0.505446 
0.545274 0 0.738786 0 0.808584 0.505506 
0.545641 0 0.738835 0 0.809031 0.505564 
0.54601 0 0.738878 0 0.809486 0.505621 
0.546375 0 0.738905 0 0.809944 0.505677 
0.546736 0 0.738915 0 0.810407 0.505732 
0.5471 0 0.738919 0 0.810878 0.505785 
0.547467 0 0.738916 0 0.811356 0.505836 
0.547829 0 0.738894 0 0.811837 0.505887 
0.548187 0 0.738856 0 0.812324 0.505936 
0.548549 0 0.73881 0 0.812819 0.505984 
0.548912 0 0.738754 0 0.81332 0.50603 
0.549271 0 0.73868 0 0.813825 0.506076 
0.549626 0 0.738587 0 0.814336 0.50612 
0.549985 0 0.738485 0 0.814854 0.506164 
0.550346 0 0.738372 0 0.815379 0.506206 
0.550701 0 0.738238 0 0.815908 0.506247 
0.551053 0 0.738085 0 0.816441 0.506287 
0.551408 0 0.737921 0 0.816983 0.506326 
0.551765 0 0.737745 0 0.817531 0.506364 
0.552117 0 0.737547 0 0.818082 0.506401 
0.552465 0 0.737327 0 0.818638 0.506438 
0.552816 0 0.737094 0 0.819201 0.506473 
0.553169 0 0.736848 0 0.81977 0.506507 
0.553516 0 0.736579 0 0.820342 0.506541 
0.553859 0 0.736286 0 0.820918 0.506574 
0.554205 0 0.735978 0 0.821502 0.506606 
0.554552 0 0.735656 0 0.82209 0.506637 
0.554894 0 0.735307 0 0.822681 0.506667 
0.555231 0 0.734934 0 0.823275 0.506697 
0.555571 0 0.734544 0 0.823875 0.506726 
0.555912 0 0.734137 0 0.82448 0.506754 
0.556246 0 0.733702 0 0.825086 0.506781 
0.556576 0 0.733241 0 0.825694 0.506808 
0.556674 0 0.732943 0 0.826046 0.506833 
0.556647 0 0.732724 0 0.826256 0.506858 
0.556571 0 0.732537 0 0.826371 0.506883 
0.556536 0 0.732364 0 0.826524 0.506907 
0.556539 0 0.732206 0 0.826708 0.506931 
0.556572 0 0.732056 0 0.826917 0.506954 
0.556623 0 0.731898 0 0.827143 0.506976 
0.556691 0 0.731731 0 0.827388 0.506998 
0.556782 0 0.731562 0 0.827652 0.507019 
0.556893 0 0.731389 0 0.827935 0.50704 
0.557016 0 0.731201 0 0.828231 0.50706 
0.557151 0 0.731 0 0.828543 0.50708 
0.557305 0 0.730792 0 0.828872 0.507099 
0.557478 0 0.730578 0 0.829218 0.507118 
0.55766 0 0.730347 0 0.829575 0.507137 
0.557854 0 0.7301 0 0.829946 0.507154 
0.558066 0 0.729846 0 0.830333 0.507172 
0.558212 0 0.729707 0 0.830578 0.507189 
0.5583 0 0.729639 0 0.830722 0.507205 
0.558358 0 0.729612 0 0.830802 0.507222 
0.55841 0 0.729614 0 0.830851 0.507237 
0.558466 0 0.729631 0 0.830885 0.507253 
0.558523 0 0.729651 0 0.830911 0.507268 
0.558584 0 0.729675 0 0.830933 0.507282 
0.558656 0 0.729715 0 0.830954 0.507296 
0.558737 0 0.729773 0 0.830973 0.50731 
0.558821 0 0.729841 0 0.830985 0.507324 
0.558909 0 0.72992 0 0.830992 0.507337 
0.55901 0 0.730019 0 0.830997 0.50735 
0.559072 0 0.730109 0 0.831002 0.507363 
0.559101 0 0.730165 0 0.831012 0.507375 
0.559128 0 0.730225 0 0.831026 0.507387 
0.559165 0 0.730277 0 0.831055 0.507398 
0.559212 0 0.730318 0 0.831098 0.507409 
0.559263 0 0.730343 0 0.831147 0.507421 
0.559318 0 0.730356 0 0.831203 0.507431 
0.559382 0 0.730367 0 0.83127 0.507442 
0.559454 0 0.730375 0 0.831347 0.507452 
0.559508 0 0.730391 0 0.831414 0.507462 
0.559552 0 0.730421 0 0.831467 0.507472 
0.559602 0 0.730469 0 0.831515 0.507481 
0.559659 0 0.73053 0 0.831564 0.507491 
0.559717 0 0.730592 0 0.83161 0.5075 
0.559775 0 0.730657 0 0.831658 0.507508 
0.559842 0 0.730734 0 0.83171 0.507517 
0.559914 0 0.730821 0 0.831766 0.507525 
0.559986 0 0.730911 0 0.831821 0.507533 
0.560059 0 0.731005 0 0.831876 0.507541 
0.56014 0 0.731113 0 0.831936 0.507549 
0.560229 0 0.731236 0 0.831998 0.507557 
0.560319 0 0.731363 0 0.832059 0.507564 
0.56041 0 0.731497 0 0.832121 0.507571 
0.560512 0 0.731648 0 0.832187 0.507578 
0.560622 0 0.731814 0 0.832256 0.507585 
0.560734 0 0.731988 0 0.832325 0.507592 
0.560849 0 0.73217 0 0.832395 0.507598 
0.560976 0 0.732371 0 0.832469 0.507605 
0.561112 0 0.73259 0 0.832548 0.507611 
0.561252 0 0.732819 0 0.832627 0.507617 
0.561397 0 0.733059 0 0.832707 0.507623 
0.561555 0 0.73332 0 0.832793 0.507628 
0.561725 0 0.733602 0 0.832883 0.507634 
0.5619 0 0.733897 0 0.832973 0.507639 
0.562082 0 0.734206 0 0.833066 0.507645 
0.562279 0 0.734539 0 0.833164 0.50765 
0.562489 0 0.734896 0 0.833267 0.507655 
0.562707 0 0.735268 0 0.833371 0.50766 
0.562933 0 0.735657 0 0.833477 0.507664 
0.563176 0 0.736073 0 0.833588 0.507669 
0.563434 0 0.736515 0 0.833704 0.507674 
0.563701 0 0.736974 0 0.833821 0.507678 
0.563978 0 0.73745 0 0.833939 0.507682 
0.564272 0 0.737955 0 0.834063 0.507687 
0.564583 0 0.738485 0 0.834191 0.507691 
0.564903 0 0.739032 0 0.834318 0.507695 
0.565232 0 0.739596 0 0.834446 0.507699 
0.565578 0 0.740185 0 0.834578 0.507702 
0.565939 0 0.740797 0 0.834711 0.507706 
0.566308 0 0.741422 0 0.834843 0.50771 
0.566684 0 0.742058 0 0.834974 0.507713 
0.567075 0 0.742714 0 0.835107 0.507717 
0.567477 0 0.743387 0 0.83524 0.50772 
0.567884 0 0.744066 0 0.835369 0.507723 
0.568294 0 0.744749 0 0.835495 0.507726 
0.568714 0 0.745444 0 0.835621 0.507729 
0.569143 0 0.746148 0 0.835745 0.507733 
0.569571 0 0.74685 0 0.835864 0.507736 
0.569998 0 0.747548 0 0.835979 0.507738 
0.570432 0 0.748251 0 0.836092 0.507741 
0.570869 0 0.748956 0 0.836202 0.507744 
0.571302 0 0.749652 0 0.836307 0.507747 
0.571846 0 0.750484 0 0.836449 0.507749 
0.572474 0 0.751364 0 0.836663 0.507752 
0.573147 0 0.752268 0 0.836917 0.507754 
0.573831 0 0.753174 0 0.837178 0.507757 
0.574693 0 0.754176 0 0.837608 0.507759 
0.575369 0 0.755146 0 0.837789 0.507761 
0.576219 0 0.756186 0 0.838153 0.507763 
0.577068 0 0.757215 0 0.838517 0.507766 
0.577918 0 0.758235 0 0.83888 0.507768 
0.578595 0 0.759211 0 0.839033 0.50777 
0.579422 0 0.760246 0 0.839341 0.507772 
0.580182 0 0.761165 0 0.839644 0.507774 
0.580896 0 0.762031 0 0.839921 0.507776 
0.581583 0 0.76288 0 0.840169 0.507778 
0.58225 0 0.763721 0 0.840393 0.507779 
0.5829 0 0.764544 0 0.840603 0.507781 
0.583539 0 0.765353 0 0.840806 0.507783 
0.584177 0 0.766156 0 0.841008 0.507784 
0.584811 0 0.766954 0 0.841207 0.507786 
0.585435 0 0.767739 0 0.8414 0.507787 
0.586049 0 0.768511 0 0.841588 0.507789 
0.58666 0 0.769279 0 0.841772 0.50779 
0.587268 0 0.770044 0 0.841952 0.507792 
0.587866 0 0.770796 0 0.842127 0.507793 
0.588455 0 0.771536 0 0.842297 0.507794 
0.589042 0 0.772273 0 0.842467 0.507796 
0.589627 0 0.773007 0 0.842633 0.507797 
0.590202 0 0.773729 0 0.842795 0.507798 
0.590768 0 0.77444 0 0.842954 0.507799 
0.591333 0 0.775149 0 0.843112 0.5078 
0.591896 0 0.775856 0 0.843266 0.507801 
0.59245 0 0.776552 0 0.843417 0.507803 
0.592996 0 0.777238 0 0.843566 0.507804 
0.593541 0 0.777923 0 0.843713 0.507805 
0.594085 0 0.778607 0 0.843859 0.507806 
0.59462 0 0.779282 0 0.844001 0.507806 
0.595148 0 0.779947 0 0.844141 0.507807 
0.595676 0 0.780613 0 0.844281 0.507808 
0.596204 0 0.78128 0 0.844419 0.507809 
0.596723 0 0.781937 0 0.844555 0.50781 
0.597236 0 0.782587 0 0.844689 0.50781 
0.59775 0 0.783239 0 0.844823 0.507811 
0.598265 0 0.783893 0 0.844957 0.507811 
0.598772 0 0.78454 0 0.845089 0.507812 
0.599273 0 0.78518 0 0.845219 0.507812 
0.599777 0 0.785824 0 0.845351 0.507813 
0.600281 0 0.786471 0 0.845483 0.507813 
0.600779 0 0.787113 0 0.845613 0.507814 
0.601272 0 0.78775 0 0.845743 0.507814 
0.601769 0 0.788393 0 0.845876 0.507814 
0.602267 0 0.789041 0 0.846009 0.507814 
0.60276 0 0.789685 0 0.846142 0.507815 
0.603249 0 0.790327 0 0.846276 0.507815 
0.603742 0 0.790976 0 0.846413 0.507815 
0.604237 0 0.791632 0 0.846552 0.507815 
0.604729 0 0.792287 0 0.846692 0.507815 
0.605218 0 0.792942 0 0.846835 0.507815 
0.605712 0 0.793606 0 0.846982 0.507815 
0.60621 0 0.794281 0 0.847133 0.507815 
0.606705 0 0.794956 0 0.847287 0.507814 
0.607199 0 0.795634 0 0.847445 0.507814 
0.607699 0 0.796324 0 0.84761 0.507814 
0.608204 0 0.797026 0 0.84778 0.507813 
0.608708 0 0.797733 0 0.847955 0.507813 
0.609212 0 0.798445 0 0.848137 0.507813 
0.609651 0 0.79917 0 0.848236 0.507812 
0.610021 0 0.799878 0 0.848276 0.507811 
0.6103 0 0.800526 0 0.848269 0.507811 
0.610519 0 0.801125 0 0.84825 0.50781 
0.610709 0 0.801703 0 0.848229 0.507809 
0.610879 0 0.802273 0 0.848212 0.507808 
0.611029 0 0.802826 0 0.848203 0.507807 
0.611161 0 0.803364 0 0.848206 0.507806 
0.611283 0 0.803892 0 0.848227 0.507805 
0.611392 0 0.804409 0 0.848266 0.507804 
0.611484 0 0.804905 0 0.848324 0.507803 
0.611558 0 0.805381 0 0.848402 0.507801 
0.611624 0 0.805848 0 0.848502 0.5078 
0.61172 0 0.806502 0 0.848487 0.507798 
0.611819 0 0.807283 0 0.848379 0.507796 
0.611919 0 0.80814 0 0.848221 0.507795 
0.611994 0 0.809011 0 0.848041 0.507793 
0.612199 0 0.809772 0 0.848155 0.507791 
0.612455 0 0.810328 0 0.848539 0.507789 
0.612744 0 0.810811 0 0.849048 0.507787 
0.613072 0 0.811279 0 0.849636 0.507784 
0.613442 0 0.811754 0 0.850284 0.507782 
0.613849 0 0.81223 0 0.850991 0.50778 
0.6143 0 0.812711 0 0.851761 0.507778 
0.614808 0 0.813209 0 0.852596 0.507775 
0.615374 0 0.813723 0 0.853498 0.507773 
0.615994 0 0.814241 0 0.854469 0.50777 
0.616591 0 0.814703 0 0.855469 0.507768 
0.617186 0 0.815141 0 0.856483 0.507765 
0.617788 0 0.815567 0 0.857512 0.507763 
0.6184 0 0.815977 0 0.858561 0.507761 
0.619028 0 0.81637 0 0.859638 0.507759 
0.619682 0 0.816756 0 0.860745 0.507757 
0.620361 0 0.817132 0 0.861882 0.507756 
0.621057 0 0.817489 0 0.863045 0.507754 
0.621768 0 0.817826 0 0.864233 0.507753 
0.622502 0 0.818154 0 0.865441 0.507752 
0.623254 0 0.818473 0 0.866666 0.507751 
0.624018 0 0.818773 0 0.867905 0.50775 
0.624793 0 0.819055 0 0.869157 0.50775 
0.625585 0 0.819332 0 0.870421 0.50775 
0.626392 0 0.819601 0 0.871694 0.50775 
0.627206 0 0.819856 0 0.872974 0.50775 
0.628028 0 0.820097 0 0.874262 0.50775 
0.628864 0 0.820335 0 0.875557 0.50775 
0.629712 0 0.820571 0 0.876854 0.507751 
0.630565 0 0.820796 0 0.878155 0.507751 
0.631422 0 0.821012 0 0.879459 0.507752 
0.63229 0 0.821229 0 0.880765 0.507753 
0.633167 0 0.821449 0 0.882071 0.507754 
0.634045 0 0.821662 0 0.883376 0.507755 
0.634925 0 0.82187 0 0.88468 0.507756 
0.635812 0 0.822085 0 0.885982 0.507757 
0.636706 0 0.822305 0 0.887279 0.507758 
0.637598 0 0.822524 0 0.888573 0.507759 
0.638488 0 0.822742 0 0.889862 0.507761 
0.639384 0 0.822971 0 0.891146 0.507762 
0.640282 0 0.823209 0 0.892422 0.507763 
0.641177 0 0.82345 0 0.893691 0.507764 
0.642067 0 0.823694 0 0.894952 0.507766 
0.64296 0 0.823951 0 0.896205 0.507767 
0.643854 0 0.824222 0 0.897449 0.507768 
0.644741 0 0.824499 0 0.898682 0.50777 
0.645623 0 0.824783 0 0.899907 0.507771 
0.646507 0 0.825082 0 0.901122 0.507772 
0.64739 0 0.825399 0 0.902325 0.507773 
0.648265 0 0.825723 0 0.903517 0.507775 
0.649134 0 0.826057 0 0.9047 0.507776 
0.650004 0 0.82641 0 0.905872 0.507778 
0.650872 0 0.826781 0 0.907031 0.507779 
0.651732 0 0.827163 0 0.90818 0.50778 
0.652586 0 0.827557 0 0.909319 0.507781 
0.65344 0 0.82797 0 0.910447 0.507783 
0.654292 0 0.828404 0 0.911562 0.507784 
0.655137 0 0.828851 0 0.912667 0.507785 
0.655975 0 0.82931 0 0.913761 0.507786 
0.656813 0 0.829791 0 0.914845 0.507787 
0.65765 0 0.830293 0 0.915917 0.507789 
0.65848 0 0.830809 0 0.916978 0.50779 
0.658827 0 0.831679 1 0.91718 0.507784 
0.659164 0 0.832641 1 0.917154 0.507784 
0.659682 0 0.833596 1 0.917296 0.507785 
0.660279 0 0.834528 1 0.917448 0.507785 
0.660913 0 0.835439 0 0.917577 0.507786 
0.661342 0 0.836197 0 0.917958 0.507786 
0.66177 0 0.836972 0 0.918352 0.507787 
0.662054 0 0.837666 0 0.918802 0.507787 
0.662073 0 0.838366 0 0.918963 0.507788 
0.661918 0 0.83898 0 0.918959 0.507788 
0.661668 0 0.839529 0 0.918912 0.507789 
0.661374 0 0.840064 0 0.918858 0.507789 
0.661058 0 0.840595 0 0.918831 0.50779 
0.660733 0 0.841123 0 0.918831 0.50779 
0.660399 0 0.84164 0 0.918851 0.507791 
0.660058 0 0.842134 0 0.918886 0.507791 
0.659717 0 0.842631 0 0.918883 0.507792 
0.659368 0 0.843133 0 0.918837 0.507792 
0.65901 0 0.843639 0 0.918761 0.507793 
0.658642 0 0.844144 0 0.918661 0.507793 
0.658265 0 0.844643 0 0.918544 0.507794 
0.657878 0 0.845131 0 0.918411 0.507794 
0.65748 0 0.845605 0 0.918261 0.507794 
0.657399 0 0.846214 1 0.918319 0.507793 
0.657374 0 0.846808 1 0.91841 0.507794 
0.657345 0 0.847325 1 0.918478 0.507793 
0.657316 0 0.84779 0 0.918497 0.507792 
0.657281 0 0.848262 0 0.918504 0.507792 
0.657239 0 0.848744 0 0.918497 0.507791 
0.65719 0 0.849229 0 0.918478 0.50779 
0.657132 0 0.849714 0 0.918448 0.50779 
0.657064 0 0.850193 0 0.918407 0.507789 
0.657066 0 0.850701 0 0.918501 0.507789 
0.657099 0 0.851213 0 0.918636 0.507788 
0.65714 0 0.851708 0 0.918783 0.507787 
0.657184 0 0.852187 0 0.918944 0.507787 
0.657231 0 0.852659 0 0.919119 0.507786 
0.657239 0 0.85323 1 0.919168 0.507785 
0.657267 0 0.853743 1 0.919228 0.507785 
0.657286 0 0.854205 1 0.919256 0.507783 
0.65729 0 0.854618 0 0.919238 0.50778 
0.65728 0 0.855029 0 0.919205 0.507777 
0.657259 0 0.855437 0 0.919159 0.507774 
0.657227 0 0.855841 0 0.919103 0.507771 
0.657257 0 0.856284 0 0.919148 0.507769 
0.65732 0 0.856738 0 0.919233 0.507766 
0.657394 0 0.857185 0 0.919336 0.507764 
0.657473 0 0.857622 0 0.919457 0.507762 
0.657559 0 0.858054 0 0.919595 0.507759 
0.657651 0 0.858485 0 0.919749 0.507757 
0.657748 0 0.859476 1 0.919388 0.507755 
0.657873 0 0.860366 1 0.919126 0.507752 
0.658008 0 0.861187 1 0.918864 0.507747 
0.658147 0 0.861957 0 0.918574 0.50774 
0.658291 0 0.862724 0 0.918313 0.507733 
0.658446 0 0.863494 0 0.918089 0.507727 
0.658612 0 0.864262 0 0.917902 0.507721 
0.658787 0 0.865026 0 0.917747 0.507715 
0.658971 0 0.865782 0 0.917624 0.507709 
0.659163 0 0.866531 0 0.917531 0.507704 
0.659363 0 0.867273 0 0.917468 0.507699 
0.659573 0 0.868009 0 0.917436 0.507694 
0.659793 0 0.868739 0 0.917433 0.507689 
0.660009 0 0.869449 0 0.917417 0.507685 
0.660224 0 0.870154 0 0.917386 0.507681 
0.660442 0 0.870864 0 0.91735 0.507677 
0.660666 0 0.87158 0 0.917318 0.507674 
0.660899 0 0.872301 0 0.917294 0.507671 
0.66114 0 0.873021 0 0.91728 0.507668 
0.661389 0 0.873737 0 0.917275 0.507665 
0.661647 0 0.874448 0 0.917277 0.507662 
0.661911 0 0.875152 0 0.917287 0.50766 
0.662183 0 0.87585 0 0.917303 0.507658 
0.662463 0 0.876543 0 0.917325 0.507656 
0.66275 0 0.877232 0 0.917352 0.507654 
0.663045 0 0.877916 0 0.917383 0.507652 
0.663347 0 0.878595 0 0.917416 0.507651 
0.663656 0 0.879271 0 0.917451 0.507649 
0.663973 0 0.879941 0 0.917488 0.507648 
0.664297 0 0.880607 0 0.917527 0.507647 
0.664629 0 0.881269 0 0.917567 0.507646 
0.664969 0 0.881925 0 0.917609 0.507645 
0.665316 0 0.882576 0 0.917652 0.507645 
0.665671 0 0.883223 0 0.917695 0.507645 
0.665862 0 0.883788 1 0.917615 0.507643 
0.666096 0 0.884352 1 0.917579 0.507641 
0.66634 0 0.884882 0 0.917545 0.507637 
0.666579 0 0.885391 0 0.917491 0.507633 
0.666806 0 0.885882 0 0.917404 0.507629 
0.667054 0 0.886393 0 0.917331 0.507626 
0.667321 0 0.886916 0 0.91727 0.507622 
0.667602 0 0.887441 0 0.91722 0.507619 
0.667894 0 0.887963 0 0.917181 0.507616 
0.668197 0 0.888481 0 0.917153 0.507614 
0.668488 0 0.889044 0 0.917175 0.507611 
0.668766 0 0.889613 0 0.917223 0.507609 
0.669032 0 0.890173 0 0.917269 0.507607 
0.669291 0 0.89072 0 0.917303 0.507605 
0.66954 0 0.891257 0 0.917329 0.507603 
0.669781 0 0.891786 0 0.917351 0.507601 
0.670012 0 0.892308 0 0.917371 0.5076 
0.670233 0 0.892821 0 0.917388 0.507599 
0.670445 0 0.893326 0 0.917402 0.507598 
0.670647 0 0.893823 0 0.917413 0.507597 
0.67084 0 0.894311 0 0.917421 0.507596 
0.671024 0 0.89479 0 0.917424 0.507596 
0.671198 0 0.89526 0 0.917424 0.507595 
0.671363 0 0.895722 0 0.917419 0.507595 
0.671519 0 0.896175 0 0.917411 0.507595 
0.671665 0 0.89662 0 0.917398 0.507595 
0.671802 0 0.897056 0 0.91738 0.507595 
0.671929 0 0.897483 0 0.917358 0.507595 
0.672047 0 0.897902 0 0.917331 0.507595 
0.672156 0 0.898313 0 0.9173 0.507596 
0.672255 0 0.898715 0 0.917263 0.507596 
0.672345 0 0.899109 0 0.917222 0.507596 
0.672426 0 0.899494 0 0.917176 0.507597 
0.672497 0 0.899871 0 0.917125 0.507598 
0.672559 0 0.90024 0 0.917069 0.507598 
0.672612 0 0.900601 0 0.917008 0.507599 
0.672655 0 0.900953 0 0.916942 0.5076 
0.672689 0 0.901298 0 0.916871 0.507601 
0.672714 0 0.901634 0 0.916795 0.507602 
0.672729 0 0.901963 0 0.916714 0.507603 
0.672735 0 0.902283 0 0.916627 0.507604 
0.672732 0 0.902595 0 0.916535 0.507605 
0.672719 0 0.9029 0 0.916438 0.507607 
0.672697 0 0.903197 0 0.916335 0.507608 
0.672666 0 0.903486 0 0.916228 0.507609 
0.672625 0 0.903767 0 0.916114 0.50761 
0.672575 0 0.904041 0 0.915996 0.507612 
0.672617 1 0.903958 0 0.916267 0.507613 
0.672687 1 0.903846 0 0.916598 0.507616 
0.67275 1 0.90376 0 0.916927 0.507619 
0.67282 1 0.903666 0 0.91726 0.507622 
0.672893 1 0.903558 0 0.917617 0.507626 
0.672998 1 0.903757 1 0.917651 0.507624 
0.67314 1 0.903769 1 0.917557 0.507624 
0.673287 1 0.903771 1 0.917389 0.507626 
0.673423 1 0.903792 1 0.917197 0.507636 
0.673545 1 0.903821 1 0.91699 0.507639 
0.673652 1 0.903849 1 0.916771 0.507638 
0.673743 1 0.903871 1 0.91654 0.507632 
0.673814 1 0.903884 1 0.916294 0.50763 
0.673862 1 0.903887 1 0.916032 0.507629 
0.673882 1 0.903876 1 0.91575 0.507624 
0.67387 1 0.903849 1 0.915446 0.507617 
0.673804 1 0.903804 1 0.915113 0.507601 
0.673692 1 0.903732 1 0.91475 0.507579 
0.673577 1 0.903637 1 0.914375 0.507557 
0.673406 1 0.903524 1 0.913988 0.507505 
0.673203 1 0.903388 1 0.913581 0.507429 
0.672979 1 0.903236 1 0.913166 0.507318 
0.672742 1 0.903071 1 0.912746 0.507152 
0.672511 1 0.90291 1 0.912325 0.50691 
0.672282 1 0.90275 1 0.911917 0.506549 
0.672055 1 0.90259 1 0.911517 0.506027 
0.671904 1 0.902436 1 0.911143 0.505281 
0.671756 1 0.902306 1 0.910768 0.504225 
0.671618 1 0.902199 1 0.910411 0.502766 
0.671497 1 0.902106 1 0.91008 0.500768 
0.671401 1 0.902027 1 0.909775 0.49808 
0.671341 1 0.901963 1 0.909497 0.494541 
0.671327 1 0.901919 1 0.909248 0.489974 
0.67137 1 0.901899 1 0.909036 0.484229 
0.671481 1 0.901906 1 0.908865 0.47719 
0.671671 1 0.901945 1 0.908736 0.46879 
0.671948 1 0.902014 1 0.90865 0.458992 
0.672321 1 0.902112 1 0.908604 0.447868 
0.672792 1 0.902234 1 0.908593 0.43551 
0.673363 1 0.902374 1 0.908611 0.422101 
0.674032 1 0.902527 1 0.908645 0.407805 
0.674796 1 0.902686 1 0.908688 0.392788 
0.675648 1 0.902844 1 0.908733 0.377222 
0.676581 1 0.902996 1 0.908772 0.361263 
0.677586 1 0.903134 1 0.908798 0.345046 
0.678655 1 0.903257 1 0.908806 0.328684 
0.679779 1 0.903358 1 0.908793 0.312276 
0.680949 1 0.903438 1 0.908756 0.295892 
0.682154 1 0.903495 1 0.908688 0.279601 
0.683385 1 0.903524 1 0.908589 0.263452 
0.684635 1 0.903524 1 0.908461 0.247486 
0.685899 1 0.903495 1 0.908303 0.231732 
0.687169 1 0.903439 1 0.908115 0.216215 
0.68844 1 0.903354 1 0.907896 0.200956 
0.689708 1 0.903242 1 0.907648 0.185967 
0.690967 1 0.903101 1 0.907371 0.171258 
0.692214 1 0.902933 1 0.907066 0.156838 
0.693446 1 0.902737 1 0.906734 0.142708 
0.694659 1 0.902515 1 0.906374 0.128871 
0.695852 1 0.902265 1 0.905989 0.115328 
0.697022 1 0.90199 1 0.905578 0.102081 
0.698166 1 0.901691 1 0.905142 0.0891242 
0.699286 1 0.901366 1 0.904682 0.0764611 
0.700377 1 0.901016 1 0.9042 0.0640895 
0.701439 1 0.900643 1 0.903695 0.052001 
0.702473 1 0.900246 1 0.903168 0.0401898 
0.703479 1 0.899826 1 0.90262 0.0286619 
0.704455 1 0.899384 1 0.902052 0.0174029 
0.705402 1 0.89892 1 0.901465 0.00641619 
0.706322 1 0.898435 1 0.900859 -0.00430823 
0.707213 1 0.897929 1 0.900235 -0.0147721 
0.708078 1 0.897402 1 0.899593 -0.024982 
0.708916 1 0.896857 1 0.898935 -0.0349433 
0.709729 1 0.896292 1 0.898262 -0.0446605 
0.710576 1 0.895739 1 0.897612 -0.0541377 
0.711418 1 0.895187 1 0.896964 -0.0633766 
0.712244 1 0.894601 1 0.896319 -0.0723835 
0.71305 1 0.894008 1 0.895667 -0.0811672 
0.713836 1 0.89341 1 0.895001 -0.0897257 
0.714604 1 0.892801 1 0.894323 -0.0980637 
0.715346 1 0.892187 1 0.893622 -0.106192 
0.716071 1 0.891557 1 0.892909 -0.114112 
0.7168 1 0.890927 1 0.892201 -0.121825 
0.71752 1 0.890284 1 0.891494 -0.12934 
0.718229 1 0.889633 1 0.890784 -0.136656 
0.718927 1 0.888975 1 0.890072 -0.143783 
0.719616 1 0.888315 1 0.889355 -0.150721 
0.720298 1 0.88765 1 0.888636 -0.157473 
0.720976 1 0.886983 1 0.887916 -0.164045 
0.721649 1 0.886315 1 0.887195 -0.170438 
0.722318 1 0.885648 1 0.886473 -0.176659 
0.722985 1 0.88498 1 0.885752 -0.182708 
0.72365 1 0.884312 1 0.885032 -0.18859 
0.724313 1 0.883645 1 0.884313 -0.194305 
0.724977 1 0.88298 1 0.883597 -0.19986 
0.725641 1 0.882318 1 0.882885 -0.205258 
0.726308 1 0.881658 1 0.882177 -0.210502 
0.726976 1 0.881002 1 0.881474 -0.215594 
0.727648 1 0.88035 1 0.880776 -0.220539 
0.728324 1 0.879703 1 0.880086 -0.225334 
0.729004 1 0.879062 1 0.879402 -0.229988 
0.729689 1 0.878427 1 0.878727 -0.234503 
0.73038 1 0.877799 1 0.87806 -0.238878 
0.731077 1 0.877177 1 0.877402 -0.243117 
0.731781 1 0.876565 1 0.876754 -0.247226 
0.732493 1 0.875962 1 0.876115 -0.251202 
0.733212 1 0.875369 1 0.875487 -0.25505 
0.733939 1 0.874784 1 0.874871 -0.25877 
0.734675 1 0.874209 1 0.874266 -0.262368 
0.735419 1 0.873647 1 0.873674 -0.265843 
0.736198 1 0.873009 1 0.873002 -0.269203 
0.737009 1 0.872355 1 0.872317 -0.272443 
0.737834 1 0.871719 1 0.87165 -0.27557 
0.738662 1 0.871084 1 0.871001 -0.278583 
0.73951 1 0.870477 1 0.870361 -0.281483 
0.740393 1 0.869886 1 0.869738 -0.284277 
0.741312 1 0.869315 1 0.869138 -0.286963 
0.742268 1 0.868767 1 0.868561 -0.28955 
0.743262 1 0.868244 1 0.868011 -0.292033 
0.744296 1 0.867746 1 0.867487 -0.294418 
0.74537 1 0.867275 1 0.866992 -0.296707 
0.746484 1 0.866831 1 0.866525 -0.2989 
0.747656 1 0.866406 1 0.866078 -0.301003 
0.74889 1 0.866016 1 0.865669 -0.303022 
0.750174 1 0.86566 1 0.865294 -0.304954 
0.751506 1 0.865329 1 0.864953 -0.306804 
0.752883 1 0.865033 1 0.864644 -0.308579 
0.754309 1 0.864772 1 0.864366 -0.310276 
0.755789 1 0.864544 1 0.864122 -0.311904 
0.757324 1 0.86435 1 0.863915 -0.313457 
0.758919 1 0.864196 1 0.863746 -0.314949 
0.760572 1 0.86408 1 0.863617 -0.316377 
0.762285 1 0.864004 1 0.863529 -0.317746 
0.764058 1 0.863968 1 0.863482 -0.319059 
0.765892 1 0.863973 1 0.863477 -0.320322 
0.767786 1 0.86402 1 0.863516 -0.321539 
0.769742 1 0.864111 1 0.863598 -0.322714 
0.771761 1 0.864244 1 0.863723 -0.323852 
0.773841 1 0.86442 1 0.863894 -0.324956 
0.775984 1 0.864643 1 0.864109 -0.326033 
0.778189 1 0.864909 1 0.86437 -0.327087 
0.780456 1 0.865219 1 0.864678 -0.328121 
0.782784 1 0.865577 1 0.865032 -0.329145 
0.785174 1 0.865981 1 0.865432 -0.330156 
0.787622 1 0.866429 1 0.865878 -0.331161 
0.79013 1 0.866924 1 0.866371 -0.332163 
0.792694 1 0.867464 1 0.86691 -0.333171 
0.795372 1 0.867973 1 0.867503 -0.33418 
0.798155 1 0.868587 1 0.868173 -0.335213 
0.80101 1 0.869294 1 0.868905 -0.336254 
0.803915 1 0.870062 1 0.869684 -0.337312 
0.806865 1 0.870873 1 0.870505 -0.338399 
0.809858 1 0.871726 1 0.871369 -0.33951 
0.812891 1 0.872623 1 0.872279 -0.340651 
0.815961 1 0.873567 1 0.873235 -0.34182 
0.819064 1 0.874557 1 0.874238 -0.343023 
0.822193 1 0.875593 1 0.875286 -0.344257 
0.825343 1 0.876672 1 0.876379 -0.345526 
0.828507 1 0.877796 1 0.877513 -0.346827 
0.831677 1 0.878959 1 0.878688 -0.348165 
0.834845 1 0.880164 1 0.879903 -0.349533 
0.838002 1 0.881408 1 0.881154 -0.350934 
0.841138 1 0.882687 1 0.882442 -0.35236 
0.844244 1 0.884003 1 0.883764 -0.353813 
0.84731 1 0.88535 1 0.885118 -0.355291 
0.850323 1 0.88673 1 0.886502 -0.356786 
0.850586 1 0.886403 1 0.886313 -0.358297 
0.850528 1 0.886148 1 0.88612 -0.359828 
0.850622 1 0.885936 1 0.885946 -0.36136 
0.850749 1 0.885746 1 0.885789 -0.362894 
0.850882 1 0.885566 1 0.885624 -0.364429 
0.85101 1 0.885383 1 0.885455 -0.365963 
0.851155 1 0.885191 1 0.88527 -0.36749 
0.85127 1 0.88501 1 0.885097 -0.369005 
0.851394 1 0.884826 1 0.884915 -0.370504 
0.851543 1 0.884634 1 0.884741 -0.371991 
0.851689 1 0.884438 1 0.884585 -0.373452 
0.851848 1 0.884274 1 0.884446 -0.374894 
0.85202 1 0.884102 1 0.884306 -0.37631 
0.852173 1 0.883979 1 0.884182 -0.377697 
0.852337 1 0.883821 1 0.884047 -0.379061 
0.852485 1 0.883704 1 0.883931 -0.380396 
0.852646 1 0.883571 1 0.883809 -0.381697 
0.852794 1 0.883452 1 0.883706 -0.382966 
0.852959 1 0.883322 1 0.883601 -0.384199 
0.853108 1 0.883237 1 0.883521 -0.385396 
0.85327 1 0.883139 1 0.883435 -0.386558 
0.853416 1 0.883065 1 0.883368 -0.387684 
0.853575 1 0.882971 1 0.883297 -0.388769 
0.853717 1 0.882918 1 0.883247 -0.389818 
0.85387 1 0.882854 1 0.883195 -0.390825 
0.854053 1 0.882859 1 0.883198 -0.391792 
0.854296 1 0.882887 1 0.883212 -0.392717 
0.854552 1 0.882938 1 0.883256 -0.393597 
0.854818 1 0.883004 1 0.883308 -0.394432 
0.855084 1 0.883081 1 0.883358 -0.395216 
0.855342 1 0.883169 1 0.88342 -0.395958 
0.855592 1 0.883265 1 0.88349 -0.396642 
0.855835 1 0.883372 1 0.883569 -0.397275 
0.85607 1 0.88349 1 0.883657 -0.397845 
0.856298 1 0.883622 1 0.883759 -0.398357 
0.856518 1 0.883767 1 0.883873 -0.398801 
0.85673 1 0.883926 1 0.884002 -0.399182 
0.856931 1 0.884099 1 0.884144 -0.399488 
0.857121 1 0.88428 1 0.884298 -0.399717 
0.8573 1 0.884459 1 0.884456 -0.399859 
0.857466 1 0.884636 1 0.884611 -0.39991 
0.857618 1 0.884811 1 0.884767 -0.399868 
0.857755 1 0.884988 1 0.884925 -0.399724 
0.857873 1 0.885165 1 0.885084 -0.399464 
0.857988 1 0.885367 1 0.885218 -0.399084 
0.858139 1 0.885605 0 0.885316 -0.398573 
0.858348 0 0.885843 0 0.885313 -0.397426 
0.858667 0 0.886165 0 0.885207 -0.396004 
0.85836 1 0.886001 0 0.88485 -0.394356 
0.858278 0 0.885928 0 0.884363 -0.391936 
0.858355 0 0.886018 0 0.883789 -0.389383 
0.858668 0 0.885432 0 0.883182 -0.386786 
0.859313 0 0.884967 0 0.88248 -0.384225 
0.860167 0 0.884746 0 0.881738 -0.381768 
0.861142 0 0.884583 0 0.880894 -0.379464 
0.862043 0 0.884395 0 0.880182 -0.377351 
0.863067 0 0.884308 0 0.87934 -0.375452 
0.863104 1 0.884424 0 0.878868 -0.373775 
0.863141 0 0.884407 0 0.878263 -0.371732 
0.863144 0 0.884219 0 0.877762 -0.369972 
0.863164 0 0.884172 0 0.877296 -0.36849 
0.863185 0 0.88428 0 0.87687 -0.367274 
0.863195 0 0.884486 0 0.876487 -0.366309 
0.863213 0 0.884798 0 0.876062 -0.365576 
0.863086 0 0.884982 0 0.875832 -0.365055 
0.863068 0 0.885259 0 0.875477 -0.364725 
0.863062 0 0.885563 0 0.875194 -0.364564 
0.863054 0 0.885941 0 0.874939 -0.364553 
0.862762 0 0.886258 0 0.87466 -0.364668 
0.862498 0 0.88664 0 0.874401 -0.36489 
0.862286 0 0.887071 0 0.87415 -0.365197 
0.862119 1 0.886971 0 0.873803 -0.365566 
0.861955 1 0.886863 0 0.873449 -0.365683 
0.861777 1 0.886812 0 0.873051 -0.365517 
0.861581 1 0.886635 0 0.872681 -0.365049 
0.861413 0 0.886466 0 0.872275 -0.36425 
0.86128 0 0.886386 0 0.871885 -0.36359 
0.861217 0 0.886362 0 0.871417 -0.363034 
0.861141 0 0.886248 0 0.871018 -0.362551 
0.861099 0 0.886191 0 0.870621 -0.362111 
0.861095 0 0.886197 0 0.870217 -0.361687 
0.861159 0 0.886237 0 0.869719 -0.361253 
0.86103 0 0.886108 0 0.869315 -0.360786 
0.860858 0 0.886007 0 0.868905 -0.360261 
0.860694 0 0.885952 0 0.868478 -0.359658 
0.860542 0 0.885913 0 0.868031 -0.358953 
0.860394 0 0.885862 0 0.867559 -0.358126 
0.860248 0 0.885783 0 0.867055 -0.357156 
0.860104 0 0.885669 0 0.866513 -0.356021 
0.859962 0 0.885514 0 0.86593 -0.354699 
0.859821 0 0.885317 0 0.8653 -0.353169 
0.859681 0 0.885074 0 0.864621 -0.351409 
0.859542 0 0.884781 0 0.863887 -0.349397 
0.859403 0 0.884434 0 0.863095 -0.347113 
0.859264 0 0.884026 0 0.862241 -0.344536 
0.859126 0 0.883553 0 0.861321 -0.341647 
0.858988 0 0.88301 0 0.860331 -0.33843 
0.858851 0 0.882391 0 0.859267 -0.33487 
0.858715 0 0.881693 0 0.858126 -0.330955 
0.85858 0 0.880912 0 0.856906 -0.326679 
0.858446 0 0.880047 0 0.855606 -0.322036 
0.858312 0 0.879097 0 0.854224 -0.31703 
0.858178 0 0.878062 0 0.852761 -0.311665 
0.858044 0 0.876943 0 0.851217 -0.305951 
0.857911 0 0.875743 0 0.849596 -0.299905 
0.857576 0 0.874156 0 0.847228 -0.293547 
0.857203 0 0.872434 0 0.84472 -0.286901 
0.856827 0 0.870636 0 0.842118 -0.279996 
0.856425 0 0.868748 0 0.839444 -0.272865 
0.856011 0 0.866782 0 0.836725 -0.265541 
0.855593 0 0.864742 0 0.833963 -0.25806 
0.855209 0 0.862648 0 0.831132 -0.250459 
0.854851 0 0.860518 0 0.828254 -0.242773 
0.854514 0 0.858368 0 0.825347 -0.235039 
0.854135 0 0.856267 0 0.822567 -0.227292 
0.85376 0 0.854192 0 0.819726 -0.219567 
0.853368 0 0.852185 0 0.816959 -0.211895 
0.852992 0 0.850222 0 0.814182 -0.204308 
0.8526 0 0.848293 0 0.811422 -0.196834 
0.852176 0 0.8464 0 0.808715 -0.189499 
0.851795 0 0.844521 0 0.805971 -0.18233 
0.851412 0 0.842729 0 0.803311 -0.175349 
0.851072 0 0.840988 0 0.800661 -0.168576 
0.850669 0 0.839362 0 0.798138 -0.162031 
0.850268 0 0.837825 0 0.79565 -0.15573 
0.849855 0 0.836394 0 0.793245 -0.149686 
0.849473 0 0.835019 0 0.79082 -0.143912 
0.849053 0 0.833771 0 0.788526 -0.138417 
0.848638 0 0.832618 0 0.786276 -0.133207 
0.848208 0 0.831557 0 0.784093 -0.128288 
0.847797 0 0.830581 0 0.781937 -0.123661 
0.847362 0 0.829707 0 0.779852 -0.119328 
0.846926 0 0.828951 0 0.777856 -0.115285 
0.846523 0 0.828271 0 0.775881 -0.111529 
0.846069 0 0.827679 0 0.773963 -0.108052 
0.845615 0 0.827191 0 0.772104 -0.104847 
0.845184 0 0.826746 0 0.770225 -0.101904 
0.844717 0 0.826412 0 0.768437 -0.0992096 
0.844251 0 0.826172 0 0.766698 -0.0967516 
0.843792 0 0.826016 0 0.764991 -0.0945154 
0.843324 0 0.825931 0 0.763313 -0.0924848 
0.842858 0 0.825905 0 0.761644 -0.0906431 
0.842377 0 0.825933 0 0.759992 -0.0889729 
0.841893 0 0.826001 0 0.758335 -0.0874561 
0.841406 0 0.826102 0 0.756668 -0.0860742 
0.840902 0 0.826243 0 0.755014 -0.0848086 
0.840393 0 0.826406 0 0.753339 -0.0836406 
0.839878 0 0.826584 0 0.751638 -0.0825514 
0.838656 0 0.826645 0 0.749985 -0.0815225 
0.83727 0 0.826813 0 0.748323 -0.080535 
0.835938 0 0.827042 0 0.746615 -0.0795702 
0.834617 0 0.827285 0 0.744864 -0.0786095 
0.833286 0 0.827513 0 0.743075 -0.0776352 
0.831942 0 0.82771 0 0.741241 -0.0766299 
0.830587 0 0.827874 0 0.739357 -0.0755771 
0.829274 0 0.827798 0 0.737429 -0.0744611 
0.828013 0 0.827696 0 0.735407 -0.0732665 
0.826813 0 0.827578 0 0.733292 -0.0719794 
0.825625 0 0.82743 0 0.731131 -0.0705866 
0.824438 0 0.827214 0 0.728897 -0.0690751 
0.823716 0 0.827257 0 0.727213 -0.0674329 
0.823279 0 0.827491 0 0.725836 -0.0656472 
0.822645 0 0.827827 0 0.724558 -0.0637052 
0.821865 0 0.828118 0 0.723119 -0.0615936 
0.821158 0 0.828401 0 0.721693 -0.0593 
0.820322 0 0.828633 0 0.720219 -0.0568123 
0.819595 0 0.828856 0 0.718743 -0.0541192 
0.818863 0 0.829026 0 0.717258 -0.0512102 
0.818169 0 0.829178 0 0.71578 -0.0480758 
0.817567 0 0.829277 0 0.714327 -0.0447075 
0.816865 0 0.829318 0 0.712807 -0.0410985 
0.816256 0 0.829184 0 0.711123 -0.0372434 
0.81573 0 0.82893 0 0.709365 -0.0331391 
0.81526 0 0.828603 0 0.707575 -0.0287856 
0.814815 0 0.828222 0 0.705758 -0.0241852 
0.814374 0 0.827788 0 0.70391 -0.0193427 
0.813739 0 0.827342 0 0.702019 -0.0142657 
0.813105 0 0.826985 0 0.70014 -0.00896417 
0.81251 0 0.826812 0 0.698396 -0.00345051 
0.811853 0 0.82677 0 0.696664 0.00226145 
0.811133 0 0.826808 0 0.694945 0.00815597 
0.810355 0 0.826895 0 0.693241 0.0142162 
0.809525 0 0.827013 0 0.691554 0.0204238 
