0.393258 0 0.509758 0 0.509756 0.500001 
0.393366 0 0.510967 0 0.51045 0.498955 
0.393744 0 0.512591 0 0.51188 0.497379 
0.394262 0 0.514654 0 0.513807 0.49497 
0.39495 0 0.517062 0 0.516351 0.491348 
0.395768 0 0.519837 0 0.519308 0.486144 
0.396531 0 0.522735 0 0.522449 0.479105 
0.397371 0 0.525952 0 0.525766 0.470154 
0.398315 0 0.529449 0 0.529289 0.459362 
0.399305 0 0.533097 0 0.532981 0.446902 
0.400343 0 0.536887 0 0.536812 0.432995 
0.40143 0 0.540805 0 0.54074 0.417888 
0.40254 0 0.544783 0 0.544718 0.401829 
0.403652 0 0.548755 0 0.548688 0.385057 
0.404755 0 0.552672 0 0.5526 0.367789 
0.40558 0 0.55637 0 0.55604 0.350217 
0.406188 0 0.559873 0 0.559016 0.332501 
0.406571 0 0.563032 0 0.561594 0.314771 
0.406803 0 0.565848 0 0.563845 0.297128 
0.406944 0 0.568348 0 0.565803 0.279652 
0.407026 0 0.570546 0 0.567479 0.262401 
0.407065 0 0.572442 0 0.568877 0.245419 
0.407077 0 0.574042 0 0.570002 0.228736 
0.407074 0 0.575356 0 0.570863 0.212373 
0.407062 0 0.576389 0 0.571466 0.196343 
0.407035 0 0.577138 0 0.571814 0.180655 
0.407167 0 0.577663 0 0.572299 0.165312 
0.407388 0 0.57802 0 0.572701 0.150316 
0.40764 0 0.578181 0 0.572932 0.135666 
0.40789 0 0.578132 0 0.572976 0.121359 
0.40823 0 0.577987 0 0.57286 0.107391 
0.408688 0 0.577748 0 0.572692 0.0937559 
0.40918 0 0.577381 0 0.572436 0.0804494 
0.409719 0 0.576922 0 0.572084 0.0674653 
0.410185 0 0.57631 0 0.571515 0.0547972 
0.410607 0 0.575543 0 0.570777 0.0424386 
0.411002 0 0.574643 0 0.569909 0.0303831 
0.411376 0 0.573632 0 0.568937 0.0186242 
0.411738 0 0.572529 0 0.567883 0.00715503 
0.412096 0 0.571356 0 0.566763 -0.00403096 
0.412448 0 0.57012 0 0.565582 -0.0149401 
0.412787 0 0.568821 0 0.564343 -0.025579 
0.413114 0 0.567467 0 0.563055 -0.0359539 
0.413436 0 0.566076 0 0.561729 -0.0460711 
0.41375 0 0.564652 0 0.56037 -0.0559366 
0.41405 0 0.563194 0 0.55898 -0.0655566 
0.414338 0 0.561709 0 0.557565 -0.0749367 
0.41462 0 0.560211 0 0.556135 -0.0840828 
0.414895 0 0.558702 0 0.554692 -0.0930006 
0.415155 0 0.557178 0 0.553237 -0.101695 
0.415402 0 0.555644 0 0.551773 -0.110172 
0.415641 0 0.554111 0 0.550307 -0.118437 
0.415871 0 0.552579 0 0.548841 -0.126495 
0.416085 0 0.551044 0 0.547371 -0.13435 
0.416283 0 0.549506 0 0.545901 -0.142007 
0.416472 0 0.547976 0 0.544435 -0.149471 
0.416648 0 0.546452 0 0.542973 -0.156747 
0.416805 0 0.544927 0 0.541511 -0.163838 
0.416942 0 0.543401 0 0.540049 -0.170749 
0.417064 0 0.541883 0 0.538592 -0.177484 
0.417168 0 0.54037 0 0.537137 -0.184046 
0.417247 0 0.538852 0 0.535678 -0.190439 
0.417298 0 0.537328 0 0.534215 -0.196667 
0.417326 0 0.535806 0 0.532751 -0.202731 
0.417328 0 0.534282 0 0.531282 -0.208636 
0.417294 0 0.532745 0 0.529802 -0.214382 
0.417221 0 0.531196 0 0.52831 -0.219972 
0.417116 0 0.52964 0 0.526811 -0.225408 
0.416973 0 0.528077 0 0.525302 -0.230689 
0.416784 0 0.526499 0 0.52378 -0.235816 
0.416551 0 0.524909 0 0.522248 -0.240788 
0.416282 0 0.523321 0 0.520716 -0.245604 
0.415976 0 0.521737 0 0.519187 -0.250262 
0.415631 0 0.520158 0 0.517663 -0.25476 
0.415253 0 0.51859 0 0.516154 -0.259094 
0.414855 0 0.517052 0 0.514672 -0.26326 
0.41444 0 0.515548 0 0.513225 -0.267255 
0.414007 0 0.514078 0 0.511815 -0.271074 
0.413564 0 0.51265 0 0.51045 -0.274713 
0.413121 0 0.511277 0 0.50914 -0.278167 
0.41268 0 0.509962 0 0.507889 -0.28143 
0.412238 0 0.5087 0 0.506695 -0.284499 
0.411798 0 0.507494 0 0.505562 -0.287369 
0.411368 0 0.506355 0 0.504495 -0.290035 
0.410948 0 0.505281 0 0.503494 -0.292495 
0.410532 0 0.504266 0 0.502555 -0.294744 
0.410121 0 0.503312 0 0.501679 -0.29678 
0.409723 0 0.502426 0 0.500871 -0.2986 
0.409336 0 0.501608 0 0.500129 -0.300202 
0.408954 0 0.500851 0 0.499449 -0.301583 
0.408647 0 0.500202 0 0.498859 -0.30274 
0.408392 0 0.499665 0 0.498369 -0.303673 
0.40817 0 0.499222 0 0.497966 -0.304376 
0.407962 0 0.49885 0 0.497634 -0.304846 
0.407762 0 0.498543 0 0.497367 -0.305073 
0.407573 0 0.498309 0 0.497172 -0.305043 
0.407392 0 0.498151 0 0.497051 -0.30473 
0.407213 0 0.498071 0 0.497011 -0.304089 
0.407036 0 0.498085 0 0.497068 -0.303053 
0.406869 0 0.498225 0 0.497251 -0.301517 
0.406711 0 0.498521 0 0.49759 -0.299342 
0.406555 0 0.499006 0 0.498121 -0.296353 
0.406403 0 0.499725 0 0.498889 -0.292357 
0.406261 0 0.500731 0 0.499942 -0.287164 
0.40613 0 0.502059 0 0.501315 -0.280625 
0.406003 0 0.503726 0 0.503027 -0.272655 
0.40588 0 0.505738 0 0.505083 -0.263258 
0.405771 0 0.508091 0 0.507476 -0.252521 
0.405675 0 0.510755 0 0.510172 -0.2406 
0.405586 0 0.513681 0 0.513126 -0.227694 
0.405507 0 0.516825 0 0.516294 -0.214012 
0.405445 0 0.520151 0 0.519634 -0.199759 
0.405401 0 0.523615 0 0.523099 -0.185116 
0.405369 0 0.527171 0 0.526648 -0.170238 
0.405351 0 0.530787 0 0.530247 -0.155253 
0.405354 0 0.534444 0 0.533874 -0.140261 
0.405378 0 0.538119 0 0.537503 -0.125342 
0.405416 0 0.541784 0 0.541112 -0.110557 
0.405469 0 0.545426 0 0.544687 -0.09595 
0.405543 0 0.54904 0 0.54822 -0.0815571 
0.405636 0 0.552615 0 0.551699 -0.0674028 
0.40574 0 0.556134 0 0.555114 -0.0535051 
0.405855 0 0.559592 0 0.55846 -0.0398764 
0.405987 0 0.56299 0 0.561737 -0.026525 
0.406133 0 0.566325 0 0.56494 -0.0134557 
0.406285 0 0.569583 0 0.568063 -0.000670901 
0.406442 0 0.572764 0 0.571106 0.011829 
0.406611 0 0.575874 0 0.574072 0.024045 
0.406789 0 0.578909 0 0.57696 0.0359794 
0.406968 0 0.581862 0 0.579766 0.0476353 
0.407148 0 0.584733 0 0.582492 0.0590163 
0.407335 0 0.58753 0 0.585143 0.0701268 
0.407528 0 0.590252 0 0.587719 0.0809712 
0.407718 0 0.592891 0 0.590217 0.0915545 
0.407907 0 0.59545 0 0.59264 0.101882 
0.408101 0 0.597938 0 0.594994 0.111958 
0.408297 0 0.600354 0 0.59728 0.121789 
0.40849 0 0.602692 0 0.599495 0.131378 
0.40868 0 0.604955 0 0.601642 0.140733 
0.408873 0 0.607152 0 0.603729 0.149858 
0.409068 0 0.609284 0 0.605754 0.158758 
0.409258 0 0.611345 0 0.607718 0.167439 
0.409444 0 0.613336 0 0.609623 0.175904 
0.409634 0 0.61527 0 0.611475 0.184161 
0.409825 0 0.617145 0 0.613274 0.192212 
0.41001 0 0.618956 0 0.615021 0.200064 
0.410192 0 0.620706 0 0.616717 0.207721 
0.410377 0 0.622405 0 0.618369 0.215188 
0.410564 0 0.624054 0 0.619977 0.222468 
0.410745 0 0.625646 0 0.621541 0.229567 
0.410923 0 0.627185 0 0.623062 0.236489 
0.411104 0 0.62868 0 0.624547 0.243238 
0.411287 0 0.630133 0 0.625996 0.249819 
0.411465 0 0.631536 0 0.627407 0.256235 
0.411639 0 0.632893 0 0.628785 0.26249 
0.411817 0 0.634213 0 0.630133 0.268588 
0.411998 0 0.635497 0 0.631452 0.274533 
0.412173 0 0.636738 0 0.63274 0.280328 
0.412346 0 0.637938 0 0.634001 0.285978 
0.412523 0 0.639109 0 0.635238 0.291485 
0.412702 0 0.640249 0 0.636453 0.296852 
0.412878 0 0.641351 0 0.637642 0.302084 
0.41305 0 0.642419 0 0.638809 0.307183 
0.413227 0 0.643461 0 0.639957 0.312151 
0.413407 0 0.644477 0 0.641088 0.316993 
0.413584 0 0.64546 0 0.642198 0.321711 
0.413757 0 0.646412 0 0.64329 0.326307 
0.413936 0 0.647342 0 0.644367 0.330784 
0.414118 0 0.64825 0 0.645431 0.335144 
0.414297 0 0.649129 0 0.646477 0.339391 
0.414473 0 0.649979 0 0.647507 0.343525 
0.414655 0 0.65081 0 0.648527 0.347549 
0.414841 0 0.651622 0 0.649535 0.351465 
0.415023 0 0.652407 0 0.650529 0.355275 
0.415204 0 0.653165 0 0.651509 0.35898 
0.415391 0 0.653906 0 0.65248 0.362581 
0.415581 0 0.65463 0 0.653442 0.366081 
0.415769 0 0.655327 0 0.654391 0.369479 
0.415956 0 0.656 0 0.655328 0.372776 
0.416149 0 0.656656 0 0.656257 0.375974 
0.416346 0 0.657296 0 0.657178 0.379072 
0.416541 0 0.65791 0 0.658087 0.38207 
0.416736 0 0.658499 0 0.658985 0.384969 
0.416937 0 0.659073 0 0.659877 0.387768 
0.417143 0 0.659631 0 0.66076 0.390465 
0.417347 0 0.660162 0 0.661632 0.39306 
0.417551 0 0.66067 0 0.662494 0.395552 
0.417763 0 0.661161 0 0.663349 0.397939 
0.41798 0 0.661635 0 0.664196 0.400218 
0.418196 0 0.662084 0 0.665032 0.402389 
0.418412 0 0.662507 0 0.665857 0.404447 
0.418637 0 0.662914 0 0.666676 0.406391 
0.418868 0 0.663303 0 0.667488 0.408218 
0.419099 0 0.663666 0 0.668288 0.409925 
0.419332 0 0.664003 0 0.669078 0.41151 
0.419573 0 0.664323 0 0.669862 0.41297 
0.419822 0 0.664625 0 0.670639 0.414304 
0.420072 0 0.6649 0 0.671405 0.41551 
0.420324 0 0.665149 0 0.672161 0.416587 
0.420586 0 0.665381 0 0.672913 0.417536 
0.420858 0 0.665596 0 0.673659 0.418358 
0.421132 0 0.665784 0 0.674396 0.419056 
0.42141 0 0.665948 0 0.675127 0.419634 
0.421699 0 0.666096 0 0.675855 0.420098 
0.421999 0 0.666229 0 0.676582 0.420456 
0.422304 0 0.666338 0 0.677304 0.420717 
0.422614 0 0.666426 0 0.678023 0.420892 
0.422939 0 0.666502 0 0.678747 0.420994 
0.423276 0 0.666567 0 0.679474 0.421038 
0.423621 0 0.666613 0 0.680204 0.421041 
0.423974 0 0.666644 0 0.680939 0.421019 
0.424345 0 0.666668 0 0.681687 0.420991 
0.424733 0 0.666689 0 0.682447 0.420976 
0.425132 0 0.666697 0 0.68322 0.420995 
0.425544 0 0.666696 0 0.684008 0.421064 
0.42598 0 0.666698 0 0.684819 0.421204 
0.426439 0 0.666703 0 0.685655 0.421432 
0.426916 0 0.666704 0 0.686514 0.421763 
0.427414 0 0.666703 0 0.687401 0.42221 
0.427945 0 0.666713 0 0.688324 0.422785 
0.428508 0 0.666733 0 0.689283 0.423493 
0.429101 0 0.666757 0 0.690278 0.424339 
0.429726 0 0.666786 0 0.691313 0.425322 
0.430395 0 0.666832 0 0.692394 0.426435 
0.431109 0 0.666895 0 0.693523 0.42767 
0.431862 0 0.666966 0 0.694695 0.429014 
0.432658 0 0.667047 0 0.695912 0.43045 
0.433503 0 0.667148 0 0.697178 0.431962 
0.43413 0 0.667162 0 0.698123 0.433529 
0.434438 0 0.667047 0 0.698623 0.435136 
0.434541 0 0.666836 0 0.69885 0.436764 
0.434517 0 0.666528 0 0.698941 0.438401 
0.434499 0 0.66622 0 0.699038 0.440034 
0.434481 0 0.665901 0 0.699136 0.441654 
0.434464 0 0.665574 0 0.699238 0.443254 
0.434454 0 0.665248 0 0.699349 0.44483 
0.43445 0 0.66492 0 0.699466 0.446377 
0.434445 0 0.664583 0 0.699586 0.447894 
0.43444 0 0.664236 0 0.699709 0.449378 
0.434443 0 0.663889 0 0.699842 0.45083 
0.434451 0 0.663541 0 0.699981 0.452248 
0.434457 0 0.663182 0 0.700124 0.453632 
0.434463 0 0.662813 0 0.700271 0.454984 
0.434475 0 0.662443 0 0.700426 0.456303 
0.434493 0 0.662069 0 0.700589 0.457589 
0.434363 0 0.661609 0 0.700578 0.458844 
0.434115 0 0.661108 0 0.700411 0.460068 
0.433786 0 0.660583 0 0.700132 0.461262 
0.433402 0 0.660035 0 0.699783 0.462426 
0.432975 0 0.659458 0 0.699387 0.463561 
0.43252 0 0.658861 0 0.69896 0.464668 
0.432296 0 0.658507 0 0.698717 0.465747 
0.432215 0 0.658267 0 0.698614 0.4668 
0.432208 0 0.658081 0 0.698586 0.467826 
0.432235 0 0.657925 0 0.698593 0.468826 
0.432286 0 0.657793 0 0.69862 0.469802 
0.432348 0 0.657677 0 0.698655 0.470753 
0.432414 0 0.657565 0 0.69869 0.47168 
0.43248 0 0.65746 0 0.698723 0.472585 
0.432555 0 0.657368 0 0.698758 0.473466 
0.432636 0 0.657288 0 0.698793 0.474326 
0.432715 0 0.657212 0 0.698822 0.475164 
0.432794 0 0.65714 0 0.698846 0.475981 
0.432879 0 0.65708 0 0.698869 0.476778 
0.432969 0 0.657032 0 0.698891 0.477555 
0.433057 0 0.656986 0 0.698906 0.478312 
0.433144 0 0.656945 0 0.698916 0.479051 
0.433238 0 0.656916 0 0.698924 0.479771 
0.433336 0 0.656898 0 0.698929 0.480473 
0.433432 0 0.656883 0 0.698927 0.481157 
0.433527 0 0.656872 0 0.698919 0.481824 
0.433629 0 0.656874 0 0.698908 0.482475 
0.433735 0 0.656887 0 0.698894 0.483109 
0.433839 0 0.656903 0 0.698872 0.483728 
0.433942 0 0.656923 0 0.698843 0.484331 
0.434052 0 0.656956 0 0.698812 0.484919 
0.434168 0 0.657001 0 0.698776 0.485492 
0.434281 0 0.657049 0 0.698732 0.486051 
0.434394 0 0.657102 0 0.69868 0.486596 
0.434514 0 0.657169 0 0.698625 0.487128 
0.434639 0 0.657248 0 0.698566 0.487646 
0.434764 0 0.657331 0 0.698497 0.488151 
0.434889 0 0.657421 0 0.698421 0.488644 
0.435036 0 0.657526 0 0.698432 0.489124 
0.435253 0 0.65774 0 0.698518 0.489592 
0.4355 0 0.65797 0 0.698659 0.490048 
0.435762 0 0.658187 0 0.698836 0.490493 
0.436034 0 0.658393 0 0.699037 0.490927 
0.436304 0 0.658586 0 0.699235 0.49135 
0.436567 0 0.658755 0 0.699433 0.491763 
0.436833 0 0.658912 0 0.699643 0.492165 
0.437107 0 0.659064 0 0.699867 0.492557 
0.437387 0 0.659209 0 0.700103 0.49294 
0.437664 0 0.659335 0 0.700346 0.493312 
0.437938 0 0.659444 0 0.700595 0.493676 
0.438217 0 0.659545 0 0.700855 0.49403 
0.438499 0 0.659635 0 0.701124 0.494376 
0.438777 0 0.659706 0 0.701397 0.494713 
0.439052 0 0.65976 0 0.701678 0.495041 
0.439333 0 0.659806 0 0.701969 0.495361 
0.439617 0 0.659842 0 0.70227 0.495674 
0.439857 0 0.65997 0 0.702491 0.495978 
0.440073 0 0.660156 0 0.702656 0.496275 
0.440315 0 0.660373 0 0.702845 0.496564 
0.44059 0 0.660614 0 0.703063 0.496847 
0.44089 0 0.660869 0 0.703309 0.497122 
0.441217 0 0.661144 0 0.70358 0.49739 
0.441522 0 0.661444 0 0.703803 0.497651 
0.441821 0 0.661769 0 0.704009 0.497906 
0.442115 0 0.662108 0 0.704206 0.498155 
0.442411 0 0.662465 0 0.704404 0.498397 
0.442721 0 0.66285 0 0.704612 0.498634 
0.443043 0 0.663263 0 0.704828 0.498864 
0.44337 0 0.663698 0 0.705051 0.499089 
0.443701 0 0.664157 0 0.705282 0.499308 
0.444045 0 0.664653 0 0.705528 0.499521 
0.444398 0 0.665187 0 0.705792 0.49973 
0.444754 0 0.665756 0 0.706073 0.499933 
0.445112 0 0.666368 0 0.706379 0.500131 
0.445479 0 0.667038 0 0.706719 0.500323 
0.445854 0 0.667777 0 0.707102 0.500512 
0.446228 0 0.668586 0 0.707531 0.500695 
0.446602 0 0.669478 0 0.708016 0.500874 
0.446984 0 0.670475 0 0.708569 0.501049 
0.447369 0 0.671584 0 0.709192 0.501219 
0.447753 0 0.672803 0 0.709884 0.501385 
0.448134 0 0.674137 0 0.710643 0.501546 
0.448519 0 0.675593 0 0.711465 0.501704 
0.448908 0 0.677163 0 0.712338 0.501858 
0.449292 0 0.678829 0 0.713245 0.502008 
0.449671 0 0.680579 0 0.714172 0.502154 
0.450267 0 0.68251 0 0.715334 0.502296 
0.450987 0 0.684585 0 0.716632 0.502435 
0.451758 0 0.686751 0 0.717965 0.502571 
0.452554 0 0.688953 0 0.719294 0.502703 
0.453443 0 0.691132 0 0.720743 0.502832 
0.454118 0 0.693099 0 0.721897 0.502957 
0.45509 0 0.695349 0 0.72324 0.503079 
0.456057 0 0.697512 0 0.72452 0.503198 
0.456807 0 0.699413 0 0.725488 0.503315 
0.457817 0 0.701529 0 0.72658 0.503428 
0.458812 0 0.703446 0 0.727634 0.503539 
0.459794 0 0.705226 0 0.728601 0.503647 
0.460899 0 0.70693 0 0.72966 0.503752 
0.461836 0 0.708437 0 0.730411 0.503854 
0.462968 0 0.710021 0 0.731241 0.503954 
0.464098 0 0.711489 0 0.731979 0.504052 
0.465029 0 0.712751 0 0.732392 0.504146 
0.465965 0 0.713926 0 0.732729 0.504239 
0.466899 0 0.71501 0 0.732993 0.504329 
0.467833 0 0.716013 0 0.733193 0.504417 
0.46893 0 0.71706 0 0.733498 0.504503 
0.469918 0 0.717969 0 0.733642 0.504587 
0.470946 0 0.718767 0 0.733851 0.504668 
0.472016 0 0.719504 0 0.734105 0.504748 
0.473139 0 0.720208 0 0.734413 0.504825 
0.474225 0 0.720858 0 0.734662 0.504901 
0.4754 0 0.721545 0 0.734976 0.504974 
0.476579 0 0.722196 0 0.735309 0.505046 
0.477798 0 0.722843 0 0.735695 0.505116 
0.479078 0 0.723502 0 0.73616 0.505184 
0.480433 0 0.72418 0 0.73673 0.50525 
0.48188 0 0.724894 0 0.737425 0.505315 
0.483436 0 0.725664 0 0.738264 0.505378 
0.485104 0 0.726491 0 0.739253 0.50544 
0.486879 0 0.727369 0 0.74039 0.5055 
0.488756 0 0.728299 0 0.741673 0.505558 
0.490735 0 0.729287 0 0.743097 0.505615 
0.492804 0 0.730329 0 0.744649 0.505671 
0.494944 0 0.731413 0 0.746313 0.505725 
0.497143 0 0.732535 0 0.748073 0.505777 
0.499395 0 0.7337 0 0.749919 0.505829 
0.501685 0 0.734903 0 0.751834 0.505878 
0.503994 0 0.736131 0 0.753803 0.505927 
0.506313 0 0.737382 0 0.755813 0.505974 
0.50864 0 0.738664 0 0.757859 0.50602 
0.510971 0 0.739971 0 0.759938 0.506065 
0.513299 0 0.741295 0 0.762047 0.506108 
0.515607 0 0.742649 0 0.764162 0.506151 
0.517921 0 0.74403 0 0.766312 0.506192 
0.520241 0 0.745438 0 0.768495 0.506232 
0.52252 0 0.746884 0 0.770664 0.506271 
0.524799 0 0.748348 0 0.772863 0.506308 
0.527087 0 0.749839 0 0.775097 0.506345 
0.529381 0 0.751354 0 0.777362 0.50638 
0.531675 0 0.752883 0 0.779654 0.506414 
0.53397 0 0.754427 0 0.781974 0.506447 
0.536192 0 0.756051 0 0.784246 0.506479 
0.538422 0 0.757699 0 0.786549 0.506509 
0.540653 0 0.75936 0 0.788881 0.506538 
0.542886 0 0.761033 0 0.79124 0.506566 
0.54468 0 0.762151 0 0.79397 0.506592 
0.546203 0 0.763301 0 0.796153 0.506618 
0.547448 0 0.764356 0 0.797805 0.506641 
0.548478 0 0.765341 0 0.79908 0.506663 
0.549377 0 0.766297 0 0.800173 0.506684 
0.550208 0 0.767246 0 0.801228 0.506702 
0.55104 0 0.76821 0 0.802309 0.506718 
0.551876 0 0.769188 0 0.803416 0.506732 
0.552723 0 0.77019 0 0.804553 0.506744 
0.553581 0 0.771213 0 0.805717 0.506752 
0.554441 0 0.772248 0 0.806904 0.506758 
0.555305 0 0.773295 0 0.808115 0.50676 
0.55618 0 0.774363 0 0.809353 0.506758 
0.556895 0 0.775324 0 0.810684 0.506752 
0.557573 0 0.776371 0 0.811816 0.50674 
0.558202 0 0.777426 0 0.812801 0.506722 
0.558795 0 0.778485 0 0.813698 0.506698 
0.55927 0 0.779508 0 0.814538 0.506665 
0.559751 0 0.780573 0 0.815324 0.506623 
0.560233 0 0.781653 0 0.816093 0.50657 
0.560657 0 0.782714 0 0.816899 0.506505 
0.561084 0 0.783803 0 0.817679 0.506426 
0.561457 0 0.784856 0 0.818422 0.506329 
0.561855 0 0.785949 0 0.819117 0.506213 
0.562218 0 0.787017 0 0.819838 0.506073 
0.562555 0 0.788074 0 0.82053 0.505907 
0.562865 0 0.789117 0 0.821186 0.505709 
0.563159 0 0.790151 0 0.821815 0.505474 
0.56345 0 0.791192 0 0.822431 0.505196 
0.563742 0 0.792242 0 0.823037 0.504867 
0.564029 0 0.793291 0 0.823631 0.504478 
0.564313 0 0.794337 0 0.82421 0.50402 
0.564601 0 0.795387 0 0.824778 0.503481 
0.564891 0 0.79644 0 0.825329 0.502846 
0.565177 0 0.797482 0 0.825858 0.502098 
0.56546 0 0.798513 0 0.826362 0.50122 
0.565747 0 0.799538 0 0.826842 0.500188 
0.566036 0 0.800555 0 0.827293 0.498975 
0.566321 0 0.801548 0 0.827705 0.497552 
0.566602 0 0.802516 0 0.828076 0.495882 
0.566886 0 0.803461 0 0.828402 0.493923 
0.567173 0 0.804376 0 0.828675 0.491626 
0.567455 0 0.805244 0 0.828881 0.488936 
0.567733 0 0.806057 0 0.829013 0.485787 
0.568014 0 0.806813 0 0.829061 0.482106 
0.568297 0 0.807498 0 0.829009 0.477811 
0.568574 0 0.808088 0 0.828838 0.47281 
0.568848 0 0.808565 0 0.82853 0.46701 
0.569123 0 0.808919 0 0.828067 0.460315 
0.5694 0 0.809127 0 0.827425 0.452638 
0.569671 0 0.809159 0 0.826579 0.443907 
0.569936 0 0.808995 0 0.825509 0.434079 
0.569798 0 0.808023 0 0.8235 0.423151 
0.569283 0 0.806228 0 0.82069 0.411157 
0.56854 0 0.803745 0 0.817342 0.398172 
0.567683 0 0.800776 0 0.813647 0.38431 
0.566838 0 0.797546 0 0.809706 0.369707 
0.566006 0 0.794074 0 0.805542 0.354511 
0.565178 0 0.790381 0 0.801182 0.338868 
0.564397 0 0.786549 0 0.796756 0.322915 
0.563655 0 0.782603 0 0.792259 0.306776 
0.562938 0 0.778561 0 0.7877 0.290553 
0.562234 0 0.774443 0 0.783101 0.274336 
0.561541 0 0.770276 0 0.77849 0.258195 
0.560865 0 0.766096 0 0.773895 0.242186 
0.560205 0 0.761923 0 0.769336 0.226355 
0.559554 0 0.757768 0 0.764825 0.210737 
0.558914 0 0.753648 0 0.760377 0.195358 
0.558291 0 0.749587 0 0.756008 0.180238 
0.557686 0 0.745593 0 0.751725 0.165391 
0.557092 0 0.741672 0 0.747534 0.150828 
0.556511 0 0.73783 0 0.743442 0.136556 
0.555953 0 0.734083 0 0.739458 0.12258 
0.555324 0 0.730204 0 0.735336 0.108901 
0.554651 0 0.726264 0 0.731184 0.0955192 
0.553964 0 0.72234 0 0.727082 0.0824344 
0.553288 0 0.718494 0 0.72308 0.0696442 
0.552635 0 0.714753 0 0.719183 0.0571457 
0.551999 0 0.711115 0 0.715398 0.0449357 
0.551382 0 0.707586 0 0.711731 0.0330099 
0.550793 0 0.704177 0 0.708187 0.0213642 
0.550231 0 0.700885 0 0.704764 0.00999374 
0.549667 0 0.69763 0 0.701393 -0.00110628 
0.549104 0 0.694427 0 0.698085 -0.0119408 
0.548555 0 0.691295 0 0.694857 -0.0225149 
0.548021 0 0.688242 0 0.691715 -0.032834 
0.547496 0 0.685269 0 0.688659 -0.0429031 
0.546984 0 0.682375 0 0.685691 -0.0527278 
0.546491 0 0.679569 0 0.682812 -0.0623128 
0.546016 0 0.676844 0 0.680017 -0.0716638 
0.54555 0 0.674191 0 0.6773 -0.0807856 
0.545095 0 0.671609 0 0.674658 -0.0896834 
0.544657 0 0.669102 0 0.672095 -0.0983623 
0.544235 0 0.666668 0 0.669606 -0.106827 
0.543822 0 0.6643 0 0.667188 -0.115083 
0.543419 0 0.661996 0 0.66484 -0.123134 
0.543034 0 0.659764 0 0.662564 -0.130986 
0.542663 0 0.6576 0 0.660358 -0.138643 
0.542302 0 0.655495 0 0.658216 -0.146109 
0.54195 0 0.653449 0 0.656137 -0.153389 
0.541614 0 0.651469 0 0.654124 -0.160487 
0.541292 0 0.64955 0 0.652175 -0.167408 
0.540979 0 0.647685 0 0.650283 -0.174156 
0.540674 0 0.645872 0 0.648448 -0.180734 
0.540385 0 0.64412 0 0.646673 -0.187147 
0.54011 0 0.642423 0 0.644956 -0.193399 
0.539842 0 0.640775 0 0.643291 -0.199492 
0.539582 0 0.639174 0 0.641677 -0.205432 
0.539337 0 0.637628 0 0.640118 -0.211222 
0.539105 0 0.636133 0 0.638612 -0.216864 
0.53888 0 0.634681 0 0.637153 -0.222363 
0.538661 0 0.633272 0 0.63574 -0.227722 
0.538457 0 0.631913 0 0.634377 -0.232943 
0.538266 0 0.6306 0 0.633062 -0.238032 
0.53808 0 0.629327 0 0.63179 -0.242989 
0.537901 0 0.628091 0 0.630559 -0.247819 
0.537735 0 0.626901 0 0.629375 -0.252524 
0.537581 0 0.625754 0 0.628235 -0.257107 
0.537432 0 0.624641 0 0.627133 -0.261571 
0.53729 0 0.623564 0 0.626069 -0.265918 
0.53716 0 0.622527 0 0.625047 -0.270152 
0.537041 0 0.62153 0 0.624066 -0.274274 
0.536927 0 0.620564 0 0.62312 -0.278287 
0.536818 0 0.61963 0 0.622208 -0.282194 
0.536722 0 0.618733 0 0.621336 -0.285997 
0.536636 0 0.617873 0 0.620501 -0.289697 
0.536555 0 0.617041 0 0.619698 -0.293299 
0.536478 0 0.616237 0 0.618927 -0.296802 
0.536413 0 0.615468 0 0.618192 -0.300211 
0.536359 0 0.614733 0 0.617491 -0.303526 
0.536308 0 0.614023 0 0.61682 -0.306749 
0.536261 0 0.613338 0 0.616178 -0.309883 
0.536226 0 0.612687 0 0.615571 -0.312929 
0.536201 0 0.612066 0 0.614995 -0.315889 
0.536179 0 0.611468 0 0.614446 -0.318765 
0.536161 0 0.610893 0 0.613924 -0.321558 
0.536154 0 0.610349 0 0.613435 -0.32427 
0.536156 0 0.609833 0 0.612975 -0.326903 
0.536162 0 0.609339 0 0.61254 -0.329458 
0.536171 0 0.608865 0 0.61213 -0.331937 
0.53619 0 0.60842 0 0.611751 -0.334341 
0.536219 0 0.608002 0 0.611399 -0.336671 
0.536251 0 0.607602 0 0.611072 -0.338928 
0.536286 0 0.607222 0 0.610767 -0.341115 
0.536331 0 0.606869 0 0.610491 -0.343232 
0.536385 0 0.606541 0 0.610242 -0.345281 
0.536442 0 0.60623 0 0.610015 -0.347262 
0.536501 0 0.605937 0 0.609809 -0.349176 
0.536571 0 0.605669 0 0.609631 -0.351026 
0.53665 0 0.605424 0 0.609479 -0.352811 
0.536731 0 0.605195 0 0.609347 -0.354533 
0.536814 0 0.604983 0 0.609236 -0.356192 
0.536908 0 0.604794 0 0.609151 -0.35779 
0.53701 0 0.604628 0 0.60909 -0.359327 
0.537114 0 0.604476 0 0.609049 -0.360804 
0.537221 0 0.604339 0 0.609028 -0.362222 
0.537338 0 0.604224 0 0.609032 -0.363582 
0.537463 0 0.604131 0 0.60906 -0.364883 
0.53759 0 0.604051 0 0.609106 -0.366128 
0.53772 0 0.603985 0 0.609172 -0.367315 
0.537859 0 0.603941 0 0.609262 -0.368447 
0.538007 0 0.603916 0 0.609375 -0.369522 
0.538156 0 0.603904 0 0.609506 -0.370542 
0.538308 0 0.603905 0 0.609655 -0.371506 
0.53847 0 0.603926 0 0.609829 -0.372416 
0.53864 0 0.603967 0 0.610026 -0.37327 
0.538704 0 0.603824 0 0.609932 -0.37407 
0.538689 0 0.603539 0 0.609635 -0.374814 
0.538628 0 0.60321 0 0.609251 -0.375504 
0.538547 0 0.602893 0 0.608864 -0.37614 
0.538468 0 0.602601 0 0.608505 -0.376721 
0.538392 0 0.602336 0 0.608177 -0.377247 
0.538327 0 0.602105 0 0.607883 -0.377719 
0.538311 0 0.601938 0 0.607725 -0.378136 
0.538312 0 0.601773 0 0.607599 -0.378496 
0.538315 0 0.601597 0 0.607467 -0.378801 
0.538322 0 0.601423 0 0.607332 -0.379048 
0.538332 0 0.601262 0 0.607205 -0.379238 
0.538342 0 0.601119 0 0.607091 -0.379369 
0.538355 0 0.600999 0 0.606998 -0.379439 
0.538378 0 0.600908 0 0.606929 -0.379449 
0.538409 0 0.600842 0 0.606881 -0.379395 
0.538441 0 0.600791 0 0.606846 -0.379277 
0.538472 0 0.600756 0 0.606822 -0.379093 
0.538511 0 0.600744 0 0.606817 -0.37884 
0.538555 0 0.600755 0 0.606829 -0.378516 
0.538599 0 0.600783 0 0.606853 -0.37812 
0.538642 0 0.600829 0 0.606893 -0.377648 
0.538693 0 0.600902 0 0.606953 -0.377098 
0.538749 0 0.601001 0 0.607034 -0.376467 
0.538805 0 0.60112 0 0.607131 -0.375752 
0.53886 0 0.60126 0 0.607245 -0.374949 
0.538922 0 0.601429 0 0.607383 -0.374057 
0.538923 0 0.601523 0 0.607425 -0.37307 
0.538879 0 0.601556 0 0.607409 -0.371987 
0.538833 0 0.601592 0 0.607389 -0.370805 
0.538799 0 0.601664 0 0.607407 -0.369519 
0.538779 0 0.601779 0 0.607471 -0.368129 
0.538767 0 0.601932 0 0.607577 -0.366631 
0.53876 0 0.60212 0 0.607722 -0.365023 
0.538765 0 0.602348 0 0.607908 -0.363302 
0.538779 0 0.602611 0 0.60813 -0.361468 
0.538793 0 0.602899 0 0.608381 -0.359518 
0.538809 0 0.603214 0 0.608664 -0.357453 
0.538834 0 0.603564 0 0.608986 -0.355271 
0.538867 0 0.60395 0 0.609345 -0.352974 
0.5389 0 0.604365 0 0.609738 -0.350561 
0.538935 0 0.60481 0 0.610166 -0.348035 
0.538979 0 0.605293 0 0.610635 -0.345397 
0.539031 0 0.605812 0 0.611143 -0.342651 
0.539035 0 0.60629 0 0.611627 -0.3398 
0.539001 0 0.606738 0 0.612079 -0.336848 
0.538949 0 0.607185 0 0.612521 -0.333799 
0.538887 0 0.607648 0 0.612969 -0.33066 
0.538813 0 0.608127 0 0.613428 -0.327436 
0.53873 0 0.608621 0 0.613899 -0.324133 
0.538647 0 0.609136 0 0.614388 -0.320757 
0.538561 0 0.609669 0 0.614892 -0.317316 
0.538465 0 0.610208 0 0.615405 -0.313816 
0.538361 0 0.610754 0 0.615927 -0.310263 
0.538255 0 0.611312 0 0.616461 -0.306664 
0.538144 0 0.611877 0 0.617002 -0.303024 
0.53802 0 0.612441 0 0.617543 -0.299349 
0.537884 0 0.613002 0 0.618081 -0.295644 
0.537741 0 0.613565 0 0.61862 -0.291914 
0.537589 0 0.614127 0 0.619156 -0.288162 
0.53742 0 0.61468 0 0.619682 -0.28439 
0.537235 0 0.615223 0 0.620198 -0.2806 
0.537039 0 0.615762 0 0.620709 -0.276794 
0.536829 0 0.616294 0 0.621211 -0.27297 
0.536599 0 0.616812 0 0.621699 -0.269127 
0.536347 0 0.617314 0 0.622174 -0.265264 
0.53608 0 0.617809 0 0.622641 -0.261374 
0.535793 0 0.618294 0 0.623097 -0.257455 
0.53548 0 0.618763 0 0.623539 -0.2535 
0.535139 0 0.619216 0 0.623967 -0.249503 
0.534776 0 0.619661 0 0.624389 -0.245455 
0.534389 0 0.6201 0 0.624802 -0.241351 
0.533969 0 0.620526 0 0.625207 -0.237182 
0.533518 0 0.620942 0 0.625606 -0.232943 
0.533043 0 0.621359 0 0.626008 -0.228628 
0.532543 0 0.621779 0 0.626414 -0.224234 
0.532013 0 0.622199 0 0.626825 -0.219759 
0.531456 0 0.622623 0 0.627246 -0.215204 
0.530883 0 0.623062 0 0.627686 -0.210572 
0.530295 0 0.623518 0 0.628147 -0.20587 
0.52969 0 0.623988 0 0.628629 -0.201106 
0.529073 0 0.624473 0 0.629136 -0.196287 
0.528453 0 0.624984 0 0.629674 -0.191424 
0.527882 0 0.625555 0 0.630254 -0.186529 
0.527412 0 0.626214 0 0.630899 -0.181611 
0.527005 0 0.626951 0 0.631616 -0.176682 
0.526637 0 0.627742 0 0.632383 -0.171751 
0.526289 0 0.628561 0 0.633177 -0.166827 
0.525944 0 0.629386 0 0.633982 -0.161919 
0.5256 0 0.630211 0 0.634794 -0.157034 
0.525261 0 0.631041 0 0.635614 -0.152179 
0.524925 0 0.631872 0 0.636438 -0.147358 
0.524587 0 0.632696 0 0.637262 -0.142574 
0.524246 0 0.633513 0 0.638084 -0.137828 
0.523912 0 0.63433 0 0.63891 -0.133116 
0.523581 0 0.63515 0 0.63974 -0.128433 
0.523249 0 0.635968 0 0.640574 -0.123764 
0.522917 0 0.636789 0 0.641418 -0.119088 
0.522592 0 0.63763 0 0.642282 -0.114377 
0.522273 0 0.6385 0 0.643177 -0.10959 
0.521954 0 0.639405 0 0.644113 -0.104673 
0.521637 0 0.640362 0 0.645106 -0.0995646 
0.521328 0 0.641397 0 0.646179 -0.0941941 
0.521028 0 0.642527 0 0.647349 -0.0884883 
0.520728 0 0.643765 0 0.648631 -0.082379 
0.520432 0 0.645123 0 0.65004 -0.0758102 
0.520147 0 0.646621 0 0.65159 -0.0687437 
0.519871 0 0.648262 0 0.653283 -0.0611643 
0.519598 0 0.650035 0 0.655112 -0.0530799 
0.51933 0 0.651934 0 0.657072 -0.0445195 
0.519074 0 0.653955 0 0.659152 -0.0355291 
0.518828 0 0.65608 0 0.661334 -0.0261666 
0.518587 0 0.658286 0 0.663599 -0.0164961 
0.518352 0 0.660554 0 0.665927 -0.0065832 
0.518131 0 0.662876 0 0.668304 0.00350822 
0.51792 0 0.665233 0 0.670712 0.0137188 
0.517716 0 0.667603 0 0.673133 0.023995 
0.517517 0 0.669973 0 0.675552 0.0342899 
0.517333 0 0.672339 0 0.677962 0.0445629 
0.51716 0 0.674691 0 0.680351 0.0547801 
0.516993 0 0.677013 0 0.682707 0.0649128 
0.516832 0 0.679297 0 0.685025 0.0749377 
0.516685 0 0.681549 0 0.687302 0.0848358 
0.516549 0 0.68376 0 0.689531 0.0945918 
0.516418 0 0.685921 0 0.691709 0.104194 
0.516293 0 0.688028 0 0.693831 0.113633 
0.51618 0 0.69009 0 0.695901 0.122901 
0.516077 0 0.692102 0 0.697914 0.131995 
0.515978 0 0.694057 0 0.699869 0.140909 
0.515883 0 0.695955 0 0.701765 0.149642 
0.5158 0 0.697803 0 0.703607 0.158193 
0.515725 0 0.699601 0 0.705393 0.166561 
0.515653 0 0.701341 0 0.707121 0.174746 
0.515583 0 0.703025 0 0.708794 0.18275 
0.515523 0 0.704661 0 0.710416 0.190574 
0.515471 0 0.706251 0 0.711986 0.198219 
0.51542 0 0.707786 0 0.713504 0.205688 
0.51537 0 0.709268 0 0.714972 0.212983 
0.515329 0 0.710707 0 0.716395 0.220107 
0.515294 0 0.712104 0 0.717771 0.227062 
0.51526 0 0.713451 0 0.719103 0.23385 
0.515226 0 0.71475 0 0.720391 0.240476 
0.5152 0 0.716012 0 0.72164 0.246941 
0.515179 0 0.717236 0 0.72285 0.253248 
0.515159 0 0.718416 0 0.724021 0.259401 
0.515138 0 0.719554 0 0.725156 0.265402 
0.515125 0 0.720659 0 0.726258 0.271255 
0.515118 0 0.721732 0 0.727328 0.276961 
0.51511 0 0.722766 0 0.728366 0.282525 
0.515102 0 0.723762 0 0.729373 0.287948 
0.515102 0 0.724731 0 0.730354 0.293234 
0.515108 0 0.725673 0 0.731308 0.298385 
0.515114 0 0.72658 0 0.732236 0.303403 
0.51512 0 0.727454 0 0.733138 0.308293 
0.515135 0 0.728305 0 0.734021 0.313055 
0.515157 0 0.729132 0 0.734882 0.317693 
0.51518 0 0.72993 0 0.735721 0.322209 
0.515205 0 0.730698 0 0.736542 0.326606 
0.51524 0 0.731447 0 0.737346 0.330887 
0.515283 0 0.732175 0 0.738134 0.335053 
0.515329 0 0.732877 0 0.738906 0.339109 
0.51538 0 0.733553 0 0.739662 0.343055 
0.515442 0 0.734214 0 0.740409 0.346895 
0.515517 0 0.734857 0 0.741144 0.350633 
0.515597 0 0.735476 0 0.741867 0.35427 
0.515686 0 0.736073 0 0.742581 0.357811 
0.515792 0 0.736657 0 0.743291 0.361259 
0.515914 0 0.737227 0 0.743995 0.364617 
0.516048 0 0.737777 0 0.744694 0.36789 
0.516197 0 0.738307 0 0.745392 0.371083 
0.51637 0 0.738829 0 0.746093 0.374198 
0.516568 0 0.739342 0 0.746797 0.377243 
0.516788 0 0.739838 0 0.747507 0.380221 
0.517034 0 0.740321 0 0.748227 0.383137 
0.517316 0 0.740802 0 0.748962 0.385997 
0.517638 0 0.74128 0 0.749715 0.388805 
0.517996 0 0.74175 0 0.750488 0.391565 
0.518396 0 0.742216 0 0.751287 0.394281 
0.518849 0 0.74269 0 0.752116 0.396953 
0.519355 0 0.743173 0 0.752979 0.399585 
0.519911 0 0.74366 0 0.753875 0.402175 
0.520517 0 0.744155 0 0.754804 0.404722 
0.52118 0 0.744669 0 0.75577 0.407226 
0.521894 0 0.745204 0 0.756766 0.409684 
0.522649 0 0.74575 0 0.757787 0.412094 
0.523442 0 0.746309 0 0.758829 0.414455 
0.524272 0 0.746888 0 0.75989 0.416766 
0.525132 0 0.747486 0 0.760961 0.419025 
0.525788 0 0.748324 0 0.761696 0.421233 
0.526676 0 0.749005 0 0.762767 0.423389 
0.527389 0 0.749899 0 0.763581 0.425493 
0.5283 0 0.750605 0 0.76464 0.427547 
0.529004 0 0.751499 0 0.765366 0.429551 
0.529891 0 0.75219 0 0.766358 0.431506 
0.530602 0 0.753111 0 0.767054 0.433413 
0.531526 0 0.753855 0 0.768117 0.435272 
0.532279 0 0.754769 0 0.768937 0.437086 
0.533179 0 0.75545 0 0.769978 0.438854 
0.534022 0 0.756178 0 0.770937 0.440578 
0.534834 0 0.756889 0 0.771867 0.44226 
0.535727 0 0.757575 0 0.772895 0.443899 
0.536451 0 0.758394 0 0.773662 0.445498 
0.537325 0 0.759046 0 0.774678 0.447056 
0.538284 0 0.759651 0 0.7758 0.448576 
0.539063 0 0.760439 0 0.776658 0.450058 
0.539959 0 0.761061 0 0.77774 0.451503 
0.540775 0 0.761687 0 0.778721 0.452911 
0.541684 0 0.762231 0 0.779853 0.454285 
0.542421 0 0.762796 0 0.780785 0.455624 
0.543246 0 0.763253 0 0.781854 0.456929 
0.544126 0 0.763682 0 0.782996 0.458202 
0.544836 0 0.764261 0 0.783841 0.459444 
0.545633 0 0.764704 0 0.784876 0.460654 
0.546351 0 0.765135 0 0.785819 0.461834 
0.547143 0 0.765493 0 0.786895 0.462984 
0.547853 0 0.765869 0 0.787856 0.464106 
0.548622 0 0.766173 0 0.788929 0.465199 
0.549303 0 0.766485 0 0.789886 0.466266 
0.550036 0 0.766737 0 0.79093 0.467305 
0.550696 0 0.767006 0 0.791877 0.468319 
0.551407 0 0.767202 0 0.792934 0.469307 
0.552036 0 0.767398 0 0.793884 0.470271 
0.55271 0 0.767534 0 0.794916 0.47121 
0.553311 0 0.767676 0 0.795849 0.472126 
0.553953 0 0.767748 0 0.796878 0.473019 
0.554678 0 0.76787 0 0.798025 0.47389 
0.555462 0 0.768032 0 0.799223 0.474739 
0.556264 0 0.768197 0 0.800429 0.475567 
0.55706 0 0.768336 0 0.801631 0.476374 
0.557846 0 0.768445 0 0.802832 0.477161 
0.558629 0 0.768534 0 0.804038 0.477928 
0.559408 0 0.768604 0 0.805246 0.478677 
0.560178 0 0.768643 0 0.806454 0.479406 
0.560937 0 0.768651 0 0.807662 0.480117 
0.561692 0 0.768634 0 0.808872 0.48081 
0.562442 0 0.768591 0 0.810083 0.481486 
0.56318 0 0.768513 0 0.811294 0.482146 
0.563907 0 0.768398 0 0.812505 0.482788 
0.56463 0 0.768257 0 0.81372 0.483415 
0.565349 0 0.768088 0 0.814936 0.484026 
0.566056 0 0.767883 0 0.816152 0.484621 
0.566754 0 0.76764 0 0.817368 0.485202 
0.567448 0 0.767369 0 0.818587 0.485768 
0.568138 0 0.767069 0 0.819808 0.48632 
0.568816 0 0.76673 0 0.821028 0.486859 
0.569485 0 0.766353 0 0.822249 0.487383 
0.570151 0 0.765946 0 0.823472 0.487895 
0.570813 0 0.765508 0 0.824698 0.488394 
0.571464 0 0.76503 0 0.825922 0.48888 
0.572104 0 0.764511 0 0.827147 0.489355 
0.572743 0 0.763962 0 0.828374 0.489817 
0.573377 0 0.763381 0 0.829603 0.490268 
0.574 0 0.762759 0 0.830832 0.490708 
0.574612 0 0.762095 0 0.83206 0.491136 
0.575222 0 0.761399 0 0.833292 0.491554 
0.575827 0 0.76067 0 0.834527 0.491961 
0.57642 0 0.759898 0 0.835761 0.492359 
0.577002 0 0.759084 0 0.836997 0.492746 
0.57758 0 0.758238 0 0.838238 0.493124 
0.578151 0 0.757359 0 0.839485 0.493492 
0.578569 0 0.757164 0 0.840276 0.493851 
0.57894 0 0.757332 0 0.840906 0.494202 
0.579326 0 0.757686 0 0.841455 0.494543 
0.57964 0 0.757877 0 0.842032 0.494876 
0.579948 0 0.758072 0 0.842629 0.4952 
0.580253 0 0.758284 0 0.843258 0.495517 
0.580562 0 0.758535 0 0.843935 0.495825 
0.580874 0 0.758839 0 0.844673 0.496126 
0.581181 0 0.759205 0 0.845488 0.496419 
0.581485 0 0.759649 0 0.846394 0.496705 
0.581794 0 0.760195 0 0.847409 0.496983 
0.582105 0 0.760852 0 0.848538 0.497255 
0.582411 0 0.761611 0 0.849779 0.49752 
0.5827 0 0.762359 0 0.851184 0.497778 
0.58317 0 0.763685 0 0.852586 0.49803 
0.583754 0 0.765304 0 0.854045 0.498275 
0.584416 0 0.767073 0 0.855582 0.498514 
0.584963 0 0.768755 0 0.857083 0.498748 
0.585785 0 0.770878 0 0.858628 0.498975 
0.586394 0 0.772551 0 0.860237 0.499197 
0.587 0 0.7742 0 0.861831 0.499414 
0.587881 0 0.776325 0 0.863342 0.499625 
0.588771 0 0.778281 0 0.864937 0.49983 
0.589663 0 0.780199 0 0.866467 0.500031 
0.590796 0 0.782404 0 0.867976 0.500227 
0.591627 0 0.784024 0 0.869463 0.500417 
0.592707 0 0.786019 0 0.870805 0.500603 
0.593791 0 0.787921 0 0.872071 0.500784 
0.594873 0 0.789713 0 0.873255 0.500961 
0.595751 0 0.79176 0 0.874043 0.501133 
0.596597 0 0.793672 0 0.874586 0.501301 
0.597418 0 0.79547 0 0.874923 0.501464 
0.598237 0 0.797132 0 0.875158 0.501624 
0.599053 0 0.798657 0 0.875289 0.50178 
0.599875 0 0.800051 0 0.875318 0.501932 
0.600702 0 0.801313 0 0.875243 0.502079 
0.601527 0 0.802435 0 0.875064 0.502224 
0.602352 0 0.803421 0 0.874785 0.502364 
0.603184 0 0.804284 0 0.874414 0.502501 
0.604023 0 0.805032 0 0.873955 0.502635 
0.604727 0 0.805724 0 0.873292 0.502765 
0.605433 0 0.806314 0 0.872557 0.502893 
0.606149 0 0.806821 0 0.871761 0.503016 
0.606873 0 0.807254 0 0.870912 0.503137 
0.607598 0 0.807614 0 0.870015 0.503255 
0.608327 0 0.807911 0 0.86908 0.50337 
0.609066 0 0.808164 0 0.868119 0.503482 
0.609815 0 0.808381 0 0.867139 0.503591 
0.610566 0 0.808562 0 0.866144 0.503697 
0.611382 0 0.808704 0 0.865217 0.503801 
0.612282 0 0.808832 0 0.864366 0.503902 
0.613273 0 0.808945 0 0.863602 0.504 
0.614354 0 0.809035 0 0.862935 0.504096 
0.615537 0 0.809107 0 0.862381 0.50419 
0.616835 0 0.809176 0 0.861953 0.504282 
0.618254 0 0.809242 0 0.86166 0.504371 
0.619791 0 0.809298 0 0.861507 0.504457 
0.621448 0 0.809348 0 0.8615 0.504542 
0.623231 0 0.809403 0 0.86164 0.504625 
0.625135 0 0.809464 0 0.861924 0.504705 
0.627146 0 0.809527 0 0.862345 0.504784 
0.629254 0 0.809595 0 0.862896 0.50486 
0.631457 0 0.809681 0 0.863568 0.504935 
0.63374 0 0.809789 0 0.86435 0.505008 
0.636083 0 0.809914 0 0.865229 0.505079 
0.638474 0 0.81006 0 0.866195 0.505148 
0.640908 0 0.81024 0 0.86724 0.505215 
0.643373 0 0.810459 0 0.868353 0.505281 
0.645851 0 0.81071 0 0.869525 0.505345 
0.648334 0 0.810997 0 0.87075 0.505408 
0.650826 0 0.811327 0 0.872025 0.505468 
0.653324 0 0.811699 0 0.873347 0.505528 
0.655807 0 0.812128 0 0.874708 0.505586 
0.658292 0 0.812589 0 0.876113 0.505642 
0.660786 0 0.813086 0 0.877563 0.505697 
0.663288 0 0.813616 0 0.879052 0.505751 
0.66575 0 0.814239 0 0.880561 0.505803 
0.668214 0 0.814882 0 0.882107 0.505854 
0.669253 0 0.815715 1 0.882612 0.505902 
0.669899 0 0.816617 1 0.88284 0.505947 
0.670373 0 0.81746 1 0.883032 0.505994 
0.670735 0 0.81827 1 0.883211 0.506038 
0.671093 0 0.819158 1 0.883331 0.506082 
0.671435 0 0.820097 1 0.883438 0.506122 
0.671761 0 0.821092 1 0.883545 0.50616 
0.672076 0 0.822151 1 0.883658 0.506193 
0.672282 0 0.823193 1 0.884615 0.50622 
0.672298 0 0.824164 1 0.885209 0.506242 
0.6722 0 0.825191 1 0.885544 0.506248 
0.672033 0 0.826293 1 0.885803 0.506233 
0.671806 0 0.827434 1 0.886011 0.506191 
0.671522 0 0.828586 1 0.886177 0.506108 
0.671194 0 0.829734 1 0.886315 0.505954 
0.670902 0 0.831337 1 0.88614 0.5057 
0.670593 0 0.832945 1 0.885954 0.505305 
0.670303 0 0.834528 1 0.885928 0.504695 
0.669998 0 0.836063 1 0.885909 0.503779 
0.669695 0 0.837547 1 0.885802 0.502438 
0.669429 0 0.83901 1 0.885705 0.500514 
0.669222 0 0.840444 1 0.885651 0.497819 
0.66907 0 0.84183 1 0.885612 0.494148 
0.668919 0 0.843054 0 0.885358 0.489283 
0.66876 0 0.84427 0 0.885094 0.484588 
0.668595 0 0.845477 0 0.884824 0.480074 
0.668424 0 0.846677 0 0.884549 0.475748 
0.668246 0 0.847872 0 0.884272 0.471618 
0.668063 0 0.849062 0 0.883996 0.467689 
0.667947 0 0.850334 0 0.883888 0.463964 
0.667853 0 0.851635 0 0.88385 0.460444 
0.667761 0 0.852945 0 0.883835 0.457131 
0.667669 0 0.854267 0 0.883841 0.454024 
0.667582 0 0.855608 0 0.883884 0.451122 
0.667505 0 0.856973 0 0.883972 0.448421 
0.667439 0 0.858365 0 0.884108 0.445918 
0.667383 0 0.859784 0 0.884289 0.443609 
0.667336 0 0.861229 0 0.884513 0.441489 
0.667297 0 0.862702 0 0.884778 0.439554 
0.667268 0 0.864202 0 0.885082 0.437796 
0.667247 0 0.86573 0 0.885423 0.436211 
0.667235 0 0.867286 0 0.885801 0.434792 
0.667231 0 0.86887 0 0.886213 0.433533 
0.667236 0 0.870481 0 0.886656 0.432427 
0.667294 0 0.872028 0 0.886356 0.431468 
0.667361 0 0.873567 0 0.885618 0.430649 
0.667446 0 0.875137 0 0.884733 0.429961 
0.667642 0 0.876671 0 0.884512 0.429398 
0.667911 0 0.878227 0 0.884483 0.428952 
0.668189 0 0.879808 0 0.884474 0.428617 
0.668475 0 0.881412 0 0.884482 0.428387 
0.668769 0 0.883042 0 0.884507 0.428255 
0.669132 0 0.88475 0 0.884337 0.428216 
0.669499 1 0.884641 0 0.88535 0.428265 
0.670025 1 0.884897 0 0.886469 0.428548 
0.670581 1 0.885342 0 0.887469 0.429015 
0.671152 0 0.885847 0 0.888405 0.429615 
0.671734 0 0.886368 0 0.889304 0.430194 
0.672324 0 0.886897 0 0.89018 0.430751 
0.672917 0 0.887427 0 0.891034 0.431285 
0.673511 0 0.887956 0 0.891861 0.431795 
0.674104 0 0.888513 0 0.892717 0.432281 
0.6747 0 0.889093 0 0.893563 0.432744 
0.674771 0 0.889737 1 0.893586 0.433185 
0.674774 0 0.890387 1 0.893525 0.433036 
0.67489 1 0.89032 1 0.893868 0.432127 
0.675061 1 0.890275 1 0.894046 0.430516 
0.675304 1 0.890327 1 0.894172 0.427971 
0.675646 1 0.890457 1 0.894325 0.424172 
0.676119 1 0.890653 1 0.894536 0.418711 
0.676758 1 0.890922 1 0.894831 0.41115 
0.677383 1 0.891148 1 0.8948 0.401177 
0.678068 1 0.891315 1 0.89486 0.388879 
0.678858 1 0.891549 1 0.895073 0.374586 
0.67968 1 0.891805 1 0.895382 0.358763 
0.680629 1 0.892097 1 0.895736 0.34194 
0.681665 1 0.892368 1 0.896079 0.32455 
0.682759 1 0.892606 1 0.896396 0.306913 
0.683888 1 0.892818 1 0.896672 0.289251 
0.685036 1 0.892996 1 0.896899 0.271714 
0.68619 1 0.893138 1 0.897072 0.254402 
0.687342 1 0.893243 1 0.897192 0.237373 
0.688483 1 0.893314 1 0.897257 0.220669 
0.689608 1 0.893348 1 0.897269 0.204308 
0.690711 1 0.893348 1 0.897229 0.188301 
0.69179 1 0.893313 1 0.897141 0.17266 
0.692941 1 0.89325 1 0.897079 0.15738 
0.694053 1 0.893186 1 0.896961 0.142466 
0.69513 1 0.893096 1 0.896788 0.127909 
0.696171 1 0.89298 1 0.896567 0.113705 
0.697174 1 0.892828 1 0.896308 0.0998476 
0.698138 1 0.89265 1 0.896009 0.0863285 
0.699062 1 0.892441 1 0.895674 0.0731416 
0.699945 1 0.892204 1 0.895304 0.0602816 
0.700788 1 0.891936 1 0.8949 0.0477424 
0.70159 1 0.891641 1 0.894464 0.0355135 
0.70235 1 0.891318 1 0.893997 0.0235853 
0.70307 1 0.890966 1 0.893498 0.0119522 
0.70375 1 0.890587 1 0.89297 0.000609789 
0.704389 1 0.890181 1 0.892414 -0.0104523 
0.704989 1 0.889748 1 0.891831 -0.0212364 
0.70555 1 0.889287 1 0.89122 -0.031754 
0.706073 1 0.888801 1 0.890583 -0.0420067 
0.706559 1 0.888289 1 0.88992 -0.0520052 
0.70701 1 0.88775 1 0.889234 -0.0617533 
0.707425 1 0.887186 1 0.888522 -0.0712601 
0.707871 1 0.886619 1 0.887824 -0.0805259 
0.708321 1 0.88606 1 0.887126 -0.0895648 
0.708759 1 0.885495 1 0.886417 -0.0983764 
0.709173 1 0.884911 1 0.885691 -0.106968 
0.709559 1 0.884306 1 0.884947 -0.115344 
0.70992 1 0.883677 1 0.884186 -0.123512 
0.710259 1 0.883028 1 0.88341 -0.131472 
0.710582 1 0.882362 1 0.882622 -0.139236 
0.710891 1 0.881682 1 0.881823 -0.146806 
0.711189 1 0.880987 1 0.881015 -0.154187 
0.711478 1 0.88028 1 0.880199 -0.161385 
0.71171 1 0.879487 1 0.879398 -0.168403 
0.711942 1 0.878692 1 0.878572 -0.175246 
0.712188 1 0.877911 1 0.877738 -0.181914 
0.712471 1 0.877176 1 0.876909 -0.188416 
0.712757 1 0.876441 1 0.876075 -0.194757 
0.71297 1 0.87563 1 0.875195 -0.200939 
0.713235 1 0.874864 1 0.874334 -0.206966 
0.713519 1 0.874109 1 0.873485 -0.212844 
0.713778 1 0.87332 1 0.872621 -0.218575 
0.714044 1 0.872529 1 0.871754 -0.224161 
0.714345 1 0.871762 1 0.870908 -0.229608 
0.714635 1 0.870977 1 0.870052 -0.23492 
0.714952 1 0.870208 1 0.869211 -0.2401 
0.715257 1 0.869419 1 0.86836 -0.245147 
0.71559 1 0.868644 1 0.867524 -0.250071 
0.715916 1 0.867856 1 0.866681 -0.254871 
0.716272 1 0.867085 1 0.865854 -0.259552 
0.716622 1 0.8663 1 0.865021 -0.264117 
0.717002 1 0.865532 1 0.864205 -0.268566 
0.71738 1 0.864753 1 0.863386 -0.272905 
0.717787 1 0.863991 1 0.862585 -0.277136 
0.718196 1 0.863222 1 0.861781 -0.281261 
0.718634 1 0.86247 1 0.860996 -0.285282 
0.719075 1 0.861713 1 0.86021 -0.289202 
0.719542 1 0.860969 1 0.859439 -0.293024 
0.720017 1 0.860226 1 0.858672 -0.296749 
0.720512 1 0.859492 1 0.857917 -0.300381 
0.721038 1 0.858785 1 0.857175 -0.303924 
0.721567 1 0.858076 1 0.856425 -0.307378 
0.722115 1 0.857377 1 0.855682 -0.310745 
0.722685 1 0.856694 1 0.854952 -0.314028 
0.723275 1 0.856027 1 0.854233 -0.317227 
0.723886 1 0.855374 1 0.853529 -0.320348 
0.724561 1 0.854797 1 0.852936 -0.323392 
0.725255 1 0.854258 1 0.85238 -0.326358 
0.725954 1 0.853727 1 0.851838 -0.329249 
0.726652 1 0.853191 1 0.851296 -0.332069 
0.727357 1 0.852652 1 0.850758 -0.334818 
0.728073 1 0.852114 1 0.850224 -0.3375 
0.728801 1 0.851579 1 0.849693 -0.340112 
0.729543 1 0.851046 1 0.849165 -0.34266 
0.730301 1 0.850516 1 0.848641 -0.345145 
0.731074 1 0.849991 1 0.848122 -0.347566 
0.731873 1 0.849484 1 0.847623 -0.349928 
0.732691 1 0.848993 1 0.847138 -0.35223 
0.733525 1 0.848512 1 0.846664 -0.354477 
0.734375 1 0.848041 1 0.8462 -0.356666 
0.735242 1 0.847578 1 0.845745 -0.3588 
0.736127 1 0.847125 1 0.8453 -0.360879 
0.737033 1 0.846681 1 0.844865 -0.362908 
0.73796 1 0.846248 1 0.844443 -0.364886 
0.73891 1 0.845828 1 0.844032 -0.366815 
0.739883 1 0.84542 1 0.843635 -0.368696 
0.74088 1 0.845025 1 0.84325 -0.370528 
0.741901 1 0.844642 1 0.842879 -0.372316 
0.742947 1 0.844274 1 0.842521 -0.374059 
0.744018 1 0.843919 1 0.842178 -0.375758 
0.745116 1 0.843578 1 0.841848 -0.377414 
0.746241 1 0.843252 1 0.841534 -0.379029 
0.747394 1 0.842941 1 0.841235 -0.380604 
0.748577 1 0.842645 1 0.840952 -0.382138 
0.749788 1 0.842366 1 0.840685 -0.383635 
0.751031 1 0.842103 1 0.840435 -0.385093 
0.752304 1 0.841857 1 0.840201 -0.386515 
0.75361 1 0.841628 1 0.839986 -0.387902 
0.754949 1 0.841418 1 0.839788 -0.389254 
0.756321 1 0.841226 1 0.839609 -0.390573 
0.757728 1 0.841053 1 0.83945 -0.391858 
0.759171 1 0.840899 1 0.839309 -0.393111 
0.76065 1 0.840766 1 0.839189 -0.394332 
0.762166 1 0.840653 1 0.839089 -0.395523 
0.763719 1 0.84056 1 0.839011 -0.396685 
0.765317 1 0.840499 1 0.838969 -0.397819 
0.766941 1 0.840458 1 0.838951 -0.398923 
0.768593 1 0.840438 1 0.838951 -0.399999 
0.770274 1 0.840434 1 0.838967 -0.401048 
0.77199 1 0.840449 1 0.839 -0.402069 
0.773745 1 0.840485 1 0.839054 -0.403067 
0.775542 1 0.840544 1 0.83913 -0.404039 
0.777381 1 0.840629 1 0.839232 -0.404986 
0.779269 1 0.840745 1 0.839364 -0.40591 
0.781201 1 0.84089 1 0.839523 -0.40681 
0.783176 1 0.84106 1 0.839706 -0.407689 
0.785195 1 0.841254 1 0.839914 -0.408546 
0.787257 1 0.841475 1 0.840146 -0.409382 
0.789362 1 0.841722 1 0.840406 -0.410195 
0.791515 1 0.841996 1 0.840695 -0.410988 
0.793717 1 0.8423 1 0.841012 -0.411762 
0.795967 1 0.842632 1 0.841359 -0.412516 
0.798267 1 0.842995 1 0.841736 -0.413252 
0.800615 1 0.843389 1 0.842144 -0.41397 
0.803013 1 0.843814 1 0.842582 -0.414669 
0.80546 1 0.84427 1 0.843051 -0.415349 
0.807958 1 0.844759 1 0.843552 -0.416013 
0.810506 1 0.845279 1 0.844086 -0.41666 
0.813104 1 0.845833 1 0.844652 -0.417291 
0.815753 1 0.846421 1 0.845251 -0.417907 
0.818453 1 0.847043 1 0.845885 -0.418507 
0.821203 1 0.8477 1 0.846552 -0.419092 
0.824003 1 0.848391 1 0.847255 -0.419661 
0.826853 1 0.849118 1 0.847992 -0.420218 
0.829751 1 0.849881 1 0.848766 -0.420759 
0.832698 1 0.85068 1 0.849574 -0.421287 
0.835692 1 0.851515 1 0.850419 -0.4218 
0.838732 1 0.852387 1 0.8513 -0.422305 
0.841817 1 0.853296 1 0.852217 -0.422794 
0.844943 1 0.854243 1 0.85317 -0.423271 
0.848111 1 0.855225 1 0.85416 -0.423737 
0.851318 1 0.856244 1 0.855187 -0.424192 
0.85456 1 0.857301 1 0.856249 -0.424635 
0.857834 1 0.858394 1 0.857347 -0.425065 
0.861139 1 0.859524 1 0.858481 -0.425487 
0.864469 1 0.860689 1 0.859651 -0.425897 
0.867819 1 0.86189 1 0.860855 -0.426298 
0.871184 1 0.863128 1 0.862093 -0.426689 
0.874561 1 0.864399 1 0.863364 -0.42707 
0.877942 1 0.865704 1 0.864668 -0.427444 
0.881318 1 0.867041 1 0.866003 -0.427803 
0.884682 1 0.868409 1 0.867369 -0.428156 
0.888025 1 0.869811 1 0.868761 -0.428503 
0.891337 1 0.871245 1 0.870175 -0.428838 
0.891628 1 0.87141 1 0.870303 -0.429165 
0.891389 1 0.871488 1 0.870323 -0.429492 
0.891288 1 0.871604 1 0.870302 -0.429796 
0.891254 1 0.871585 1 0.870235 -0.430096 
0.891225 1 0.871538 1 0.870169 -0.430391 
0.891197 1 0.871476 1 0.87011 -0.430678 
0.891166 1 0.87141 1 0.870056 -0.430958 
0.891134 1 0.871341 1 0.870006 -0.431231 
0.8911 1 0.87127 1 0.869958 -0.431497 
0.891065 1 0.871199 1 0.869911 -0.431756 
0.891069 1 0.871148 1 0.869871 -0.432009 
0.891123 1 0.871118 1 0.869855 -0.432255 
0.891212 1 0.871107 1 0.869862 -0.432494 
0.891323 1 0.871108 1 0.869886 -0.432728 
0.891342 1 0.871138 1 0.869858 -0.432958 
0.891332 1 0.871155 1 0.86984 -0.433183 
0.891325 1 0.871162 1 0.869832 -0.433397 
0.891327 1 0.871162 1 0.869832 -0.433607 
0.891336 1 0.871156 1 0.869837 -0.433813 
0.891351 1 0.871148 1 0.869846 -0.434014 
0.891368 1 0.871137 1 0.869859 -0.434207 
0.891391 1 0.871123 1 0.869876 -0.434398 
0.891417 1 0.871105 1 0.869896 -0.434586 
0.891446 1 0.871085 1 0.869921 -0.434766 
0.891478 1 0.871063 1 0.869947 -0.434942 
0.891513 1 0.871039 1 0.869977 -0.435113 
0.89155 1 0.871013 1 0.870009 -0.43528 
0.89159 1 0.870986 1 0.870043 -0.435445 
0.891631 1 0.870957 1 0.870079 -0.435605 
0.891673 1 0.870927 1 0.870116 -0.43576 
0.891717 1 0.870895 1 0.870155 -0.435913 
0.891761 1 0.870863 1 0.870194 -0.436062 
0.891757 1 0.870841 1 0.870215 -0.436204 
0.89174 1 0.870825 1 0.870227 -0.436343 
0.891725 1 0.870815 1 0.870233 -0.436476 
0.891716 1 0.870808 1 0.870236 -0.436609 
0.891711 1 0.870805 1 0.870237 -0.43674 
0.891709 1 0.870803 1 0.870236 -0.436867 
0.89171 1 0.870803 1 0.870235 -0.43699 
0.891713 1 0.870805 1 0.870232 -0.437111 
0.891719 1 0.870809 1 0.870227 -0.437229 
0.891727 1 0.870815 1 0.870221 -0.437343 
0.891737 1 0.870822 1 0.870214 -0.437454 
0.891749 1 0.870832 1 0.870205 -0.437563 
0.891762 1 0.870842 1 0.870195 -0.437671 
0.891777 1 0.870854 1 0.870185 -0.437774 
0.891793 1 0.870866 1 0.870174 -0.437874 
0.89181 1 0.870879 1 0.870163 -0.437971 
0.891827 1 0.870892 1 0.870151 -0.438064 
0.891844 1 0.870905 1 0.87014 -0.438158 
0.891861 1 0.870917 1 0.870129 -0.438249 
0.891879 1 0.870931 1 0.870118 -0.438338 
0.891881 1 0.870942 1 0.870115 -0.438424 
0.891883 1 0.87095 1 0.870116 -0.438506 
0.891885 1 0.870956 1 0.87012 -0.438589 
0.891888 1 0.870959 1 0.870125 -0.438668 
0.89189 1 0.870962 1 0.87013 -0.438744 
0.891893 1 0.870966 1 0.870135 -0.43882 
0.891895 1 0.870969 1 0.87014 -0.438894 
0.891898 1 0.870973 1 0.870145 -0.438965 
0.891901 1 0.870975 1 0.870148 -0.439036 
0.891904 1 0.870978 1 0.870146 -0.439103 
0.891908 1 0.87098 1 0.870144 -0.43917 
0.891913 1 0.870983 1 0.870142 -0.439236 
0.891917 1 0.870986 1 0.87014 -0.4393 
0.891922 1 0.870989 1 0.870137 -0.439361 
0.891926 1 0.870992 1 0.870135 -0.439421 
0.891931 1 0.870995 1 0.870132 -0.439482 
0.891935 1 0.870998 1 0.87013 -0.439541 
0.89194 1 0.871001 1 0.870128 -0.439597 
0.891944 1 0.871004 1 0.870127 -0.439651 
0.891948 1 0.871007 1 0.87013 -0.439704 
0.891951 1 0.87101 1 0.870134 -0.439757 
0.891953 1 0.871012 1 0.870138 -0.439807 
0.891956 1 0.871014 1 0.870142 -0.439856 
0.891958 1 0.871016 1 0.870146 -0.439904 
0.891961 1 0.871018 1 0.87015 -0.43995 
0.891964 1 0.871021 1 0.870154 -0.439996 
0.891966 1 0.871022 1 0.870158 -0.440039 
0.891969 1 0.871024 1 0.870161 -0.440083 
0.891972 1 0.871026 1 0.870161 -0.440125 
0.891976 1 0.871027 1 0.870161 -0.440167 
0.89198 1 0.87103 1 0.87016 -0.440206 
0.891983 1 0.871031 1 0.870159 -0.440246 
0.891987 1 0.871032 1 0.870159 -0.440284 
0.891991 1 0.871034 1 0.870158 -0.44032 
0.891995 1 0.871036 1 0.870157 -0.440356 
0.891998 1 0.871037 1 0.870157 -0.44039 
0.892002 1 0.871038 1 0.870157 -0.440425 
0.892006 1 0.87104 1 0.870157 -0.440458 
0.892009 1 0.871041 1 0.870157 -0.440492 
0.892013 1 0.871044 1 0.87016 -0.440523 
0.892016 1 0.871045 1 0.870163 -0.440554 
0.892018 1 0.871047 1 0.870166 -0.440584 
0.892021 1 0.871049 1 0.87017 -0.440613 
0.892024 1 0.87105 1 0.870173 -0.440641 
0.892026 1 0.871051 1 0.870176 -0.440668 
0.892029 1 0.871052 1 0.870177 -0.440696 
0.892032 1 0.871053 1 0.870178 -0.440722 
0.892035 1 0.871054 1 0.870179 -0.440748 
0.892039 1 0.871054 1 0.870179 -0.440773 
0.892042 1 0.871056 1 0.87018 -0.440797 
0.892046 1 0.871057 1 0.87018 -0.440821 
0.892049 1 0.871057 1 0.870181 -0.440843 
0.892052 1 0.871058 1 0.870181 -0.440866 
0.892056 1 0.871059 1 0.870181 -0.440886 
0.892059 1 0.87106 1 0.870182 -0.440908 
