0.307349 0 0.428891 0 0.428889 0.500001 
0.307117 0 0.431068 0 0.430781 0.499425 
0.306779 0 0.433219 0 0.432526 0.498883 
0.306387 0 0.435355 0 0.434191 0.498378 
0.305985 0 0.437485 0 0.435821 0.497911 
0.305587 0 0.439589 0 0.437433 0.497484 
0.305187 0 0.441662 0 0.439021 0.497096 
0.304791 0 0.443711 0 0.440585 0.496746 
0.3044 0 0.445732 0 0.442126 0.496434 
0.304008 0 0.447717 0 0.443638 0.496158 
0.303613 0 0.449664 0 0.445119 0.495915 
0.303224 0 0.451581 0 0.446572 0.495702 
0.30284 0 0.453467 0 0.447996 0.495518 
0.302455 0 0.455311 0 0.449385 0.495358 
0.302069 0 0.457115 0 0.45074 0.49522 
0.30169 0 0.458886 0 0.452063 0.495102 
0.301317 0 0.460622 0 0.453353 0.495001 
0.300943 0 0.462316 0 0.454605 0.494913 
0.300569 0 0.463967 0 0.455821 0.494837 
0.300203 0 0.465585 0 0.457004 0.49477 
0.299842 0 0.467168 0 0.458152 0.494709 
0.29948 0 0.468708 0 0.459263 0.494653 
0.299118 0 0.470208 0 0.460338 0.4946 
0.298915 0 0.471763 0 0.461573 0.494546 
0.29904 0 0.473662 0 0.463037 0.494491 
0.299353 0 0.475717 0 0.464634 0.494432 
0.299779 0 0.477843 0 0.466308 0.494366 
0.300281 0 0.480004 0 0.468023 0.494293 
0.300722 0 0.482039 0 0.46968 0.494209 
0.301298 0 0.484226 0 0.471397 0.494112 
0.301802 0 0.486318 0 0.472998 0.494001 
0.302304 0 0.488373 0 0.474576 0.493871 
0.302924 0 0.490535 0 0.476244 0.493719 
0.303597 0 0.492686 0 0.477968 0.493544 
0.304298 0 0.494824 0 0.479721 0.49334 
0.305014 0 0.496952 0 0.481485 0.493104 
0.305742 0 0.499073 0 0.483253 0.492831 
0.306477 0 0.501184 0 0.485024 0.492515 
0.307223 0 0.50329 0 0.486804 0.49215 
0.307987 0 0.505405 0 0.488601 0.49173 
0.308767 0 0.507529 0 0.490415 0.491246 
0.309555 0 0.509656 0 0.492245 0.490688 
0.310353 0 0.51179 0 0.494094 0.490045 
0.311167 0 0.513941 0 0.495968 0.489305 
0.311994 0 0.516111 0 0.497867 0.488451 
0.312828 0 0.518294 0 0.499789 0.487468 
0.313671 0 0.520493 0 0.501738 0.486332 
0.314528 0 0.522717 0 0.503719 0.485021 
0.315398 0 0.524966 0 0.505731 0.483504 
0.316275 0 0.527234 0 0.507771 0.481748 
0.317159 0 0.529521 0 0.50984 0.479714 
0.318057 0 0.531835 0 0.511941 0.477354 
0.318967 0 0.534173 0 0.514072 0.474616 
0.319884 0 0.536525 0 0.516225 0.471438 
0.320807 0 0.538887 0 0.518399 0.467751 
0.321745 0 0.541263 0 0.520593 0.463478 
0.322695 0 0.543644 0 0.522797 0.458535 
0.323651 0 0.546011 0 0.524998 0.452835 
0.324615 0 0.548354 0 0.527185 0.446292 
0.325593 0 0.550664 0 0.529348 0.438825 
0.326583 0 0.552921 0 0.531465 0.430366 
0.32758 0 0.555096 0 0.533513 0.420868 
0.328584 0 0.557166 0 0.535468 0.410315 
0.3296 0 0.559112 0 0.537309 0.398723 
0.330626 0 0.56091 0 0.53901 0.386146 
0.331655 0 0.562527 0 0.540543 0.372671 
0.332686 0 0.563946 0 0.54189 0.358414 
0.333724 0 0.565159 0 0.543038 0.343507 
0.334766 0 0.566158 0 0.543976 0.32809 
0.335802 0 0.56693 0 0.544695 0.3123 
0.336833 0 0.567478 0 0.545195 0.296267 
0.337861 0 0.567816 0 0.545486 0.280105 
0.338885 0 0.567953 0 0.545572 0.263913 
0.339896 0 0.567893 0 0.545462 0.247771 
0.340893 0 0.567651 0 0.545167 0.231747 
0.341881 0 0.567249 0 0.544704 0.215894 
0.342857 0 0.566702 0 0.544087 0.200252 
0.343815 0 0.566016 0 0.543324 0.184852 
0.344753 0 0.565208 0 0.542431 0.169719 
0.345678 0 0.5643 0 0.541423 0.154869 
0.346588 0 0.563302 0 0.540312 0.140313 
0.347474 0 0.56222 0 0.539105 0.126058 
0.348338 0 0.561067 0 0.537813 0.11211 
0.349185 0 0.559859 0 0.53645 0.0984694 
0.350013 0 0.558606 0 0.535023 0.0851367 
0.350814 0 0.557308 0 0.533536 0.0721102 
0.351588 0 0.555973 0 0.531996 0.059387 
0.352341 0 0.554616 0 0.530413 0.0469636 
0.353069 0 0.55324 0 0.528792 0.0348357 
0.353764 0 0.551844 0 0.527132 0.0229985 
0.354424 0 0.55043 0 0.525439 0.0114471 
0.355053 0 0.549011 0 0.52372 0.000175818 
0.355643 0 0.547586 0 0.521978 -0.0108207 
0.355958 0 0.545495 0 0.519848 -0.021548 
0.356192 0 0.543058 0 0.517487 -0.0320116 
0.356398 0 0.540533 0 0.515094 -0.0422172 
0.356689 0 0.538135 0 0.512785 -0.0521704 
0.357031 0 0.535828 0 0.510538 -0.0618766 
0.357409 0 0.533602 0 0.508339 -0.071341 
0.357815 0 0.531456 0 0.506187 -0.080569 
0.358242 0 0.529388 0 0.504073 -0.0895657 
0.358677 0 0.52739 0 0.501992 -0.0983356 
0.359119 0 0.525462 0 0.499943 -0.106884 
0.35957 0 0.523609 0 0.497929 -0.115214 
0.360027 0 0.52183 0 0.495949 -0.123332 
0.360466 0 0.519861 0 0.493913 -0.131239 
0.360889 0 0.517749 0 0.491836 -0.13894 
0.361319 0 0.515582 0 0.489772 -0.146436 
0.361769 0 0.513429 0 0.487756 -0.153728 
0.362239 0 0.511328 0 0.485806 -0.160816 
0.362731 0 0.509298 0 0.483931 -0.167698 
0.363246 0 0.507351 0 0.482136 -0.174367 
0.363778 0 0.505488 0 0.480422 -0.180816 
0.364314 0 0.503701 0 0.478787 -0.187031 
0.364853 0 0.501997 0 0.477237 -0.19299 
0.365398 0 0.500391 0 0.475784 -0.198665 
0.365944 0 0.498893 0 0.474439 -0.204015 
0.366486 0 0.497509 0 0.47321 -0.208986 
0.367022 0 0.49626 0 0.472117 -0.213507 
0.36756 0 0.495174 0 0.471184 -0.217485 
0.368095 0 0.494277 0 0.470436 -0.220808 
0.368623 0 0.493596 0 0.469903 -0.223336 
0.369144 0 0.49317 0 0.469622 -0.224913 
0.369663 0 0.493048 0 0.469637 -0.225367 
0.37018 0 0.493268 0 0.469986 -0.224528 
0.370689 0 0.493863 0 0.470702 -0.222242 
0.371189 0 0.494859 0 0.471813 -0.218401 
0.371689 0 0.49628 0 0.473337 -0.212951 
0.372186 0 0.49812 0 0.47527 -0.205914 
0.372675 0 0.500353 0 0.47759 -0.197384 
0.373158 0 0.502944 0 0.480263 -0.187515 
0.37364 0 0.505853 0 0.483249 -0.176503 
0.37412 0 0.509028 0 0.486499 -0.16456 
0.374592 0 0.512409 0 0.489957 -0.151899 
0.375058 0 0.515946 0 0.493577 -0.138714 
0.375523 0 0.519602 0 0.49732 -0.125177 
0.375986 0 0.523335 0 0.501147 -0.111433 
0.376441 0 0.527106 0 0.505024 -0.0975986 
0.376888 0 0.530887 0 0.508924 -0.0837677 
0.377334 0 0.534663 0 0.512832 -0.0700133 
0.377778 0 0.538416 0 0.51673 -0.0563913 
0.378212 0 0.542124 0 0.5206 -0.0429442 
0.378638 0 0.545777 0 0.524433 -0.029703 
0.379062 0 0.549372 0 0.528226 -0.0166904 
0.379483 0 0.552904 0 0.531972 -0.00392247 
0.379894 0 0.556358 0 0.535662 0.00858994 
0.380295 0 0.559732 0 0.539295 0.0208398 
0.380694 0 0.563031 0 0.542873 0.0328235 
0.381088 0 0.566251 0 0.546392 0.0445395 
0.38147 0 0.569384 0 0.549848 0.0559878 
0.382122 0 0.572866 0 0.553626 0.0671701 
0.382934 0 0.576477 0 0.557499 0.0780889 
0.383807 0 0.580048 0 0.561327 0.0887477 
0.384681 0 0.583516 0 0.56508 0.0991506 
0.385553 0 0.586901 0 0.568775 0.109302 
0.386429 0 0.590216 0 0.57242 0.119205 
0.387308 0 0.593465 0 0.576017 0.128867 
0.388184 0 0.596644 0 0.579569 0.138291 
0.389059 0 0.59976 0 0.583081 0.147483 
0.38992 0 0.602857 0 0.586562 0.156448 
0.39077 0 0.605906 0 0.590002 0.165191 
0.391603 0 0.608888 0 0.593397 0.173717 
0.392421 0 0.611808 0 0.596755 0.182032 
0.39323 0 0.61468 0 0.600087 0.19014 
0.394032 0 0.617509 0 0.603395 0.198046 
0.394818 0 0.620288 0 0.606675 0.205756 
0.395589 0 0.623021 0 0.609929 0.213273 
0.39635 0 0.625714 0 0.613158 0.220603 
0.397096 0 0.628367 0 0.616358 0.227749 
0.39782 0 0.630969 0 0.619522 0.234717 
0.398516 0 0.633522 0 0.622646 0.241511 
0.399054 0 0.635836 0 0.624732 0.248135 
0.399517 0 0.637958 0 0.626194 0.254591 
0.399902 0 0.639806 0 0.627607 0.260885 
0.40019 0 0.641335 0 0.629236 0.267021 
0.400432 0 0.642758 0 0.630909 0.273001 
0.400679 0 0.644167 0 0.632573 0.278829 
0.400924 0 0.645555 0 0.634223 0.284507 
0.401169 0 0.64692 0 0.63586 0.29004 
0.401393 0 0.648235 0 0.637518 0.295429 
0.401606 0 0.649514 0 0.63917 0.300678 
0.401807 0 0.650756 0 0.640805 0.305787 
0.402003 0 0.651968 0 0.642428 0.31076 
0.402206 0 0.653163 0 0.644044 0.315598 
0.402418 0 0.654341 0 0.645653 0.320303 
0.402634 0 0.655495 0 0.647251 0.324876 
0.402855 0 0.656627 0 0.648838 0.329317 
0.40309 0 0.657746 0 0.650418 0.333627 
0.403338 0 0.658851 0 0.651987 0.337807 
0.403593 0 0.659932 0 0.653542 0.341856 
0.403905 0 0.661149 0 0.654911 0.345774 
0.404233 0 0.662376 0 0.656162 0.349558 
0.404556 0 0.663578 0 0.657316 0.353208 
0.404866 0 0.664742 0 0.658393 0.35672 
0.405167 0 0.665876 0 0.659418 0.360092 
0.405468 0 0.666989 0 0.660408 0.363319 
0.405769 0 0.668074 0 0.661361 0.366396 
0.406062 0 0.669119 0 0.66227 0.369319 
0.406347 0 0.670121 0 0.663132 0.37208 
0.406628 0 0.671084 0 0.663946 0.374671 
0.406905 0 0.672008 0 0.664711 0.377084 
0.40717 0 0.672884 0 0.665422 0.379307 
0.407425 0 0.673712 0 0.666078 0.38133 
0.407676 0 0.6745 0 0.666684 0.383139 
0.407921 0 0.675243 0 0.667236 0.384719 
0.408272 0 0.676196 0 0.667921 0.386053 
0.408659 0 0.677135 0 0.668591 0.387123 
0.409046 0 0.677996 0 0.669179 0.387907 
0.409482 0 0.678843 0 0.669722 0.388384 
0.409854 0 0.679588 0 0.670179 0.388527 
0.410271 0 0.680302 0 0.670596 0.388307 
0.410696 0 0.68096 0 0.670959 0.387695 
0.411111 0 0.681542 0 0.671262 0.386656 
0.411515 0 0.682031 0 0.67148 0.385152 
0.411912 0 0.682426 0 0.671605 0.383144 
0.412311 0 0.682729 0 0.671637 0.380589 
0.412714 0 0.682936 0 0.671568 0.377442 
0.413115 0 0.68303 0 0.671389 0.373655 
0.413517 0 0.683002 0 0.671091 0.369184 
0.413927 0 0.682847 0 0.670668 0.363983 
0.414344 0 0.682552 0 0.670105 0.358012 
0.414761 0 0.682095 0 0.669386 0.351236 
0.41518 0 0.681464 0 0.668498 0.343632 
0.415607 0 0.680656 0 0.667436 0.33519 
0.416041 0 0.67966 0 0.666188 0.325915 
0.416474 0 0.67846 0 0.664743 0.31583 
0.416908 0 0.677056 0 0.663101 0.304977 
0.417349 0 0.675457 0 0.661266 0.293415 
0.417796 0 0.673666 0 0.659243 0.281218 
0.418241 0 0.671686 0 0.657037 0.268472 
0.418685 0 0.669534 0 0.654664 0.25527 
0.419134 0 0.667235 0 0.652145 0.241706 
0.419586 0 0.664807 0 0.649498 0.227873 
0.420035 0 0.662264 0 0.646738 0.213859 
0.420482 0 0.65963 0 0.643888 0.199744 
0.420931 0 0.656932 0 0.640973 0.1856 
0.421383 0 0.654191 0 0.63801 0.171487 
0.421829 0 0.651417 0 0.635014 0.157458 
0.422271 0 0.648629 0 0.632001 0.143556 
0.422716 0 0.645849 0 0.628991 0.129816 
0.42316 0 0.643089 0 0.625994 0.116267 
0.423598 0 0.640354 0 0.623017 0.10293 
0.424031 0 0.637655 0 0.620072 0.0898224 
0.424463 0 0.635007 0 0.61717 0.0769568 
0.424894 0 0.632414 0 0.614315 0.0643422 
0.425314 0 0.629877 0 0.61151 0.0519847 
0.425724 0 0.6274 0 0.608761 0.0398882 
0.426129 0 0.624994 0 0.606075 0.0280546 
0.426523 0 0.622659 0 0.603452 0.016484 
0.426896 0 0.62039 0 0.600894 0.00517586 
0.427245 0 0.618188 0 0.598401 -0.00587195 
0.427569 0 0.61606 0 0.595981 -0.0166619 
0.427858 0 0.614003 0 0.593632 -0.0271971 
0.428183 0 0.612061 0 0.591377 -0.0374811 
0.428278 0 0.609275 0 0.58868 -0.0475179 
0.428227 0 0.606136 0 0.585665 -0.0573118 
0.42814 0 0.603041 0 0.582718 -0.0668666 
0.428082 0 0.600085 0 0.579873 -0.0761873 
0.428045 0 0.597242 0 0.577119 -0.0852788 
0.428033 0 0.594515 0 0.574457 -0.0941455 
0.42804 0 0.591903 0 0.571883 -0.102792 
0.428061 0 0.589398 0 0.569391 -0.111224 
0.428094 0 0.586997 0 0.566978 -0.119447 
0.428146 0 0.584705 0 0.564643 -0.127463 
0.428213 0 0.582515 0 0.562381 -0.13528 
0.42829 0 0.580419 0 0.560184 -0.1429 
0.428376 0 0.578416 0 0.558051 -0.150329 
0.428477 0 0.576509 0 0.555982 -0.157571 
0.428593 0 0.574694 0 0.553974 -0.164629 
0.428715 0 0.572965 0 0.552021 -0.171509 
0.428846 0 0.57132 0 0.550122 -0.178213 
0.428991 0 0.569765 0 0.548281 -0.184745 
0.429149 0 0.568296 0 0.546495 -0.191108 
0.429312 0 0.566907 0 0.54476 -0.197305 
0.429482 0 0.565597 0 0.543077 -0.203339 
0.429665 0 0.564374 0 0.54145 -0.20921 
0.429858 0 0.563234 0 0.539878 -0.214921 
0.430039 0 0.56174 0 0.538166 -0.220469 
0.43021 0 0.560082 0 0.536416 -0.225854 
0.4304 0 0.558425 0 0.53473 -0.231071 
0.430623 0 0.556845 0 0.533145 -0.236113 
0.430877 0 0.555357 0 0.53166 -0.240969 
0.431162 0 0.553952 0 0.530266 -0.245622 
0.431479 0 0.552628 0 0.528962 -0.250047 
0.431822 0 0.551384 0 0.527751 -0.25421 
0.432179 0 0.550227 0 0.526642 -0.258063 
0.432551 0 0.549179 0 0.525659 -0.261538 
0.43294 0 0.548274 0 0.52483 -0.26455 
0.433344 0 0.547544 0 0.524185 -0.266984 
0.433754 0 0.54702 0 0.523755 -0.268698 
0.434169 0 0.546748 0 0.523584 -0.269523 
0.434595 0 0.546783 0 0.523721 -0.269269 
0.435027 0 0.547174 0 0.524215 -0.267738 
0.435459 0 0.547962 0 0.525105 -0.264747 
0.43589 0 0.549185 0 0.526431 -0.260155 
0.436325 0 0.550871 0 0.528216 -0.253889 
0.436764 0 0.55302 0 0.530459 -0.245964 
0.437188 0 0.555596 0 0.533127 -0.236476 
0.437613 0 0.558566 0 0.536196 -0.225595 
0.438018 0 0.561871 0 0.539595 -0.213538 
0.438869 0 0.566229 0 0.543956 -0.20054 
0.439905 0 0.570953 0 0.548647 -0.186828 
0.440982 0 0.575768 0 0.553485 -0.172613 
0.442061 0 0.580699 0 0.558446 -0.158074 
0.443142 0 0.585703 0 0.563485 -0.143361 
0.444218 0 0.590736 0 0.568567 -0.128595 
0.445292 0 0.595768 0 0.573664 -0.113868 
0.446371 0 0.600785 0 0.578758 -0.0992531 
0.447453 0 0.605765 0 0.58383 -0.0848048 
0.448533 0 0.610686 0 0.588862 -0.0705632 
0.449611 0 0.615536 0 0.593845 -0.0565579 
0.450695 0 0.620314 0 0.598775 -0.042809 
0.451783 0 0.625011 0 0.603644 -0.0293309 
0.452869 0 0.629616 0 0.608444 -0.0161327 
0.453954 0 0.634124 0 0.613174 -0.00321958 
0.455044 0 0.63854 0 0.617835 0.00940601 
0.456139 0 0.642862 0 0.622426 0.0217438 
0.457231 0 0.64708 0 0.626942 0.0337953 
0.458321 0 0.651195 0 0.631384 0.0455632 
0.459417 0 0.655214 0 0.635757 0.0570508 
0.460516 0 0.659136 0 0.640062 0.0682625 
0.461572 0 0.663012 0 0.64442 0.0792027 
0.462582 0 0.666752 0 0.648712 0.0898767 
0.463543 0 0.670239 0 0.652757 0.10029 
0.464478 0 0.673664 0 0.656724 0.110447 
0.465384 0 0.67696 0 0.660597 0.120354 
0.466286 0 0.680152 0 0.664396 0.130016 
0.46719 0 0.683259 0 0.668144 0.139439 
0.468097 0 0.686285 0 0.671846 0.148629 
0.468998 0 0.689228 0 0.675503 0.15759 
0.469858 0 0.692067 0 0.679141 0.166328 
0.470691 0 0.694814 0 0.68275 0.174848 
0.471294 0 0.697118 0 0.684739 0.183154 
0.471706 0 0.69879 0 0.686302 0.191256 
0.472052 0 0.700354 0 0.687723 0.199154 
0.472294 0 0.701774 0 0.689177 0.206856 
0.472536 0 0.703173 0 0.690627 0.214365 
0.472773 0 0.704544 0 0.69207 0.221686 
0.473006 0 0.705888 0 0.693507 0.228824 
0.473242 0 0.707216 0 0.694943 0.235784 
0.473481 0 0.708527 0 0.696376 0.242569 
0.473716 0 0.709813 0 0.697803 0.249184 
0.473949 0 0.711075 0 0.699224 0.255632 
0.474186 0 0.712324 0 0.700643 0.261919 
0.474367 0 0.713509 0 0.702125 0.268047 
0.474504 0 0.714636 0 0.70361 0.27402 
0.474641 0 0.715742 0 0.705089 0.279842 
0.474786 0 0.716836 0 0.706565 0.285517 
0.474936 0 0.717915 0 0.708035 0.291046 
0.475086 0 0.718971 0 0.709495 0.296435 
0.475238 0 0.720005 0 0.710944 0.301684 
0.475398 0 0.721023 0 0.712384 0.306798 
0.475557 0 0.722033 0 0.713885 0.311778 
0.475707 0 0.72301 0 0.715379 0.316627 
0.475851 0 0.723956 0 0.716859 0.321346 
0.476005 0 0.724885 0 0.718323 0.325939 
0.476166 0 0.725805 0 0.71979 0.330406 
0.476331 0 0.726706 0 0.721253 0.334748 
0.476503 0 0.727591 0 0.722709 0.338967 
0.476688 0 0.72847 0 0.724163 0.343064 
0.476888 0 0.729342 0 0.725613 0.347039 
0.477095 0 0.730201 0 0.727055 0.350892 
0.477312 0 0.731047 0 0.72849 0.354622 
0.477545 0 0.731889 0 0.729921 0.358229 
0.477794 0 0.732728 0 0.731345 0.361711 
0.478051 0 0.733554 0 0.73276 0.365067 
0.478318 0 0.734368 0 0.734163 0.368295 
0.478601 0 0.735179 0 0.735558 0.37139 
0.478911 0 0.736344 0 0.737055 0.374351 
0.479235 0 0.737618 0 0.738557 0.377171 
0.479559 0 0.738853 0 0.740015 0.379846 
0.479889 0 0.740056 0 0.741433 0.382371 
0.480224 0 0.741225 0 0.742808 0.384738 
0.480557 0 0.742352 0 0.744135 0.386939 
0.480865 0 0.743314 0 0.744822 0.388967 
0.481247 0 0.744375 0 0.745526 0.39081 
0.481645 0 0.745403 0 0.746135 0.392459 
0.482096 0 0.746454 0 0.746687 0.3939 
0.482547 0 0.747468 0 0.747206 0.395121 
0.483005 0 0.748452 0 0.747693 0.396106 
0.483468 0 0.749402 0 0.748146 0.39684 
0.483929 0 0.75031 0 0.748559 0.397304 
0.484391 0 0.751173 0 0.74893 0.39748 
0.484859 0 0.751999 0 0.749261 0.397347 
0.485333 0 0.752782 0 0.749548 0.396882 
0.485805 0 0.753513 0 0.749784 0.396061 
0.486278 0 0.754186 0 0.749965 0.394858 
0.486758 0 0.754808 0 0.750091 0.393245 
0.487243 0 0.755371 0 0.750157 0.391192 
0.487672 0 0.755855 0 0.750146 0.388668 
0.488063 0 0.756248 0 0.750034 0.38564 
0.488461 0 0.756566 0 0.749846 0.382074 
0.488863 0 0.7568 0 0.749571 0.377935 
0.489256 0 0.756825 0 0.749078 0.37319 
0.489678 0 0.756791 0 0.748554 0.367804 
0.490108 0 0.756627 0 0.747901 0.361747 
0.490532 0 0.756304 0 0.747084 0.354992 
0.490983 0 0.755858 0 0.746128 0.34752 
0.491434 0 0.755255 0 0.745023 0.339321 
0.491849 0 0.754479 0 0.743748 0.330392 
0.492294 0 0.753535 0 0.742305 0.320745 
0.492733 0 0.752421 0 0.740709 0.310405 
0.493165 0 0.751112 0 0.73893 0.299411 
0.493596 0 0.749615 0 0.736966 0.287812 
0.494026 0 0.74794 0 0.734827 0.275673 
0.494451 0 0.746096 0 0.732522 0.263063 
0.494872 0 0.744098 0 0.730069 0.250058 
0.495296 0 0.741969 0 0.727488 0.236737 
0.495723 0 0.739724 0 0.724793 0.223177 
0.496145 0 0.737376 0 0.721999 0.209454 
0.496564 0 0.734943 0 0.719125 0.195634 
0.496985 0 0.732453 0 0.716192 0.181783 
0.497407 0 0.729921 0 0.713217 0.167953 
0.497823 0 0.727359 0 0.710212 0.154193 
0.498233 0 0.724784 0 0.707193 0.140544 
0.498645 0 0.722215 0 0.704176 0.127039 
0.498797 0 0.718781 0 0.700653 0.113706 
0.498777 0 0.714918 0 0.696881 0.100568 
0.498687 0 0.711002 0 0.693126 0.0876411 
0.498619 0 0.707165 0 0.689431 0.0749399 
0.498567 0 0.703412 0 0.685801 0.0624746 
0.498525 0 0.699746 0 0.682241 0.0502523 
0.498494 0 0.696177 0 0.67876 0.0382787 
0.49848 0 0.692717 0 0.675368 0.0265568 
0.49848 0 0.689369 0 0.672066 0.0150882 
0.49849 0 0.68613 0 0.668856 0.00387378 
0.498509 0 0.683004 0 0.665742 -0.00708745 
0.498545 0 0.680001 0 0.66273 -0.0177967 
0.498596 0 0.67712 0 0.65982 -0.0282562 
0.498656 0 0.674357 0 0.657011 -0.0384686 
0.498727 0 0.671714 0 0.654303 -0.0484369 
0.498815 0 0.669196 0 0.6517 -0.0581647 
0.49892 0 0.666799 0 0.649198 -0.067656 
0.499034 0 0.664518 0 0.646791 -0.076915 
0.49916 0 0.662348 0 0.644478 -0.085946 
0.499303 0 0.660294 0 0.642258 -0.0947537 
0.499461 0 0.65835 0 0.640125 -0.103343 
0.499628 0 0.656509 0 0.638073 -0.111718 
0.499804 0 0.654766 0 0.636098 -0.119884 
0.499932 0 0.652868 0 0.634113 -0.127846 
0.500013 0 0.650846 0 0.632096 -0.135607 
0.500059 0 0.648776 0 0.630081 -0.143171 
0.50009 0 0.646728 0 0.628107 -0.150544 
0.500126 0 0.644744 0 0.626192 -0.157728 
0.500172 0 0.642827 0 0.624332 -0.164727 
0.500225 0 0.64096 0 0.622513 -0.171543 
0.500286 0 0.63913 0 0.620727 -0.178181 
0.500364 0 0.637335 0 0.618973 -0.18464 
0.500459 0 0.635567 0 0.617249 -0.190923 
0.500567 0 0.63382 0 0.615552 -0.19703 
0.500693 0 0.632092 0 0.613885 -0.20296 
0.500844 0 0.630392 0 0.612256 -0.208708 
0.501021 0 0.628719 0 0.610667 -0.214271 
0.50122 0 0.62707 0 0.60912 -0.219638 
0.501441 0 0.625454 0 0.607626 -0.224794 
0.501692 0 0.623886 0 0.606197 -0.22972 
0.50197 0 0.622378 0 0.604847 -0.234386 
0.502267 0 0.62094 0 0.603588 -0.238748 
0.502582 0 0.619594 0 0.602439 -0.242749 
0.50292 0 0.618371 0 0.601429 -0.246311 
0.503275 0 0.617301 0 0.600586 -0.249331 
0.503641 0 0.616414 0 0.59994 -0.251678 
0.504014 0 0.615753 0 0.599534 -0.253191 
0.5044 0 0.615375 0 0.59942 -0.253685 
0.504794 0 0.61533 0 0.599647 -0.252959 
0.50519 0 0.615664 0 0.60026 -0.250818 
0.505585 0 0.616419 0 0.601304 -0.247099 
0.505987 0 0.617631 0 0.60281 -0.2417 
0.50638 0 0.6193 0 0.604775 -0.234602 
0.507152 0 0.622004 0 0.607706 -0.225876 
0.508141 0 0.625366 0 0.611252 -0.215675 
0.509225 0 0.629117 0 0.615181 -0.204205 
0.510347 0 0.633156 0 0.619426 -0.191706 
0.511461 0 0.637424 0 0.623909 -0.178415 
0.512569 0 0.641864 0 0.628577 -0.164556 
0.513679 0 0.646433 0 0.633384 -0.15032 
0.51479 0 0.651084 0 0.638286 -0.13587 
0.515896 0 0.655771 0 0.643244 -0.121334 
0.516999 0 0.660465 0 0.648229 -0.106816 
0.518106 0 0.665149 0 0.653223 -0.0923924 
0.519217 0 0.669801 0 0.658204 -0.0781224 
0.520286 0 0.674425 0 0.663205 -0.0640495 
0.521321 0 0.67897 0 0.668171 -0.0502048 
0.52236 0 0.683445 0 0.673096 -0.0366108 
0.523403 0 0.687843 0 0.677972 -0.0232824 
0.524444 0 0.69215 0 0.68279 -0.0102296 
0.525448 0 0.696356 0 0.687575 0.002542 
0.52643 0 0.700458 0 0.692307 0.0150295 
0.527399 0 0.704333 0 0.696846 0.0272327 
0.528371 0 0.70819 0 0.701372 0.0391524 
0.529331 0 0.711925 0 0.705811 0.0507916 
0.530297 0 0.715551 0 0.710163 0.0621534 
0.531267 0 0.71908 0 0.714454 0.0732422 
0.532232 0 0.722504 0 0.718681 0.0840625 
0.533194 0 0.725824 0 0.722847 0.0946193 
0.534115 0 0.729034 0 0.72699 0.104918 
0.535012 0 0.732131 0 0.731036 0.114963 
0.535885 0 0.735108 0 0.735004 0.124761 
0.53674 0 0.737975 0 0.738908 0.134318 
0.537585 0 0.740749 0 0.742759 0.143637 
0.538419 0 0.743432 0 0.74656 0.152726 
0.539238 0 0.746021 0 0.75031 0.161589 
0.53983 0 0.748191 0 0.752543 0.170231 
0.540291 0 0.750161 0 0.753969 0.178658 
0.540637 0 0.751726 0 0.755408 0.186875 
0.540893 0 0.753117 0 0.756938 0.194888 
0.54109 0 0.754419 0 0.75848 0.202701 
0.541291 0 0.755707 0 0.760015 0.210318 
0.541494 0 0.756983 0 0.761544 0.217745 
0.541694 0 0.75824 0 0.763065 0.224987 
0.541891 0 0.759479 0 0.764581 0.232048 
0.54206 0 0.760694 0 0.766151 0.238932 
0.54221 0 0.761881 0 0.767732 0.245644 
0.542341 0 0.763041 0 0.769313 0.252187 
0.542471 0 0.764187 0 0.77089 0.258567 
0.542601 0 0.765327 0 0.772491 0.264787 
0.542733 0 0.766461 0 0.774107 0.270851 
0.542864 0 0.767583 0 0.775732 0.276763 
0.543153 0 0.768956 0 0.777195 0.282525 
0.543495 0 0.770413 0 0.778598 0.288143 
0.543859 0 0.771901 0 0.779953 0.29362 
0.544224 0 0.77339 0 0.78127 0.298957 
0.544622 0 0.774906 0 0.782579 0.30416 
0.544945 0 0.776363 0 0.783866 0.30923 
0.545367 0 0.777898 0 0.785095 0.314171 
0.545682 0 0.77929 0 0.786368 0.318985 
0.5461 0 0.780812 0 0.787592 0.323676 
0.546496 0 0.782287 0 0.788824 0.328244 
0.546876 0 0.783726 0 0.790014 0.332694 
0.547239 0 0.785128 0 0.791154 0.337026 
0.547586 0 0.786498 0 0.792251 0.341242 
0.547928 0 0.787853 0 0.793313 0.345345 
0.548267 0 0.789192 0 0.794345 0.349337 
0.548597 0 0.79051 0 0.795344 0.353217 
0.54892 0 0.791804 0 0.796312 0.356988 
0.549242 0 0.793084 0 0.79725 0.360649 
0.549562 0 0.794347 0 0.798158 0.364203 
0.549874 0 0.795586 0 0.799032 0.367649 
0.550178 0 0.796801 0 0.799872 0.370986 
0.550482 0 0.798001 0 0.800683 0.374215 
0.550784 0 0.799185 0 0.801461 0.377335 
0.551078 0 0.800344 0 0.802205 0.380344 
0.551364 0 0.801479 0 0.802915 0.383241 
0.55165 0 0.802599 0 0.803594 0.386024 
0.551934 0 0.803701 0 0.804239 0.38869 
0.552209 0 0.804778 0 0.804847 0.391236 
0.552476 0 0.805829 0 0.80542 0.393658 
0.552743 0 0.806862 0 0.805958 0.395953 
0.553007 0 0.807877 0 0.80646 0.398113 
0.553262 0 0.808863 0 0.806922 0.400135 
0.553509 0 0.80982 0 0.807343 0.402011 
0.553753 0 0.810756 0 0.807726 0.403734 
0.553995 0 0.811669 0 0.808068 0.405295 
0.554226 0 0.812548 0 0.808364 0.406685 
0.554447 0 0.813392 0 0.808614 0.407895 
0.554666 0 0.814209 0 0.808818 0.408911 
0.555113 0 0.815511 0 0.809412 0.409722 
0.555617 0 0.816781 0 0.809987 0.410316 
0.556154 0 0.817985 0 0.810432 0.410675 
0.556698 0 0.81916 0 0.810838 0.410786 
0.557245 0 0.8203 0 0.811201 0.410629 
0.557791 0 0.821396 0 0.811516 0.410187 
0.558336 0 0.822445 0 0.811782 0.409438 
0.558887 0 0.823453 0 0.811997 0.40836 
0.559442 0 0.824414 0 0.812157 0.406931 
0.559994 0 0.825317 0 0.812255 0.405123 
0.560546 0 0.826156 0 0.812288 0.402911 
0.561091 0 0.826884 0 0.812173 0.400265 
0.561624 0 0.827509 0 0.81192 0.397156 
0.562138 0 0.828051 0 0.811657 0.393551 
0.562632 0 0.828468 0 0.81129 0.38942 
0.563113 0 0.828756 0 0.810794 0.384729 
0.563584 0 0.828919 0 0.810166 0.379449 
0.564046 0 0.828951 0 0.809411 0.37355 
0.564503 0 0.828849 0 0.808527 0.367007 
0.564963 0 0.828608 0 0.807511 0.359797 
0.565425 0 0.828216 0 0.80635 0.351909 
0.565882 0 0.827653 0 0.805035 0.343336 
0.566336 0 0.826914 0 0.803559 0.334081 
0.566793 0 0.825999 0 0.801921 0.324161 
0.56725 0 0.824906 0 0.800118 0.313602 
0.567702 0 0.823626 0 0.79815 0.302442 
0.568148 0 0.822166 0 0.796022 0.29073 
0.568597 0 0.82054 0 0.793744 0.278525 
0.569044 0 0.818757 0 0.791323 0.26589 
0.569485 0 0.816825 0 0.788772 0.252895 
0.569919 0 0.81476 0 0.786105 0.239611 
0.570353 0 0.812587 0 0.78334 0.226108 
0.570785 0 0.810324 0 0.780491 0.212453 
0.571208 0 0.807982 0 0.777574 0.198708 
0.571345 0 0.804486 0 0.774109 0.184932 
0.571299 0 0.800383 0 0.770341 0.171175 
0.57118 0 0.796148 0 0.766547 0.15748 
0.571069 0 0.79194 0 0.762748 0.143887 
0.570966 0 0.787769 0 0.75896 0.130427 
0.570878 0 0.783662 0 0.755202 0.117129 
0.570803 0 0.779634 0 0.751487 0.104014 
0.570737 0 0.775692 0 0.747828 0.0911004 
0.570681 0 0.771846 0 0.744235 0.0784033 
0.570641 0 0.768111 0 0.740718 0.0659333 
0.570615 0 0.764492 0 0.737284 0.0536993 
0.570599 0 0.760988 0 0.733937 0.0417073 
0.570592 0 0.757606 0 0.730683 0.0299617 
0.570603 0 0.754355 0 0.727528 0.0184653 
0.570628 0 0.751236 0 0.724475 0.00721922 
0.570663 0 0.748247 0 0.721525 -0.00377621 
0.570709 0 0.745389 0 0.718681 -0.0145214 
0.570772 0 0.742669 0 0.715945 -0.0250177 
0.570851 0 0.740086 0 0.713317 -0.0352672 
0.570941 0 0.737634 0 0.710793 -0.0452725 
0.571043 0 0.735311 0 0.708373 -0.0550364 
0.571162 0 0.73312 0 0.706055 -0.064563 
0.571297 0 0.731056 0 0.703835 -0.073856 
0.571442 0 0.72911 0 0.701705 -0.0829195 
0.571598 0 0.727278 0 0.699663 -0.0917582 
0.57177 0 0.725564 0 0.697707 -0.100377 
0.571955 0 0.72396 0 0.695828 -0.108779 
0.572073 0 0.722024 0 0.693869 -0.116969 
0.572141 0 0.719926 0 0.691886 -0.124952 
0.572193 0 0.717823 0 0.689948 -0.132731 
0.572247 0 0.715793 0 0.688084 -0.140309 
0.572298 0 0.713849 0 0.686264 -0.14769 
0.572349 0 0.711985 0 0.684485 -0.154875 
0.57243 0 0.710166 0 0.682758 -0.161868 
0.572536 0 0.708381 0 0.681064 -0.168668 
0.572659 0 0.706617 0 0.679395 -0.175276 
0.572801 0 0.704872 0 0.677749 -0.181688 
0.572971 0 0.703156 0 0.676133 -0.187902 
0.573168 0 0.701468 0 0.67455 -0.19391 
0.573389 0 0.699808 0 0.673005 -0.199699 
0.573635 0 0.698183 0 0.671505 -0.205254 
0.573912 0 0.696609 0 0.670066 -0.210549 
0.574218 0 0.695098 0 0.668701 -0.215549 
0.574545 0 0.693661 0 0.667423 -0.220203 
0.574891 0 0.692323 0 0.666258 -0.224446 
0.575262 0 0.691118 0 0.665233 -0.228185 
0.575652 0 0.690078 0 0.664379 -0.231306 
0.576054 0 0.689237 0 0.663732 -0.233661 
0.576465 0 0.688642 0 0.663334 -0.235077 
0.57689 0 0.688349 0 0.663238 -0.235357 
0.577325 0 0.688409 0 0.663491 -0.2343 
0.577762 0 0.688863 0 0.664134 -0.231724 
0.578201 0 0.689747 0 0.665203 -0.227494 
0.578647 0 0.691086 0 0.66672 -0.221549 
0.579077 0 0.692865 0 0.668665 -0.213917 
0.579507 0 0.695059 0 0.671031 -0.204717 
0.580338 0 0.698286 0 0.674307 -0.194136 
0.581377 0 0.702015 0 0.678028 -0.182405 
0.58249 0 0.705969 0 0.681973 -0.169765 
0.583639 0 0.710118 0 0.686141 -0.156452 
0.584782 0 0.714412 0 0.690461 -0.142673 
0.585928 0 0.718813 0 0.694893 -0.128607 
0.587075 0 0.723278 0 0.6994 -0.114397 
0.588218 0 0.727771 0 0.703952 -0.100159 
0.589358 0 0.732263 0 0.708524 -0.0859804 
0.590502 0 0.736742 0 0.713101 -0.0719278 
0.59165 0 0.74119 0 0.717667 -0.0580511 
0.592796 0 0.745586 0 0.72221 -0.0443862 
0.59394 0 0.749921 0 0.726721 -0.0309589 
0.59509 0 0.754194 0 0.731197 -0.0177871 
0.596243 0 0.758397 0 0.735632 -0.00488237 
0.597395 0 0.762519 0 0.740022 0.00774819 
0.598496 0 0.766612 0 0.74447 0.0201005 
0.599559 0 0.770611 0 0.748891 0.0321736 
0.600627 0 0.774523 0 0.753268 0.0439678 
0.601691 0 0.77834 0 0.757598 0.0554854 
0.602753 0 0.782061 0 0.761883 0.0667295 
0.603794 0 0.785613 0 0.766014 0.0777041 
0.604796 0 0.789067 0 0.770083 0.0884132 
0.605769 0 0.792381 0 0.774084 0.0988619 
0.606717 0 0.795557 0 0.77802 0.109055 
0.60765 0 0.79862 0 0.781909 0.118998 
0.60857 0 0.801586 0 0.785758 0.128697 
0.609472 0 0.804455 0 0.789571 0.138156 
0.61036 0 0.807227 0 0.79335 0.147381 
0.611241 0 0.80991 0 0.797098 0.156377 
0.612113 0 0.812502 0 0.800812 0.16515 
0.61297 0 0.814996 0 0.804497 0.173705 
0.613813 0 0.817395 0 0.808156 0.182047 
0.614394 0 0.819239 0 0.809859 0.19018 
0.614829 0 0.820841 0 0.810615 0.198112 
0.615145 0 0.822036 0 0.811525 0.205845 
0.615366 0 0.823066 0 0.812597 0.213386 
0.615557 0 0.824049 0 0.813708 0.220739 
0.615749 0 0.825023 0 0.814826 0.227908 
0.615937 0 0.825983 0 0.81595 0.234898 
0.616121 0 0.82693 0 0.817083 0.241713 
0.616268 0 0.82786 0 0.818305 0.248358 
0.616387 0 0.82877 0 0.81956 0.254836 
0.616505 0 0.829671 0 0.820827 0.261153 
0.616621 0 0.830565 0 0.822104 0.267311 
0.616745 0 0.831462 0 0.823394 0.273315 
0.616862 0 0.83237 0 0.82476 0.279169 
0.616968 0 0.833267 0 0.826154 0.284876 
0.617068 0 0.834154 0 0.827567 0.29044 
0.617172 0 0.835046 0 0.829005 0.295864 
0.617285 0 0.835944 0 0.830472 0.301152 
0.617402 0 0.836845 0 0.831969 0.306307 
0.617526 0 0.837749 0 0.833496 0.311332 
0.617665 0 0.838664 0 0.835053 0.31623 
0.617821 0 0.839591 0 0.836639 0.321005 
0.617985 0 0.84052 0 0.838251 0.325658 
0.618161 0 0.841453 0 0.839891 0.330193 
0.618355 0 0.842398 0 0.841557 0.334613 
0.61867 0 0.84364 0 0.842718 0.338919 
0.61898 0 0.844868 0 0.843743 0.343114 
0.619285 0 0.846106 0 0.844672 0.3472 
0.619592 0 0.847366 0 0.845557 0.35118 
0.619836 0 0.848571 0 0.846498 0.355055 
0.62008 0 0.849764 0 0.847438 0.358826 
0.620328 0 0.850943 0 0.848378 0.362497 
0.620655 0 0.852196 0 0.849185 0.366067 
0.621026 0 0.853464 0 0.849919 0.369539 
0.621335 0 0.854686 0 0.850872 0.372914 
0.621716 0 0.856034 0 0.851704 0.376191 
0.622083 0 0.857345 0 0.852505 0.379372 
0.622467 0 0.858647 0 0.853252 0.382458 
0.622803 0 0.859903 0 0.853965 0.385448 
0.623105 0 0.861124 0 0.854626 0.388343 
0.623393 0 0.86233 0 0.855243 0.391141 
0.62367 0 0.863528 0 0.85582 0.393843 
0.623934 0 0.864713 0 0.856363 0.396446 
0.62419 0 0.865886 0 0.856873 0.39895 
0.624444 0 0.867053 0 0.857351 0.401353 
0.624695 0 0.868213 0 0.857794 0.403652 
0.624936 0 0.869358 0 0.858201 0.405846 
0.625169 0 0.870485 0 0.858573 0.407929 
0.6254 0 0.871605 0 0.858908 0.4099 
0.625629 0 0.872714 0 0.859204 0.411752 
0.625681 1 0.872634 0 0.859898 0.413472 
0.625763 1 0.87274 0 0.860696 0.414981 
0.625799 1 0.872746 0 0.86126 0.416215 
0.625897 1 0.87282 0 0.861822 0.417161 
0.625995 0 0.87282 0 0.862313 0.41775 
0.626093 0 0.872776 0 0.862758 0.418142 
0.62619 0 0.872687 0 0.863156 0.418325 
0.626288 0 0.872549 0 0.863504 0.418286 
0.626385 0 0.87236 0 0.8638 0.418013 
0.626482 0 0.872119 0 0.864041 0.417491 
0.62658 0 0.87182 0 0.864223 0.416707 
0.626677 0 0.871463 0 0.864343 0.415644 
0.626774 0 0.871041 0 0.864397 0.414286 
0.626871 0 0.870552 0 0.86438 0.412616 
0.627079 0 0.87084 1 0.864188 0.410618 
0.627289 0 0.870923 1 0.863804 0.407622 
0.627812 1 0.871008 0 0.864149 0.403468 
0.628823 1 0.871364 1 0.864219 0.398221 
0.630194 1 0.871704 1 0.864727 0.390859 
0.631927 1 0.872274 1 0.865352 0.381259 
0.634006 1 0.873056 1 0.866117 0.369453 
0.636398 1 0.874002 1 0.866998 0.355731 
0.63905 1 0.87507 1 0.867961 0.340454 
0.641891 1 0.876213 1 0.868973 0.324094 
0.644824 1 0.877372 1 0.870008 0.307088 
0.647816 1 0.878517 1 0.871052 0.289792 
0.650822 1 0.87962 1 0.872063 0.272467 
0.653818 1 0.880668 1 0.873032 0.255283 
0.656794 1 0.881656 1 0.873957 0.238337 
0.659744 1 0.882586 1 0.87484 0.221681 
0.662663 1 0.88346 1 0.875682 0.205348 
0.665547 1 0.884284 1 0.87648 0.189356 
0.668394 1 0.885055 1 0.877239 0.173719 
0.671201 1 0.885781 1 0.877957 0.15844 
0.673966 1 0.88646 1 0.878639 0.14352 
0.676686 1 0.887094 1 0.879287 0.128955 
0.67936 1 0.887684 1 0.879902 0.114746 
0.681985 1 0.888234 1 0.880484 0.100879 
0.684561 1 0.888746 1 0.881035 0.0873504 
0.687467 1 0.889209 1 0.881679 0.0741531 
0.690621 1 0.88962 1 0.882607 0.0612798 
0.693888 1 0.890144 1 0.883711 0.0487162 
0.697145 1 0.890753 1 0.884825 0.036475 
0.700351 1 0.891429 1 0.885819 0.0245323 
0.703502 1 0.892089 1 0.886717 0.0128871 
0.706594 1 0.892733 1 0.887553 0.00152972 
0.709628 1 0.893364 1 0.888341 -0.00954728 
0.712605 1 0.893978 1 0.889088 -0.0203471 
0.715524 1 0.894573 1 0.889799 -0.0308793 
0.718387 1 0.895145 1 0.890479 -0.04115 
0.721193 1 0.895697 1 0.89113 -0.0511633 
0.723945 1 0.896227 1 0.891755 -0.0609291 
0.726642 1 0.896736 1 0.892354 -0.0704505 
0.729284 1 0.897226 1 0.892931 -0.0797355 
0.731874 1 0.897697 1 0.893486 -0.0887877 
0.734411 1 0.898149 1 0.89402 -0.0976151 
0.736897 1 0.898584 1 0.894534 -0.106222 
0.739332 1 0.899002 1 0.89503 -0.114615 
0.741717 1 0.899403 1 0.895509 -0.122798 
0.744053 1 0.899791 1 0.89597 -0.130777 
0.74634 1 0.900163 1 0.896416 -0.138555 
0.748579 1 0.900522 1 0.896846 -0.14614 
0.750771 1 0.900867 1 0.897262 -0.153535 
0.752539 1 0.901039 1 0.89763 -0.160746 
0.754103 1 0.901089 1 0.897867 -0.16778 
0.75563 1 0.901148 1 0.898071 -0.174635 
0.757122 1 0.901223 1 0.898245 -0.18132 
0.758581 1 0.901304 1 0.898399 -0.187837 
0.760006 1 0.901389 1 0.898541 -0.194192 
0.7614 1 0.901473 1 0.898674 -0.200389 
0.762761 1 0.901557 1 0.898801 -0.20643 
0.764091 1 0.901637 1 0.898922 -0.21232 
0.76539 1 0.901716 1 0.899038 -0.218062 
0.76655 1 0.90182 1 0.899088 -0.223661 
0.767644 1 0.901877 1 0.899102 -0.22912 
0.768708 1 0.901907 1 0.899126 -0.234442 
0.769745 1 0.901924 1 0.89916 -0.239631 
0.770757 1 0.901934 1 0.899198 -0.244692 
0.771743 1 0.901938 1 0.899239 -0.249626 
0.772704 1 0.901938 1 0.899281 -0.254435 
0.773641 1 0.901935 1 0.899321 -0.259124 
0.774554 1 0.901931 1 0.899362 -0.263697 
0.775426 1 0.901934 1 0.899394 -0.268156 
0.776273 1 0.901927 1 0.899419 -0.272502 
0.777102 1 0.901916 1 0.899446 -0.276739 
0.777913 1 0.901904 1 0.899476 -0.280871 
0.778703 1 0.901892 1 0.899507 -0.284898 
0.779474 1 0.901879 1 0.899538 -0.288826 
0.780225 1 0.901866 1 0.899569 -0.292656 
0.780958 1 0.901852 1 0.899601 -0.296389 
0.781674 1 0.901839 1 0.899632 -0.300029 
0.782373 1 0.901827 1 0.899664 -0.303576 
0.783055 1 0.901814 1 0.899696 -0.307035 
0.78372 1 0.901803 1 0.899728 -0.310408 
0.78457 1 0.901726 1 0.899903 -0.313695 
0.785534 1 0.90174 1 0.900145 -0.316899 
0.786561 1 0.901808 1 0.900426 -0.320025 
0.787642 1 0.901983 1 0.900712 -0.323073 
0.788741 1 0.902172 1 0.900976 -0.326043 
0.789837 1 0.902374 1 0.901227 -0.328938 
0.790913 1 0.902576 1 0.901467 -0.33176 
0.791974 1 0.902781 1 0.901702 -0.334512 
0.79302 1 0.902988 1 0.901934 -0.337195 
0.794052 1 0.903195 1 0.902164 -0.339811 
0.795069 1 0.903402 1 0.902392 -0.34236 
0.796106 1 0.903625 1 0.902632 -0.344845 
0.797161 1 0.903852 1 0.902885 -0.347267 
0.798231 1 0.904085 1 0.90315 -0.349629 
0.799306 1 0.904323 1 0.903424 -0.35193 
0.800382 1 0.904566 1 0.903701 -0.354172 
0.801458 1 0.904813 1 0.90398 -0.356358 
0.802533 1 0.905063 1 0.904261 -0.358489 
0.803611 1 0.905317 1 0.904546 -0.360566 
0.804692 1 0.905575 1 0.904834 -0.36259 
0.805778 1 0.905833 1 0.905127 -0.364562 
0.806872 1 0.906095 1 0.905425 -0.366485 
0.807972 1 0.906363 1 0.905729 -0.368358 
0.80908 1 0.906634 1 0.906037 -0.370184 
0.810196 1 0.906909 1 0.906349 -0.371962 
0.811318 1 0.907187 1 0.906663 -0.373694 
0.812447 1 0.907468 1 0.90698 -0.375381 
0.813584 1 0.907753 1 0.907299 -0.377025 
0.814729 1 0.90804 1 0.907621 -0.378626 
0.815882 1 0.908331 1 0.907944 -0.380186 
0.817044 1 0.908623 1 0.90827 -0.381704 
0.818215 1 0.908918 1 0.908596 -0.383182 
0.817836 1 0.908677 1 0.908411 -0.38462 
0.817552 1 0.908512 1 0.90833 -0.386022 
0.81732 1 0.908365 1 0.908255 -0.387386 
0.817113 1 0.908228 1 0.908187 -0.388712 
0.816917 1 0.9081 1 0.908118 -0.390004 
0.816723 1 0.90798 1 0.908046 -0.39126 
0.816529 1 0.907867 1 0.907969 -0.392483 
0.816338 1 0.907757 1 0.907891 -0.393672 
0.816154 1 0.907652 1 0.907816 -0.394828 
0.815981 1 0.907551 1 0.907745 -0.395951 
0.815821 1 0.907455 1 0.90768 -0.397042 
0.815673 1 0.907362 1 0.907622 -0.398103 
0.815536 1 0.907277 1 0.907568 -0.399133 
0.815411 1 0.907193 1 0.907515 -0.400135 
0.815296 1 0.907114 1 0.907466 -0.401106 
0.815189 1 0.907038 1 0.907419 -0.40205 
0.815093 1 0.906963 1 0.907372 -0.402966 
0.815007 1 0.906892 1 0.907328 -0.403855 
0.81493 1 0.906828 1 0.907289 -0.404716 
0.814865 1 0.906769 1 0.907254 -0.405552 
0.81481 1 0.906713 1 0.907223 -0.406362 
0.814765 1 0.906661 1 0.907195 -0.407148 
0.814731 1 0.906614 1 0.907171 -0.40791 
0.814708 1 0.906574 1 0.907154 -0.408648 
0.814695 1 0.90654 1 0.907142 -0.409363 
0.814693 1 0.906511 1 0.907135 -0.410055 
0.814701 1 0.906488 1 0.907133 -0.410726 
0.81472 1 0.906472 1 0.907136 -0.411375 
0.81475 1 0.906462 1 0.907145 -0.412004 
0.81479 1 0.90646 1 0.907162 -0.412613 
0.814841 1 0.906465 1 0.907184 -0.413202 
0.814902 1 0.906476 1 0.907212 -0.413773 
0.814974 1 0.906493 1 0.907243 -0.414325 
0.815055 1 0.906498 1 0.907257 -0.414859 
0.815145 1 0.906502 1 0.907271 -0.415376 
0.815245 1 0.906508 1 0.907287 -0.415876 
0.815354 1 0.906517 1 0.907304 -0.416359 
0.815472 1 0.906531 1 0.907324 -0.416826 
0.8156 1 0.906546 1 0.907347 -0.417279 
0.815738 1 0.906564 1 0.907372 -0.417716 
0.815886 1 0.906585 1 0.907399 -0.418138 
0.816042 1 0.906609 1 0.907429 -0.418547 
0.816209 1 0.906635 1 0.907461 -0.418942 
0.816384 1 0.906665 1 0.907495 -0.419324 
0.816569 1 0.906698 1 0.907531 -0.419693 
0.816763 1 0.906732 1 0.907569 -0.42005 
0.816966 1 0.90677 1 0.90761 -0.420394 
0.817177 1 0.906812 1 0.907652 -0.420727 
0.817398 1 0.906855 1 0.907697 -0.421048 
0.817627 1 0.9069 1 0.907744 -0.421359 
0.817864 1 0.90695 1 0.907793 -0.421658 
0.81811 1 0.907001 1 0.907844 -0.421948 
0.818364 1 0.907055 1 0.907898 -0.422228 
0.818626 1 0.907112 1 0.907953 -0.422498 
0.818896 1 0.907171 1 0.90801 -0.422759 
0.819174 1 0.907233 1 0.908069 -0.423011 
0.81946 1 0.907297 1 0.908129 -0.423255 
0.819753 1 0.907363 1 0.908192 -0.423489 
0.820054 1 0.907433 1 0.908256 -0.423716 
0.820362 1 0.907503 1 0.908322 -0.423936 
0.820677 1 0.907577 1 0.908389 -0.424147 
0.820999 1 0.907653 1 0.908457 -0.42435 
0.821327 1 0.90773 1 0.908527 -0.424545 
0.821662 1 0.907811 1 0.908598 -0.424735 
0.822003 1 0.907892 1 0.90867 -0.424918 
0.82235 1 0.907976 1 0.908744 -0.425094 
0.822702 1 0.908061 1 0.908818 -0.425265 
0.82306 1 0.908147 1 0.908893 -0.425429 
0.823424 1 0.908236 1 0.908969 -0.425587 
0.823791 1 0.908326 1 0.909045 -0.425739 
0.824164 1 0.908417 1 0.909121 -0.425886 
0.82454 1 0.908509 1 0.909199 -0.426028 
0.824921 1 0.908602 1 0.909276 -0.426165 
0.825668 1 0.908941 1 0.909107 -0.426299 
0.826722 1 0.909476 1 0.908994 -0.426427 
0.826403 1 0.909349 1 0.908832 -0.426551 
0.826169 1 0.909287 1 0.908737 -0.426669 
0.825942 1 0.909209 1 0.908645 -0.426781 
0.825714 1 0.909105 1 0.908532 -0.42689 
0.825482 1 0.908991 1 0.90843 -0.426994 
0.825251 1 0.908873 1 0.908329 -0.427096 
0.825022 1 0.908756 1 0.908225 -0.427194 
0.824793 1 0.908639 1 0.908121 -0.427287 
0.824564 1 0.908523 1 0.908019 -0.427375 
0.824333 1 0.908406 1 0.907916 -0.427462 
0.823928 1 0.908268 1 0.907742 -0.427544 
0.823447 1 0.908094 1 0.907523 -0.427625 
0.822968 1 0.907907 1 0.907316 -0.427703 
0.82249 1 0.907712 1 0.907116 -0.427778 
0.822012 1 0.907511 1 0.906919 -0.42785 
0.821533 1 0.907307 1 0.906724 -0.427918 
0.821055 1 0.9071 1 0.906529 -0.427983 
0.820728 1 0.907004 1 0.906265 -0.428046 
0.820465 1 0.906928 1 0.906094 -0.428106 
0.820268 1 0.906874 1 0.905926 -0.428163 
0.820108 1 0.906834 1 0.90578 -0.428218 
0.819986 1 0.906798 1 0.905674 -0.428272 
0.819817 1 0.906724 1 0.905574 -0.428325 
0.819685 1 0.906656 1 0.905487 -0.428375 
0.819552 1 0.906581 1 0.905407 -0.428423 
0.819417 1 0.9065 1 0.905333 -0.428469 
0.819297 1 0.906421 1 0.905264 -0.428512 
0.819205 1 0.90636 1 0.905191 -0.428553 
0.819144 1 0.906318 1 0.905123 -0.428593 
0.81911 1 0.90629 1 0.905068 -0.428631 
0.819097 1 0.906269 1 0.905025 -0.428667 
0.8191 1 0.906252 1 0.90499 -0.428701 
0.81912 1 0.90624 1 0.904964 -0.428735 
0.819156 1 0.906232 1 0.904946 -0.428764 
0.819211 1 0.90623 1 0.904935 -0.428794 
0.819286 1 0.906237 1 0.90493 -0.428824 
0.819381 1 0.906251 1 0.904934 -0.42885 
0.819497 1 0.906274 1 0.904943 -0.428876 
0.819633 1 0.906306 1 0.904961 -0.428902 
0.81979 1 0.906345 1 0.904987 -0.428926 
0.819967 1 0.906391 1 0.90502 -0.42895 
0.820163 1 0.906444 1 0.90506 -0.428972 
0.820379 1 0.906504 1 0.905108 -0.428991 
0.820614 1 0.906571 1 0.905161 -0.429011 
0.820869 1 0.906645 1 0.905223 -0.42903 
0.821145 1 0.906726 1 0.905291 -0.429048 
0.82144 1 0.906815 1 0.905365 -0.429064 
0.821755 1 0.906909 1 0.905446 -0.42908 
0.82209 1 0.907011 1 0.905533 -0.429094 
0.822445 1 0.907119 1 0.905627 -0.429109 
0.82282 1 0.907233 1 0.905727 -0.429123 
0.823214 1 0.907353 1 0.905832 -0.429136 
0.823629 1 0.907479 1 0.905944 -0.429148 
0.824063 1 0.907611 1 0.906061 -0.429158 
0.824517 1 0.907749 1 0.906184 -0.429167 
0.824991 1 0.907892 1 0.906312 -0.429177 
0.825485 1 0.90804 1 0.906445 -0.429184 
0.825998 1 0.908193 1 0.906583 -0.429192 
0.826532 1 0.90835 1 0.906726 -0.429198 
0.827085 1 0.908512 1 0.906872 -0.429205 
0.827126 1 0.908426 1 0.906918 -0.429211 
0.827052 1 0.908355 1 0.906915 -0.429218 
0.827008 1 0.908321 1 0.906894 -0.429222 
0.826993 1 0.9083 1 0.906872 -0.429228 
0.826996 1 0.908286 1 0.906856 -0.429235 
0.827014 1 0.908276 1 0.906846 -0.42924 
0.82702 1 0.908266 1 0.906832 -0.429244 
0.827022 1 0.908258 1 0.906816 -0.429249 
0.827023 1 0.908252 1 0.906797 -0.429251 
0.827025 1 0.908246 1 0.906777 -0.429256 
0.827026 1 0.908241 1 0.906758 -0.429259 
0.827027 1 0.908235 1 0.906739 -0.429263 
0.827028 1 0.90823 1 0.90672 -0.429266 
0.827029 1 0.908225 1 0.906703 -0.429269 
0.827029 1 0.90822 1 0.906685 -0.42927 
0.82703 1 0.908215 1 0.906668 -0.429269 
0.82703 1 0.90821 1 0.906652 -0.429272 
0.827031 1 0.908205 1 0.906634 -0.429271 
0.827032 1 0.9082 1 0.906618 -0.429271 
0.827032 1 0.908195 1 0.906601 -0.429273 
0.827032 1 0.90819 1 0.906585 -0.429274 
0.827032 1 0.908186 1 0.906569 -0.429276 
0.827032 1 0.908181 1 0.906553 -0.429274 
0.827032 1 0.908176 1 0.906537 -0.429275 
0.827032 1 0.908172 1 0.906522 -0.429276 
0.827033 1 0.908167 1 0.906507 -0.429276 
0.827033 1 0.908163 1 0.906491 -0.429276 
0.827032 1 0.908158 1 0.906477 -0.429274 
0.827032 1 0.908154 1 0.906463 -0.429272 
0.827032 1 0.90815 1 0.906448 -0.42927 
0.827031 1 0.908145 1 0.906435 -0.429269 
0.827031 1 0.908141 1 0.906421 -0.429267 
0.827031 1 0.908137 1 0.906407 -0.429263 
0.827031 1 0.908133 1 0.906394 -0.42926 
0.82703 1 0.908129 1 0.90638 -0.429258 
0.827029 1 0.908125 1 0.906367 -0.429255 
0.827029 1 0.908121 1 0.906354 -0.429254 
0.827028 1 0.908116 1 0.906341 -0.42925 
0.827027 1 0.908113 1 0.906329 -0.429248 
0.827027 1 0.908109 1 0.906317 -0.429245 
0.827026 1 0.908105 1 0.906305 -0.429242 
0.827025 1 0.908101 1 0.906292 -0.42924 
0.827024 1 0.908097 1 0.906281 -0.429238 
0.827024 1 0.908093 1 0.906269 -0.429236 
0.827023 1 0.90809 1 0.906258 -0.429233 
0.827022 1 0.908086 1 0.906246 -0.429231 
0.827021 1 0.908082 1 0.906235 -0.429228 
0.827021 1 0.908079 1 0.906224 -0.429223 
0.82702 1 0.908075 1 0.906213 -0.42922 
0.827019 1 0.908071 1 0.906202 -0.429216 
0.827018 1 0.908068 1 0.906191 -0.429213 
0.827017 1 0.908065 1 0.90618 -0.429208 
0.827015 1 0.908061 1 0.906171 -0.429204 
0.827015 1 0.908057 1 0.906161 -0.429202 
0.827014 1 0.908054 1 0.906152 -0.429197 
0.827013 1 0.90805 1 0.906142 -0.429193 
0.827012 1 0.908047 1 0.906132 -0.429189 
0.827011 1 0.908043 1 0.906122 -0.429186 
0.827011 1 0.90804 1 0.906113 -0.429184 
0.82701 1 0.908037 1 0.906103 -0.429179 
0.827008 1 0.908034 1 0.906094 -0.429175 
0.827008 1 0.90803 1 0.906085 -0.429172 
0.827007 1 0.908027 1 0.906077 -0.429169 
0.827006 1 0.908024 1 0.906067 -0.429162 
0.827004 1 0.908021 1 0.906059 -0.429157 
0.827003 1 0.908018 1 0.906051 -0.429155 
0.827002 1 0.908014 1 0.906042 -0.429151 
0.827002 1 0.908011 1 0.906034 -0.429146 
0.827001 1 0.908008 1 0.906025 -0.429143 
0.826999 1 0.908005 1 0.906017 -0.429139 
0.826998 1 0.908002 1 0.906009 -0.429134 
0.826997 1 0.907999 1 0.906001 -0.42913 
0.826996 1 0.907996 1 0.905994 -0.429125 
0.826996 1 0.907993 1 0.905986 -0.429121 
0.826995 1 0.90799 1 0.905979 -0.429118 
0.826993 1 0.907987 1 0.905971 -0.429113 
0.826992 1 0.907984 1 0.905964 -0.429108 
0.826991 1 0.907981 1 0.905957 -0.429104 
0.826991 1 0.907978 1 0.90595 -0.429098 
0.826989 1 0.907975 1 0.905942 -0.429093 
0.826988 1 0.907972 1 0.905936 -0.429088 
0.826987 1 0.90797 1 0.905929 -0.429085 
0.826987 1 0.907967 1 0.905922 -0.429081 
0.826985 1 0.907964 1 0.905916 -0.429075 
0.826984 1 0.907961 1 0.90591 -0.429071 
0.826983 1 0.907958 1 0.905903 -0.429067 
0.826982 1 0.907955 1 0.905897 -0.429062 
0.826981 1 0.907952 1 0.905891 -0.429056 
0.82698 1 0.907949 1 0.905884 -0.429053 
0.826979 1 0.907947 1 0.905878 -0.42905 
0.826978 1 0.907944 1 0.905872 -0.429046 
0.826976 1 0.907942 1 0.905866 -0.429041 
0.826976 1 0.907939 1 0.90586 -0.429036 
0.826975 1 0.907936 1 0.905854 -0.429031 
0.826974 1 0.907933 1 0.905848 -0.429026 
0.826973 1 0.907931 1 0.905843 -0.429022 
0.826972 1 0.907928 1 0.905838 -0.429016 
0.826971 1 0.907925 1 0.905832 -0.429012 
0.82697 1 0.907922 1 0.905826 -0.429007 
0.826969 1 0.90792 1 0.90582 -0.429 
0.826968 1 0.907917 1 0.905816 -0.428997 
0.826967 1 0.907915 1 0.905811 -0.428991 
0.826966 1 0.907912 1 0.905806 -0.428988 
0.826964 1 0.907909 1 0.905801 -0.428984 
0.826963 1 0.907906 1 0.905796 -0.42898 
0.826962 1 0.907904 1 0.905791 -0.428974 
0.826961 1 0.907901 1 0.905787 -0.428969 
0.82696 1 0.907898 1 0.905782 -0.428964 
0.826959 1 0.907896 1 0.905777 -0.428959 
0.826958 1 0.907893 1 0.905773 -0.428956 
0.826957 1 0.907891 1 0.905767 -0.42895 
0.826956 1 0.907888 1 0.905763 -0.428946 
0.826955 1 0.907886 1 0.905759 -0.428941 
0.826953 1 0.907883 1 0.905754 -0.428935 
0.826952 1 0.907881 1 0.90575 -0.428931 
0.826951 1 0.907878 1 0.905746 -0.428928 
0.82695 1 0.907876 1 0.905741 -0.428922 
0.826949 1 0.907873 1 0.905738 -0.428918 
0.826948 1 0.90787 1 0.905733 -0.428911 
0.826948 1 0.907868 1 0.905729 -0.428909 
0.826947 1 0.907865 1 0.905726 -0.428904 
0.826946 1 0.907863 1 0.905722 -0.4289 
0.826945 1 0.90786 1 0.905718 -0.428894 
0.826944 1 0.907858 1 0.905714 -0.428889 
0.826943 1 0.907855 1 0.90571 -0.428885 
0.826942 1 0.907852 1 0.905706 -0.42888 
0.826941 1 0.90785 1 0.905703 -0.428875 
0.82694 1 0.907848 1 0.905699 -0.42887 
0.826939 1 0.907845 1 0.905696 -0.428866 
0.826937 1 0.907842 1 0.905692 -0.428861 
0.826964 1 0.907819 1 0.905699 -0.428856 
0.826986 1 0.907793 1 0.905713 -0.42885 
0.826993 1 0.907779 1 0.905719 -0.428847 
0.827 1 0.907773 1 0.905719 -0.428844 
0.827007 1 0.907769 1 0.905716 -0.428838 
0.827015 1 0.907766 1 0.905712 -0.428834 
0.827024 1 0.907764 1 0.905707 -0.428829 
0.827029 1 0.907762 1 0.905702 -0.428825 
0.827034 1 0.907759 1 0.905697 -0.42882 
0.827038 1 0.907757 1 0.905692 -0.428816 
0.827042 1 0.907754 1 0.905688 -0.428812 
0.827046 1 0.907751 1 0.905684 -0.428807 
0.82705 1 0.907748 1 0.905679 -0.428801 
0.827058 1 0.907747 1 0.905685 -0.428799 
0.827068 1 0.907744 1 0.905685 -0.428794 
0.827074 1 0.907743 1 0.905683 -0.428792 
0.827077 1 0.907742 1 0.905679 -0.428788 
0.827078 1 0.90774 1 0.905675 -0.428785 
0.827079 1 0.907739 1 0.905673 -0.42878 
0.827081 1 0.907737 1 0.905671 -0.428775 
0.827083 1 0.907735 1 0.905669 -0.428771 
0.827083 1 0.907733 1 0.905666 -0.428766 
0.827083 1 0.907731 1 0.905664 -0.428761 
0.827082 1 0.907728 1 0.905661 -0.428757 
0.827081 1 0.907726 1 0.905658 -0.428753 
0.827079 1 0.907724 1 0.905656 -0.428748 
0.827077 1 0.907721 1 0.905654 -0.428744 
0.827075 1 0.907717 1 0.905652 -0.428739 
0.827072 1 0.907713 1 0.90565 -0.428734 
0.827069 1 0.90771 1 0.905649 -0.42873 
0.827066 1 0.907707 1 0.905647 -0.428726 
0.827063 1 0.907705 1 0.905646 -0.428722 
0.82706 1 0.907703 1 0.905644 -0.428718 
0.827057 1 0.907701 1 0.905642 -0.428714 
0.827053 1 0.907698 1 0.905637 -0.42871 
0.827049 1 0.907697 1 0.905632 -0.428707 
0.827045 1 0.907695 1 0.905627 -0.428703 
0.827041 1 0.907694 1 0.905623 -0.4287 
0.827038 1 0.907691 1 0.90562 -0.428697 
0.827034 1 0.907689 1 0.905617 -0.428693 
0.827031 1 0.907687 1 0.905613 -0.428689 
0.827027 1 0.907685 1 0.90561 -0.428685 
0.827024 1 0.907682 1 0.905609 -0.42868 
0.827021 1 0.907679 1 0.905606 -0.428676 
0.827017 1 0.907676 1 0.905603 -0.428672 
0.827014 1 0.907673 1 0.9056 -0.428669 
0.827011 1 0.907671 1 0.905598 -0.428667 
0.827008 1 0.907668 1 0.905595 -0.428663 
0.827005 1 0.907665 1 0.905593 -0.42866 
0.827002 1 0.907663 1 0.90559 -0.428656 
0.826999 1 0.90766 1 0.905587 -0.428653 
0.826996 1 0.907657 1 0.905585 -0.428649 
0.826993 1 0.907655 1 0.905582 -0.428646 
0.82699 1 0.907652 1 0.905579 -0.428644 
0.826987 1 0.907649 1 0.905577 -0.42864 
0.826985 1 0.907647 1 0.905574 -0.428637 
0.826982 1 0.907644 1 0.905571 -0.428633 
0.82698 1 0.907642 1 0.905569 -0.42863 
0.826977 1 0.907639 1 0.905567 -0.428626 
0.826975 1 0.907636 1 0.905564 -0.428622 
0.826972 1 0.907634 1 0.905561 -0.428617 
0.82697 1 0.907631 1 0.905559 -0.428615 
0.826967 1 0.907628 1 0.905557 -0.428611 
0.826965 1 0.907626 1 0.905554 -0.428608 
0.826963 1 0.907623 1 0.905552 -0.428605 
0.82696 1 0.907621 1 0.905549 -0.428602 
0.826958 1 0.907618 1 0.905548 -0.428599 
0.826955 1 0.907615 1 0.905545 -0.428596 
0.826953 1 0.907613 1 0.905543 -0.428593 
0.826951 1 0.90761 1 0.905541 -0.42859 
0.826949 1 0.907608 1 0.905538 -0.428587 
0.826947 1 0.907605 1 0.905536 -0.428584 
0.826944 1 0.907602 1 0.905534 -0.428581 
0.826942 1 0.9076 1 0.905531 -0.428578 
0.826941 1 0.907597 1 0.905529 -0.428575 
0.826939 1 0.907595 1 0.905526 -0.428573 
0.826937 1 0.907592 1 0.905524 -0.428569 
0.826935 1 0.907589 1 0.905522 -0.428566 
0.826933 1 0.907587 1 0.90552 -0.428563 
0.826931 1 0.907584 1 0.905517 -0.42856 
0.826929 1 0.907582 1 0.905515 -0.428558 
0.826927 1 0.907579 1 0.905512 -0.428554 
0.826926 1 0.907577 1 0.90551 -0.428551 
0.826924 1 0.907574 1 0.905508 -0.428548 
0.826922 1 0.907572 1 0.905505 -0.428547 
0.82692 1 0.907569 1 0.905504 -0.428544 
0.826918 1 0.907567 1 0.905501 -0.428541 
0.826916 1 0.907564 1 0.9055 -0.428538 
0.826915 1 0.907561 1 0.905497 -0.428536 
0.826913 1 0.907559 1 0.905495 -0.428533 
0.826912 1 0.907556 1 0.905493 -0.42853 
0.82691 1 0.907554 1 0.905491 -0.428528 
0.826908 1 0.907551 1 0.905488 -0.428525 
0.826907 1 0.907549 1 0.905487 -0.428523 
0.826905 1 0.907546 1 0.905484 -0.42852 
0.826904 1 0.907544 1 0.905482 -0.428517 
0.826902 1 0.907541 1 0.90548 -0.428515 
0.826901 1 0.907539 1 0.905478 -0.428513 
0.8269 1 0.907536 1 0.905475 -0.428512 
0.826899 1 0.907534 1 0.905473 -0.428509 
0.826897 1 0.907531 1 0.905472 -0.428506 
0.826896 1 0.907528 1 0.905469 -0.428502 
0.826895 1 0.907526 1 0.905468 -0.428499 
0.826893 1 0.907523 1 0.905466 -0.428495 
0.826892 1 0.907521 1 0.905464 -0.428492 
0.826891 1 0.907518 1 0.905461 -0.428491 
0.82689 1 0.907516 1 0.905459 -0.428489 
0.826888 1 0.907513 1 0.905457 -0.428486 
0.826887 1 0.907511 1 0.905455 -0.428484 
0.826886 1 0.907508 1 0.905453 -0.428481 
0.826885 1 0.907506 1 0.905451 -0.428479 
0.826884 1 0.907503 1 0.905448 -0.428477 
0.826883 1 0.907501 1 0.905446 -0.428473 
0.826882 1 0.907498 1 0.905444 -0.428471 
0.826881 1 0.907496 1 0.905442 -0.428468 
0.82688 1 0.907493 1 0.90544 -0.428466 
0.826879 1 0.907491 1 0.905438 -0.428464 
0.826878 1 0.907488 1 0.905436 -0.428462 
0.826876 1 0.907486 1 0.905433 -0.428459 
0.826875 1 0.907483 1 0.905432 -0.428457 
0.826874 1 0.907481 1 0.90543 -0.428455 
0.826873 1 0.907478 1 0.905429 -0.428454 
0.826872 1 0.907475 1 0.905426 -0.428449 
0.826871 1 0.907473 1 0.905424 -0.428447 
0.82687 1 0.907471 1 0.905422 -0.428445 
0.826869 1 0.907468 1 0.90542 -0.428443 
0.826868 1 0.907466 1 0.905418 -0.428441 
0.826867 1 0.907463 1 0.905415 -0.42844 
0.826866 1 0.907461 1 0.905414 -0.428437 
0.826865 1 0.907458 1 0.905412 -0.428435 
0.826864 1 0.907456 1 0.90541 -0.428434 
0.826864 1 0.907453 1 0.905408 -0.428433 
0.826863 1 0.907451 1 0.905406 -0.428431 
0.826862 1 0.907448 1 0.905405 -0.428429 
0.826861 1 0.907446 1 0.905402 -0.428427 
0.82686 1 0.907443 1 0.9054 -0.428425 
0.826859 1 0.907441 1 0.905398 -0.428422 
0.826858 1 0.907438 1 0.905397 -0.428421 
0.826857 1 0.907436 1 0.905394 -0.428418 
0.826857 1 0.907433 1 0.905392 -0.428417 
0.826856 1 0.907431 1 0.90539 -0.428415 
0.826855 1 0.907429 1 0.905389 -0.428413 
0.826855 1 0.907426 1 0.905385 -0.428412 
0.826854 1 0.907424 1 0.905384 -0.428411 
0.826853 1 0.907421 1 0.905382 -0.428407 
0.826852 1 0.907419 1 0.905381 -0.428404 
0.826851 1 0.907416 1 0.905379 -0.428401 
0.826851 1 0.907414 1 0.905377 -0.428399 
0.82685 1 0.907411 1 0.905375 -0.428397 
0.826849 1 0.907409 1 0.905373 -0.428395 
0.826848 1 0.907406 1 0.905371 -0.428392 
0.826847 1 0.907404 1 0.905369 -0.42839 
0.826847 1 0.907402 1 0.905367 -0.428389 
0.826846 1 0.907399 1 0.905365 -0.428387 
0.826845 1 0.907397 1 0.905363 -0.428385 
0.826844 1 0.907394 1 0.905361 -0.428384 
0.826844 1 0.907392 1 0.905359 -0.428382 
0.826843 1 0.90739 1 0.905357 -0.428379 
0.826843 1 0.907387 1 0.905355 -0.428377 
0.826842 1 0.907385 1 0.905353 -0.428376 
0.826842 1 0.907382 1 0.905351 -0.428375 
0.82684 1 0.90738 1 0.90535 -0.428374 
0.82684 1 0.907377 1 0.905348 -0.428371 
0.826839 1 0.907375 1 0.905346 -0.428371 
0.826838 1 0.907372 1 0.905344 -0.428369 
0.826838 1 0.90737 1 0.905343 -0.428367 
0.826837 1 0.907367 1 0.90534 -0.428365 
0.826836 1 0.907365 1 0.905339 -0.428363 
0.826836 1 0.907362 1 0.905336 -0.428362 
0.826835 1 0.90736 1 0.905334 -0.428361 
0.826835 1 0.907358 1 0.905333 -0.42836 
0.826834 1 0.907355 1 0.90533 -0.428359 
0.826834 1 0.907353 1 0.905328 -0.428357 
0.826833 1 0.90735 1 0.905326 -0.428358 
0.826833 1 0.907348 1 0.905325 -0.428357 
0.826832 1 0.907345 1 0.905323 -0.428355 
0.826832 1 0.907343 1 0.905321 -0.428353 
0.826831 1 0.907341 1 0.905319 -0.428353 
0.82683 1 0.907338 1 0.905317 -0.428352 
0.82683 1 0.907336 1 0.905315 -0.428351 
0.826829 1 0.907333 1 0.905314 -0.42835 
0.826829 1 0.907331 1 0.905311 -0.428349 
0.826828 1 0.907328 1 0.90531 -0.428349 
0.826828 1 0.907326 1 0.905307 -0.428348 
0.826827 1 0.907324 1 0.905306 -0.428345 
0.826827 1 0.907321 1 0.905303 -0.428344 
0.826827 1 0.907319 1 0.905302 -0.428344 
0.826827 1 0.907316 1 0.9053 -0.428343 
0.826826 1 0.907314 1 0.905298 -0.428343 
0.826826 1 0.907311 1 0.905296 -0.428342 
0.826825 1 0.907309 1 0.905294 -0.428341 
0.826824 1 0.907306 1 0.905292 -0.428339 
0.826824 1 0.907304 1 0.905291 -0.428337 
0.826823 1 0.907302 1 0.905288 -0.428335 
0.826823 1 0.907299 1 0.905286 -0.428334 
0.826823 1 0.907297 1 0.905284 -0.428333 
0.826822 1 0.907294 1 0.905283 -0.428333 
0.826822 1 0.907292 1 0.905281 -0.428332 
0.826821 1 0.90729 1 0.905279 -0.428331 
0.826821 1 0.907287 1 0.905277 -0.42833 
0.82682 1 0.907285 1 0.905276 -0.42833 
0.82682 1 0.907282 1 0.905274 -0.428329 
0.826819 1 0.90728 1 0.905272 -0.428328 
0.826819 1 0.907278 1 0.905269 -0.428326 
0.826819 1 0.907275 1 0.905268 -0.428325 
0.826818 1 0.907273 1 0.905266 -0.428324 
0.826818 1 0.90727 1 0.905264 -0.428323 
0.826817 1 0.907268 1 0.905261 -0.428323 
0.826817 1 0.907266 1 0.905259 -0.428322 
0.826816 1 0.907263 1 0.905259 -0.428321 
0.826816 1 0.90726 1 0.905256 -0.428321 
0.826815 1 0.907258 1 0.905253 -0.428319 
0.826815 1 0.907256 1 0.905252 -0.428318 
0.826814 1 0.907254 1 0.905251 -0.428318 
0.826814 1 0.907251 1 0.905248 -0.428317 
0.826814 1 0.907249 1 0.905246 -0.428317 
0.826814 1 0.907246 1 0.905245 -0.428316 
0.826813 1 0.907244 1 0.905242 -0.428315 
0.826813 1 0.907241 1 0.905242 -0.428314 
0.826812 1 0.907239 1 0.905239 -0.428313 
0.826812 1 0.907237 1 0.905238 -0.428311 
0.826811 1 0.907234 1 0.905235 -0.428311 
0.826811 1 0.907232 1 0.905234 -0.42831 
0.826811 1 0.907229 1 0.905231 -0.428309 
0.82681 1 0.907227 1 0.90523 -0.428308 
0.82681 1 0.907224 1 0.905228 -0.428307 
0.826809 1 0.907222 1 0.905226 -0.428306 
0.826808 1 0.90722 1 0.905224 -0.428306 
0.826808 1 0.907217 1 0.905222 -0.428306 
0.826808 1 0.907215 1 0.90522 -0.428304 
0.826808 1 0.907213 1 0.905218 -0.428305 
0.826807 1 0.90721 1 0.905216 -0.428303 
0.826807 1 0.907208 1 0.905214 -0.428303 
0.826807 1 0.907205 1 0.905212 -0.428304 
0.826806 1 0.907203 1 0.90521 -0.428303 
0.826806 1 0.907201 1 0.905209 -0.428303 
0.826806 1 0.907198 1 0.905207 -0.428303 
0.826806 1 0.907196 1 0.905205 -0.428302 
0.826805 1 0.907193 1 0.905203 -0.428301 
0.826805 1 0.907191 1 0.905201 -0.428301 
0.826805 1 0.907188 1 0.905199 -0.428301 
0.826805 1 0.907186 1 0.905197 -0.428299 
0.826804 1 0.907184 1 0.905196 -0.428299 
0.826804 1 0.907181 1 0.905194 -0.428299 
0.826804 1 0.907179 1 0.905192 -0.428298 
0.826803 1 0.907176 1 0.90519 -0.428297 
0.826803 1 0.907174 1 0.905188 -0.428296 
0.826803 1 0.907171 1 0.905186 -0.428296 
0.826802 1 0.907169 1 0.905184 -0.428296 
0.826802 1 0.907167 1 0.905182 -0.428296 
0.826802 1 0.907164 1 0.90518 -0.428296 
0.826801 1 0.907162 1 0.905179 -0.428295 
0.826801 1 0.90716 1 0.905177 -0.428295 
0.826801 1 0.907157 1 0.905174 -0.428294 
0.826801 1 0.907155 1 0.905172 -0.428294 
0.826801 1 0.907153 1 0.90517 -0.428295 
0.826801 1 0.90715 1 0.905168 -0.428295 
0.826801 1 0.907148 1 0.905166 -0.428295 
0.8268 1 0.907146 1 0.905164 -0.428295 
0.8268 1 0.907143 1 0.905164 -0.428294 
0.8268 1 0.90714 1 0.905161 -0.428294 
0.8268 1 0.907138 1 0.905159 -0.428294 
0.826799 1 0.907136 1 0.905158 -0.428293 
0.826799 1 0.907133 1 0.905156 -0.428293 
0.826799 1 0.907131 1 0.905153 -0.428292 
0.826798 1 0.907129 1 0.905152 -0.428292 
0.826798 1 0.907126 1 0.90515 -0.428292 
0.826798 1 0.907124 1 0.905148 -0.428293 
0.826798 1 0.907121 1 0.905145 -0.428293 
0.826797 1 0.907119 1 0.905144 -0.428293 
0.826797 1 0.907117 1 0.905142 -0.428291 
0.826796 1 0.907114 1 0.90514 -0.428291 
0.826796 1 0.907112 1 0.905139 -0.428291 
0.826796 1 0.907109 1 0.905136 -0.428291 
0.826796 1 0.907107 1 0.905134 -0.428293 
0.826796 1 0.907105 1 0.905132 -0.428292 
0.826796 1 0.907102 1 0.905131 -0.428291 
0.826795 1 0.9071 1 0.905129 -0.428291 
0.826795 1 0.907098 1 0.905127 -0.428291 
0.826794 1 0.907095 1 0.905125 -0.42829 
0.826794 1 0.907093 1 0.905123 -0.42829 
0.826794 1 0.90709 1 0.905121 -0.428288 
0.826794 1 0.907088 1 0.905119 -0.428286 
0.826793 1 0.907086 1 0.905117 -0.428287 
0.826793 1 0.907083 1 0.905115 -0.428286 
0.826792 1 0.907081 1 0.905113 -0.428286 
0.826792 1 0.907078 1 0.905111 -0.428285 
0.826792 1 0.907076 1 0.905109 -0.428286 
0.826792 1 0.907074 1 0.905107 -0.428286 
0.826792 1 0.907071 1 0.905106 -0.428286 
0.826791 1 0.907069 1 0.905103 -0.428285 
0.826791 1 0.907067 1 0.905102 -0.428285 
0.82679 1 0.907064 1 0.9051 -0.428285 
0.82679 1 0.907061 1 0.905098 -0.428284 
0.82679 1 0.907059 1 0.905096 -0.428283 
0.826789 1 0.907057 1 0.905094 -0.428283 
0.826789 1 0.907055 1 0.905092 -0.428284 
0.826789 1 0.907052 1 0.905091 -0.428284 
0.826789 1 0.90705 1 0.905089 -0.428283 
0.826788 1 0.907047 1 0.905086 -0.428283 
0.826788 1 0.907045 1 0.905084 -0.428282 
0.826788 1 0.907043 1 0.905083 -0.428282 
0.826787 1 0.90704 1 0.905081 -0.428282 
0.826787 1 0.907038 1 0.905078 -0.428281 
0.826787 1 0.907036 1 0.905077 -0.428281 
0.826786 1 0.907033 1 0.905075 -0.42828 
0.826786 1 0.907031 1 0.905073 -0.42828 
0.826786 1 0.907028 1 0.905071 -0.428281 
0.826786 1 0.907026 1 0.905069 -0.428281 
0.826786 1 0.907024 1 0.905066 -0.42828 
0.826786 1 0.907022 1 0.905065 -0.42828 
0.826786 1 0.907019 1 0.905063 -0.428279 
0.826786 1 0.907017 1 0.905061 -0.42828 
0.826785 1 0.907014 1 0.905059 -0.42828 
0.826785 1 0.907012 1 0.905057 -0.428279 
0.826785 1 0.907009 1 0.905055 -0.428278 
0.826785 1 0.907007 1 0.905053 -0.428279 
0.826784 1 0.907005 1 0.905051 -0.428279 
0.826784 1 0.907002 1 0.905049 -0.428279 
0.826784 1 0.907 1 0.905048 -0.428278 
0.826783 1 0.906998 1 0.905046 -0.428279 
0.826783 1 0.906995 1 0.905043 -0.428278 
0.826783 1 0.906993 1 0.905042 -0.428279 
0.826782 1 0.906991 1 0.90504 -0.42828 
0.826782 1 0.906988 1 0.905038 -0.42828 
0.826782 1 0.906986 1 0.905035 -0.42828 
0.826782 1 0.906983 1 0.905034 -0.428279 
0.826782 1 0.906981 1 0.905031 -0.428278 
0.826782 1 0.906979 1 0.905029 -0.428279 
0.826781 1 0.906976 1 0.905028 -0.428279 
0.826781 1 0.906974 1 0.905026 -0.428279 
0.826781 1 0.906972 1 0.905023 -0.428279 
0.826781 1 0.906969 1 0.905021 -0.428278 
0.826781 1 0.906967 1 0.905019 -0.428279 
0.826781 1 0.906965 1 0.905018 -0.428279 
0.826781 1 0.906962 1 0.905016 -0.428279 
0.82678 1 0.90696 1 0.905014 -0.428278 
0.82678 1 0.906957 1 0.905013 -0.428278 
0.82678 1 0.906955 1 0.905011 -0.428277 
0.82678 1 0.906953 1 0.905009 -0.428277 
0.826779 1 0.90695 1 0.905007 -0.428277 
0.826779 1 0.906948 1 0.905005 -0.428278 
0.826779 1 0.906945 1 0.905002 -0.428278 
0.826779 1 0.906943 1 0.905001 -0.428279 
0.826779 1 0.906941 1 0.904998 -0.42828 
0.826779 1 0.906938 1 0.904996 -0.428281 
0.826779 1 0.906936 1 0.904994 -0.428281 
