0.419224 0 0.533844 0 0.533842 0.500001 
0.419623 0 0.53505 0 0.534839 0.498854 
0.420209 0 0.536566 0 0.536076 0.497126 
0.421109 0 0.53842 0 0.537787 0.494665 
0.422178 0 0.540529 0 0.539809 0.491371 
0.423264 0 0.542813 0 0.542021 0.487227 
0.424347 0 0.545315 0 0.544446 0.482271 
0.425432 0 0.54809 0 0.547135 0.476533 
0.426519 0 0.551169 0 0.550122 0.469984 
0.427646 0 0.554549 0 0.553478 0.462522 
0.428802 0 0.558236 0 0.557163 0.453995 
0.429982 0 0.562192 0 0.56112 0.444247 
0.431173 0 0.566344 0 0.565284 0.433165 
0.432363 0 0.570603 0 0.569582 0.420719 
0.433547 0 0.574891 0 0.573948 0.40698 
0.434726 0 0.579144 0 0.578315 0.392104 
0.435891 0 0.583294 0 0.58262 0.376308 
0.43671 0 0.587169 0 0.586326 0.359825 
0.437384 0 0.590757 0 0.589712 0.342881 
0.437991 0 0.594069 0 0.592829 0.325673 
0.438471 0 0.597009 0 0.595616 0.308361 
0.439046 0 0.59975 0 0.598254 0.291073 
0.439646 0 0.602193 0 0.600703 0.273904 
0.44036 0 0.604458 0 0.602986 0.256925 
0.441054 0 0.606394 0 0.605036 0.240189 
0.441641 0 0.608044 0 0.606626 0.22373 
0.442164 0 0.609378 0 0.607878 0.207574 
0.442642 0 0.610409 0 0.608846 0.191737 
0.443073 0 0.611141 0 0.60955 0.176229 
0.443512 0 0.611658 0 0.610024 0.161057 
0.443938 0 0.611944 0 0.610285 0.146222 
0.444371 0 0.612039 0 0.610351 0.131724 
0.444804 0 0.611947 0 0.610235 0.117562 
0.445225 0 0.611671 0 0.609946 0.103731 
0.445633 0 0.611223 0 0.609498 0.0902275 
0.446036 0 0.610628 0 0.608908 0.077047 
0.446431 0 0.609897 0 0.608189 0.0641834 
0.446812 0 0.609038 0 0.607349 0.0516312 
0.44718 0 0.608063 0 0.606403 0.0393841 
0.447542 0 0.606994 0 0.605364 0.027436 
0.447895 0 0.60584 0 0.604243 0.0157806 
0.448235 0 0.604605 0 0.603045 0.00441144 
0.448561 0 0.6033 0 0.601781 -0.00667763 
0.44888 0 0.601941 0 0.600464 -0.017493 
0.449192 0 0.600537 0 0.5991 -0.0280408 
0.449489 0 0.599086 0 0.597692 -0.0383271 
0.449772 0 0.597596 0 0.596249 -0.0483581 
0.450049 0 0.596082 0 0.59478 -0.0581395 
0.450317 0 0.594548 0 0.59329 -0.0676773 
0.45057 0 0.59299 0 0.591777 -0.076977 
0.450808 0 0.591414 0 0.590249 -0.0860443 
0.451038 0 0.589832 0 0.588711 -0.0948845 
0.451258 0 0.588245 0 0.587166 -0.103503 
0.45146 0 0.586647 0 0.585612 -0.111904 
0.451646 0 0.58504 0 0.584051 -0.120094 
0.45182 0 0.583435 0 0.582488 -0.128076 
0.45198 0 0.581831 0 0.580924 -0.135856 
0.452118 0 0.580219 0 0.579352 -0.143438 
0.452233 0 0.5786 0 0.577775 -0.150826 
0.45233 0 0.57698 0 0.576195 -0.158023 
0.452406 0 0.575357 0 0.574609 -0.165034 
0.45245 0 0.573721 0 0.57301 -0.171861 
0.452461 0 0.572069 0 0.571398 -0.178508 
0.452441 0 0.570406 0 0.569773 -0.184975 
0.452385 0 0.56873 0 0.568132 -0.191266 
0.452282 0 0.567029 0 0.566469 -0.197381 
0.45213 0 0.565305 0 0.564783 -0.20332 
0.451933 0 0.563565 0 0.56308 -0.209082 
0.451689 0 0.561813 0 0.561363 -0.214666 
0.451391 0 0.560046 0 0.559632 -0.220069 
0.451044 0 0.558274 0 0.557898 -0.225287 
0.45066 0 0.556516 0 0.556175 -0.230316 
0.450243 0 0.55478 0 0.554474 -0.235152 
0.449795 0 0.553072 0 0.552802 -0.239788 
0.449325 0 0.5514 0 0.551172 -0.244219 
0.448845 0 0.549784 0 0.549598 -0.24844 
0.448362 0 0.548227 0 0.548085 -0.252446 
0.447872 0 0.546728 0 0.546636 -0.25623 
0.44738 0 0.545291 0 0.545255 -0.259787 
0.446897 0 0.543928 0 0.543951 -0.263113 
0.446423 0 0.542639 0 0.542722 -0.266203 
0.446043 0 0.541484 0 0.541597 -0.269051 
0.445722 0 0.540456 0 0.54059 -0.271654 
0.445443 0 0.539539 0 0.539687 -0.274007 
0.445186 0 0.538712 0 0.538869 -0.276106 
0.444936 0 0.537956 0 0.538125 -0.277945 
0.444689 0 0.537267 0 0.53745 -0.279522 
0.444451 0 0.53665 0 0.536848 -0.280833 
0.444219 0 0.536105 0 0.536318 -0.281876 
0.443985 0 0.535624 0 0.535856 -0.282649 
0.443753 0 0.535207 0 0.535461 -0.28315 
0.443527 0 0.534862 0 0.535138 -0.28338 
0.443308 0 0.534588 0 0.534885 -0.283339 
0.443088 0 0.534376 0 0.534699 -0.283028 
0.442869 0 0.534227 0 0.534578 -0.282452 
0.442657 0 0.534149 0 0.534527 -0.281611 
0.442452 0 0.534138 0 0.534543 -0.280512 
0.442247 0 0.534187 0 0.534621 -0.279157 
0.442043 0 0.534296 0 0.534762 -0.27755 
0.441848 0 0.534472 0 0.534969 -0.275695 
0.441659 0 0.534713 0 0.535241 -0.273593 
0.44147 0 0.535013 0 0.535574 -0.271245 
0.441283 0 0.535373 0 0.535971 -0.268646 
0.441105 0 0.535804 0 0.536437 -0.265789 
0.440933 0 0.536308 0 0.536975 -0.26266 
0.440763 0 0.536882 0 0.537586 -0.259238 
0.440594 0 0.537534 0 0.538279 -0.255492 
0.440435 0 0.538283 0 0.539068 -0.251383 
0.440283 0 0.539139 0 0.539963 -0.246866 
0.440132 0 0.540106 0 0.540973 -0.241883 
0.439984 0 0.541202 0 0.542114 -0.236378 
0.439846 0 0.542447 0 0.543405 -0.230291 
0.439716 0 0.543855 0 0.544857 -0.223573 
0.439588 0 0.545428 0 0.546477 -0.216183 
0.439463 0 0.547175 0 0.548274 -0.2081 
0.439348 0 0.549106 0 0.550253 -0.199326 
0.439243 0 0.551215 0 0.552409 -0.189881 
0.43914 0 0.553488 0 0.55473 -0.179808 
0.439042 0 0.555913 0 0.557204 -0.169167 
0.438956 0 0.558482 0 0.559819 -0.15803 
0.438879 0 0.561175 0 0.562555 -0.146476 
0.438807 0 0.563965 0 0.565388 -0.134586 
0.438741 0 0.566835 0 0.568299 -0.122438 
0.438688 0 0.569772 0 0.571273 -0.110106 
0.438648 0 0.572759 0 0.57429 -0.0976579 
0.438612 0 0.57577 0 0.57733 -0.0851528 
0.438585 0 0.578794 0 0.580379 -0.072643 
0.438571 0 0.581824 0 0.583428 -0.060173 
0.438571 0 0.584849 0 0.586464 -0.0477802 
0.438578 0 0.587851 0 0.589474 -0.035496 
0.438592 0 0.590822 0 0.592449 -0.0233459 
0.438621 0 0.593764 0 0.595388 -0.0113512 
0.438662 0 0.596669 0 0.598282 0.000471266 
0.43871 0 0.599524 0 0.601124 0.0121085 
0.438765 0 0.602327 0 0.603911 0.0235495 
0.438833 0 0.605082 0 0.606644 0.0347868 
0.438912 0 0.607784 0 0.609317 0.0458141 
0.438996 0 0.610425 0 0.611928 0.0566274 
0.439084 0 0.613002 0 0.614475 0.0672239 
0.439183 0 0.615523 0 0.616962 0.077602 
0.439291 0 0.617986 0 0.619387 0.0877612 
0.439401 0 0.620382 0 0.621747 0.0977016 
0.439514 0 0.622711 0 0.624042 0.107424 
0.439635 0 0.624982 0 0.626277 0.11693 
0.439763 0 0.627193 0 0.628452 0.126222 
0.439891 0 0.629337 0 0.630564 0.135301 
0.44002 0 0.631415 0 0.632615 0.14417 
0.440155 0 0.633436 0 0.63461 0.152832 
0.440296 0 0.6354 0 0.636549 0.16129 
0.440435 0 0.637299 0 0.63843 0.169548 
0.440573 0 0.639136 0 0.640255 0.177607 
0.440718 0 0.640919 0 0.642031 0.185471 
0.440866 0 0.642648 0 0.643755 0.193145 
0.441012 0 0.644318 0 0.645428 0.20063 
0.441157 0 0.645928 0 0.647051 0.207931 
0.441307 0 0.64749 0 0.648631 0.21505 
0.441462 0 0.649003 0 0.650166 0.221992 
0.441614 0 0.650461 0 0.651656 0.228759 
0.441765 0 0.651866 0 0.653103 0.235355 
0.441922 0 0.653227 0 0.654512 0.241783 
0.442083 0 0.654545 0 0.655884 0.248046 
0.442242 0 0.655813 0 0.657218 0.254148 
0.442402 0 0.657033 0 0.658515 0.260091 
0.442568 0 0.658216 0 0.659781 0.26588 
0.44274 0 0.659361 0 0.661017 0.271517 
0.442913 0 0.660461 0 0.662222 0.277006 
0.443086 0 0.66152 0 0.663397 0.282349 
0.443269 0 0.662548 0 0.664549 0.287551 
0.443461 0 0.663544 0 0.665678 0.292614 
0.443655 0 0.664502 0 0.666784 0.297543 
0.443854 0 0.665425 0 0.667869 0.302341 
0.444065 0 0.666323 0 0.668939 0.307012 
0.44429 0 0.667198 0 0.669996 0.311561 
0.444523 0 0.668042 0 0.67104 0.315992 
0.444766 0 0.668859 0 0.672073 0.320309 
0.445028 0 0.66966 0 0.673104 0.324519 
0.445311 0 0.670446 0 0.674134 0.328626 
0.44561 0 0.671213 0 0.675164 0.332636 
0.445929 0 0.671962 0 0.676199 0.336556 
0.446279 0 0.672708 0 0.677247 0.340393 
0.446661 0 0.673451 0 0.678313 0.344152 
0.447073 0 0.674187 0 0.679397 0.347841 
0.447521 0 0.674921 0 0.680506 0.351465 
0.448014 0 0.675666 0 0.68165 0.35503 
0.448557 0 0.676424 0 0.682832 0.35854 
0.449146 0 0.677191 0 0.684052 0.362 
0.449785 0 0.677971 0 0.685314 0.365411 
0.450482 0 0.678775 0 0.686624 0.368772 
0.451237 0 0.679604 0 0.687979 0.372084 
0.45204 0 0.68045 0 0.689374 0.375344 
0.452889 0 0.681313 0 0.690805 0.37855 
0.453788 0 0.682201 0 0.692269 0.381699 
0.454728 0 0.683111 0 0.693759 0.384787 
0.455696 0 0.684029 0 0.695265 0.387814 
0.456689 0 0.684955 0 0.696781 0.390777 
0.457707 0 0.685893 0 0.698305 0.393675 
0.458744 0 0.686838 0 0.699831 0.396507 
0.459789 0 0.68778 0 0.701352 0.399274 
0.460838 0 0.688715 0 0.702865 0.401976 
0.461896 0 0.689651 0 0.704372 0.404614 
0.462959 0 0.690583 0 0.705869 0.407188 
0.464017 0 0.691502 0 0.707352 0.409699 
0.465071 0 0.692407 0 0.70882 0.412149 
0.466124 0 0.693305 0 0.710278 0.414538 
0.467176 0 0.694193 0 0.711723 0.416869 
0.468217 0 0.695062 0 0.713151 0.419142 
0.469248 0 0.695912 0 0.714565 0.421358 
0.470276 0 0.69675 0 0.715966 0.423519 
0.471297 0 0.697575 0 0.717355 0.425627 
0.472306 0 0.698377 0 0.718728 0.427682 
0.473303 0 0.699156 0 0.720087 0.429686 
0.474294 0 0.699921 0 0.721435 0.431639 
0.475278 0 0.70067 0 0.722772 0.433544 
0.476248 0 0.701393 0 0.724095 0.435402 
0.477205 0 0.702091 0 0.725405 0.437213 
0.478156 0 0.702772 0 0.726706 0.438979 
0.479099 0 0.703435 0 0.727997 0.4407 
0.480027 0 0.704071 0 0.729275 0.442379 
0.480942 0 0.70468 0 0.730543 0.444016 
0.48185 0 0.70527 0 0.731804 0.445611 
0.482751 0 0.705841 0 0.733056 0.447167 
0.483638 0 0.706383 0 0.734298 0.448684 
0.484511 0 0.706896 0 0.735531 0.450164 
0.485379 0 0.707389 0 0.736758 0.451606 
0.486239 0 0.707861 0 0.737978 0.453012 
0.487085 0 0.708302 0 0.73919 0.454383 
0.487918 0 0.708713 0 0.740393 0.45572 
0.488745 0 0.709102 0 0.741593 0.457023 
0.489566 0 0.709469 0 0.742788 0.458293 
0.490373 0 0.709804 0 0.743975 0.459532 
0.491168 0 0.710106 0 0.745155 0.46074 
0.491957 0 0.710386 0 0.746332 0.461918 
0.49274 0 0.710641 0 0.747505 0.463066 
0.49351 0 0.710862 0 0.748672 0.464186 
0.494267 0 0.71105 0 0.749832 0.465278 
0.49502 0 0.711212 0 0.750991 0.466342 
0.495767 0 0.711349 0 0.752146 0.46738 
0.496501 0 0.711449 0 0.753295 0.468392 
0.497223 0 0.711514 0 0.754439 0.469378 
0.497941 0 0.711551 0 0.755582 0.47034 
0.498653 0 0.71156 0 0.756721 0.471278 
0.499352 0 0.711531 0 0.757855 0.472192 
0.50004 0 0.711464 0 0.758983 0.473083 
0.500723 0 0.711368 0 0.76011 0.473953 
0.5014 0 0.711241 0 0.761235 0.4748 
0.502065 0 0.711074 0 0.762353 0.475626 
0.502718 0 0.710866 0 0.763465 0.476432 
0.503366 0 0.710626 0 0.764576 0.477217 
0.504009 0 0.710354 0 0.765684 0.477983 
0.504639 0 0.710038 0 0.766785 0.47873 
0.505257 0 0.709679 0 0.767879 0.479458 
0.505597 0 0.709444 0 0.768553 0.480167 
0.505732 0 0.70929 0 0.768918 0.480859 
0.505756 0 0.709175 0 0.769099 0.481534 
0.505812 0 0.709053 0 0.769326 0.482191 
0.505895 0 0.708941 0 0.769582 0.482833 
0.506001 0 0.708833 0 0.769862 0.483458 
0.50612 0 0.708716 0 0.770161 0.484068 
0.506251 0 0.708586 0 0.770481 0.484663 
0.506401 0 0.708453 0 0.770825 0.485243 
0.506569 0 0.708314 0 0.771192 0.485808 
0.506747 0 0.70816 0 0.771576 0.486359 
0.506935 0 0.707991 0 0.771979 0.486896 
0.507141 0 0.707817 0 0.772405 0.48742 
0.507363 0 0.707636 0 0.772851 0.487931 
0.507594 0 0.707438 0 0.773314 0.488429 
0.507764 0 0.707363 0 0.773615 0.488914 
0.507899 0 0.707367 0 0.77382 0.489388 
0.508021 0 0.707418 0 0.773974 0.489849 
0.508138 0 0.707488 0 0.774105 0.490299 
0.508262 0 0.707567 0 0.774235 0.490738 
0.508402 0 0.707665 0 0.774374 0.491166 
0.508561 0 0.707784 0 0.774523 0.491583 
0.50873 0 0.707917 0 0.774678 0.49199 
0.508912 0 0.70807 0 0.774839 0.492386 
0.509115 0 0.708251 0 0.775011 0.492773 
0.509339 0 0.708463 0 0.775193 0.49315 
0.509576 0 0.708695 0 0.775382 0.493518 
0.50983 0 0.708948 0 0.775579 0.493876 
0.510107 0 0.709233 0 0.775791 0.494225 
0.510408 0 0.709549 0 0.776016 0.494566 
0.510725 0 0.709888 0 0.776251 0.494898 
0.511059 0 0.71025 0 0.776496 0.495222 
0.51142 0 0.710647 0 0.776756 0.495538 
0.511804 0 0.711078 0 0.77703 0.495845 
0.512207 0 0.711533 0 0.777314 0.496146 
0.512627 0 0.712015 0 0.777609 0.496438 
0.513074 0 0.712532 0 0.77792 0.496724 
0.513545 0 0.713085 0 0.778244 0.497002 
0.514034 0 0.713664 0 0.778577 0.497273 
0.51439 0 0.71423 0 0.778766 0.497538 
0.514697 0 0.714757 0 0.778927 0.497796 
0.514889 0 0.715177 0 0.778988 0.498047 
0.515266 0 0.715799 0 0.779193 0.498292 
0.515522 0 0.716238 0 0.77934 0.498531 
0.515896 0 0.71676 0 0.779633 0.498764 
0.516354 0 0.717339 0 0.780022 0.498991 
0.516867 0 0.717958 0 0.780475 0.499213 
0.517418 0 0.718613 0 0.780975 0.499429 
0.517871 0 0.719326 0 0.781298 0.499639 
0.518267 0 0.720069 0 0.781549 0.499845 
0.518631 0 0.720835 0 0.78177 0.500045 
0.518982 0 0.721631 0 0.781992 0.50024 
0.519339 0 0.722473 0 0.782234 0.50043 
0.519701 0 0.723366 0 0.782502 0.500616 
0.520223 0 0.724387 0 0.782954 0.500797 
0.520817 0 0.725522 0 0.783506 0.500973 
0.521437 0 0.726765 0 0.784096 0.501145 
0.522257 0 0.728231 0 0.784899 0.501312 
0.522864 0 0.729631 0 0.785488 0.501476 
0.523678 0 0.731229 0 0.786324 0.501636 
0.524498 0 0.732867 0 0.787205 0.501791 
0.525321 0 0.734543 0 0.788127 0.501942 
0.526141 0 0.736244 0 0.789083 0.50209 
0.526755 0 0.737866 0 0.789837 0.502234 
0.527572 0 0.739762 0 0.79073 0.502374 
0.528353 0 0.741578 0 0.791662 0.502511 
0.5291 0 0.743368 0 0.792582 0.502645 
0.529915 0 0.745143 0 0.793622 0.502775 
0.530735 0 0.746917 0 0.794666 0.502902 
0.53156 0 0.748683 0 0.795705 0.503025 
0.532383 0 0.750426 0 0.796733 0.503146 
0.532994 0 0.752125 0 0.797461 0.503264 
0.533824 0 0.753994 0 0.798307 0.503378 
0.534591 0 0.755762 0 0.799084 0.50349 
0.535325 0 0.757448 0 0.79981 0.503599 
0.536039 0 0.759066 0 0.800482 0.503705 
0.536747 0 0.760627 0 0.801101 0.503809 
0.53745 0 0.762127 0 0.801661 0.50391 
0.538144 0 0.763552 0 0.802159 0.504009 
0.53883 0 0.764897 0 0.80259 0.504105 
0.539516 0 0.766167 0 0.802955 0.504198 
0.540201 0 0.767354 0 0.803247 0.50429 
0.540876 0 0.768444 0 0.803459 0.504379 
0.541543 0 0.769435 0 0.803589 0.504465 
0.542209 0 0.770333 0 0.803639 0.50455 
0.542873 0 0.771133 0 0.803605 0.504632 
0.543527 0 0.771826 0 0.803484 0.504713 
0.544174 0 0.772411 0 0.803276 0.504791 
0.54482 0 0.772899 0 0.802986 0.504868 
0.545463 0 0.773289 0 0.802613 0.504942 
0.546097 0 0.773575 0 0.802156 0.505015 
0.546724 0 0.773761 0 0.80162 0.505085 
0.547349 0 0.773859 0 0.801011 0.505155 
0.547973 0 0.773873 0 0.800331 0.505222 
0.548589 0 0.773798 0 0.799582 0.505287 
0.549197 0 0.77364 0 0.798771 0.505351 
0.549805 0 0.773413 0 0.797905 0.505414 
0.550413 0 0.773123 0 0.796988 0.505475 
0.551014 0 0.772764 0 0.796023 0.505534 
0.551608 0 0.772343 0 0.795016 0.505592 
0.552204 0 0.771875 0 0.793975 0.505648 
0.552801 0 0.771364 0 0.792905 0.505703 
0.553392 0 0.770805 0 0.791807 0.505757 
0.553978 0 0.770203 0 0.790689 0.505809 
0.554568 0 0.769573 0 0.789557 0.50586 
0.55516 0 0.768918 0 0.788413 0.50591 
0.555748 0 0.768232 0 0.787262 0.505958 
0.556334 0 0.767519 0 0.786107 0.506005 
0.556925 0 0.766793 0 0.784956 0.506051 
0.557521 0 0.766056 0 0.78381 0.506096 
0.558116 0 0.765301 0 0.78267 0.50614 
0.55871 0 0.764532 0 0.781543 0.506183 
0.559312 0 0.76376 0 0.780432 0.506225 
0.559922 0 0.762987 0 0.779339 0.506265 
0.560533 0 0.762205 0 0.778266 0.506305 
0.561147 0 0.761418 0 0.777216 0.506344 
0.561773 0 0.760636 0 0.776194 0.506381 
0.562409 0 0.75986 0 0.775201 0.506418 
0.563049 0 0.759083 0 0.774237 0.506454 
0.563697 0 0.758305 0 0.773307 0.506488 
0.56436 0 0.757538 0 0.772414 0.506523 
0.565037 0 0.756782 0 0.771559 0.506556 
0.565723 0 0.756029 0 0.770743 0.506588 
0.566421 0 0.75528 0 0.769969 0.50662 
0.567138 0 0.754546 0 0.76924 0.506651 
0.567875 0 0.753827 0 0.768558 0.506681 
0.568625 0 0.753113 0 0.767924 0.50671 
0.569391 0 0.752407 0 0.767339 0.506738 
0.570182 0 0.751719 0 0.766809 0.506766 
0.570998 0 0.751048 0 0.766335 0.506793 
0.571832 0 0.750387 0 0.765916 0.50682 
0.572688 0 0.749736 0 0.765556 0.506845 
0.573573 0 0.749106 0 0.765259 0.506871 
0.574488 0 0.748498 0 0.765027 0.506895 
0.575426 0 0.747902 0 0.76486 0.506919 
0.576389 0 0.747321 0 0.76476 0.506942 
0.577386 0 0.746766 0 0.764733 0.506965 
0.578415 0 0.746238 0 0.764779 0.506987 
0.579471 0 0.745728 0 0.764898 0.507009 
0.580553 0 0.74524 0 0.765094 0.50703 
0.58167 0 0.744785 0 0.765369 0.50705 
0.582819 0 0.744365 0 0.765725 0.50707 
0.583993 0 0.743973 0 0.76616 0.50709 
0.585191 0 0.743612 0 0.766676 0.507109 
0.586419 0 0.743295 0 0.767276 0.507127 
0.587675 0 0.743025 0 0.767959 0.507146 
0.588948 0 0.742796 0 0.768723 0.507163 
0.590237 0 0.742611 0 0.769569 0.507181 
0.591547 0 0.742485 0 0.770497 0.507197 
0.592874 0 0.742421 0 0.771506 0.507214 
0.594207 0 0.742411 0 0.772593 0.50723 
0.595545 0 0.742463 0 0.773758 0.507245 
0.596891 0 0.742588 0 0.775002 0.50726 
0.598242 0 0.742789 0 0.77632 0.507275 
0.599586 0 0.743061 0 0.777712 0.507289 
0.600924 0 0.743406 0 0.779176 0.507303 
0.602259 0 0.743839 0 0.780713 0.507317 
0.603587 0 0.744359 0 0.782319 0.50733 
0.604901 0 0.744959 0 0.783991 0.507343 
0.606199 0 0.745642 0 0.785729 0.507356 
0.607487 0 0.746417 0 0.787532 0.507368 
0.608763 0 0.747284 0 0.789396 0.507381 
0.610018 0 0.748234 0 0.791318 0.507392 
0.611253 0 0.749265 0 0.793295 0.507404 
0.612476 0 0.750387 0 0.795326 0.507415 
0.613683 0 0.751596 0 0.797406 0.507426 
0.614869 0 0.752881 0 0.799531 0.507437 
0.616034 0 0.754239 0 0.801697 0.507447 
0.617185 0 0.755678 0 0.803901 0.507457 
0.618322 0 0.757192 0 0.806138 0.507467 
0.619438 0 0.75877 0 0.808404 0.507476 
0.620534 0 0.760407 0 0.810694 0.507486 
0.621619 0 0.762111 0 0.813005 0.507495 
0.62269 0 0.763877 0 0.815331 0.507504 
0.623742 0 0.765691 0 0.817669 0.507512 
0.624776 0 0.767551 0 0.820014 0.507521 
0.625801 0 0.769463 0 0.822364 0.507529 
0.626814 0 0.771422 0 0.824713 0.507537 
0.627811 0 0.773416 0 0.827058 0.507545 
0.628792 0 0.775443 0 0.829395 0.507552 
0.629766 0 0.777509 0 0.831723 0.50756 
0.630731 0 0.77961 0 0.834036 0.507567 
0.631681 0 0.781735 0 0.836332 0.507574 
0.632618 0 0.783881 0 0.838608 0.507581 
0.633549 0 0.786056 0 0.840863 0.507587 
0.634474 0 0.788256 0 0.843092 0.507594 
0.635385 0 0.790471 0 0.845293 0.5076 
0.636286 0 0.792699 0 0.847466 0.507606 
0.636724 0 0.794464 0 0.849294 0.507612 
0.636886 0 0.795854 0 0.851008 0.507617 
0.636915 0 0.797131 0 0.852632 0.507622 
0.636949 0 0.7984 0 0.854248 0.507627 
0.636993 0 0.79967 0 0.855857 0.507632 
0.637047 0 0.800938 0 0.857456 0.507637 
0.637103 0 0.802196 0 0.859045 0.507641 
0.637164 0 0.803441 0 0.860625 0.507645 
0.637236 0 0.804683 0 0.862194 0.507649 
0.637317 0 0.80592 0 0.863752 0.507652 
0.63739 0 0.807094 0 0.865296 0.507655 
0.637451 0 0.808249 0 0.866784 0.507657 
0.637509 0 0.809403 0 0.868216 0.507659 
0.637563 0 0.810555 0 0.869599 0.50766 
0.637607 0 0.811692 0 0.870936 0.507661 
0.637642 0 0.812815 0 0.872228 0.507662 
0.637673 0 0.813931 0 0.873474 0.507661 
0.637698 0 0.81504 0 0.874669 0.50766 
0.63771 0 0.816133 0 0.875813 0.507658 
0.637623 0 0.817169 0 0.876792 0.507655 
0.637464 0 0.818112 0 0.87766 0.507651 
0.637255 0 0.818977 0 0.878447 0.507646 
0.636997 0 0.819777 0 0.879176 0.50764 
0.636711 0 0.820523 0 0.87987 0.507633 
0.63641 0 0.821231 0 0.880536 0.507625 
0.636113 0 0.821938 0 0.881125 0.507615 
0.635803 0 0.822634 0 0.881637 0.507604 
0.635478 0 0.823309 0 0.88208 0.507591 
0.635144 0 0.823964 0 0.882462 0.507577 
0.634796 0 0.824591 0 0.882785 0.50756 
0.634691 0 0.8253 0 0.883454 0.507542 
0.63471 0 0.825994 0 0.884255 0.507522 
0.634778 0 0.826657 0 0.885061 0.5075 
0.634815 0 0.827305 0 0.88581 0.507476 
0.634857 0 0.827944 0 0.886773 0.507449 
0.634901 0 0.828564 0 0.887818 0.507421 
0.634829 0 0.830142 1 0.887769 0.507388 
0.63475 0 0.831707 1 0.887722 0.507338 
0.634649 0 0.833199 1 0.88769 0.507251 
0.634537 0 0.834621 1 0.887664 0.507118 
0.634394 0 0.835989 1 0.887618 0.506918 
0.634235 0 0.83731 1 0.887556 0.506614 
0.634067 0 0.838587 1 0.887484 0.506169 
0.633902 0 0.839832 1 0.887427 0.505523 
0.633735 0 0.841032 1 0.887373 0.5046 
0.633634 0 0.842182 1 0.887269 0.5033 
0.633578 0 0.843267 0 0.887119 0.501501 
0.63355 0 0.844321 0 0.886961 0.499767 
0.633542 0 0.845342 0 0.88679 0.498102 
0.633601 0 0.846339 0 0.886662 0.496508 
0.63358 0 0.847286 0 0.88654 0.494988 
0.63359 0 0.848181 0 0.886435 0.493544 
0.633619 0 0.849033 0 0.88634 0.492178 
0.633632 0 0.849903 0 0.886216 0.49089 
0.633627 0 0.850741 0 0.886058 0.489682 
0.633607 0 0.851534 0 0.885873 0.488555 
0.633574 0 0.852286 0 0.885674 0.487506 
0.633532 0 0.853003 0 0.885469 0.486537 
0.633485 0 0.853691 0 0.885263 0.485645 
0.633433 0 0.854354 0 0.885057 0.484829 
0.633377 0 0.854993 0 0.884851 0.484087 
0.633317 0 0.85561 0 0.884647 0.483418 
0.633252 0 0.856205 0 0.884443 0.482819 
0.633183 0 0.856778 0 0.884242 0.482286 
0.633108 0 0.85733 0 0.884043 0.481818 
0.633029 0 0.857862 0 0.883847 0.481411 
0.632944 0 0.858374 0 0.883655 0.481063 
0.632855 0 0.858868 0 0.883467 0.48077 
0.632761 0 0.859345 0 0.883284 0.48053 
0.632662 0 0.859805 0 0.883105 0.480339 
0.632558 0 0.860249 0 0.882931 0.480193 
0.63245 0 0.860677 0 0.882763 0.480091 
0.632336 0 0.861089 0 0.882599 0.48003 
0.632217 0 0.861487 0 0.882441 0.480006 
0.632093 0 0.861871 0 0.882289 0.480016 
0.631965 0 0.86224 0 0.882142 0.480059 
0.631831 0 0.862596 0 0.882 0.480131 
0.631692 0 0.862938 0 0.881864 0.480231 
0.631548 0 0.863267 0 0.881733 0.480355 
0.6314 0 0.863583 0 0.881608 0.480503 
0.631275 0 0.863922 0 0.881523 0.480671 
0.631172 0 0.864273 0 0.881467 0.480859 
0.631082 0 0.864625 0 0.881428 0.481064 
0.631005 0 0.864975 0 0.881401 0.481284 
0.63094 0 0.865323 0 0.881388 0.481518 
0.630888 0 0.865672 0 0.881391 0.481765 
0.630851 0 0.866022 0 0.88141 0.482023 
0.630829 0 0.866375 0 0.881446 0.482291 
0.63082 0 0.866729 0 0.881499 0.482568 
0.630825 0 0.867085 0 0.881568 0.482853 
0.630845 0 0.867443 0 0.881653 0.483144 
0.630878 0 0.867803 0 0.881754 0.483441 
0.630926 0 0.868165 0 0.881871 0.483743 
0.630988 0 0.868529 0 0.882005 0.48405 
0.631065 0 0.868896 0 0.882155 0.484359 
0.631155 0 0.869265 0 0.882321 0.484672 
0.63126 0 0.869636 0 0.882503 0.484986 
0.631379 0 0.87001 0 0.882702 0.485302 
0.631513 0 0.870386 0 0.882917 0.485619 
0.631661 0 0.870765 0 0.883148 0.485937 
0.631824 0 0.871146 0 0.883396 0.486254 
0.631977 0 0.871523 0 0.883671 0.486572 
0.632124 0 0.871892 0 0.883956 0.486888 
0.632266 0 0.872248 0 0.884246 0.487204 
0.632404 0 0.872591 0 0.884538 0.487518 
0.632538 0 0.872922 0 0.884835 0.48783 
0.632667 0 0.873241 0 0.885138 0.488141 
0.632791 0 0.87355 0 0.885446 0.488449 
0.63291 0 0.873846 0 0.885761 0.488755 
0.633025 0 0.874131 0 0.886082 0.489059 
0.633134 0 0.874404 0 0.886408 0.48936 
0.633239 0 0.874665 0 0.886741 0.489657 
0.633339 0 0.874913 0 0.887079 0.489952 
0.633435 0 0.875149 0 0.887423 0.490244 
0.633525 0 0.875372 0 0.887773 0.490532 
0.633611 0 0.875582 0 0.888129 0.490817 
0.633692 0 0.875778 0 0.88849 0.491098 
0.633767 0 0.875961 0 0.888858 0.491376 
0.633868 0 0.876154 0 0.889262 0.491651 
0.633988 0 0.876352 0 0.889692 0.491921 
0.634124 0 0.87655 0 0.89014 0.492188 
0.634273 0 0.876745 0 0.890604 0.492452 
0.634437 0 0.876937 0 0.891083 0.492711 
0.634614 0 0.877127 0 0.89158 0.492967 
0.634805 0 0.877314 0 0.892094 0.493219 
0.635012 0 0.877498 0 0.892625 0.493467 
0.635103 0 0.877647 0 0.892705 0.493712 
0.635121 0 0.877782 0 0.892544 0.493952 
0.63511 0 0.877952 0 0.892299 0.494189 
0.635113 0 0.878141 0 0.892076 0.494422 
0.63512 0 0.87834 0 0.891874 0.494651 
0.635123 0 0.878544 0 0.891686 0.494876 
0.635121 0 0.878755 0 0.891509 0.495097 
0.635122 0 0.878882 0 0.89151 0.495314 
0.635131 0 0.878999 0 0.891585 0.495528 
0.635145 0 0.879122 0 0.891692 0.495738 
0.635165 0 0.879256 0 0.891822 0.495944 
0.635183 0 0.879451 0 0.89185 0.496146 
0.635169 0 0.87961 0 0.891784 0.496345 
0.635135 0 0.879743 0 0.891666 0.49654 
0.6351 0 0.87987 0 0.891538 0.496732 
0.635074 0 0.880004 0 0.891427 0.49692 
0.635061 0 0.880147 0 0.891334 0.497105 
0.635054 0 0.880293 0 0.891258 0.497286 
0.635052 0 0.880438 0 0.891186 0.497464 
0.63505 0 0.880579 0 0.891112 0.497638 
0.635046 0 0.880715 0 0.891033 0.497809 
0.635038 0 0.880847 0 0.89095 0.497977 
0.635027 0 0.880976 0 0.890864 0.498141 
0.635014 0 0.881103 0 0.890776 0.498303 
0.635 0 0.881228 0 0.890686 0.498461 
0.634985 0 0.88135 0 0.890595 0.498616 
0.63497 0 0.881472 0 0.890503 0.498769 
0.634956 0 0.881591 0 0.890411 0.498918 
0.634943 0 0.88171 0 0.89032 0.499064 
0.634931 0 0.881828 0 0.890228 0.499208 
0.634919 0 0.881946 0 0.890136 0.499348 
0.634908 0 0.882062 0 0.890044 0.499486 
0.634897 0 0.882177 0 0.889951 0.499621 
0.634886 0 0.88229 0 0.889857 0.499753 
0.634875 0 0.882402 0 0.889763 0.499883 
0.634863 0 0.882513 0 0.889667 0.500011 
0.634851 0 0.882622 0 0.88957 0.500135 
0.634838 0 0.88273 0 0.889473 0.500257 
0.634825 0 0.882837 0 0.889375 0.500377 
0.634812 0 0.882942 0 0.889276 0.500494 
0.634798 0 0.883047 0 0.889176 0.500609 
0.634785 0 0.883151 0 0.889075 0.500721 
0.634771 0 0.883254 0 0.888974 0.500832 
0.634758 0 0.883356 0 0.888872 0.50094 
0.634745 0 0.883457 0 0.88877 0.501045 
0.634731 0 0.883558 0 0.888667 0.501149 
0.634718 0 0.883658 0 0.888563 0.501251 
0.634705 0 0.883757 0 0.888458 0.50135 
0.634691 0 0.883856 0 0.888352 0.501448 
0.634677 0 0.883954 0 0.888246 0.501543 
0.634663 0 0.884051 0 0.888138 0.501636 
0.634648 0 0.884148 0 0.88803 0.501728 
0.634634 0 0.884244 0 0.887921 0.501818 
0.634619 0 0.884339 0 0.887811 0.501906 
0.634604 0 0.884435 0 0.8877 0.501992 
0.63459 0 0.884529 0 0.887589 0.502076 
0.634574 0 0.884624 0 0.887476 0.502159 
0.634559 0 0.884718 0 0.887362 0.50224 
0.634544 0 0.884812 0 0.887248 0.502319 
0.634528 0 0.884905 0 0.887133 0.502396 
0.634513 0 0.884999 0 0.887016 0.502472 
0.634497 0 0.885092 0 0.886899 0.502547 
0.634481 0 0.885185 0 0.886781 0.50262 
0.634465 0 0.885278 0 0.886661 0.502691 
0.634448 0 0.88537 0 0.886541 0.502761 
0.634431 0 0.885463 0 0.886419 0.502829 
0.634415 0 0.885555 0 0.886297 0.502896 
0.634397 0 0.885648 0 0.886173 0.502962 
0.63438 0 0.88574 0 0.886048 0.503026 
0.634363 0 0.885833 0 0.885922 0.503089 
0.634345 0 0.885926 0 0.885795 0.503151 
0.634327 0 0.886018 0 0.885666 0.503211 
0.634309 0 0.886111 0 0.885537 0.503271 
0.63429 0 0.886204 0 0.885406 0.503328 
0.634256 1 0.886206 0 0.885349 0.503385 
0.63421 1 0.886187 0 0.885407 0.503446 
0.634153 1 0.886148 0 0.885558 0.503509 
0.634084 1 0.886093 0 0.885781 0.503574 
0.634005 1 0.886023 0 0.886058 0.50364 
0.633917 1 0.885942 0 0.886374 0.503706 
0.633821 1 0.885697 0 0.886874 0.503772 
0.633718 1 0.88545 0 0.887375 0.503839 
0.633615 1 0.885219 0 0.887865 0.503905 
0.633515 1 0.884991 0 0.888356 0.50397 
0.633418 1 0.884759 0 0.88885 0.504035 
0.633323 1 0.884523 0 0.889341 0.504099 
0.633232 1 0.884285 0 0.889824 0.504162 
0.633142 1 0.884045 0 0.890291 0.504224 
0.633054 1 0.883801 0 0.890741 0.504286 
0.632952 0 0.883529 0 0.891155 0.504345 
0.63285 0 0.883245 0 0.89156 0.5044 
0.632757 0 0.88296 0 0.891966 0.50445 
0.632675 0 0.882679 0 0.892376 0.504496 
0.632605 0 0.8824 0 0.892788 0.504537 
0.632546 0 0.882123 0 0.893202 0.504572 
0.632498 0 0.881847 0 0.893615 0.504603 
0.63246 0 0.881572 0 0.894027 0.504629 
0.632431 0 0.881299 0 0.894439 0.504649 
0.632413 0 0.881027 0 0.89485 0.504664 
0.632405 0 0.880756 0 0.895261 0.504674 
0.632408 0 0.880485 0 0.895673 0.504678 
0.632421 0 0.880216 0 0.896086 0.504677 
0.632512 0 0.880804 1 0.895799 0.504668 
0.632601 0 0.881389 1 0.895531 0.504618 
0.632773 1 0.881354 1 0.895708 0.504497 
0.632988 1 0.881348 1 0.895656 0.504325 
0.633218 1 0.881389 1 0.895523 0.504078 
0.633455 1 0.881454 1 0.895383 0.503727 
0.633699 1 0.881533 1 0.895246 0.503249 
0.633963 1 0.881621 1 0.89512 0.502615 
0.634246 1 0.881721 1 0.895009 0.501792 
0.634552 1 0.881836 1 0.894913 0.500726 
0.634897 1 0.881976 1 0.894841 0.499389 
0.635262 1 0.88213 1 0.894787 0.497726 
0.63566 1 0.882304 1 0.89475 0.495699 
0.636114 1 0.882509 1 0.894745 0.493237 
0.636617 1 0.882742 1 0.894772 0.490305 
0.637175 1 0.883005 1 0.894832 0.48687 
0.637791 1 0.883299 1 0.894924 0.48289 
0.638468 1 0.883624 1 0.895051 0.478343 
0.639209 1 0.883982 1 0.895212 0.473229 
0.640017 1 0.884365 1 0.89541 0.46755 
0.640893 1 0.884778 1 0.895643 0.46132 
0.641834 1 0.885221 1 0.895908 0.454577 
0.642848 1 0.885662 1 0.896169 0.44735 
0.643932 1 0.886094 1 0.896433 0.439682 
0.645083 1 0.886507 1 0.896705 0.431617 
0.646298 1 0.886896 1 0.896988 0.423192 
0.647464 1 0.887153 1 0.897119 0.414453 
0.648589 0 0.887311 0 0.897126 0.405438 
0.649671 0 0.887694 0 0.897346 0.3976 
0.650714 0 0.888259 0 0.897734 0.390784 
0.651718 0 0.888963 0 0.898245 0.38486 
0.65268 0 0.889768 0 0.898845 0.379719 
0.653479 1 0.890327 1 0.899266 0.37527 
0.654347 1 0.890798 1 0.89962 0.370135 
0.655318 1 0.891184 1 0.899871 0.364317 
0.656373 1 0.891597 1 0.900131 0.357824 
0.65751 1 0.892038 1 0.900414 0.350658 
0.658741 1 0.892496 1 0.900697 0.342825 
0.660075 1 0.892986 1 0.901015 0.334326 
0.661514 1 0.893508 1 0.901363 0.325158 
0.663056 1 0.894055 1 0.901736 0.315308 
0.664703 1 0.894624 1 0.902128 0.304775 
0.66646 1 0.895208 1 0.902534 0.293537 
0.668331 1 0.895805 1 0.902951 0.281598 
0.670319 1 0.896412 1 0.903377 0.268979 
0.672423 1 0.897028 1 0.903811 0.255722 
0.674639 1 0.897647 1 0.904248 0.241913 
0.676954 1 0.898263 1 0.904686 0.227664 
0.679326 1 0.898856 1 0.905109 0.213105 
0.68179 1 0.899442 1 0.905528 0.198374 
0.684278 1 0.899997 1 0.905932 0.183594 
0.686792 1 0.90052 1 0.906313 0.168865 
0.689321 1 0.901015 1 0.906674 0.154271 
0.691859 1 0.901484 1 0.907013 0.139866 
0.694397 1 0.901928 1 0.907333 0.125694 
0.696936 1 0.902353 1 0.907635 0.111785 
0.699468 1 0.902758 1 0.907921 0.0981536 
0.701987 1 0.903143 1 0.908189 0.0848123 
0.704489 1 0.90351 1 0.908442 0.0717672 
0.70697 1 0.903858 1 0.908678 0.0590196 
0.709427 1 0.904188 1 0.9089 0.0465696 
0.711859 1 0.904501 1 0.909108 0.0344157 
0.714262 1 0.904798 1 0.909303 0.0225513 
0.716635 1 0.90508 1 0.909484 0.0109735 
0.718977 1 0.905347 1 0.909654 -0.000321883 
0.721287 1 0.9056 1 0.909812 -0.0113392 
0.723562 1 0.90584 1 0.909959 -0.0220862 
0.725804 1 0.906067 1 0.910096 -0.0325694 
0.72801 1 0.906279 1 0.910223 -0.0427929 
0.73018 1 0.906482 1 0.910341 -0.0527637 
0.732314 1 0.906676 1 0.91045 -0.0624857 
0.734411 1 0.906859 1 0.91055 -0.0719663 
0.736471 1 0.907033 1 0.910643 -0.0812111 
0.738493 1 0.907197 1 0.910729 -0.0902273 
0.740477 1 0.907354 1 0.910807 -0.0990188 
0.742424 1 0.9075 1 0.910878 -0.107591 
0.744333 1 0.907639 1 0.910943 -0.115949 
0.74625 1 0.907808 1 0.911005 -0.1241 
0.748148 1 0.907983 1 0.911075 -0.132047 
0.750017 1 0.908154 1 0.911148 -0.139797 
0.751851 1 0.908315 1 0.91122 -0.147352 
0.753649 1 0.908465 1 0.91129 -0.154718 
0.75541 1 0.908604 1 0.911357 -0.161903 
0.757136 1 0.908737 1 0.911421 -0.168906 
0.758828 1 0.908863 1 0.911482 -0.175735 
0.760486 1 0.908986 1 0.911539 -0.182392 
0.762112 1 0.909105 1 0.911594 -0.188884 
0.763707 1 0.90922 1 0.911645 -0.195213 
0.765269 1 0.909332 1 0.911694 -0.201384 
0.7668 1 0.909441 1 0.911741 -0.207401 
0.768245 1 0.909353 1 0.911863 -0.213263 
0.769714 1 0.909402 1 0.911967 -0.218972 
0.771137 1 0.909455 1 0.912045 -0.224551 
0.772514 1 0.909532 1 0.91209 -0.229989 
0.773859 1 0.909597 1 0.91212 -0.235291 
0.775173 1 0.909663 1 0.912143 -0.240461 
0.776525 1 0.909771 1 0.91218 -0.245503 
0.777832 1 0.909869 1 0.91222 -0.250419 
0.779109 1 0.90996 1 0.912257 -0.255211 
0.7804 1 0.910073 1 0.912301 -0.259884 
0.781659 1 0.910159 1 0.912373 -0.26444 
0.782898 1 0.910248 1 0.912439 -0.268883 
0.784118 1 0.910345 1 0.9125 -0.273216 
0.785318 1 0.910446 1 0.912559 -0.277437 
0.786497 1 0.910551 1 0.912617 -0.281553 
0.787657 1 0.910657 1 0.912675 -0.285568 
0.788799 1 0.910765 1 0.912734 -0.289483 
0.789922 1 0.910874 1 0.912793 -0.293297 
0.791028 1 0.910985 1 0.912853 -0.297016 
0.792117 1 0.911097 1 0.912914 -0.300644 
0.793189 1 0.91121 1 0.912977 -0.304181 
0.794246 1 0.911325 1 0.913041 -0.30763 
0.795287 1 0.91144 1 0.913107 -0.310992 
0.796313 1 0.911556 1 0.913174 -0.31427 
0.797324 1 0.911673 1 0.913243 -0.317465 
0.79832 1 0.911791 1 0.913314 -0.320582 
0.799302 1 0.911909 1 0.913387 -0.32362 
0.800271 1 0.912029 1 0.913462 -0.326583 
0.801227 1 0.91215 1 0.913538 -0.329471 
0.80217 1 0.912272 1 0.913615 -0.332286 
0.803101 1 0.912394 1 0.913694 -0.335033 
0.804019 1 0.912518 1 0.913769 -0.337708 
0.804927 1 0.912643 1 0.913851 -0.340318 
0.805824 1 0.912769 1 0.913937 -0.342863 
0.80671 1 0.912897 1 0.914027 -0.345343 
0.807621 1 0.913034 1 0.914149 -0.347763 
0.808549 1 0.91318 1 0.914287 -0.35012 
0.809471 1 0.913329 1 0.914431 -0.352419 
0.810384 1 0.913478 1 0.914574 -0.354661 
0.811282 1 0.913627 1 0.914713 -0.356847 
0.812166 1 0.913776 1 0.914847 -0.358978 
0.813038 1 0.913925 1 0.914977 -0.361056 
0.813901 1 0.914076 1 0.915106 -0.363081 
0.814758 1 0.914228 1 0.915236 -0.365057 
0.815611 1 0.914383 1 0.915369 -0.366983 
0.81646 1 0.914539 1 0.915504 -0.36886 
0.817305 1 0.914697 1 0.915642 -0.370691 
0.818146 1 0.914856 1 0.915781 -0.372478 
0.818983 1 0.915016 1 0.915922 -0.374219 
0.819815 1 0.915177 1 0.916064 -0.375916 
0.820643 1 0.915339 1 0.916206 -0.37757 
0.821467 1 0.915501 1 0.91635 -0.379183 
0.821719 1 0.915428 1 0.916251 -0.380752 
0.82202 1 0.91541 1 0.916226 -0.382286 
0.822327 1 0.915381 1 0.916189 -0.383781 
0.822634 1 0.915354 1 0.916153 -0.385238 
0.822936 1 0.91533 1 0.916119 -0.38666 
0.823235 1 0.915308 1 0.916086 -0.388046 
0.823559 1 0.915308 1 0.916054 -0.389398 
0.823887 1 0.915318 1 0.916028 -0.390715 
0.824224 1 0.915333 1 0.91601 -0.392002 
0.824556 1 0.915347 1 0.915996 -0.393254 
0.824883 1 0.915361 1 0.915983 -0.394476 
0.825204 1 0.915374 1 0.915971 -0.395666 
0.825527 1 0.915389 1 0.915963 -0.396825 
0.825853 1 0.915406 1 0.915963 -0.397955 
0.826179 1 0.915425 1 0.915968 -0.399057 
0.826507 1 0.915446 1 0.915977 -0.400134 
0.826834 1 0.91547 1 0.915989 -0.401181 
0.827163 1 0.915496 1 0.916004 -0.402203 
0.827493 1 0.915526 1 0.916022 -0.403199 
0.827824 1 0.915559 1 0.916043 -0.40417 
0.828157 1 0.915596 1 0.916066 -0.405118 
