0.56696 0 0.665449 0 0.665446 0.500001 
0.567465 0 0.667123 0 0.667301 0.498987 
0.568066 0 0.668965 0 0.669636 0.498003 
0.568691 0 0.671083 0 0.672342 0.497067 
0.569447 0 0.67372 0 0.675429 0.496195 
0.570205 0 0.676688 0 0.678858 0.495404 
0.57096 0 0.679958 0 0.682602 0.494703 
0.571718 0 0.683493 0 0.686617 0.494094 
0.572481 0 0.687239 0 0.690849 0.49357 
0.573242 0 0.691132 0 0.695242 0.493122 
0.574001 0 0.695125 0 0.699745 0.492737 
0.574765 0 0.699184 0 0.70432 0.492401 
0.575536 0 0.703276 0 0.708932 0.492104 
0.576305 0 0.707365 0 0.713551 0.491835 
0.577075 0 0.71143 0 0.718158 0.491587 
0.577853 0 0.715465 0 0.722737 0.491354 
0.578637 0 0.719457 0 0.727274 0.491133 
0.5793 0 0.723434 0 0.731481 0.490924 
0.579883 0 0.727343 0 0.73549 0.490723 
0.580474 0 0.731197 0 0.739435 0.490531 
0.581073 0 0.73499 0 0.743311 0.490348 
0.581672 0 0.738711 0 0.747113 0.490172 
0.582274 0 0.742359 0 0.750841 0.490005 
0.583096 0 0.746455 0 0.7544 0.489846 
0.583951 0 0.750546 0 0.757861 0.489695 
0.5848 0 0.754593 0 0.76122 0.489551 
0.585625 0 0.758572 0 0.764469 0.489414 
0.586601 0 0.76264 0 0.767717 0.489285 
0.587402 0 0.766526 0 0.770691 0.489162 
0.588204 0 0.770337 0 0.773587 0.489047 
0.589134 0 0.774177 0 0.776523 0.488938 
0.590073 0 0.777954 0 0.779385 0.488835 
0.591019 0 0.781667 0 0.782174 0.488738 
0.591966 0 0.785308 0 0.78489 0.488647 
0.592916 0 0.78888 0 0.787536 0.488562 
0.593874 0 0.792393 0 0.790113 0.488482 
0.59484 0 0.795847 0 0.792623 0.488408 
0.595641 0 0.799125 0 0.794894 0.488338 
0.596367 0 0.802215 0 0.797146 0.488273 
0.597055 0 0.805212 0 0.79932 0.488213 
0.597729 0 0.808145 0 0.801412 0.488158 
0.598287 0 0.810945 0 0.803327 0.488106 
0.598963 0 0.81382 0 0.805245 0.488059 
0.599648 0 0.816647 0 0.807108 0.488016 
0.600237 0 0.819349 0 0.808807 0.487977 
0.600826 0 0.821992 0 0.810451 0.487941 
0.601418 0 0.82458 0 0.81204 0.487908 
0.602087 0 0.827205 0 0.813634 0.487879 
0.602749 0 0.8297 0 0.815223 0.487854 
0.603397 0 0.83211 0 0.816774 0.487831 
0.604026 0 0.83445 0 0.81827 0.48781 
0.604645 0 0.836739 0 0.819708 0.487793 
0.605257 0 0.83898 0 0.821086 0.487778 
0.605859 0 0.841166 0 0.822409 0.487765 
0.606453 0 0.843299 0 0.82368 0.487755 
0.607046 0 0.845392 0 0.8249 0.487746 
0.607637 0 0.847443 0 0.826068 0.48774 
0.608219 0 0.849446 0 0.827186 0.487736 
0.608793 0 0.851403 0 0.828254 0.487733 
0.609367 0 0.853322 0 0.829274 0.487732 
0.609939 0 0.855206 0 0.830245 0.487733 
0.610503 0 0.857044 0 0.831168 0.487735 
0.61106 0 0.858839 0 0.832044 0.487738 
0.611617 0 0.860601 0 0.832874 0.487742 
0.612173 0 0.86233 0 0.833658 0.487747 
0.612721 0 0.864016 0 0.834395 0.487754 
0.613263 0 0.865662 0 0.835088 0.487761 
0.613805 0 0.867278 0 0.835736 0.487769 
0.614346 0 0.868862 0 0.836339 0.487777 
0.614879 0 0.870407 0 0.836897 0.487786 
0.615407 0 0.871913 0 0.837412 0.487796 
0.615935 0 0.87339 0 0.837883 0.487806 
0.616461 0 0.874838 0 0.838309 0.487816 
0.616981 0 0.876246 0 0.838692 0.487826 
0.617495 0 0.877617 0 0.839032 0.487836 
0.618009 0 0.87896 0 0.839328 0.487846 
0.618523 0 0.880274 0 0.839581 0.487856 
0.618876 1 0.879822 0 0.840624 0.487859 
0.619092 1 0.879754 0 0.842249 0.487773 
0.619279 1 0.879569 0 0.843936 0.487585 
0.61946 1 0.879389 0 0.845448 0.487278 
0.61964 1 0.879198 0 0.84693 0.486833 
0.619819 0 0.878997 0 0.848385 0.48623 
0.619996 0 0.878779 0 0.849804 0.485652 
0.620173 0 0.878542 0 0.851189 0.485096 
0.620349 0 0.878288 0 0.852538 0.484564 
0.620554 0 0.878041 0 0.853823 0.484055 
0.620778 0 0.877792 0 0.855053 0.483567 
0.621012 0 0.877536 0 0.856236 0.483102 
0.621253 0 0.877268 0 0.857323 0.482657 
0.621496 0 0.876984 0 0.858316 0.482233 
0.621739 0 0.87668 0 0.859232 0.481829 
0.621982 0 0.876357 0 0.860077 0.481445 
0.622225 0 0.876012 0 0.860849 0.48108 
0.622469 0 0.875647 0 0.861548 0.480734 
0.622716 0 0.875259 0 0.86217 0.480406 
0.62297 0 0.874852 0 0.862713 0.480095 
0.623236 0 0.874429 0 0.863182 0.479802 
0.623517 0 0.87399 0 0.863577 0.479526 
0.623656 0 0.873932 0 0.864164 0.479267 
0.623692 0 0.873978 0 0.864875 0.479022 
0.623688 0 0.874007 0 0.865566 0.478793 
0.623687 0 0.874032 0 0.866184 0.478578 
0.62369 0 0.874047 0 0.866752 0.478378 
0.623698 0 0.874052 0 0.867274 0.478192 
0.623714 0 0.874047 0 0.867751 0.478019 
0.623738 0 0.874032 0 0.868183 0.47786 
0.623605 0 0.874248 1 0.868077 0.477712 
0.623472 0 0.874449 1 0.867956 0.477627 
0.623474 1 0.874258 0 0.868651 0.477598 
0.623634 1 0.874326 1 0.868414 0.477431 
0.623827 1 0.874264 1 0.868437 0.477169 
0.624018 1 0.874197 1 0.868495 0.476798 
0.624206 1 0.874132 1 0.868553 0.476312 
0.624391 1 0.874067 1 0.868605 0.475683 
0.624571 1 0.873997 1 0.868649 0.474908 
0.624744 1 0.87392 1 0.868682 0.473939 
0.624911 1 0.873835 1 0.868703 0.472745 
0.625081 1 0.873739 1 0.868716 0.471272 
0.625247 1 0.873632 1 0.868716 0.46945 
0.625404 1 0.87351 1 0.868697 0.467193 
0.625552 1 0.873371 1 0.868646 0.464391 
0.625559 1 0.873133 1 0.868504 0.460925 
0.62547 1 0.872819 1 0.8683 0.456661 
0.625296 1 0.87244 1 0.868027 0.451441 
0.625012 1 0.872092 1 0.867639 0.445126 
0.624615 1 0.871649 1 0.867083 0.437546 
0.624162 1 0.871122 1 0.866423 0.428578 
0.623691 1 0.870512 1 0.865735 0.418156 
0.623248 1 0.869851 1 0.86501 0.406265 
0.622848 1 0.869151 1 0.864253 0.392974 
0.622512 1 0.868424 1 0.863483 0.378444 
0.622274 1 0.867694 1 0.862716 0.362871 
0.622167 1 0.866986 1 0.861972 0.346505 
0.622224 1 0.866331 1 0.861273 0.329596 
0.622476 1 0.865753 1 0.860644 0.312366 
0.622941 1 0.865273 1 0.8601 0.295005 
0.623634 1 0.86491 1 0.859658 0.277658 
0.62454 1 0.86467 1 0.859327 0.260441 
0.62566 1 0.86455 1 0.859107 0.243436 
0.626992 1 0.864551 1 0.858992 0.226695 
0.628527 1 0.864674 1 0.858981 0.210263 
0.630255 1 0.864914 1 0.859075 0.194159 
0.632164 1 0.865265 1 0.859266 0.178404 
0.634242 1 0.865721 1 0.859549 0.162998 
0.636473 1 0.866275 1 0.859919 0.147952 
0.638846 1 0.866918 1 0.860367 0.133258 
0.641347 1 0.867644 1 0.860889 0.118921 
0.643969 1 0.868452 1 0.861482 0.104928 
0.646699 1 0.869333 1 0.862139 0.0912741 
0.649524 1 0.87028 1 0.862853 0.077953 
0.652436 1 0.871287 1 0.863618 0.0649656 
0.655425 1 0.872349 1 0.864429 0.0522933 
0.658482 1 0.873461 1 0.865281 0.0399454 
0.661601 1 0.874619 1 0.866169 0.0278997 
0.664773 1 0.875819 1 0.86709 0.0161394 
0.667992 1 0.877056 1 0.868038 0.00468646 
0.671252 1 0.878327 1 0.869011 -0.00648063 
0.674547 1 0.879628 1 0.870005 -0.0173647 
0.677871 1 0.880955 1 0.871017 -0.0279825 
0.681219 1 0.882307 1 0.872045 -0.0383345 
0.684588 1 0.883679 1 0.873084 -0.0484267 
0.687972 1 0.885063 1 0.874137 -0.0582664 
0.691366 1 0.88646 1 0.875194 -0.0678605 
0.694768 1 0.887876 1 0.876241 -0.0772149 
0.698173 1 0.889305 1 0.877281 -0.0863356 
0.70158 1 0.890744 1 0.878313 -0.0952309 
0.704986 1 0.892188 1 0.879338 -0.103899 
0.708388 1 0.893637 1 0.880354 -0.112355 
0.711785 1 0.895088 1 0.88136 -0.120599 
0.715175 1 0.896542 1 0.882354 -0.128638 
0.718557 1 0.897993 1 0.883336 -0.136476 
0.721929 1 0.899444 1 0.884305 -0.144121 
0.72529 1 0.90089 1 0.885259 -0.151567 
0.728638 1 0.902332 1 0.886198 -0.158831 
0.731973 1 0.903767 1 0.887121 -0.165909 
0.735294 1 0.905195 1 0.888028 -0.172814 
0.738601 1 0.906614 1 0.888916 -0.179545 
0.741891 1 0.908023 1 0.889786 -0.186109 
0.744998 1 0.908834 1 0.890838 -0.192515 
0.74802 1 0.909903 1 0.891782 -0.198749 
0.751021 1 0.911087 1 0.892638 -0.204823 
0.753992 1 0.91232 1 0.893393 -0.210761 
0.756949 1 0.913506 1 0.894105 -0.216546 
0.759892 1 0.914676 1 0.89479 -0.222189 
0.76282 1 0.91584 1 0.89545 -0.227691 
0.765729 1 0.916996 1 0.896089 -0.233052 
0.768622 1 0.918141 1 0.896709 -0.238279 
0.771497 1 0.919275 1 0.897309 -0.243376 
0.774357 1 0.920397 1 0.897889 -0.248348 
0.777199 1 0.921504 1 0.89845 -0.253192 
0.780026 1 0.922598 1 0.89899 -0.25791 
0.782836 1 0.923676 1 0.899509 -0.262511 
0.785643 1 0.924738 1 0.900014 -0.267005 
0.788445 1 0.925792 1 0.9005 -0.271385 
0.791238 1 0.926833 1 0.900967 -0.275653 
0.794033 1 0.927822 1 0.901448 -0.279818 
0.79683 1 0.928805 1 0.901903 -0.283872 
0.799629 1 0.929789 1 0.902331 -0.287831 
0.802416 1 0.930754 1 0.902733 -0.291689 
0.805189 1 0.931704 1 0.903098 -0.295449 
0.807947 1 0.932629 1 0.903434 -0.299115 
0.809685 1 0.932533 1 0.904132 -0.302694 
0.811761 1 0.932619 1 0.904596 -0.306178 
0.813855 1 0.933014 1 0.904976 -0.30958 
0.815945 1 0.93352 1 0.905279 -0.312888 
0.81735 1 0.933457 1 0.905739 -0.316106 
0.819019 1 0.933426 1 0.906154 -0.319252 
0.820679 1 0.933669 1 0.906475 -0.322322 
0.822321 1 0.934014 1 0.906724 -0.325312 
0.823983 1 0.934247 1 0.906981 -0.328236 
0.825647 1 0.934492 1 0.907224 -0.33108 
0.82729 1 0.934772 1 0.907408 -0.333858 
0.828897 1 0.935078 1 0.907539 -0.336566 
0.83048 1 0.935415 1 0.907619 -0.339205 
0.83149 1 0.935293 1 0.907843 -0.34178 
0.832664 1 0.935306 1 0.90804 -0.344291 
0.833829 1 0.935394 1 0.908159 -0.346739 
0.83501 1 0.935469 1 0.908273 -0.349124 
0.836205 0 0.935536 0 0.908379 -0.35145 
