0.449182 0 0.561365 0 0.561363 0.500001 
0.448908 0 0.562046 0 0.561966 0.49926 
0.44847 0 0.562881 0 0.562781 0.49851 
0.447953 0 0.563882 0 0.563888 0.497764 
0.447468 0 0.565144 0 0.565309 0.497037 
0.446987 0 0.566605 0 0.566934 0.496349 
0.446503 0 0.568205 0 0.568702 0.49572 
0.446414 0 0.570414 0 0.570764 0.495175 
0.446593 0 0.572952 0 0.573079 0.494733 
0.446932 0 0.575644 0 0.575549 0.494408 
0.447368 0 0.57839 0 0.578103 0.494203 
0.447877 0 0.581142 0 0.580702 0.494113 
0.448439 0 0.583867 0 0.583314 0.494125 
0.449038 0 0.586537 0 0.585917 0.49422 
0.449666 0 0.589139 0 0.588498 0.494381 
0.450322 0 0.591676 0 0.591047 0.49459 
0.450998 0 0.594137 0 0.593553 0.494832 
0.451682 0 0.596509 0 0.596006 0.495095 
0.45237 0 0.59879 0 0.598399 0.49537 
0.453065 0 0.600986 0 0.60073 0.495653 
0.453761 0 0.603095 0 0.602994 0.495937 
0.454448 0 0.605107 0 0.605183 0.496221 
0.455126 0 0.607024 0 0.607299 0.496501 
0.455799 0 0.608856 0 0.609342 0.496778 
0.456462 0 0.610603 0 0.611313 0.49705 
0.457109 0 0.612261 0 0.61321 0.497317 
0.457739 0 0.613833 0 0.615036 0.497578 
0.45836 0 0.615334 0 0.616798 0.497833 
0.458968 0 0.616769 0 0.618499 0.498082 
0.459557 0 0.618134 0 0.620141 0.498325 
0.46013 0 0.619437 0 0.62173 0.498563 
0.460693 0 0.620694 0 0.623275 0.498794 
0.461246 0 0.621912 0 0.62478 0.49902 
0.461782 0 0.62309 0 0.626249 0.499241 
0.462306 0 0.624236 0 0.62769 0.499456 
0.462823 0 0.625366 0 0.629112 0.499666 
0.463335 0 0.626488 0 0.630518 0.49987 
0.463835 0 0.627598 0 0.631913 0.500069 
0.464327 0 0.628704 0 0.633302 0.500264 
0.464818 0 0.629821 0 0.634693 0.500454 
0.465308 0 0.630952 0 0.636089 0.500638 
0.465791 0 0.632093 0 0.637491 0.500819 
0.466269 0 0.633248 0 0.638902 0.500995 
0.46675 0 0.634429 0 0.640327 0.501166 
0.467234 0 0.635635 0 0.641767 0.501333 
0.467714 0 0.63686 0 0.64322 0.501496 
0.468192 0 0.638104 0 0.644687 0.501655 
0.468675 0 0.639376 0 0.646171 0.50181 
0.469162 0 0.640674 0 0.64767 0.501961 
0.469646 0 0.641988 0 0.64918 0.502108 
0.47013 0 0.643316 0 0.650702 0.502252 
0.470619 0 0.644667 0 0.652236 0.502392 
0.471112 0 0.646037 0 0.653781 0.502528 
0.471603 0 0.647415 0 0.655331 0.502661 
0.472092 0 0.648799 0 0.656886 0.502791 
0.472587 0 0.650196 0 0.658447 0.502917 
0.473086 0 0.651603 0 0.660012 0.503041 
0.473582 0 0.653008 0 0.661576 0.503161 
0.474076 0 0.65441 0 0.66314 0.503278 
0.474575 0 0.655816 0 0.664703 0.503393 
0.475077 0 0.657224 0 0.666264 0.503504 
0.475575 0 0.658622 0 0.66782 0.503613 
0.476071 0 0.66001 0 0.66937 0.503719 
0.476571 0 0.661396 0 0.670917 0.503822 
0.477074 0 0.662777 0 0.672458 0.503923 
0.477573 0 0.664142 0 0.67399 0.504021 
0.478069 0 0.665493 0 0.675513 0.504117 
0.478569 0 0.666836 0 0.677031 0.50421 
0.479071 0 0.66817 0 0.678542 0.504301 
0.47957 0 0.669486 0 0.680042 0.50439 
0.480065 0 0.670784 0 0.681532 0.504476 
0.480565 0 0.672072 0 0.683016 0.504561 
0.481067 0 0.673349 0 0.684491 0.504643 
0.481566 0 0.674605 0 0.685955 0.504723 
0.482061 0 0.675841 0 0.68741 0.504801 
0.482562 0 0.677067 0 0.688857 0.504878 
0.483064 0 0.67828 0 0.690296 0.504952 
0.483564 0 0.679471 0 0.691724 0.505024 
0.484061 0 0.680641 0 0.693141 0.505095 
0.484563 0 0.681799 0 0.694552 0.505164 
0.485068 0 0.682945 0 0.695954 0.505231 
0.48557 0 0.684067 0 0.697345 0.505297 
0.48607 0 0.685168 0 0.698725 0.505361 
0.486575 0 0.686256 0 0.700099 0.505423 
0.487084 0 0.687331 0 0.701464 0.505483 
0.48759 0 0.688382 0 0.702818 0.505543 
0.488094 0 0.689411 0 0.704162 0.5056 
0.488603 0 0.690427 0 0.705499 0.505657 
0.489116 0 0.691428 0 0.706827 0.505712 
0.489626 0 0.692406 0 0.708144 0.505765 
0.490134 0 0.69336 0 0.709452 0.505817 
0.490647 0 0.694301 0 0.710753 0.505868 
0.491164 0 0.695226 0 0.712046 0.505918 
0.491476 0 0.696062 0 0.71309 0.505966 
0.491853 0 0.696806 0 0.714282 0.506013 
0.492136 0 0.697497 0 0.715348 0.506059 
0.492484 0 0.698132 0 0.716529 0.506104 
0.492672 0 0.698708 0 0.717492 0.506148 
0.49294 0 0.699216 0 0.718602 0.50619 
0.49326 0 0.699698 0 0.719786 0.506232 
0.493334 0 0.700242 0 0.720515 0.506272 
0.493517 0 0.700653 0 0.721494 0.506312 
0.493758 0 0.701005 0 0.722587 0.506351 
0.493766 0 0.70142 0 0.723235 0.506388 
0.493902 0 0.701707 0 0.724171 0.506425 
0.494225 0 0.702134 0 0.725261 0.50646 
0.494652 0 0.702633 0 0.726429 0.506495 
0.495137 0 0.70317 0 0.727632 0.506529 
0.495649 0 0.703717 0 0.728847 0.506562 
0.496169 0 0.70425 0 0.730061 0.506594 
0.496692 0 0.704764 0 0.731273 0.506626 
0.497221 0 0.705265 0 0.732484 0.506656 
0.497754 0 0.705748 0 0.733692 0.506686 
0.498283 0 0.706204 0 0.734895 0.506715 
0.498809 0 0.706631 0 0.736094 0.506744 
0.499337 0 0.707038 0 0.737292 0.506771 
0.499866 0 0.707424 0 0.738487 0.506799 
0.50039 0 0.707778 0 0.739678 0.506825 
0.500909 0 0.708101 0 0.740864 0.50685 
0.50143 0 0.708403 0 0.742051 0.506875 
0.501953 0 0.708683 0 0.743237 0.5069 
0.502469 0 0.708929 0 0.744418 0.506924 
0.502981 0 0.709143 0 0.745596 0.506947 
0.503494 0 0.709334 0 0.746774 0.506969 
0.504009 0 0.709501 0 0.747952 0.506992 
0.504517 0 0.709632 0 0.749125 0.507013 
0.505019 0 0.70973 0 0.750296 0.507034 
0.505523 0 0.709802 0 0.751468 0.507054 
0.506027 0 0.709847 0 0.75264 0.507074 
0.506524 0 0.709856 0 0.753807 0.507094 
0.507016 0 0.709828 0 0.754972 0.507113 
0.507508 0 0.709773 0 0.756139 0.507131 
0.508 0 0.709688 0 0.757304 0.507149 
0.508485 0 0.709565 0 0.758466 0.507167 
0.508963 0 0.709403 0 0.759625 0.507184 
0.509441 0 0.70921 0 0.760784 0.5072 
0.509919 0 0.708987 0 0.761943 0.507217 
0.510388 0 0.708721 0 0.763097 0.507233 
0.510849 0 0.708414 0 0.764248 0.507248 
0.51131 0 0.708075 0 0.765399 0.507263 
0.51177 0 0.707701 0 0.766549 0.507278 
0.51222 0 0.707283 0 0.767693 0.507292 
0.512662 0 0.706821 0 0.768833 0.507306 
0.513102 0 0.706323 0 0.769972 0.50732 
0.51354 0 0.705788 0 0.771108 0.507333 
0.513713 0 0.705694 0 0.771761 0.507347 
0.513753 0 0.705787 0 0.772174 0.50736 
0.513757 0 0.705927 0 0.77248 0.507372 
0.513788 0 0.706054 0 0.772821 0.507384 
0.513816 0 0.706163 0 0.773157 0.507396 
0.513842 0 0.706254 0 0.773491 0.507407 
0.513893 0 0.706338 0 0.773852 0.507418 
0.513967 0 0.706413 0 0.774236 0.507429 
0.514055 0 0.706472 0 0.774637 0.50744 
0.514154 0 0.706513 0 0.775054 0.50745 
0.514272 0 0.706547 0 0.775491 0.50746 
0.514407 0 0.70657 0 0.775947 0.50747 
0.51455 0 0.706574 0 0.776417 0.507479 
0.514702 0 0.706559 0 0.776903 0.507489 
0.514872 0 0.706535 0 0.777409 0.507498 
0.515056 0 0.706499 0 0.777933 0.507507 
0.515249 0 0.706444 0 0.778472 0.507515 
0.51545 0 0.706369 0 0.779026 0.507524 
0.515667 0 0.706284 0 0.779601 0.507532 
0.515898 0 0.706189 0 0.780194 0.50754 
0.516137 0 0.706074 0 0.780802 0.507547 
0.516344 0 0.706168 0 0.781259 0.507555 
0.516531 0 0.706389 0 0.781624 0.507562 
0.516711 0 0.706678 0 0.781943 0.50757 
0.516889 0 0.706987 0 0.782244 0.507577 
0.517071 0 0.707304 0 0.782546 0.507584 
0.517267 0 0.707634 0 0.782861 0.50759 
0.517476 0 0.707985 0 0.783188 0.507597 
0.517691 0 0.708353 0 0.783522 0.507603 
0.517913 0 0.708743 0 0.783866 0.507609 
0.518151 0 0.709168 0 0.784224 0.507615 
0.518403 0 0.709629 0 0.784597 0.507621 
0.518663 0 0.710117 0 0.784983 0.507627 
0.518932 0 0.710637 0 0.785386 0.507633 
0.519116 0 0.711164 0 0.785757 0.507638 
0.519268 0 0.711674 0 0.78615 0.507643 
0.51937 0 0.712143 0 0.786528 0.507649 
0.519483 0 0.712634 0 0.786948 0.507654 
0.519613 0 0.713155 0 0.787414 0.507659 
0.519817 0 0.713777 0 0.78799 0.507664 
0.520068 0 0.714467 0 0.78865 0.507668 
0.520358 0 0.71522 0 0.789384 0.507673 
0.520684 0 0.716048 0 0.790189 0.507677 
0.521041 0 0.716954 0 0.791059 0.507682 
0.521326 0 0.717928 0 0.79186 0.507686 
0.521576 0 0.718961 0 0.792662 0.50769 
0.521821 0 0.720063 0 0.793498 0.507694 
0.522072 0 0.721237 0 0.794379 0.507698 
0.522328 0 0.722476 0 0.795302 0.507702 
0.52259 0 0.72378 0 0.796268 0.507706 
0.522867 0 0.725157 0 0.797274 0.507709 
0.523156 0 0.7266 0 0.798315 0.507713 
0.523449 0 0.728095 0 0.799378 0.507716 
0.523747 0 0.729634 0 0.800458 0.50772 
0.524057 0 0.731219 0 0.801553 0.507723 
0.524376 0 0.732841 0 0.802654 0.507726 
0.524695 0 0.734484 0 0.803748 0.507729 
0.525015 0 0.736143 0 0.804829 0.507732 
0.525343 0 0.737822 0 0.805897 0.507735 
0.525676 0 0.739515 0 0.806943 0.507738 
0.526007 0 0.741209 0 0.807959 0.507741 
0.526484 0 0.742986 0 0.809098 0.507744 
0.527061 0 0.744817 0 0.81032 0.507746 
0.5277 0 0.746682 0 0.81158 0.507749 
0.528377 0 0.748554 0 0.812855 0.507752 
0.529091 0 0.750417 0 0.814144 0.507754 
0.529849 0 0.752273 0 0.815451 0.507757 
0.530649 0 0.75412 0 0.816773 0.507759 
0.531483 0 0.75595 0 0.818099 0.507761 
0.532351 0 0.757761 0 0.819427 0.507764 
0.533258 0 0.759559 0 0.820755 0.507766 
0.534201 0 0.761337 0 0.822076 0.507768 
0.535171 0 0.76308 0 0.82338 0.50777 
0.536166 0 0.764782 0 0.824662 0.507772 
0.537188 0 0.766448 0 0.825922 0.507774 
0.538233 0 0.768071 0 0.827151 0.507776 
0.539288 0 0.769637 0 0.828337 0.507778 
0.540172 0 0.7709 0 0.829413 0.507779 
0.541052 0 0.772153 0 0.83041 0.507781 
0.542114 0 0.77363 0 0.831445 0.507783 
0.542824 0 0.774483 0 0.832343 0.507784 
0.543757 0 0.775722 0 0.833213 0.507786 
0.544695 0 0.776909 0 0.834059 0.507788 
0.545635 0 0.778042 0 0.83488 0.50779 
0.546572 0 0.779116 0 0.835674 0.507791 
0.547506 0 0.780134 0 0.836445 0.507792 
0.548322 0 0.780984 0 0.837138 0.507794 
0.549131 0 0.781837 0 0.837763 0.507795 
0.54997 0 0.782707 0 0.83836 0.507797 
0.550703 0 0.783455 0 0.838871 0.507798 
0.551599 0 0.784402 0 0.839391 0.507799 
0.552221 0 0.784908 0 0.839887 0.507801 
0.553034 0 0.785713 0 0.840361 0.507802 
0.553658 0 0.786109 0 0.840895 0.507803 
0.554451 0 0.786751 0 0.841381 0.507804 
0.555156 0 0.7873 0 0.841797 0.507806 
0.555974 0 0.787982 0 0.842245 0.507807 
0.556585 0 0.7883 0 0.842718 0.507808 
0.557369 0 0.788912 0 0.843152 0.507809 
0.558142 0 0.789512 0 0.843585 0.50781 
0.558975 0 0.790169 0 0.844022 0.507811 
0.559677 0 0.790672 0 0.844424 0.507812 
0.56046 0 0.791269 0 0.844817 0.507813 
0.561138 0 0.79175 0 0.845189 0.507814 
0.561901 0 0.792331 0 0.845572 0.507815 
0.562586 0 0.792826 0 0.84594 0.507816 
0.563341 0 0.793405 0 0.846311 0.507816 
0.564131 0 0.794018 0 0.8467 0.507817 
0.564798 0 0.794493 0 0.847078 0.507818 
0.565521 0 0.795039 0 0.847437 0.507819 
0.566276 0 0.795623 0 0.847807 0.50782 
0.567045 0 0.796222 0 0.84819 0.50782 
0.567813 0 0.796819 0 0.848577 0.507821 
0.568574 0 0.797409 0 0.848966 0.507822 
0.569332 0 0.798002 0 0.849357 0.507823 
0.570086 0 0.798597 0 0.849747 0.507823 
0.570828 0 0.799185 0 0.850132 0.507824 
0.571558 0 0.799767 0 0.850515 0.507825 
0.572285 0 0.800354 0 0.850899 0.507825 
0.573008 0 0.800945 0 0.851284 0.507826 
0.573719 0 0.801533 0 0.851667 0.507827 
0.574421 0 0.802117 0 0.852049 0.507827 
0.575122 0 0.802709 0 0.852435 0.507828 
0.57582 0 0.803308 0 0.852824 0.507829 
0.576508 0 0.803906 0 0.853214 0.507829 
0.577189 0 0.804503 0 0.853605 0.507829 
0.57787 0 0.805109 0 0.854002 0.50783 
0.57855 0 0.805725 0 0.854404 0.507831 
0.579223 0 0.806342 0 0.854808 0.507831 
0.57989 0 0.80696 0 0.855216 0.507831 
0.580559 0 0.80759 0 0.855632 0.507832 
0.581229 0 0.808231 0 0.856054 0.507833 
0.581894 0 0.808875 0 0.856481 0.507833 
0.582555 0 0.809523 0 0.856913 0.507834 
0.58322 0 0.810184 0 0.857355 0.507834 
0.583887 0 0.810858 0 0.857806 0.507834 
0.584551 0 0.811537 0 0.858263 0.507835 
0.585214 0 0.812222 0 0.858727 0.507835 
0.585882 0 0.812922 0 0.859203 0.507836 
0.586555 0 0.813637 0 0.85969 0.507836 
0.587226 0 0.814359 0 0.860184 0.507836 
0.587898 0 0.815088 0 0.860689 0.507837 
0.588577 0 0.815835 0 0.861207 0.507837 
0.589264 0 0.816599 0 0.861737 0.507837 
0.58995 0 0.817371 0 0.862277 0.507838 
0.590639 0 0.818152 0 0.862829 0.507838 
0.591338 0 0.818953 0 0.863397 0.507838 
0.592046 0 0.819773 0 0.863978 0.507839 
0.592756 0 0.820603 0 0.864572 0.507839 
0.59347 0 0.821444 0 0.865179 0.507839 
0.594196 0 0.822307 0 0.865804 0.50784 
0.594932 0 0.82319 0 0.866444 0.50784 
0.595673 0 0.824085 0 0.867099 0.50784 
0.59642 0 0.824993 0 0.867769 0.50784 
0.59718 0 0.825924 0 0.868458 0.507841 
0.597953 0 0.826878 0 0.869164 0.507841 
0.598732 0 0.827845 0 0.869885 0.507841 
0.599519 0 0.828826 0 0.870623 0.507841 
0.60032 0 0.829831 0 0.871381 0.507842 
0.601136 0 0.83086 0 0.872156 0.507842 
0.601959 0 0.831904 0 0.872948 0.507842 
0.60279 0 0.832963 0 0.873756 0.507842 
0.603638 0 0.834047 0 0.874584 0.507842 
0.604202 0 0.834814 0 0.875083 0.507842 
0.604566 0 0.835292 0 0.875411 0.507843 
0.604809 0 0.835659 0 0.875649 0.507843 
0.604999 0 0.836008 0 0.875889 0.507843 
0.605197 0 0.836383 0 0.876152 0.507843 
0.605398 0 0.836776 0 0.876438 0.507843 
0.605602 0 0.837186 0 0.876747 0.507843 
0.605816 0 0.837623 0 0.877081 0.507843 
0.60604 0 0.838085 0 0.877437 0.507844 
0.606265 0 0.838563 0 0.877816 0.507844 
0.606435 0 0.838986 0 0.878165 0.507844 
0.606559 0 0.839346 0 0.878484 0.507844 
0.606645 0 0.839647 0 0.878784 0.507844 
0.606714 0 0.839961 0 0.878971 0.507845 
0.606768 0 0.840318 0 0.879083 0.507845 
0.60682 0 0.840723 0 0.87916 0.507845 
0.606868 0 0.841154 0 0.879216 0.507845 
0.606994 0 0.841914 1 0.879149 0.507845 
0.607139 0 0.842734 1 0.879041 0.507846 
0.607248 0 0.843471 1 0.878908 0.507846 
0.607324 0 0.844135 1 0.878759 0.507845 
0.607375 0 0.844744 1 0.878594 0.507844 
0.607403 0 0.845307 1 0.878417 0.507842 
0.607401 0 0.845813 1 0.878205 0.507839 
0.607369 0 0.846274 0 0.87795 0.507832 
0.607308 0 0.846705 0 0.877665 0.507827 
0.607219 0 0.847108 0 0.877353 0.507822 
0.607102 0 0.847479 0 0.877015 0.507817 
0.606957 0 0.847816 0 0.876653 0.507813 
0.606974 0 0.848307 1 0.876478 0.507811 
0.60717 0 0.848674 0 0.87665 0.507804 
0.607321 0 0.849111 1 0.876688 0.507799 
0.607489 0 0.849636 1 0.87669 0.507787 
0.607682 0 0.850155 1 0.876727 0.507767 
0.607912 0 0.850674 1 0.876815 0.507734 
0.608214 0 0.851216 1 0.87696 0.507681 
0.60857 0 0.851794 0 0.877151 0.507596 
0.608889 0 0.852349 0 0.87735 0.507529 
0.609191 0 0.852891 0 0.877538 0.507475 
0.609489 0 0.853433 0 0.877721 0.507431 
0.609794 0 0.853984 0 0.877906 0.507395 
0.610111 0 0.85455 0 0.878104 0.507367 
0.610444 0 0.85513 0 0.878318 0.507345 
0.610669 0 0.855632 1 0.878395 0.507328 
0.610872 0 0.856118 1 0.878446 0.507292 
0.611069 0 0.856587 1 0.878492 0.507224 
0.611261 0 0.857035 1 0.878536 0.507111 
0.611452 0 0.857473 1 0.878593 0.506932 
0.611649 0 0.857901 1 0.878651 0.506655 
0.611844 0 0.85831 0 0.87868 0.506236 
0.612044 0 0.858736 0 0.878723 0.505918 
0.612257 0 0.859181 0 0.878787 0.505676 
0.612486 0 0.859649 0 0.878872 0.505494 
0.612731 0 0.860137 0 0.878981 0.505358 
0.612993 0 0.860645 0 0.879113 0.50526 
0.613272 0 0.861171 0 0.879264 0.505189 
0.613567 0 0.861715 0 0.879433 0.505142 
0.613877 0 0.862276 0 0.87962 0.505112 
0.614202 0 0.862853 0 0.87982 0.505098 
0.61454 0 0.863447 0 0.880034 0.505094 
0.614893 0 0.864056 0 0.88026 0.505101 
0.615258 0 0.864681 0 0.880496 0.505115 
0.615636 0 0.865323 0 0.880742 0.505135 
0.616025 0 0.86598 0 0.880996 0.50516 
0.616427 0 0.866652 0 0.881258 0.505189 
0.616724 0 0.867236 0 0.88135 0.505221 
0.616898 0 0.867712 0 0.881341 0.505255 
0.617008 0 0.868128 0 0.881283 0.505292 
0.617089 0 0.868528 0 0.881197 0.505331 
0.616996 1 0.868116 0 0.881598 0.50537 
0.617113 1 0.868135 1 0.881562 0.505415 
0.617282 1 0.868153 1 0.881418 0.505447 
0.617472 1 0.868156 1 0.881268 0.505465 
0.617673 1 0.868173 1 0.881119 0.505464 
0.617879 1 0.868201 1 0.880973 0.505433 
0.618093 1 0.868238 1 0.880831 0.505367 
0.618309 1 0.868284 1 0.88068 0.505245 
0.618543 1 0.868343 1 0.88054 0.505057 
0.618796 1 0.868416 1 0.880414 0.504779 
0.61907 1 0.868502 1 0.880307 0.504377 
0.619369 1 0.868604 1 0.88022 0.50382 
0.619695 1 0.868723 1 0.880153 0.503068 
0.620057 1 0.868863 1 0.88011 0.502058 
0.620463 1 0.86903 1 0.880095 0.500728 
0.620924 1 0.869228 1 0.880114 0.498989 
0.621454 1 0.869466 1 0.880174 0.496741 
0.622069 1 0.869751 1 0.880285 0.493852 
0.62279 1 0.870092 1 0.880457 0.490168 
0.623641 1 0.870501 1 0.880704 0.485513 
0.624653 1 0.870986 1 0.881041 0.479647 
0.625862 1 0.871557 1 0.88149 0.472332 
0.627309 1 0.872235 1 0.88207 0.463309 
0.629032 1 0.87304 1 0.882795 0.452362 
0.63107 1 0.873934 1 0.883614 0.439423 
0.633437 1 0.87489 1 0.884531 0.424575 
0.635921 1 0.87577 1 0.885216 0.408109 
0.638311 0 0.876218 1 0.885483 0.390479 
0.640633 0 0.876584 0 0.885652 0.371813 
0.642894 0 0.87706 0 0.885914 0.353688 
0.64509 0 0.87762 0 0.886244 0.336102 
0.647223 0 0.878244 0 0.886627 0.319057 
0.64986 0 0.879454 1 0.887472 0.302563 
0.652378 0 0.880401 1 0.888039 0.285452 
0.655272 1 0.881521 0 0.889013 0.268157 
0.658297 0 0.883041 1 0.889811 0.25151 
0.661504 1 0.884053 1 0.891011 0.234835 
0.664746 1 0.885171 1 0.892078 0.218377 
0.667978 1 0.886258 1 0.893051 0.202195 
0.671195 1 0.887301 1 0.893981 0.186327 
0.674388 1 0.888302 1 0.894866 0.170793 
0.677566 1 0.889186 1 0.895646 0.155604 
0.680738 1 0.889967 1 0.896318 0.140766 
0.683848 1 0.890669 1 0.896907 0.126276 
0.686894 0 0.891287 0 0.897405 0.112132 
0.689873 0 0.892063 0 0.898049 0.0983627 
0.692784 0 0.892955 0 0.898801 0.0849635 
0.695624 0 0.893929 0 0.899629 0.0719316 
0.698355 0 0.894975 0 0.900377 0.0592658 
0.700989 0 0.896083 0 0.901048 0.0469661 
0.703519 0 0.897134 0 0.901688 0.0350337 
0.706036 1 0.89757 0 0.90256 0.0234752 
0.708507 1 0.897992 0 0.903414 0.0123533 
0.710968 0 0.898672 1 0.90377 0.00171927 
0.713451 1 0.899171 1 0.904348 -0.00889502 
0.715926 1 0.899603 1 0.904819 -0.0193622 
0.71839 1 0.899959 1 0.90517 -0.0296541 
0.72082 1 0.900217 1 0.905421 -0.0397525 
0.723216 1 0.900365 1 0.905558 -0.0496473 
0.725576 0 0.90039 0 0.905571 -0.059332 
0.727896 0 0.900558 0 0.905725 -0.0687451 
0.730177 0 0.900831 0 0.905985 -0.0778962 
0.732416 0 0.90118 0 0.90632 -0.0867979 
0.734613 0 0.901578 0 0.906705 -0.0954651 
0.736768 0 0.902008 0 0.907121 -0.103913 
0.73888 0 0.902452 0 0.907553 -0.112157 
0.740949 0 0.9029 0 0.907988 -0.120207 
0.742972 0 0.903342 0 0.908417 -0.128074 
0.74495 0 0.90377 0 0.908832 -0.135763 
0.746906 0 0.90438 0 0.909008 -0.143281 
0.74885 0 0.904892 0 0.909214 -0.15063 
0.750761 0 0.905318 0 0.909463 -0.157814 
0.752627 1 0.905457 0 0.909918 -0.164834 
0.753954 1 0.90545 0 0.909716 -0.171682 
0.755261 0 0.905289 0 0.909365 -0.17836 
0.756515 0 0.905145 0 0.909068 -0.184885 
0.757732 0 0.904972 0 0.90887 -0.19126 
0.758917 0 0.904757 0 0.908781 -0.197487 
0.760067 0 0.904499 0 0.908792 -0.203568 
0.761251 0 0.904527 1 0.908663 -0.209505 
0.762392 0 0.90457 1 0.908546 -0.21531 
0.763488 0 0.904596 1 0.908469 -0.220976 
0.76454 0 0.904623 1 0.90841 -0.226503 
0.765551 0 0.90466 1 0.908357 -0.231894 
0.766525 0 0.904711 1 0.908306 -0.237149 
0.767464 0 0.904774 1 0.908259 -0.242274 
0.76837 0 0.904844 1 0.908215 -0.247271 
0.769244 0 0.904919 1 0.908178 -0.252142 
0.770088 0 0.904997 1 0.908147 -0.256893 
0.771004 0 0.905163 1 0.908164 -0.261524 
0.771903 1 0.904686 0 0.908824 -0.266045 
0.772746 1 0.90462 1 0.908569 -0.270447 
0.773557 1 0.90452 1 0.90845 -0.274741 
0.774352 1 0.904312 1 0.908275 -0.278929 
0.77514 1 0.903988 1 0.907992 -0.283009 
0.775916 1 0.903518 1 0.90761 -0.286988 
0.776681 0 0.902901 0 0.907133 -0.290867 
0.777441 0 0.902426 0 0.906861 -0.294649 
0.778199 0 0.902061 0 0.906764 -0.298336 
0.778957 0 0.901783 0 0.906812 -0.301932 
0.779719 0 0.90157 0 0.90698 -0.305437 
0.780484 0 0.901408 0 0.907246 -0.308855 
0.781349 0 0.901409 0 0.907576 -0.312187 
0.782057 0 0.901671 1 0.907555 -0.315436 
0.782742 0 0.902046 1 0.907465 -0.318605 
0.783435 0 0.902475 1 0.907386 -0.321693 
0.784139 0 0.902951 1 0.907316 -0.324705 
0.784732 1 0.90284 1 0.907541 -0.327641 
0.78537 1 0.902743 1 0.907594 -0.330504 
0.786002 1 0.902665 1 0.907566 -0.333291 
0.786573 1 0.902562 1 0.907515 -0.336011 
0.78712 1 0.90243 1 0.907437 -0.338662 
0.787716 1 0.902249 1 0.907278 -0.341248 
0.788363 1 0.902009 1 0.907027 -0.343772 
0.789068 1 0.901735 0 0.906656 -0.346231 
0.789815 0 0.901409 0 0.906182 -0.348629 
0.790594 0 0.901318 0 0.905884 -0.350967 
0.791402 0 0.901425 0 0.905716 -0.353247 
0.79224 0 0.901704 0 0.90564 -0.355469 
0.793108 0 0.902131 0 0.905627 -0.357636 
0.793947 0 0.902606 0 0.905683 -0.359749 
0.794559 1 0.902609 0 0.906061 -0.361812 
0.79515 1 0.902582 0 0.906293 -0.363822 
0.795816 1 0.902569 0 0.906424 -0.36578 
0.79658 0 0.902524 0 0.906497 -0.367689 
0.797331 0 0.902574 0 0.906678 -0.369551 
0.798151 0 0.902773 0 0.90695 -0.371366 
0.799017 0 0.90309 0 0.907277 -0.373135 
0.799922 0 0.90351 0 0.907637 -0.374861 
0.800803 0 0.903968 0 0.908018 -0.376543 
0.801485 1 0.904094 0 0.908577 -0.378182 
0.802154 1 0.90417 0 0.909036 -0.379781 
0.802867 1 0.904259 0 0.909366 -0.38134 
0.803443 0 0.904413 1 0.909277 -0.382858 
0.803937 0 0.904585 1 0.909236 -0.384341 
0.804462 1 0.904762 1 0.909339 -0.385784 
0.804996 1 0.904811 1 0.909364 -0.387194 
0.805523 1 0.904688 1 0.909296 -0.388568 
0.806132 0 0.904507 0 0.909092 -0.389908 
0.806788 0 0.904491 0 0.909021 -0.391214 
0.807485 0 0.904601 0 0.909061 -0.392487 
0.808222 0 0.904813 0 0.909194 -0.393728 
0.808999 0 0.90511 0 0.909403 -0.394939 
0.809817 0 0.905478 0 0.909677 -0.396119 
0.810674 0 0.905907 0 0.910003 -0.39727 
0.81157 0 0.906387 0 0.910374 -0.398392 
0.812505 0 0.906911 0 0.910783 -0.399486 
0.813478 0 0.907472 0 0.911228 -0.400552 
0.81449 0 0.908065 0 0.911703 -0.401592 
0.81554 0 0.908684 0 0.912208 -0.402606 
0.816285 0 0.909413 1 0.912308 -0.403596 
0.816616 1 0.909597 1 0.912475 -0.40455 
0.816865 1 0.909688 1 0.912484 -0.405487 
0.817125 1 0.909676 1 0.912382 -0.406404 
0.8174 1 0.909492 1 0.91214 -0.407299 
0.817715 1 0.909166 1 0.911712 -0.40817 
0.818073 0 0.908688 0 0.911108 -0.409019 
0.818461 0 0.908352 0 0.910693 -0.409848 
0.818857 0 0.90815 0 0.9104 -0.410655 
0.81925 0 0.908058 0 0.910202 -0.411442 
0.819637 0 0.908052 0 0.910087 -0.41221 
0.820016 0 0.908112 0 0.910044 -0.412959 
0.82039 0 0.908223 0 0.910069 -0.413689 
0.82076 0 0.908375 0 0.910154 -0.4144 
0.821152 0 0.908586 0 0.910287 -0.415094 
0.821561 0 0.908851 0 0.910459 -0.41577 
0.821989 0 0.909158 0 0.910667 -0.41643 
0.822432 0 0.9095 0 0.910911 -0.417073 
0.822889 0 0.909868 0 0.911188 -0.4177 
0.823361 0 0.91026 0 0.911493 -0.418311 
0.823847 0 0.910671 0 0.911825 -0.418907 
0.824349 0 0.911099 0 0.91218 -0.419488 
0.824866 0 0.91154 0 0.912555 -0.420054 
0.825218 0 0.912368 1 0.912447 -0.420605 
0.825553 0 0.913248 1 0.912293 -0.421145 
0.825698 1 0.913586 1 0.91252 -0.421667 
0.825845 1 0.913629 1 0.912611 -0.422179 
0.826002 1 0.913639 1 0.912622 -0.422679 
0.826168 1 0.913654 1 0.912638 -0.423165 
0.826344 1 0.913673 1 0.912644 -0.423638 
0.826534 1 0.913616 1 0.912597 -0.4241 
0.826693 1 0.913445 1 0.912417 -0.424553 
0.826906 1 0.913198 1 0.912127 -0.424993 
0.827182 0 0.912865 0 0.911746 -0.425422 
0.827469 0 0.912723 0 0.911537 -0.42584 
0.82775 0 0.912714 0 0.911463 -0.426248 
0.82802 0 0.912799 0 0.911495 -0.426645 
0.828241 0 0.912986 0 0.911556 -0.427033 
0.828392 0 0.913246 0 0.911615 -0.42741 
0.828504 0 0.913565 0 0.911678 -0.427779 
0.828582 0 0.913924 0 0.911744 -0.428138 
0.828634 0 0.914303 0 0.911818 -0.428488 
0.828633 1 0.914111 0 0.91246 -0.428829 
0.828719 1 0.914287 1 0.912703 -0.429163 
0.828787 1 0.914367 1 0.91275 -0.429487 
0.828865 1 0.914375 1 0.912737 -0.429803 
0.828948 1 0.914382 1 0.912705 -0.430112 
0.829038 1 0.914333 1 0.912631 -0.430412 
0.829137 1 0.9142 1 0.912474 -0.430706 
0.829257 1 0.914038 1 0.912178 -0.430992 
0.829392 0 0.913821 0 0.911759 -0.431271 
0.829503 0 0.913751 0 0.911516 -0.431543 
0.829589 0 0.913786 0 0.911399 -0.431808 
0.829651 0 0.913903 0 0.911368 -0.432066 
0.829692 0 0.914084 0 0.911393 -0.432319 
0.829715 0 0.914316 0 0.911451 -0.432564 
0.829781 1 0.914291 0 0.91188 -0.432804 
0.829906 1 0.914198 0 0.912311 -0.433038 
0.83002 1 0.914279 1 0.91243 -0.433267 
0.830093 1 0.914292 1 0.912431 -0.43349 
0.830165 1 0.914224 1 0.912345 -0.433707 
0.830291 1 0.914113 1 0.912158 -0.433918 
0.830456 0 0.913938 0 0.911867 -0.434124 
0.830577 0 0.913792 0 0.911841 -0.434324 
0.830699 0 0.913686 0 0.912028 -0.43452 
0.830812 0 0.913651 0 0.912334 -0.434711 
0.830885 0 0.913676 0 0.912685 -0.434897 
0.83087 0 0.91396 1 0.912746 -0.435078 
0.830837 0 0.914267 1 0.91282 -0.435255 
0.830891 1 0.914371 1 0.913183 -0.435427 
0.830981 1 0.914395 1 0.91333 -0.435595 
0.831005 1 0.914408 1 0.913301 -0.43576 
0.831041 1 0.914411 1 0.913287 -0.43592 
