0.367288 0 0.485485 0 0.485484 0.500001 
0.367688 0 0.488993 0 0.488777 0.498259 
0.368367 0 0.493051 0 0.492571 0.494437 
0.369211 0 0.497508 0 0.496767 0.487141 
0.37015 0 0.502251 0 0.501274 0.475503 
0.371093 0 0.507134 0 0.505923 0.459941 
0.372035 0 0.512079 0 0.510638 0.441729 
0.372982 0 0.517016 0 0.515342 0.422108 
0.373937 0 0.521869 0 0.519963 0.401921 
0.374893 0 0.526566 0 0.524433 0.381653 
0.37585 0 0.531057 0 0.528702 0.361564 
0.376817 0 0.535311 0 0.532736 0.34179 
0.377793 0 0.5393 0 0.536508 0.322401 
0.378771 0 0.542996 0 0.539993 0.30343 
0.379753 0 0.546389 0 0.543184 0.284891 
0.380746 0 0.549481 0 0.546078 0.266789 
0.381748 0 0.552272 0 0.548674 0.249123 
0.382441 0 0.554578 0 0.550584 0.231885 
0.382908 0 0.55637 0 0.551981 0.215071 
0.383222 0 0.557697 0 0.552959 0.198671 
0.383436 0 0.558621 0 0.553578 0.182678 
0.383563 0 0.559182 0 0.553827 0.167082 
0.383621 0 0.559417 0 0.553729 0.151874 
0.383628 0 0.559342 0 0.55332 0.137046 
0.383587 0 0.55895 0 0.552625 0.12259 
0.383491 0 0.558228 0 0.551657 0.108496 
0.383341 0 0.557176 0 0.550434 0.094758 
0.383113 0 0.555822 0 0.548934 0.081369 
0.382858 0 0.554188 0 0.547242 0.0683233 
0.382565 0 0.552292 0 0.54539 0.0556175 
0.382188 0 0.550191 0 0.543356 0.0432503 
0.381753 0 0.547951 0 0.54118 0.0312241 
0.38127 0 0.545619 0 0.538901 0.0195457 
0.380746 0 0.543224 0 0.536551 0.00822692 
0.380191 0 0.540799 0 0.53416 -0.00271539 
0.379621 0 0.538379 0 0.531759 -0.0132605 
0.379127 0 0.535941 0 0.529492 -0.0233859 
0.3786 0 0.533518 0 0.527246 -0.03307 
0.378049 0 0.531125 0 0.525027 -0.0422934 
0.377487 0 0.528785 0 0.522843 -0.0510392 
0.376916 0 0.526509 0 0.520704 -0.0592929 
0.376334 0 0.524299 0 0.518616 -0.0670399 
0.375882 0 0.522429 0 0.516991 -0.074266 
0.375547 0 0.520736 0 0.515405 -0.0809537 
0.375274 0 0.51917 0 0.513914 -0.0870857 
0.375033 0 0.517729 0 0.512547 -0.0926431 
0.374789 0 0.516401 0 0.511294 -0.0976066 
0.37455 0 0.515201 0 0.510166 -0.101957 
0.374315 0 0.514134 0 0.509167 -0.105676 
0.374078 0 0.513198 0 0.508301 -0.108745 
0.373838 0 0.512401 0 0.507575 -0.111149 
0.373605 0 0.511755 0 0.506998 -0.11287 
0.373376 0 0.511267 0 0.506575 -0.113892 
0.373144 0 0.510935 0 0.506309 -0.114196 
0.372878 0 0.510756 0 0.506223 -0.113759 
0.372599 0 0.51075 0 0.506321 -0.112553 
0.372315 0 0.510929 0 0.506607 -0.110545 
0.372082 0 0.511313 0 0.507055 -0.107699 
0.371878 0 0.511906 0 0.507703 -0.10398 
0.371699 0 0.51272 0 0.508568 -0.09936 
0.371537 0 0.513757 0 0.509652 -0.0938289 
0.371381 0 0.515008 0 0.510953 -0.0873974 
0.371233 0 0.51647 0 0.512464 -0.0801031 
0.371099 0 0.518138 0 0.514177 -0.0720086 
0.370978 0 0.51999 0 0.516073 -0.0631969 
0.370864 0 0.521995 0 0.518125 -0.0537629 
0.370763 0 0.524131 0 0.520314 -0.043806 
0.370686 0 0.526385 0 0.52263 -0.0334212 
0.370643 0 0.528739 0 0.525059 -0.0226943 
0.37064 0 0.531176 0 0.527597 -0.0116987 
0.3707 0 0.533689 0 0.530248 -0.000497267 
0.370854 0 0.536284 0 0.533027 0.0108535 
0.371125 0 0.538959 0 0.535943 0.0222943 
0.371521 0 0.541703 0 0.53899 0.0337568 
0.371802 0 0.54438 0 0.542059 0.0451661 
0.372399 0 0.54702 0 0.545225 0.0564528 
0.372534 0 0.549909 0 0.547919 0.0675633 
0.373067 0 0.552548 0 0.550883 0.0784624 
0.37324 0 0.555269 0 0.55347 0.0891293 
0.373859 0 0.55792 0 0.556477 0.0995548 
0.374122 0 0.560809 0 0.559002 0.109735 
0.374756 0 0.56342 0 0.561822 0.11967 
0.375394 0 0.565973 0 0.564585 0.129362 
0.375673 0 0.568706 0 0.566918 0.138816 
0.37596 0 0.571387 0 0.569189 0.148036 
0.376565 0 0.573761 0 0.57172 0.157028 
0.377176 0 0.576075 0 0.574205 0.165795 
0.377797 0 0.578346 0 0.576641 0.174345 
0.378117 0 0.580837 0 0.578702 0.18268 
0.378742 0 0.583049 0 0.581104 0.190808 
0.379202 0 0.585216 0 0.583244 0.198733 
0.379914 0 0.587295 0 0.585642 0.20646 
0.380314 0 0.589517 0 0.587628 0.213995 
0.380957 0 0.591518 0 0.589838 0.221341 
0.381734 0 0.593424 0 0.592138 0.228503 
0.382182 0 0.595482 0 0.594002 0.235486 
0.382834 0 0.597345 0 0.596055 0.242295 
0.383343 0 0.599192 0 0.597905 0.248933 
0.383998 0 0.60101 0 0.599855 0.255406 
0.38443 0 0.602759 0 0.601558 0.261717 
0.38505 0 0.604387 0 0.603431 0.26787 
0.385671 0 0.60598 0 0.605273 0.27387 
0.386044 0 0.607639 0 0.606785 0.279719 
0.386594 0 0.60911 0 0.608486 0.285422 
0.387245 0 0.610509 0 0.610274 0.290983 
0.387622 0 0.611997 0 0.611641 0.296404 
0.388172 0 0.613358 0 0.61326 0.30169 
0.388575 0 0.614671 0 0.614679 0.306844 
0.389112 0 0.615893 0 0.616234 0.311869 
0.38942 0 0.617155 0 0.617429 0.316768 
0.389876 0 0.618283 0 0.618828 0.321546 
0.390139 0 0.619441 0 0.61992 0.326203 
0.390555 0 0.620476 0 0.621225 0.330744 
0.390783 0 0.621533 0 0.62223 0.335172 
0.391152 0 0.622464 0 0.623447 0.339489 
0.391369 0 0.623457 0 0.624406 0.343698 
0.391754 0 0.624357 0 0.625646 0.347802 
0.392014 0 0.625198 0 0.626729 0.351803 
0.392401 0 0.625983 0 0.627995 0.355704 
0.392666 0 0.626747 0 0.629076 0.359508 
0.39304 0 0.627465 0 0.630294 0.363216 
0.393252 0 0.628203 0 0.631244 0.366832 
0.39359 0 0.628876 0 0.632402 0.370358 
0.393843 0 0.629529 0 0.633434 0.373795 
0.394204 0 0.630153 0 0.634628 0.377146 
0.394439 0 0.630749 0 0.635642 0.380414 
0.394762 0 0.631303 0 0.636782 0.3836 
0.394979 0 0.631843 0 0.637769 0.386706 
0.395297 0 0.632359 0 0.638915 0.389735 
0.39551 0 0.632854 0 0.63991 0.392688 
0.3958 0 0.63332 0 0.641025 0.395567 
0.395972 0 0.633812 0 0.641937 0.398374 
0.396243 0 0.634268 0 0.643031 0.401111 
0.396475 0 0.634724 0 0.644071 0.403779 
0.396682 0 0.635161 0 0.645093 0.406381 
0.396963 0 0.635606 0 0.646237 0.408918 
0.397185 0 0.636053 0 0.64731 0.411391 
0.397467 0 0.636495 0 0.648507 0.413802 
0.397688 0 0.636945 0 0.649636 0.416154 
0.397967 0 0.637407 0 0.650889 0.418446 
0.398192 0 0.637895 0 0.652085 0.420681 
0.39846 0 0.638393 0 0.6534 0.42286 
0.398666 0 0.638916 0 0.654664 0.424985 
0.398919 0 0.63947 0 0.656055 0.427057 
0.399117 0 0.640063 0 0.657411 0.429076 
0.399341 0 0.640709 0 0.658855 0.431046 
0.399785 0 0.641566 0 0.660618 0.432966 
0.400374 0 0.642599 0 0.662574 0.434838 
0.401028 0 0.643741 0 0.664622 0.436663 
0.401649 0 0.644882 0 0.666674 0.438443 
0.402243 0 0.646022 0 0.668726 0.440178 
0.402821 0 0.64716 0 0.670773 0.441869 
0.403381 0 0.648285 0 0.672802 0.443519 
0.403915 0 0.649376 0 0.6748 0.445127 
0.404426 0 0.650423 0 0.676757 0.446694 
0.404658 0 0.652398 0 0.677486 0.44822 
0.404993 0 0.654114 0 0.678533 0.449709 
0.405479 0 0.655865 0 0.679725 0.451161 
0.405957 0 0.657542 0 0.680873 0.452575 
0.406433 0 0.659151 0 0.681981 0.453951 
0.406907 0 0.660691 0 0.683048 0.455291 
0.407156 0 0.662175 0 0.683756 0.456593 
0.407254 0 0.663568 0 0.68423 0.457857 
0.407357 0 0.664918 0 0.684676 0.459079 
0.407464 0 0.666223 0 0.685094 0.460257 
0.407568 0 0.667477 0 0.68548 0.461384 
0.40767 0 0.66868 0 0.685836 0.462454 
0.407778 0 0.669843 0 0.686168 0.463452 
0.407891 0 0.670964 0 0.686475 0.464363 
0.408003 0 0.672036 0 0.686753 0.465163 
0.408114 0 0.673058 0 0.687001 0.465819 
0.408629 0 0.674452 0 0.687474 0.466291 
0.409147 0 0.675787 0 0.687912 0.466528 
0.409663 0 0.677052 0 0.688308 0.466471 
0.410178 0 0.678243 0 0.688657 0.466054 
0.410701 0 0.679362 0 0.68896 0.465216 
0.411226 0 0.680435 0 0.689248 0.463909 
0.411775 0 0.681428 0 0.689515 0.462108 
0.412326 0 0.68234 0 0.689721 0.459821 
0.412887 0 0.683179 0 0.689873 0.457088 
0.413656 0 0.684057 0 0.690131 0.453978 
0.414425 0 0.684851 0 0.690327 0.450579 
0.415398 0 0.685662 0 0.690741 0.44698 
0.416539 0 0.686496 0 0.691288 0.443267 
0.417806 0 0.687262 0 0.691991 0.439516 
0.419186 0 0.688042 0 0.692768 0.435787 
0.420668 0 0.688846 0 0.693615 0.432131 
0.422252 0 0.689689 0 0.694533 0.428583 
0.423931 0 0.690577 0 0.695519 0.425173 
0.425691 0 0.691504 0 0.696569 0.42192 
0.427529 0 0.692475 0 0.697683 0.418838 
0.429446 0 0.693499 0 0.698866 0.415936 
0.431437 0 0.694576 0 0.700115 0.413221 
0.433487 0 0.695697 0 0.701423 0.410694 
0.435591 0 0.696862 0 0.702787 0.408357 
0.437749 0 0.698077 0 0.70421 0.406209 
0.439951 0 0.699339 0 0.705684 0.404246 
0.441668 0 0.700181 0 0.707343 0.402465 
0.443384 0 0.701047 0 0.709029 0.400861 
0.445109 0 0.701948 0 0.710749 0.399429 
0.446839 0 0.702882 0 0.712502 0.398163 
0.448364 0 0.703734 0 0.713846 0.397058 
0.449706 0 0.704451 0 0.714884 0.396105 
0.450922 0 0.705087 0 0.715751 0.395298 
0.452057 0 0.705691 0 0.716557 0.394628 
0.453141 0 0.706288 0 0.717364 0.394088 
0.454227 0 0.706908 0 0.718199 0.393671 
0.455321 0 0.707561 0 0.719071 0.393369 
0.456423 0 0.708245 0 0.719976 0.393175 
0.457461 0 0.708893 0 0.720872 0.393082 
0.458443 0 0.709504 0 0.721732 0.393084 
0.459379 0 0.710089 0 0.722551 0.393174 
0.460276 0 0.710654 0 0.723336 0.393345 
0.461133 0 0.711198 0 0.724091 0.393593 
0.461956 0 0.711727 0 0.724827 0.393911 
0.462756 0 0.712252 0 0.725553 0.394293 
0.463532 0 0.712772 0 0.726267 0.394734 
0.46428 0 0.713277 0 0.726963 0.395229 
0.465 0 0.713767 0 0.72764 0.395774 
0.4657 0 0.714251 0 0.728302 0.396363 
0.466379 0 0.714727 0 0.728947 0.396992 
0.46703 0 0.715185 0 0.729569 0.397656 
0.467582 0 0.715744 0 0.730214 0.398352 
0.46812 0 0.71635 0 0.730815 0.399076 
0.468679 0 0.716996 0 0.731404 0.399823 
0.469147 0 0.717587 0 0.731966 0.400591 
0.469635 0 0.718201 0 0.732493 0.401375 
0.470136 0 0.718832 0 0.733011 0.402173 
0.470578 0 0.719443 0 0.733569 0.402981 
0.470996 0 0.720038 0 0.734094 0.403795 
0.471417 0 0.720638 0 0.734602 0.404613 
0.47179 0 0.721204 0 0.735085 0.405431 
0.472139 0 0.721757 0 0.735541 0.406246 
0.472459 0 0.72229 0 0.735971 0.407055 
0.47276 0 0.722815 0 0.736385 0.407855 
0.473056 0 0.723344 0 0.736795 0.408641 
0.473349 0 0.72388 0 0.737202 0.409412 
0.473634 0 0.724414 0 0.737602 0.410162 
0.473914 0 0.724947 0 0.737995 0.41089 
0.474195 0 0.725487 0 0.738388 0.411589 
0.474477 0 0.726031 0 0.738777 0.412257 
0.474752 0 0.726572 0 0.739157 0.412889 
0.475021 0 0.727107 0 0.739527 0.41348 
0.475293 0 0.727647 0 0.739891 0.414025 
0.475565 0 0.728188 0 0.740248 0.414516 
0.475832 0 0.728721 0 0.740591 0.414948 
0.476093 0 0.729245 0 0.740919 0.415313 
0.476356 0 0.729769 0 0.741237 0.415601 
0.47662 0 0.730288 0 0.741541 0.415801 
0.476878 0 0.730793 0 0.741823 0.415901 
0.477131 0 0.731282 0 0.742082 0.415887 
0.477386 0 0.731761 0 0.74232 0.415739 
0.477642 0 0.732224 0 0.742532 0.415437 
0.477892 0 0.732661 0 0.742708 0.414954 
0.478138 0 0.733065 0 0.742843 0.414258 
0.478385 0 0.733439 0 0.742936 0.413309 
0.478634 0 0.733774 0 0.742977 0.412061 
0.478877 0 0.73405 0 0.742951 0.410454 
0.479116 0 0.734258 0 0.742844 0.40842 
0.479357 0 0.734391 0 0.742649 0.405878 
0.4796 0 0.73443 0 0.742346 0.402738 
0.479838 0 0.734348 0 0.74191 0.398904 
0.480072 0 0.734127 0 0.741322 0.394279 
0.480309 0 0.733755 0 0.740568 0.388783 
0.480548 0 0.733215 0 0.73963 0.382356 
0.480782 0 0.732486 0 0.738491 0.374977 
0.481012 0 0.731565 0 0.737148 0.366661 
0.481244 0 0.730463 0 0.735607 0.357467 
0.481478 0 0.729185 0 0.733878 0.347484 
0.481705 0 0.727739 0 0.731971 0.336825 
0.481926 0 0.726145 0 0.729905 0.325612 
0.481643 0 0.723575 0 0.726784 0.313967 
0.480982 0 0.720285 0 0.722977 0.302005 
0.480125 0 0.716556 0 0.718847 0.289828 
0.479327 0 0.712784 0 0.714687 0.277524 
0.478571 0 0.708979 0 0.710505 0.265173 
0.477844 0 0.70516 0 0.706328 0.25284 
0.477134 0 0.701341 0 0.702173 0.240581 
0.476438 0 0.697537 0 0.698059 0.228442 
0.475761 0 0.693772 0 0.694001 0.216464 
0.475097 0 0.690055 0 0.69001 0.20468 
0.474441 0 0.686392 0 0.686093 0.193116 
0.473793 0 0.682795 0 0.682259 0.181797 
0.473159 0 0.679282 0 0.678522 0.170742 
0.47254 0 0.675861 0 0.67489 0.159968 
0.471928 0 0.672532 0 0.671365 0.149491 
0.471326 0 0.669306 0 0.667954 0.139325 
0.47074 0 0.666195 0 0.664669 0.129482 
0.47017 0 0.663205 0 0.661514 0.119976 
0.469609 0 0.660336 0 0.658491 0.110821 
0.469059 0 0.657595 0 0.655606 0.102033 
0.468525 0 0.654996 0 0.65287 0.0936291 
0.468007 0 0.652546 0 0.65029 0.0856332 
0.467497 0 0.650245 0 0.64787 0.0780738 
0.466996 0 0.648105 0 0.645619 0.0709879 
0.46651 0 0.646148 0 0.643557 0.0644247 
0.466035 0 0.644386 0 0.641698 0.0584491 
0.465564 0 0.642837 0 0.640057 0.0531463 
0.465095 0 0.641527 0 0.638664 0.0486248 
0.464579 0 0.640293 0 0.637326 0.0450171 
0.464013 0 0.639185 0 0.636123 0.0424721 
0.463411 0 0.638305 0 0.635165 0.041139 
0.462792 0 0.637752 0 0.63455 0.041143 
0.462177 0 0.637603 0 0.634344 0.0425601 
0.461525 0 0.637857 0 0.634547 0.0453937 
0.460919 0 0.638479 0 0.635121 0.049571 
0.460281 0 0.639498 0 0.636116 0.0549553 
0.459671 0 0.640828 0 0.637398 0.0613665 
0.45908 0 0.642406 0 0.638921 0.0686079 
0.458497 0 0.644168 0 0.64063 0.0764879 
0.457922 0 0.646061 0 0.642477 0.0848336 
0.45736 0 0.64805 0 0.64442 0.0934975 
0.45681 0 0.650094 0 0.646422 0.102359 
0.456266 0 0.652157 0 0.64845 0.111321 
0.455728 0 0.654214 0 0.650478 0.12031 
0.455203 0 0.656253 0 0.652492 0.129268 
0.45469 0 0.658257 0 0.654475 0.138154 
0.454182 0 0.660209 0 0.656413 0.146934 
0.453681 0 0.6621 0 0.658299 0.155586 
0.453194 0 0.663933 0 0.660131 0.164093 
0.452718 0 0.665703 0 0.661904 0.172444 
0.452249 0 0.6674 0 0.663613 0.180631 
0.451787 0 0.669023 0 0.665255 0.188647 
0.45134 0 0.670578 0 0.666835 0.196492 
0.450905 0 0.672066 0 0.66835 0.204163 
0.450476 0 0.673478 0 0.669798 0.21166 
0.450056 0 0.674815 0 0.671181 0.218985 
0.44965 0 0.676089 0 0.672503 0.226138 
0.449257 0 0.677298 0 0.673764 0.233122 
0.448871 0 0.678436 0 0.674963 0.23994 
0.448493 0 0.679506 0 0.676102 0.246594 
0.448131 0 0.680519 0 0.677187 0.253087 
0.447783 0 0.681475 0 0.67822 0.259422 
0.447443 0 0.682367 0 0.679198 0.265603 
0.447113 0 0.683201 0 0.680126 0.271632 
0.446801 0 0.683985 0 0.681009 0.277514 
0.446506 0 0.684721 0 0.68185 0.283251 
0.446223 0 0.685404 0 0.682648 0.288846 
0.445956 0 0.686037 0 0.683409 0.294303 
0.445713 0 0.686633 0 0.684141 0.299625 
0.445499 0 0.687193 0 0.68485 0.304816 
0.44531 0 0.687715 0 0.685539 0.309877 
0.445157 0 0.688204 0 0.686219 0.314814 
0.445055 0 0.688675 0 0.686906 0.319628 
0.445016 0 0.689136 0 0.687616 0.324323 
0.44505 0 0.689588 0 0.688363 0.328902 
0.445175 0 0.690044 0 0.689171 0.333367 
0.445412 0 0.690525 0 0.69006 0.337723 
0.445766 0 0.691037 0 0.691038 0.34197 
0.445994 0 0.691454 0 0.692026 0.346112 
0.446523 0 0.691836 0 0.693139 0.350152 
0.446892 0 0.692165 0 0.694257 0.354092 
0.447392 0 0.692558 0 0.695332 0.357933 
0.44798 0 0.693019 0 0.696448 0.361679 
0.44852 0 0.693523 0 0.697482 0.365332 
0.449149 0 0.694108 0 0.698535 0.368894 
0.449627 0 0.694594 0 0.699582 0.372367 
0.45036 0 0.695061 0 0.700767 0.375753 
0.451095 0 0.695516 0 0.701947 0.379055 
0.451662 0 0.695884 0 0.703105 0.382273 
0.452272 0 0.696274 0 0.704149 0.385412 
0.452898 0 0.696662 0 0.705158 0.388473 
0.453536 0 0.697053 0 0.70616 0.391457 
0.454188 0 0.697453 0 0.70716 0.394366 
0.454846 0 0.697856 0 0.708152 0.397203 
0.4555 0 0.69825 0 0.709127 0.399968 
0.456147 0 0.698629 0 0.710084 0.402665 
0.456791 0 0.699 0 0.711024 0.405294 
0.457271 0 0.699223 0 0.711752 0.407858 
0.457627 0 0.699233 0 0.712358 0.410358 
0.45783 0 0.699101 0 0.712806 0.412795 
0.457939 0 0.698897 0 0.713146 0.415171 
0.457992 0 0.698654 0 0.713421 0.417488 
0.458006 0 0.698381 0 0.713653 0.419747 
0.457994 0 0.698087 0 0.713854 0.421949 
0.45797 0 0.697787 0 0.71403 0.424096 
0.457935 0 0.697482 0 0.714178 0.42619 
0.457883 0 0.697165 0 0.714297 0.428231 
0.457817 0 0.696841 0 0.714388 0.430222 
0.457745 0 0.696518 0 0.714456 0.432162 
0.457666 0 0.696196 0 0.7145 0.434054 
0.457573 0 0.695869 0 0.714518 0.435899 
0.457479 0 0.69575 0 0.714379 0.437698 
0.457399 0 0.695673 0 0.714233 0.439451 
0.457331 0 0.695615 0 0.714093 0.441161 
0.457273 0 0.695568 0 0.713964 0.442828 
0.45723 0 0.695534 0 0.713855 0.444454 
0.457212 0 0.695525 0 0.71377 0.446038 
0.457181 0 0.69557 0 0.713604 0.447584 
0.457211 0 0.69556 0 0.713521 0.44909 
0.457293 0 0.695538 0 0.713496 0.450559 
0.457408 0 0.695517 0 0.713507 0.451991 
0.45754 0 0.695504 0 0.713539 0.453387 
0.457681 0 0.695496 0 0.713585 0.454749 
0.457798 0 0.695497 0 0.713601 0.456076 
0.457989 0 0.695524 0 0.713696 0.457371 
0.458135 0 0.695517 0 0.713797 0.458633 
0.458282 0 0.695531 0 0.713861 0.459863 
0.458423 0 0.695544 0 0.713911 0.461062 
0.458568 0 0.695562 0 0.713961 0.462232 
0.458716 0 0.695587 0 0.714015 0.463372 
0.458863 0 0.695613 0 0.71407 0.464484 
0.459011 0 0.695642 0 0.714127 0.465568 
0.459164 0 0.695681 0 0.714187 0.466625 
0.459321 0 0.695729 0 0.71425 0.467656 
0.459475 0 0.695776 0 0.714311 0.468661 
0.459628 0 0.695823 0 0.714371 0.46964 
0.459785 0 0.695877 0 0.714434 0.470595 
0.459947 0 0.69594 0 0.714499 0.471527 
0.460106 0 0.696003 0 0.714563 0.472435 
0.460266 0 0.696068 0 0.714627 0.47332 
0.460433 0 0.696144 0 0.714695 0.474183 
0.460606 0 0.696232 0 0.714766 0.475025 
0.460597 0 0.696452 0 0.714484 0.475846 
0.460712 0 0.696564 0 0.714493 0.476646 
0.460758 0 0.696642 0 0.714428 0.477426 
0.460896 0 0.696681 0 0.714531 0.478187 
0.460941 0 0.696712 0 0.714502 0.478928 
0.461055 0 0.696704 0 0.714601 0.479651 
0.4611 0 0.69672 0 0.714585 0.480356 
0.461199 0 0.696738 0 0.714653 0.481044 
0.461229 0 0.696732 0 0.714631 0.481714 
0.461323 0 0.696691 0 0.714733 0.482367 
0.461358 0 0.696669 0 0.714737 0.483004 
0.461408 0 0.696637 0 0.714769 0.483625 
0.461443 0 0.696587 0 0.714795 0.484231 
0.461471 0 0.69652 0 0.714824 0.484821 
0.461462 0 0.696435 0 0.714808 0.485397 
0.461524 0 0.696356 0 0.714901 0.485958 
0.461536 0 0.696269 0 0.714925 0.486506 
0.461553 0 0.696165 0 0.714972 0.487039 
0.461541 0 0.696047 0 0.714987 0.48756 
0.461577 0 0.69593 0 0.715076 0.488067 
0.461574 0 0.695801 0 0.715117 0.488562 
0.461552 0 0.695647 0 0.715147 0.489044 
0.461544 0 0.695486 0 0.715207 0.489514 
0.46152 0 0.695316 0 0.715249 0.489972 
0.461481 0 0.695125 0 0.715286 0.490419 
0.461432 0 0.694914 0 0.715325 0.490855 
0.461383 0 0.694696 0 0.715371 0.49128 
0.461336 0 0.694472 0 0.715427 0.491694 
0.461285 0 0.694234 0 0.715489 0.492098 
0.461233 0 0.693984 0 0.71556 0.492492 
0.461186 0 0.693733 0 0.715643 0.492876 
0.461144 0 0.693478 0 0.715735 0.49325 
0.461098 0 0.693212 0 0.715835 0.493615 
0.461051 0 0.692934 0 0.715942 0.493971 
0.461008 0 0.692653 0 0.716061 0.494318 
0.460969 0 0.692369 0 0.716189 0.494657 
0.460926 0 0.692071 0 0.716324 0.494986 
0.460881 0 0.691761 0 0.716466 0.495308 
0.460841 0 0.691448 0 0.716619 0.495622 
0.460804 0 0.691131 0 0.716781 0.495927 
0.460763 0 0.690799 0 0.71695 0.496225 
0.460719 0 0.690454 0 0.717126 0.496516 
0.460679 0 0.690105 0 0.717312 0.496799 
0.460641 0 0.68975 0 0.717508 0.497076 
0.460599 0 0.689381 0 0.717709 0.497345 
0.460838 0 0.68929 0 0.718137 0.497608 
0.461226 0 0.689361 0 0.718673 0.497864 
0.461674 0 0.6895 0 0.719249 0.498113 
0.462086 0 0.689602 0 0.719795 0.498357 
0.462472 0 0.689671 0 0.720322 0.498594 
0.46284 0 0.689716 0 0.72084 0.498826 
0.463191 0 0.689733 0 0.721352 0.499051 
0.463519 0 0.689714 0 0.721856 0.499271 
0.463827 0 0.689659 0 0.722354 0.499486 
0.464122 0 0.68958 0 0.722852 0.499695 
0.464499 0 0.689567 0 0.723426 0.499899 
0.464925 0 0.689587 0 0.724046 0.500098 
0.465377 0 0.689623 0 0.724691 0.500291 
0.465846 0 0.689666 0 0.725354 0.50048 
0.466322 0 0.689707 0 0.726027 0.500665 
0.466796 0 0.689731 0 0.726705 0.500844 
0.467267 0 0.689736 0 0.72739 0.50102 
0.467742 0 0.689732 0 0.728083 0.50119 
0.468219 0 0.689714 0 0.728785 0.501357 
0.468691 0 0.689674 0 0.72949 0.501519 
0.469159 0 0.689611 0 0.730201 0.501678 
0.469629 0 0.689533 0 0.73092 0.501832 
0.4701 0 0.68944 0 0.731647 0.501982 
0.470566 0 0.689322 0 0.732377 0.502129 
0.471028 0 0.689179 0 0.733111 0.502272 
0.471491 0 0.689019 0 0.733854 0.502412 
0.471956 0 0.688841 0 0.734604 0.502548 
0.472414 0 0.688635 0 0.735356 0.50268 
0.472868 0 0.688402 0 0.736112 0.502809 
0.473323 0 0.688151 0 0.736876 0.502935 
0.473779 0 0.687878 0 0.737645 0.503058 
0.474228 0 0.687576 0 0.738416 0.503178 
0.474462 0 0.687305 0 0.738957 0.503295 
0.474551 0 0.687105 0 0.739339 0.503408 
0.474561 0 0.686961 0 0.739596 0.50352 
0.474538 0 0.686834 0 0.739786 0.503628 
0.474572 0 0.686756 0 0.740025 0.503733 
0.474654 0 0.686713 0 0.740309 0.503836 
0.474773 0 0.686692 0 0.740628 0.503937 
0.474915 0 0.686675 0 0.740974 0.504035 
0.475077 0 0.686659 0 0.741345 0.50413 
0.475263 0 0.68665 0 0.741743 0.504223 
0.47547 0 0.686645 0 0.742164 0.504314 
0.475689 0 0.686634 0 0.742604 0.504402 
0.47592 0 0.686616 0 0.743065 0.504488 
0.476075 0 0.686643 0 0.743417 0.504572 
0.476187 0 0.68671 0 0.743698 0.504654 
0.476276 0 0.686797 0 0.743942 0.504734 
0.476363 0 0.6869 0 0.744175 0.504812 
0.476462 0 0.687028 0 0.744417 0.504888 
0.476576 0 0.687182 0 0.744672 0.504962 
0.476697 0 0.687359 0 0.744938 0.505034 
0.476829 0 0.687564 0 0.745218 0.505105 
0.476979 0 0.687809 0 0.745518 0.505174 
0.477146 0 0.688096 0 0.745839 0.505241 
0.477325 0 0.688419 0 0.746179 0.505306 
0.477519 0 0.688782 0 0.746543 0.505369 
0.477735 0 0.689197 0 0.746938 0.505432 
0.477973 0 0.689669 0 0.747368 0.505492 
0.478227 0 0.690192 0 0.747831 0.505551 
0.478501 0 0.690772 0 0.748334 0.505608 
0.478802 0 0.691426 0 0.748884 0.505664 
0.47913 0 0.692158 0 0.749486 0.505719 
0.47948 0 0.692964 0 0.75014 0.505772 
0.479854 0 0.693854 0 0.750853 0.505824 
0.480261 0 0.694843 0 0.751633 0.505875 
0.480702 0 0.695935 0 0.752484 0.505924 
0.481169 0 0.697127 0 0.753404 0.505972 
0.481666 0 0.698424 0 0.754398 0.506019 
0.4822 0 0.699838 0 0.75547 0.506065 
0.482771 0 0.701369 0 0.756617 0.50611 
0.483373 0 0.703004 0 0.757832 0.506153 
0.484006 0 0.704741 0 0.759111 0.506195 
0.484679 0 0.706582 0 0.760452 0.506237 
0.485387 0 0.708517 0 0.761845 0.506277 
0.486124 0 0.710527 0 0.763275 0.506316 
0.486662 0 0.712569 0 0.76441 0.506354 
0.487099 0 0.714605 0 0.765422 0.506392 
0.487678 0 0.716798 0 0.766512 0.506428 
0.488363 0 0.719067 0 0.767696 0.506463 
0.489108 0 0.721382 0 0.768923 0.506496 
0.48989 0 0.723725 0 0.770156 0.506528 
0.490675 0 0.726041 0 0.771367 0.506558 
0.491456 0 0.728316 0 0.77255 0.506586 
0.492234 0 0.730548 0 0.773705 0.506611 
0.493018 0 0.732745 0 0.774835 0.506633 
0.493807 0 0.734905 0 0.775937 0.506648 
0.494592 0 0.737018 0 0.777009 0.506657 
0.495377 0 0.739084 0 0.778052 0.506655 
0.495989 0 0.741038 0 0.778846 0.506639 
0.496897 0 0.743266 0 0.779841 0.506604 
0.497823 0 0.745399 0 0.78087 0.50654 
0.498767 0 0.747467 0 0.781917 0.506439 
0.499801 0 0.749493 0 0.78307 0.506288 
0.500821 0 0.751452 0 0.78419 0.506073 
0.502005 0 0.753511 0 0.785418 0.505775 
0.503012 0 0.755451 0 0.786411 0.505379 
0.504028 0 0.757355 0 0.787385 0.504867 
0.505051 0 0.759222 0 0.788339 0.50423 
0.506211 0 0.761121 0 0.789401 0.503463 
0.507373 0 0.762971 0 0.790437 0.502575 
0.508611 0 0.764738 0 0.79159 0.501579 
0.509941 0 0.76647 0 0.792838 0.500499 
0.511365 0 0.768175 0 0.794177 0.49936 
0.512891 0 0.769873 0 0.795607 0.498186 
0.514529 0 0.771586 0 0.797133 0.497 
0.516277 0 0.773323 0 0.798747 0.495821 
0.518123 0 0.775077 0 0.800442 0.494663 
0.520063 0 0.776848 0 0.80221 0.493539 
0.522098 0 0.778646 0 0.804052 0.492457 
0.52422 0 0.780468 0 0.805959 0.491422 
0.526417 0 0.782305 0 0.807922 0.490439 
0.528682 0 0.784155 0 0.809936 0.489511 
0.531016 0 0.786025 0 0.811999 0.488638 
0.53341 0 0.787911 0 0.814103 0.487823 
0.535848 0 0.789801 0 0.816238 0.487064 
0.538323 0 0.791692 0 0.818396 0.486362 
0.540834 0 0.79359 0 0.820575 0.485715 
0.543371 0 0.795492 0 0.822768 0.485123 
0.545919 0 0.797387 0 0.824964 0.484585 
0.548473 0 0.799274 0 0.827159 0.484098 
0.551035 0 0.801155 0 0.829357 0.483662 
0.553597 0 0.803044 0 0.831551 0.483274 
0.55616 0 0.80492 0 0.833745 0.482934 
0.558705 0 0.806796 0 0.835927 0.482638 
0.561259 0 0.808671 0 0.838118 0.482386 
0.563821 0 0.810544 0 0.840317 0.482175 
0.565966 0 0.811938 0 0.842352 0.482004 
0.567755 0 0.813033 0 0.844087 0.48187 
0.569295 0 0.813954 0 0.845562 0.481772 
0.570666 0 0.814773 0 0.846863 0.481708 
0.571922 0 0.815528 0 0.848071 0.481675 
0.573103 0 0.816242 0 0.849239 0.481672 
0.574241 0 0.816936 0 0.850392 0.481697 
0.575345 0 0.817614 0 0.851532 0.481747 
0.576413 0 0.818269 0 0.85265 0.481821 
0.577451 0 0.818905 0 0.853742 0.481918 
0.578466 0 0.819532 0 0.854811 0.482035 
0.579459 0 0.820152 0 0.855857 0.482172 
0.580425 0 0.820758 0 0.856878 0.482326 
0.581366 0 0.821351 0 0.857877 0.482497 
0.582291 0 0.821942 0 0.85886 0.482682 
0.583199 0 0.822529 0 0.859824 0.482882 
0.583611 0 0.823035 1 0.860089 0.483091 
0.583899 0 0.823494 1 0.860178 0.483153 
0.584235 0 0.823962 1 0.860331 0.483016 
0.584578 0 0.824392 0 0.860452 0.482626 
0.58492 0 0.824829 0 0.860584 0.482298 
0.585262 0 0.82527 0 0.860723 0.482025 
0.585625 0 0.825742 0 0.860923 0.481804 
0.586005 0 0.826234 0 0.861167 0.481632 
0.586395 0 0.826744 0 0.861445 0.481505 
0.586796 0 0.82727 0 0.861755 0.481419 
0.587122 0 0.827675 0 0.862035 0.481371 
0.587393 0 0.828031 0 0.862257 0.481359 
0.587625 0 0.828368 0 0.862439 0.48138 
0.58783 0 0.828698 0 0.862602 0.48143 
0.588018 0 0.829027 0 0.862759 0.481509 
0.588193 0 0.829353 0 0.862912 0.481613 
0.588355 0 0.829678 0 0.86306 0.48174 
0.588505 0 0.829999 0 0.863198 0.481888 
0.588644 0 0.830318 0 0.863325 0.482055 
0.588772 0 0.830635 0 0.86344 0.48224 
0.588889 0 0.830949 0 0.863543 0.482441 
0.588996 0 0.83126 0 0.863635 0.482656 
0.589092 0 0.83157 0 0.863715 0.482884 
0.589472 0 0.832345 0 0.864253 0.483124 
0.589978 0 0.833211 0 0.864926 0.483373 
0.590513 0 0.83406 0 0.86558 0.483633 
0.59101 0 0.834902 0 0.866214 0.4839 
0.591483 0 0.835738 0 0.86684 0.484175 
0.59194 0 0.836568 0 0.867456 0.484456 
0.592381 0 0.837393 0 0.868057 0.484743 
0.59281 0 0.838212 0 0.868636 0.485034 
0.593226 0 0.839028 0 0.869193 0.48533 
0.593292 0 0.839263 1 0.869217 0.485642 
0.593397 0 0.839491 1 0.869227 0.485835 
0.593547 0 0.839742 1 0.86931 0.485896 
0.593865 0 0.840336 0 0.869578 0.485784 
0.594113 0 0.840808 1 0.869667 0.485696 
0.594344 0 0.841226 1 0.86972 0.485404 
0.594599 0 0.841628 1 0.869784 0.484841 
0.594863 0 0.841989 0 0.869817 0.483943 
0.595035 0 0.842139 0 0.869911 0.483162 
0.59523 0 0.842302 0 0.870129 0.482487 
0.595447 0 0.842495 0 0.870422 0.481907 
0.595423 0 0.842291 0 0.870388 0.481414 
0.595239 0 0.841834 0 0.870153 0.480998 
0.595103 0 0.841459 0 0.870026 0.480652 
0.595001 0 0.84116 0 0.869959 0.48037 
0.594903 0 0.840878 0 0.869905 0.480145 
0.594808 0 0.840608 0 0.869863 0.479972 
0.59472 0 0.840363 0 0.869842 0.479845 
0.594643 0 0.84015 0 0.869849 0.47976 
0.594579 0 0.83997 0 0.869885 0.479714 
0.594526 0 0.839821 0 0.869948 0.479702 
0.594485 0 0.839701 0 0.870037 0.479721 
0.59437 0 0.839484 0 0.87006 0.479768 
0.594185 0 0.839161 0 0.869914 0.47984 
0.593955 0 0.838807 0 0.869671 0.479935 
0.593707 0 0.83846 0 0.869396 0.48005 
0.593435 0 0.838115 0 0.869109 0.480183 
0.593251 0 0.837926 0 0.869071 0.480331 
0.593109 0 0.837787 0 0.869088 0.480494 
0.592972 0 0.837635 0 0.869089 0.480669 
0.592833 0 0.837468 0 0.869081 0.480854 
0.592698 0 0.837303 0 0.869085 0.481049 
0.592571 0 0.837154 0 0.869111 0.481251 
0.592455 0 0.837021 0 0.869156 0.481461 
0.592348 0 0.8369 0 0.869218 0.481676 
0.59225 0 0.836787 0 0.869291 0.481896 
0.59216 0 0.83668 0 0.869374 0.48212 
0.592094 0 0.836585 0 0.869434 0.482346 
0.592041 0 0.836509 0 0.86949 0.482575 
0.591998 0 0.836454 0 0.869551 0.482805 
0.591965 0 0.836416 0 0.869619 0.483035 
0.591938 0 0.836391 0 0.869692 0.483266 
0.591916 0 0.836372 0 0.869767 0.483496 
0.591899 0 0.836358 0 0.869843 0.483726 
0.591885 0 0.836347 0 0.869919 0.483953 
0.591875 0 0.83634 0 0.869995 0.484179 
0.59187 0 0.836338 0 0.870071 0.484402 
0.591868 0 0.836341 0 0.870148 0.484623 
0.591871 0 0.83635 0 0.870224 0.48484 
0.591877 0 0.836365 0 0.870301 0.485054 
0.591888 0 0.836386 0 0.870377 0.485265 
0.591902 0 0.836412 0 0.870452 0.485471 
0.591921 0 0.836445 0 0.870526 0.485673 
0.591944 0 0.836483 0 0.870601 0.485871 
0.591971 0 0.836526 0 0.870675 0.486064 
0.592002 0 0.836576 0 0.870749 0.486252 
0.592038 0 0.836631 0 0.870823 0.486435 
0.592077 0 0.836691 0 0.870897 0.486612 
0.592122 0 0.836758 0 0.87097 0.486784 
0.592171 0 0.83683 0 0.871043 0.486951 
0.592224 0 0.836908 0 0.871116 0.487112 
0.592281 0 0.836992 0 0.871189 0.487267 
0.592343 0 0.837082 0 0.871262 0.487416 
0.59241 0 0.837177 0 0.871334 0.487559 
0.592481 0 0.837279 0 0.871407 0.487695 
0.592557 0 0.837386 0 0.871479 0.487826 
0.592638 0 0.8375 0 0.87155 0.48795 
0.592723 0 0.837619 0 0.871622 0.488067 
0.592812 0 0.837745 0 0.871694 0.488178 
0.592907 0 0.837877 0 0.871765 0.488283 
0.593006 0 0.838015 0 0.871836 0.48838 
0.59311 0 0.838159 0 0.871907 0.488471 
0.593219 0 0.838309 0 0.871978 0.488554 
0.593333 0 0.838465 0 0.872048 0.488631 
0.593451 0 0.838628 0 0.872118 0.488701 
0.593574 0 0.838797 0 0.872188 0.488764 
0.593703 0 0.838972 0 0.872257 0.488819 
0.593836 0 0.839153 0 0.872326 0.488867 
0.593974 0 0.839341 0 0.872394 0.488908 
0.594117 0 0.839535 0 0.872462 0.488941 
0.594265 0 0.839736 0 0.87253 0.488967 
0.594418 0 0.839942 0 0.872597 0.488985 
0.594575 0 0.840155 0 0.872663 0.488995 
0.594738 0 0.840375 0 0.872728 0.488998 
0.594906 0 0.8406 0 0.872793 0.488993 
0.595079 0 0.840832 0 0.872856 0.488979 
0.595256 0 0.84107 0 0.872919 0.488958 
0.595439 0 0.841315 0 0.87298 0.488928 
0.595627 0 0.841566 0 0.87304 0.48889 
0.595819 0 0.841823 0 0.873098 0.488843 
0.596016 0 0.842086 0 0.873155 0.488788 
0.596219 0 0.842366 0 0.873264 0.488724 
0.596432 0 0.842649 0 0.873402 0.488651 
0.596644 0 0.842924 0 0.873537 0.488568 
0.596854 0 0.843187 0 0.873663 0.488476 
0.597063 0 0.84344 0 0.873784 0.488375 
0.597273 0 0.843686 0 0.873906 0.488263 
0.597484 0 0.843926 0 0.87403 0.488142 
0.597696 0 0.844159 0 0.874156 0.48801 
0.59791 0 0.844385 0 0.874283 0.487867 
0.598124 0 0.844604 0 0.874411 0.487713 
0.59834 0 0.844815 0 0.87454 0.487547 
0.598556 0 0.84502 0 0.874669 0.48737 
0.598518 0 0.845055 1 0.874592 0.48718 
0.598468 0 0.845061 1 0.874492 0.486685 
0.598382 0 0.844998 1 0.874228 0.485756 
0.598266 0 0.84485 0 0.873795 0.484226 
0.598119 0 0.844688 0 0.873288 0.482675 
0.597937 0 0.844504 0 0.872704 0.481093 
0.597696 0 0.84426 0 0.872046 0.479472 
0.597465 0 0.844038 0 0.871406 0.477804 
0.597215 0 0.843807 0 0.870719 0.476077 
0.597007 0 0.843448 0 0.870172 0.474279 
0.596833 0 0.843081 0 0.869673 0.472399 
0.596669 0 0.842705 0 0.869167 0.470423 
0.596499 0 0.842305 0 0.868631 0.468335 
0.596318 0 0.841874 0 0.868059 0.466119 
0.596126 0 0.84141 0 0.867452 0.463758 
0.595923 0 0.840909 0 0.866808 0.461233 
0.59571 0 0.840369 0 0.866126 0.458525 
0.595489 0 0.839784 0 0.865402 0.455615 
0.59526 0 0.839152 0 0.864632 0.452483 
0.595023 0 0.838469 0 0.863814 0.449113 
0.59478 0 0.837733 0 0.862942 0.445487 
0.594532 0 0.836943 0 0.862015 0.441593 
0.59428 0 0.836095 0 0.86103 0.437421 
0.594026 0 0.835189 0 0.859985 0.432966 
0.593771 0 0.834225 0 0.858879 0.428229 
0.593518 0 0.833201 0 0.857713 0.423215 
0.593266 0 0.832119 0 0.856489 0.417935 
0.593019 0 0.830981 0 0.855209 0.412404 
0.592776 0 0.829789 0 0.853877 0.406645 
0.59254 0 0.828546 0 0.852496 0.400681 
0.592311 0 0.827256 0 0.851073 0.39454 
0.59209 0 0.825924 0 0.849611 0.388253 
0.591876 0 0.824554 0 0.848118 0.381851 
0.591671 0 0.823152 0 0.8466 0.375364 
0.591475 0 0.821724 0 0.845062 0.368826 
0.591287 0 0.820276 0 0.843512 0.362266 
0.591107 0 0.818813 0 0.841956 0.355715 
0.590935 0 0.817341 0 0.8404 0.3492 
0.590771 0 0.815866 0 0.83885 0.342748 
0.590613 0 0.814392 0 0.837311 0.336384 
0.590461 0 0.812924 0 0.83579 0.330128 
0.590314 0 0.811468 0 0.834289 0.324003 
0.59017 0 0.810026 0 0.832813 0.318027 
0.59003 0 0.808602 0 0.831366 0.312216 
0.589889 0 0.8072 0 0.82995 0.306587 
0.589749 0 0.805821 0 0.828568 0.301152 
0.589605 0 0.804467 0 0.827221 0.295924 
0.589456 0 0.803141 0 0.82591 0.290915 
0.589299 0 0.801842 0 0.824636 0.286137 
0.589132 0 0.800572 0 0.823399 0.281598 
0.588952 0 0.799331 0 0.822198 0.27731 
0.588754 0 0.798119 0 0.821034 0.273282 
0.588602 0 0.797038 0 0.820005 0.269526 
0.588458 0 0.796044 0 0.819063 0.266053 
0.588297 0 0.795099 0 0.818166 0.262877 
0.588107 0 0.794186 0 0.817298 0.260013 
0.587881 0 0.79342 0 0.816557 0.257478 
0.587608 0 0.79273 0 0.815882 0.255292 
0.587286 0 0.792074 0 0.815239 0.25348 
0.586916 0 0.79145 0 0.814632 0.252069 
0.5865 0 0.790872 0 0.814083 0.251092 
0.586043 0 0.790356 0 0.813613 0.250584 
0.585551 0 0.789914 0 0.813243 0.250585 
0.585028 0 0.789553 0 0.81299 0.251131 
0.584483 0 0.789282 0 0.812869 0.252251 
0.583922 0 0.789106 0 0.812891 0.253958 
0.583351 0 0.789025 0 0.813059 0.256245 
0.58282 0 0.789071 0 0.813377 0.259079 
0.582367 0 0.789249 0 0.813846 0.262407 
0.58196 0 0.789538 0 0.814454 0.266161 
0.581581 0 0.789903 0 0.815162 0.270264 
0.581216 0 0.790314 0 0.815933 0.274641 
0.580859 0 0.790747 0 0.816741 0.27922 
0.580507 0 0.791187 0 0.817564 0.283939 
0.580158 0 0.791623 0 0.818387 0.288746 
0.579813 0 0.792044 0 0.819197 0.293595 
0.579471 0 0.792444 0 0.819981 0.298453 
0.579133 0 0.792818 0 0.820733 0.303291 
0.578799 0 0.793162 0 0.821447 0.308089 
0.578469 0 0.793476 0 0.822118 0.31283 
0.578144 0 0.793758 0 0.822744 0.317502 
0.577824 0 0.794007 0 0.823322 0.322097 
0.577509 0 0.794225 0 0.823853 0.326609 
0.577201 0 0.794411 0 0.824335 0.331032 
0.576898 0 0.794568 0 0.824769 0.335365 
0.576603 0 0.794695 0 0.825156 0.339605 
0.576316 0 0.794796 0 0.825497 0.343752 
0.576037 0 0.79487 0 0.825794 0.347806 
0.575767 0 0.794921 0 0.826049 0.351767 
0.575509 0 0.794949 0 0.826264 0.355635 
0.575262 0 0.794956 0 0.826442 0.359413 
0.57503 0 0.794945 0 0.826587 0.363101 
0.574814 0 0.794916 0 0.826701 0.3667 
0.574618 0 0.794872 0 0.826789 0.370213 
0.574443 0 0.794813 0 0.826855 0.37364 
0.574295 0 0.794743 0 0.826904 0.376985 
0.574179 0 0.794662 0 0.826943 0.380247 
0.574099 0 0.794573 0 0.826977 0.38343 
0.574064 0 0.794478 0 0.827017 0.386535 
0.574079 0 0.79438 0 0.827069 0.389563 
0.574154 0 0.794283 0 0.827144 0.392516 
0.57428 0 0.794193 0 0.827291 0.395397 
0.574468 0 0.794102 0 0.827495 0.398206 
0.574726 0 0.794008 0 0.827745 0.400946 
0.575053 0 0.793915 0 0.828041 0.403618 
0.575442 0 0.793829 0 0.828383 0.406223 
0.575883 0 0.793752 0 0.828767 0.408763 
0.576364 0 0.793685 0 0.829183 0.41124 
0.576873 0 0.793625 0 0.82962 0.413655 
0.577397 0 0.793567 0 0.830068 0.416009 
0.577927 0 0.793507 0 0.830521 0.418305 
0.578457 0 0.793444 0 0.830972 0.420544 
0.57898 0 0.793374 0 0.831418 0.422726 
0.579492 0 0.793295 0 0.831856 0.424854 
0.579992 0 0.793206 0 0.832285 0.426929 
0.580477 0 0.793107 0 0.832703 0.428952 
0.580945 0 0.792996 0 0.83311 0.430925 
0.581396 0 0.792874 0 0.833505 0.432848 
0.581829 0 0.792739 0 0.833888 0.434723 
0.582244 0 0.792593 0 0.834257 0.436551 
0.58264 0 0.792435 0 0.834613 0.438334 
0.583016 0 0.792264 0 0.834955 0.440072 
0.583374 0 0.792081 0 0.835283 0.441766 
0.583712 0 0.791886 0 0.835598 0.443418 
0.584031 0 0.791679 0 0.835898 0.445029 
0.584331 0 0.79146 0 0.836185 0.446599 
0.584611 0 0.791229 0 0.836457 0.448131 
0.584872 0 0.790987 0 0.836716 0.449624 
0.585114 0 0.790733 0 0.836961 0.451079 
0.585337 0 0.790467 0 0.837193 0.452499 
0.585541 0 0.79019 0 0.837412 0.453883 
0.585726 0 0.789901 0 0.837618 0.455232 
0.585893 0 0.789601 0 0.837811 0.456547 
0.58604 0 0.789289 0 0.837991 0.45783 
0.58617 0 0.788965 0 0.838159 0.45908 
0.586281 0 0.78863 0 0.838315 0.4603 
0.586373 0 0.788283 0 0.838459 0.461488 
0.586448 0 0.787925 0 0.838591 0.462647 
0.586505 0 0.787555 0 0.838712 0.463777 
0.586543 0 0.787173 0 0.838822 0.464879 
0.586564 0 0.78678 0 0.838921 0.465954 
0.586568 0 0.786375 0 0.839009 0.467001 
0.586554 0 0.785959 0 0.839087 0.468022 
0.586522 0 0.78553 0 0.839154 0.469018 
0.586483 0 0.785135 0 0.83921 0.469989 
0.586434 0 0.784759 0 0.839249 0.470935 
0.586372 0 0.784387 0 0.83927 0.471858 
0.586299 0 0.784014 0 0.839275 0.472758 
0.586213 0 0.783642 0 0.839262 0.473635 
0.586116 0 0.783273 0 0.839234 0.474491 
0.586008 0 0.782907 0 0.83919 0.475325 
0.586007 0 0.782691 0 0.839238 0.476138 
0.586031 0 0.78251 0 0.839301 0.476931 
0.586042 0 0.782313 0 0.839347 0.477704 
0.586041 0 0.782102 0 0.839377 0.478457 
0.586028 0 0.781876 0 0.839391 0.479192 
0.586036 0 0.781681 0 0.83942 0.479909 
0.586058 0 0.781505 0 0.839455 0.480607 
0.586086 0 0.781338 0 0.83949 0.481288 
0.585833 0 0.781323 0 0.839196 0.481952 
0.585738 0 0.781109 0 0.839166 0.482599 
0.585614 0 0.780927 0 0.839084 0.483231 
0.585616 0 0.780679 0 0.83919 0.483846 
0.58531 0 0.7808 0 0.838785 0.484446 
0.585166 0 0.78059 0 0.838705 0.485032 
0.58512 0 0.780251 0 0.838799 0.485602 
0.585144 0 0.779882 0 0.838992 0.486159 
0.585184 0 0.779535 0 0.839199 0.486701 
0.585242 0 0.779211 0 0.839421 0.48723 
0.585316 0 0.778908 0 0.839656 0.487745 
0.585113 0 0.778954 0 0.839384 0.488248 
0.584993 0 0.778682 0 0.839342 0.488738 
0.585006 0 0.778487 0 0.83941 0.489216 
0.585093 0 0.778334 0 0.839543 0.489682 
0.585219 0 0.778201 0 0.83971 0.490136 
0.58537 0 0.778084 0 0.839901 0.490579 
0.585508 0 0.777988 0 0.840071 0.491011 
0.585693 0 0.777883 0 0.840303 0.491432 
0.585899 0 0.777802 0 0.84056 0.491842 
0.58611 0 0.777723 0 0.840823 0.492242 
0.586318 0 0.777628 0 0.84109 0.492632 
0.586522 0 0.777516 0 0.841363 0.493013 
0.586725 0 0.77739 0 0.841647 0.493384 
0.586931 0 0.777252 0 0.841944 0.493746 
0.587015 0 0.777 0 0.84216 0.494098 
0.58701 0 0.77659 0 0.842375 0.494442 
0.586896 0 0.776098 0 0.84252 0.494778 
0.586707 0 0.775554 0 0.842615 0.495104 
0.586464 0 0.774968 0 0.842681 0.495423 
0.586181 0 0.774346 0 0.842728 0.495734 
0.585863 0 0.773691 0 0.84276 0.496037 
0.585516 0 0.773007 0 0.842778 0.496332 
0.585141 0 0.772296 0 0.842781 0.49662 
0.584822 0 0.771355 0 0.843027 0.496901 
0.584578 0 0.770334 0 0.843427 0.497175 
0.584382 0 0.76928 0 0.843913 0.497442 
0.584216 0 0.768212 0 0.844449 0.497702 
0.584252 0 0.767773 0 0.84476 0.497956 
0.58437 0 0.767569 0 0.844986 0.498203 
0.584511 0 0.76744 0 0.845176 0.498444 
0.584661 0 0.767334 0 0.845357 0.49868 
0.584824 0 0.767246 0 0.845544 0.498909 
0.585005 0 0.767177 0 0.845744 0.499132 
0.585205 0 0.767131 0 0.845957 0.49935 
0.585423 0 0.767103 0 0.846181 0.499563 
0.585656 0 0.76709 0 0.846414 0.49977 
0.585901 0 0.76709 0 0.846656 0.499972 
0.586158 0 0.7671 0 0.846906 0.500169 
0.586427 0 0.767121 0 0.847166 0.500361 
0.586709 0 0.767153 0 0.847437 0.500548 
0.587004 0 0.767197 0 0.847717 0.500731 
0.587313 0 0.767253 0 0.848008 0.500909 
0.587636 0 0.767322 0 0.848309 0.501083 
0.587973 0 0.767403 0 0.84862 0.501252 
0.588324 0 0.767498 0 0.848941 0.501417 
0.58869 0 0.767604 0 0.849273 0.501578 
0.589069 0 0.767723 0 0.849615 0.501734 
0.589463 0 0.767855 0 0.849967 0.501888 
0.589873 0 0.767986 0 0.850343 0.502037 
0.590296 0 0.768113 0 0.850741 0.502182 
0.590729 0 0.768234 0 0.851158 0.502324 
0.591171 0 0.768351 0 0.851592 0.502462 
0.59162 0 0.768461 0 0.852041 0.502597 
0.592077 0 0.768567 0 0.852506 0.502728 
0.592542 0 0.768666 0 0.852987 0.502856 
0.593016 0 0.76876 0 0.853485 0.502981 
0.593498 0 0.768847 0 0.854 0.503103 
0.593988 0 0.768927 0 0.854532 0.503221 
0.594486 0 0.769 0 0.855082 0.503337 
0.594993 0 0.769066 0 0.855648 0.50345 
0.595507 0 0.769124 0 0.856232 0.50356 
0.596029 0 0.769173 0 0.856833 0.503667 
0.596559 0 0.769214 0 0.857451 0.503772 
0.597073 0 0.769251 0 0.858052 0.503874 
0.597581 0 0.769288 0 0.858643 0.503973 
0.598085 0 0.769322 0 0.859231 0.50407 
0.598586 0 0.769354 0 0.859816 0.504165 
0.599085 0 0.769383 0 0.860397 0.504257 
0.59958 0 0.769412 0 0.860974 0.504347 
0.600073 0 0.769441 0 0.861547 0.504434 
0.600562 0 0.769468 0 0.862115 0.50452 
0.601049 0 0.769493 0 0.862679 0.504603 
0.601532 0 0.769517 0 0.863239 0.504684 
0.602012 0 0.769538 0 0.863796 0.504763 
0.60249 0 0.769557 0 0.864349 0.504841 
0.602957 0 0.769559 0 0.8649 0.504916 
0.603414 0 0.769539 0 0.865453 0.504989 
0.603861 0 0.769499 0 0.866008 0.505061 
0.604297 0 0.769437 0 0.866564 0.505131 
0.604723 0 0.769354 0 0.867123 0.505199 
0.605139 0 0.769248 0 0.867684 0.505265 
0.605545 0 0.769124 0 0.868244 0.50533 
0.605943 0 0.768986 0 0.868804 0.505393 
0.606336 0 0.768836 0 0.869361 0.505454 
0.606722 0 0.768676 0 0.869916 0.505514 
0.607103 0 0.768506 0 0.870469 0.505572 
0.607478 0 0.768324 0 0.87102 0.505629 
0.607847 0 0.76813 0 0.871568 0.505685 
0.608209 0 0.767922 0 0.872116 0.505739 
0.608562 0 0.767697 0 0.872662 0.505792 
0.608908 0 0.767454 0 0.873207 0.505843 
0.609245 0 0.767192 0 0.873752 0.505894 
0.609573 0 0.766911 0 0.874295 0.505943 
0.609892 0 0.766611 0 0.874838 0.50599 
0.610203 0 0.766291 0 0.875379 0.506037 
0.610505 0 0.765952 0 0.875919 0.506082 
0.610799 0 0.765595 0 0.876457 0.506126 
0.611085 0 0.765219 0 0.876993 0.506169 
0.611362 0 0.764824 0 0.877527 0.506211 
0.611631 0 0.764409 0 0.878057 0.506253 
0.611892 0 0.763976 0 0.878585 0.506293 
0.611951 0 0.763583 0 0.87893 0.506331 
0.611885 0 0.763235 0 0.879152 0.506369 
0.611759 0 0.762933 0 0.879273 0.506406 
0.611688 0 0.762664 0 0.879431 0.506442 
0.611659 0 0.76241 0 0.879619 0.506478 
0.61166 0 0.762162 0 0.879829 0.506512 
0.611684 0 0.761916 0 0.880056 0.506545 
0.611726 0 0.761667 0 0.880296 0.506578 
0.611782 0 0.761412 0 0.880548 0.50661 
0.611851 0 0.76115 0 0.880808 0.506641 
0.61193 0 0.76088 0 0.881076 0.506671 
0.612019 0 0.760598 0 0.881351 0.506701 
0.612117 0 0.760306 0 0.881632 0.506729 
0.612109 0 0.760077 0 0.881755 0.506758 
0.612028 0 0.759903 0 0.881762 0.506785 
0.611908 0 0.759766 0 0.881692 0.506812 
0.611768 0 0.759652 0 0.881575 0.506838 
0.611621 0 0.75955 0 0.88143 0.506863 
0.611471 0 0.759459 0 0.881265 0.506888 
0.611319 0 0.759378 0 0.881084 0.506912 
0.611165 0 0.75931 0 0.880887 0.506935 
0.611009 0 0.759256 0 0.880674 0.506958 
0.610852 0 0.759216 0 0.880444 0.50698 
0.610645 0 0.759152 0 0.880215 0.507003 
0.610404 0 0.759055 0 0.87999 0.507024 
0.610179 0 0.758983 0 0.879774 0.507044 
0.609966 0 0.758909 0 0.879568 0.507065 
0.609761 0 0.758829 0 0.879368 0.507084 
0.60956 0 0.758742 0 0.87917 0.507104 
0.609418 0 0.758643 0 0.879023 0.507122 
0.609298 0 0.758539 0 0.878901 0.50714 
0.609187 0 0.758431 0 0.878795 0.507158 
0.609044 0 0.758297 0 0.87868 0.507176 
0.608885 0 0.758169 0 0.878553 0.507193 
0.608725 0 0.758055 0 0.878418 0.507209 
0.608573 0 0.757954 0 0.878283 0.507225 
0.608431 0 0.757863 0 0.878153 0.507241 
0.6083 0 0.75778 0 0.87803 0.507256 
0.608179 0 0.757705 0 0.877916 0.507271 
0.608067 0 0.757635 0 0.877813 0.507285 
0.607965 0 0.757572 0 0.877718 0.507299 
0.607873 0 0.757515 0 0.877634 0.507313 
0.60779 0 0.757465 0 0.877559 0.507327 
0.607717 0 0.757422 0 0.877493 0.50734 
0.607654 0 0.757388 0 0.877436 0.507353 
0.607601 0 0.757361 0 0.877387 0.507365 
0.607558 0 0.757344 0 0.877347 0.507377 
0.607526 0 0.757335 0 0.877315 0.507389 
0.607503 0 0.757335 0 0.877293 0.507401 
0.607492 0 0.757344 0 0.877279 0.507412 
0.60749 0 0.757362 0 0.877275 0.507423 
0.6075 0 0.757389 0 0.87728 0.507434 
0.60752 0 0.757425 0 0.877294 0.507444 
0.60755 0 0.757471 0 0.877317 0.507454 
0.607592 0 0.757526 0 0.87735 0.507464 
0.607645 0 0.757592 0 0.877392 0.507474 
0.607709 0 0.757669 0 0.877443 0.507483 
0.607785 0 0.757755 0 0.877504 0.507493 
0.607872 0 0.757854 0 0.877574 0.507501 
0.607971 0 0.757963 0 0.877654 0.50751 
0.608082 0 0.758084 0 0.877744 0.507519 
0.608205 0 0.758218 0 0.877844 0.507527 
0.608341 0 0.758364 0 0.877954 0.507535 
0.608489 0 0.758523 0 0.878074 0.507543 
0.608651 0 0.758695 0 0.878205 0.507551 
0.608825 0 0.758882 0 0.878346 0.507558 
0.609013 0 0.759084 0 0.878498 0.507566 
0.609214 0 0.759301 0 0.878661 0.507573 
0.60943 0 0.759535 0 0.878836 0.50758 
0.60966 0 0.759785 0 0.879022 0.507586 
0.609905 0 0.760053 0 0.87922 0.507593 
0.610165 0 0.760341 0 0.879431 0.507599 
0.610441 0 0.760649 0 0.879655 0.507606 
0.610733 0 0.760978 0 0.879892 0.507612 
0.611041 0 0.76133 0 0.880144 0.507618 
0.611366 0 0.761707 0 0.880412 0.507624 
0.611708 0 0.76211 0 0.880696 0.507629 
0.612069 0 0.762542 0 0.880999 0.507635 
0.612447 0 0.763006 0 0.881321 0.50764 
0.612845 0 0.763504 0 0.881664 0.507645 
0.613261 0 0.76404 0 0.882032 0.50765 
0.613698 0 0.764618 0 0.882427 0.507655 
0.614155 0 0.765243 0 0.882852 0.50766 
0.614633 0 0.765921 0 0.883311 0.507665 
0.615132 0 0.766657 0 0.88381 0.50767 
0.61564 0 0.767467 0 0.88432 0.507674 
0.616141 0 0.768326 0 0.884855 0.507679 
0.616644 0 0.769256 0 0.885429 0.507683 
0.617151 0 0.770268 0 0.886051 0.507687 
0.617663 0 0.77137 0 0.886724 0.507692 
0.618178 0 0.772564 0 0.887454 0.507696 
0.618697 0 0.773862 0 0.888237 0.507699 
0.619224 0 0.775272 0 0.889074 0.507703 
0.619759 0 0.776795 0 0.889963 0.507707 
0.620301 0 0.77843 0 0.8909 0.50771 
0.62085 0 0.780169 0 0.891877 0.507714 
0.621403 0 0.782003 0 0.892888 0.507717 
0.621959 0 0.78392 0 0.893923 0.507721 
0.622517 0 0.785906 0 0.894975 0.507724 
0.623074 0 0.787948 0 0.896035 0.507727 
0.62363 0 0.790031 0 0.897093 0.50773 
0.624182 0 0.792143 0 0.898141 0.507733 
0.624896 0 0.794407 0 0.899277 0.507736 
0.625705 0 0.796712 0 0.900483 0.507739 
0.626549 0 0.799032 0 0.901687 0.507741 
0.627614 0 0.801435 0 0.903034 0.507744 
0.628439 0 0.803869 0 0.904066 0.507746 
0.62926 0 0.806287 0 0.905066 0.507748 
0.630288 0 0.808707 0 0.906219 0.507749 
0.63131 0 0.811098 0 0.907331 0.50775 
0.632328 0 0.813457 0 0.908404 0.50775 
0.6328 0 0.817299 1 0.907646 0.507752 
0.63326 0 0.821097 1 0.90681 0.507747 
0.633708 0 0.824847 0 0.905905 0.507735 
0.633998 0 0.828417 0 0.904939 0.507717 
0.634279 0 0.831957 0 0.903934 0.507691 
0.634622 0 0.835331 0 0.903156 0.507654 
0.635128 0 0.83834 0 0.902819 0.507605 
0.635641 0 0.841309 0 0.902473 0.507539 
0.636079 0 0.844144 0 0.902137 0.507453 
0.636548 0 0.846549 0 0.902104 0.507344 
0.637071 0 0.848753 0 0.902237 0.507209 
0.63766 0 0.850833 0 0.902495 0.507047 
0.638257 0 0.852843 0 0.902771 0.50686 
0.638862 0 0.854816 0 0.903037 0.50665 
0.639473 0 0.856755 0 0.903294 0.506421 
0.640092 0 0.858659 0 0.903542 0.50618 
0.640716 0 0.860531 0 0.90378 0.505932 
0.641347 0 0.862372 0 0.904008 0.505682 
0.641985 0 0.864183 0 0.904227 0.505435 
0.642628 0 0.865966 0 0.904436 0.505195 
0.643276 0 0.867722 0 0.904634 0.504964 
0.643907 0 0.869408 0 0.904817 0.504746 
0.644516 0 0.871055 0 0.904955 0.504541 
0.645311 0 0.872481 0 0.905407 0.504351 
0.646231 0 0.873803 0 0.90604 0.504176 
0.647233 0 0.875058 0 0.906779 0.504017 
0.647995 0 0.876504 1 0.906964 0.503871 
0.648811 0 0.877975 1 0.907012 0.503648 
0.649777 0 0.879365 1 0.907125 0.503327 
0.650843 0 0.880664 0 0.907208 0.502888 
0.651991 0 0.881969 0 0.907343 0.502511 
0.653209 0 0.883279 0 0.907523 0.50219 
0.654505 0 0.884604 0 0.907769 0.501918 
0.655867 0 0.885941 0 0.908069 0.501691 
0.657291 0 0.887291 0 0.908413 0.501503 
0.658768 0 0.888652 0 0.908794 0.501349 
0.660296 0 0.890023 0 0.909207 0.501226 
0.661866 0 0.891406 0 0.909646 0.501131 
0.663472 0 0.892798 0 0.910105 0.50106 
0.665107 0 0.894198 0 0.910576 0.50101 
0.666765 0 0.895607 0 0.911053 0.500979 
0.668437 0 0.897024 0 0.911528 0.500964 
0.670119 0 0.898448 0 0.911996 0.500965 
0.671414 0 0.899519 0 0.912561 0.500979 
0.672349 0 0.900449 0 0.913025 0.501005 
0.673036 0 0.901325 0 0.913355 0.501041 
0.673553 0 0.902183 0 0.913581 0.501086 
0.673958 0 0.903036 0 0.913748 0.501139 
0.674289 0 0.903885 0 0.913884 0.501199 
0.674532 1 0.903524 0 0.915083 0.501265 
0.674749 1 0.903134 0 0.916319 0.501357 
0.675159 1 0.903322 1 0.91641 0.501473 
0.675662 1 0.903394 1 0.916388 0.501575 
0.676196 1 0.903371 1 0.916386 0.501672 
0.676732 1 0.903341 1 0.916395 0.501757 
0.67726 1 0.903324 1 0.916409 0.501833 
0.677782 1 0.903316 1 0.916426 0.501895 
0.678231 1 0.903367 1 0.916432 0.501947 
0.678663 1 0.903402 1 0.916409 0.501989 
0.679086 1 0.903426 1 0.916384 0.502009 
0.679526 1 0.903468 1 0.916357 0.502029 
0.679961 1 0.903523 1 0.916352 0.502024 
0.680393 1 0.903584 1 0.916353 0.501999 
0.680843 1 0.903618 1 0.916371 0.501961 
0.681259 1 0.903681 1 0.916374 0.501906 
0.681658 1 0.903738 1 0.916373 0.501832 
0.682067 1 0.903793 1 0.916371 0.501736 
0.682461 1 0.903849 1 0.91638 0.501616 
0.682862 1 0.903911 1 0.916387 0.501471 
0.683259 1 0.903975 1 0.916403 0.5013 
0.68364 1 0.904044 1 0.916421 0.501097 
0.684026 1 0.904109 1 0.916436 0.500857 
0.684404 1 0.904176 1 0.916456 0.500568 
0.684774 1 0.904246 1 0.916477 0.500217 
0.685135 1 0.904317 1 0.916498 0.499777 
0.685474 1 0.904392 1 0.916519 0.49922 
0.685824 1 0.904459 1 0.916535 0.498481 
0.68617 1 0.904528 1 0.916557 0.497476 
0.686498 1 0.904605 1 0.916583 0.496076 
0.686843 1 0.90468 1 0.916605 0.494089 
0.687221 1 0.904759 1 0.916631 0.491301 
0.687696 1 0.904846 1 0.916661 0.487428 
0.688237 1 0.904966 1 0.916724 0.48222 
0.688867 1 0.905121 1 0.916799 0.475427 
0.689607 1 0.90531 1 0.916881 0.466906 
0.690475 1 0.905535 1 0.916971 0.456627 
0.691481 1 0.905794 1 0.917069 0.444676 
0.692633 1 0.906086 1 0.917174 0.431248 
0.693931 1 0.906408 1 0.917284 0.416595 
0.695373 1 0.906755 1 0.917395 0.400982 
0.696951 1 0.90712 1 0.917506 0.384673 
0.698657 1 0.907496 1 0.917621 0.367894 
0.700481 1 0.90788 1 0.917732 0.350833 
0.70241 1 0.908265 1 0.917844 0.333632 
0.704432 1 0.908646 1 0.917956 0.316419 
0.706537 1 0.90902 1 0.918066 0.299282 
0.708714 1 0.909387 1 0.918172 0.282284 
0.710954 1 0.909743 1 0.918276 0.265489 
0.713246 1 0.910089 1 0.918378 0.248936 
0.715583 1 0.910424 1 0.918479 0.232644 
0.717957 1 0.910747 1 0.91858 0.216641 
0.72036 1 0.911058 1 0.91868 0.200941 
0.722785 1 0.911358 1 0.91878 0.185552 
0.725227 1 0.911647 1 0.91888 0.170478 
0.727679 1 0.911925 1 0.918981 0.155724 
0.730138 1 0.912193 1 0.919083 0.141302 
0.732599 1 0.912451 1 0.919186 0.127199 
0.735057 1 0.9127 1 0.91929 0.113416 
0.737509 1 0.912939 1 0.919396 0.0999466 
0.739951 1 0.91317 1 0.919504 0.0867908 
0.742381 1 0.913393 1 0.919614 0.073948 
0.744796 1 0.913608 1 0.919726 0.0614038 
0.747193 1 0.913815 1 0.919842 0.0491704 
0.74957 1 0.914016 1 0.91996 0.0372225 
0.751926 1 0.91421 1 0.920081 0.0255658 
0.754257 1 0.914397 1 0.920205 0.01419 
0.756563 1 0.914576 1 0.920333 0.0030935 
0.758842 1 0.91475 1 0.920464 -0.00772632 
0.761091 1 0.914922 1 0.9206 -0.0182729 
0.76331 1 0.915089 1 0.920739 -0.0285461 
0.765498 1 0.915251 1 0.920883 -0.038567 
0.767653 1 0.915409 1 0.921031 -0.0483398 
0.769776 1 0.915563 1 0.921184 -0.057864 
0.771865 1 0.915712 1 0.921341 -0.0671492 
0.773919 1 0.915859 1 0.921503 -0.076195 
0.775939 1 0.916002 1 0.921671 -0.0849998 
0.777923 1 0.916141 1 0.921843 -0.0935823 
0.77987 1 0.916277 1 0.922021 -0.101935 
0.781781 1 0.916412 1 0.922203 -0.110067 
0.783655 1 0.916542 1 0.922391 -0.117986 
0.785491 1 0.916672 1 0.922585 -0.125701 
0.78729 1 0.916799 1 0.922783 -0.1332 
0.789051 1 0.916923 1 0.922987 -0.140505 
0.790773 1 0.917049 1 0.923197 -0.147606 
0.792458 1 0.91717 1 0.923412 -0.154509 
0.794104 1 0.917291 1 0.923632 -0.161214 
0.795711 1 0.917411 1 0.923858 -0.167726 
0.797279 1 0.91753 1 0.92409 -0.174057 
0.798808 1 0.917649 1 0.924326 -0.180197 
0.800297 1 0.917767 1 0.924569 -0.186158 
0.801747 1 0.917884 1 0.924817 -0.191929 
0.803157 1 0.918 1 0.92507 -0.19751 
0.804527 1 0.918117 1 0.925329 -0.202918 
0.805856 1 0.918233 1 0.925594 -0.208149 
0.807145 1 0.918349 1 0.925863 -0.213208 
0.808394 1 0.918465 1 0.926138 -0.218082 
0.809601 1 0.918582 1 0.926418 -0.222789 
0.810814 1 0.918508 1 0.926594 -0.22731 
0.811943 1 0.918462 1 0.926877 -0.231657 
0.813002 1 0.91861 1 0.927091 -0.235831 
0.814037 1 0.918611 1 0.927274 -0.239831 
0.814996 1 0.918583 1 0.927569 -0.243643 
0.815931 1 0.918717 1 0.927733 -0.247287 
0.816786 1 0.918713 1 0.927978 -0.250756 
0.817632 1 0.918823 1 0.928129 -0.254046 
0.81838 1 0.918813 1 0.92838 -0.257156 
0.819142 1 0.918926 1 0.928503 -0.260088 
0.819841 1 0.918991 1 0.928658 -0.26285 
0.820427 1 0.918969 1 0.928877 -0.265432 
0.82104 1 0.919066 1 0.928976 -0.267842 
0.821597 1 0.919122 1 0.929108 -0.270089 
0.822023 1 0.919088 1 0.92932 -0.272171 
0.822507 1 0.919201 1 0.92939 -0.274086 
0.823034 1 0.919164 1 0.929594 -0.275855 
0.823519 1 0.919201 1 0.929733 -0.277477 
0.823948 1 0.919236 1 0.929881 -0.278963 
0.824313 1 0.919246 1 0.93006 -0.280317 
0.824672 1 0.919362 1 0.93014 -0.281553 
0.82497 1 0.919373 1 0.930324 -0.282689 
0.825291 1 0.919472 1 0.930429 -0.283735 
0.825552 1 0.919485 1 0.930625 -0.284699 
0.825856 1 0.919584 1 0.930747 -0.285601 
0.826102 1 0.919599 1 0.930956 -0.286448 
0.826408 1 0.919694 1 0.931095 -0.287268 
0.826661 1 0.919685 1 0.931283 -0.288073 
0.826975 1 0.919778 1 0.931442 -0.288878 
0.827246 1 0.919739 1 0.93159 -0.289695 
0.827573 1 0.919831 1 0.931767 -0.290539 
0.827865 1 0.919783 1 0.93189 -0.291425 
0.828247 1 0.919852 1 0.932101 -0.292357 
0.828702 1 0.919472 1 0.932478 -0.293338 
0.829179 1 0.919621 1 0.932651 -0.294393 
0.829555 1 0.919682 1 0.93283 -0.295527 
0.83 1 0.919835 1 0.932988 -0.296737 
0.830428 1 0.91978 1 0.933096 -0.298028 
0.830913 1 0.919885 1 0.933313 -0.299415 
0.831411 1 0.919818 1 0.93334 -0.300888 
0.831863 1 0.919738 1 0.933564 -0.30245 
0.832438 1 0.919921 1 0.933716 -0.304095 
0.833 1 0.919832 1 0.933762 -0.305827 
0.833608 1 0.919942 1 0.933986 -0.307641 
0.834251 1 0.919855 1 0.933983 -0.309527 
0.834844 1 0.919756 1 0.934204 -0.311475 
0.83552 1 0.919929 1 0.934369 -0.313486 
0.8362 1 0.919881 1 0.93437 -0.31556 
0.836871 1 0.919818 1 0.934551 -0.317684 
0.837595 1 0.920011 1 0.934699 -0.319847 
0.838302 1 0.919935 1 0.934713 -0.32204 
0.838944 1 0.919884 1 0.934883 -0.324257 
0.839691 1 0.920086 1 0.935007 -0.326498 
0.840393 1 0.919985 1 0.935084 -0.328736 
0.841117 1 0.920103 1 0.935292 -0.330985 
0.841827 1 0.920034 1 0.935273 -0.333223 
0.842383 1 0.919959 1 0.935502 -0.335455 
0.843126 1 0.920186 1 0.935587 -0.337683 
0.843768 1 0.920092 1 0.935632 -0.33988 
0.844474 1 0.920239 1 0.93579 -0.342059 
0.845102 1 0.920155 1 0.935812 -0.344212 
0.845806 1 0.92025 1 0.936009 -0.346337 
0.846444 1 0.92018 1 0.936017 -0.348416 
0.846988 1 0.920119 1 0.936258 -0.350461 
0.847659 1 0.920355 1 0.9363 -0.352477 
0.848233 1 0.92029 1 0.936367 -0.354445 
0.84889 1 0.920437 1 0.936486 -0.356377 
0.849449 1 0.920361 1 0.936541 -0.358256 
0.850073 1 0.920474 1 0.936682 -0.36009 
0.850689 1 0.920384 1 0.936726 -0.361882 
0.851292 1 0.920484 1 0.93687 -0.363622 
0.85183 1 0.92047 1 0.936895 -0.365319 
0.852284 1 0.92043 1 0.937148 -0.366971 
0.852863 1 0.92066 1 0.93714 -0.36857 
0.853299 1 0.920602 1 0.937224 -0.370105 
0.853854 1 0.920744 1 0.937283 -0.371593 
0.854351 1 0.920608 1 0.937408 -0.373024 
0.854885 1 0.920743 1 0.937467 -0.374402 
0.85531 1 0.920726 1 0.937555 -0.375731 
0.8558 1 0.920842 1 0.937629 -0.376994 
0.856144 1 0.92083 1 0.937693 -0.378205 
0.856592 1 0.920935 1 0.937755 -0.379352 
0.85702 1 0.920858 1 0.937842 -0.380436 
0.857436 1 0.920973 1 0.937897 -0.381454 
0.857733 1 0.920985 1 0.937994 -0.382403 
0.858117 1 0.921078 1 0.938045 -0.383285 
0.858446 1 0.921014 1 0.93816 -0.384104 
0.858797 1 0.921145 1 0.938169 -0.384848 
0.859024 1 0.92115 1 0.938289 -0.38551 
0.859348 1 0.921247 1 0.938304 -0.386101 
0.85955 1 0.921227 1 0.93843 -0.386612 
0.859843 1 0.921332 1 0.938429 -0.387042 
0.86 1 0.921318 1 0.938559 -0.387378 
0.860255 1 0.921427 1 0.938538 -0.387629 
0.860373 1 0.921402 1 0.938664 -0.387796 
0.860584 1 0.921506 1 0.938636 -0.387872 
0.860658 1 0.921475 1 0.938759 -0.38785 
0.860821 1 0.921576 1 0.93872 -0.387738 
0.860846 1 0.921543 1 0.938839 -0.387534 
0.860956 1 0.921645 1 0.938798 -0.387223 
0.860933 1 0.921609 1 0.93891 -0.386807 
0.860989 1 0.921705 1 0.938865 -0.386295 
0.860916 1 0.92167 1 0.938973 -0.385682 
0.860918 1 0.921762 1 0.938924 -0.38497 
0.860797 1 0.921728 1 0.939022 -0.384156 
0.860744 1 0.921814 1 0.938975 -0.383247 
0.860575 1 0.921783 1 0.939065 -0.382241 
0.860469 1 0.921862 1 0.93902 -0.38114 
0.860254 1 0.921835 1 0.939104 -0.379947 
0.860098 1 0.921908 1 0.939062 -0.378666 
0.859843 1 0.921882 1 0.939136 -0.377298 
0.85964 1 0.921949 1 0.939097 -0.375853 
0.859347 1 0.921928 1 0.939165 -0.374329 
0.859103 1 0.92199 1 0.93913 -0.372739 
0.858778 1 0.921971 1 0.939191 -0.371087 
0.8585 1 0.922026 1 0.939158 -0.369373 
0.858149 1 0.92201 1 0.939212 -0.367607 
0.857842 1 0.922062 1 0.939183 -0.365793 
0.85747 1 0.922048 1 0.939232 -0.363941 
0.85714 1 0.922095 1 0.939205 -0.362054 
0.856754 1 0.922084 1 0.93925 -0.36014 
0.856409 1 0.922127 1 0.939225 -0.358208 
0.856016 1 0.922118 1 0.939264 -0.356258 
0.855661 1 0.922155 1 0.939242 -0.354302 
0.855266 1 0.922149 1 0.939278 -0.352344 
0.854908 1 0.922184 1 0.939258 -0.350392 
0.854517 1 0.922178 1 0.939288 -0.348453 
0.85416 1 0.92221 1 0.939272 -0.346526 
0.853778 1 0.922206 1 0.939298 -0.344621 
0.853428 1 0.922234 1 0.939283 -0.342739 
0.853059 1 0.922233 1 0.939306 -0.340887 
0.85272 1 0.922258 1 0.939294 -0.33907 
0.852366 1 0.922257 1 0.939313 -0.33729 
0.852042 1 0.92228 1 0.939302 -0.335549 
0.851707 1 0.922281 1 0.939319 -0.333851 
0.851371 1 0.922264 1 0.939361 -0.332198 
0.851084 1 0.922323 1 0.939307 -0.330591 
0.850781 1 0.922314 1 0.939331 -0.329033 
0.850507 1 0.922339 1 0.939311 -0.327524 
0.850227 1 0.922331 1 0.939332 -0.326067 
0.849971 1 0.922351 1 0.939319 -0.32466 
0.849714 1 0.92235 1 0.939331 -0.323302 
0.84946 1 0.922337 1 0.939363 -0.321995 
0.849241 1 0.922382 1 0.939322 -0.320739 
0.849016 1 0.922377 1 0.939337 -0.319533 
0.848812 1 0.922395 1 0.939324 -0.318377 
0.848608 1 0.922392 1 0.939337 -0.317268 
0.848421 1 0.922405 1 0.939329 -0.316208 
0.848237 1 0.922407 1 0.939335 -0.315194 
0.848058 1 0.922398 1 0.939357 -0.314226 
0.847901 1 0.92243 1 0.939329 -0.3133 
0.847744 1 0.922428 1 0.939338 -0.312417 
0.8476 1 0.92244 1 0.939331 -0.311573 
0.847458 1 0.92244 1 0.939338 -0.310768 
0.84732 1 0.922432 1 0.939357 -0.309999 
0.847201 1 0.92246 1 0.939332 -0.309267 
0.847081 1 0.922459 1 0.939339 -0.308568 
0.846971 1 0.922469 1 0.939334 -0.3079 
0.846863 1 0.922469 1 0.939338 -0.307263 
0.846758 1 0.922463 1 0.939353 -0.306655 
0.846667 1 0.922485 1 0.939334 -0.306072 
0.846575 1 0.922486 1 0.939339 -0.305514 
0.846489 1 0.922493 1 0.939335 -0.304981 
0.846406 1 0.922495 1 0.939338 -0.304468 
0.846324 1 0.922491 1 0.939348 -0.303976 
