0.373281 0 0.491102 0 0.4911 0.500001 
0.373362 0 0.494411 0 0.493965 0.498523 
0.373996 0 0.498347 0 0.497736 0.495608 
0.374941 0 0.502721 0 0.502041 0.490295 
0.376056 0 0.507394 0 0.506696 0.48165 
0.377252 0 0.512256 0 0.511581 0.469308 
0.378446 0 0.517199 0 0.516548 0.453731 
0.379646 0 0.522166 0 0.521536 0.435877 
0.380852 0 0.527087 0 0.526475 0.416706 
0.38206 0 0.531887 0 0.531296 0.396927 
0.383191 0 0.536408 0 0.535899 0.376994 
0.384188 0 0.540563 0 0.540167 0.357175 
0.385146 0 0.544458 0 0.544115 0.337621 
0.386032 0 0.548014 0 0.547703 0.318415 
0.386868 0 0.55123 0 0.550942 0.299601 
0.387398 0 0.554012 0 0.553434 0.281201 
0.387731 0 0.556351 0 0.555372 0.263224 
0.387893 0 0.558226 0 0.556828 0.245672 
0.387944 0 0.559682 0 0.557885 0.228542 
0.387931 0 0.560774 0 0.558593 0.211828 
0.387879 0 0.561537 0 0.558987 0.195524 
0.387794 0 0.561989 0 0.559088 0.179622 
0.387687 0 0.562148 0 0.55892 0.164114 
0.38757 0 0.562041 0 0.558504 0.148991 
0.387635 0 0.561814 0 0.558165 0.134244 
0.387721 0 0.561359 0 0.557683 0.119866 
0.387787 0 0.560671 0 0.556992 0.105848 
0.387825 0 0.559755 0 0.556088 0.0921833 
0.387834 0 0.55862 0 0.554978 0.0788637 
0.387831 0 0.557286 0 0.553673 0.0658834 
0.387869 0 0.555816 0 0.552208 0.0532378 
0.387929 0 0.554206 0 0.550605 0.0409247 
0.387993 0 0.552465 0 0.548883 0.0289457 
0.388043 0 0.550615 0 0.54707 0.0173087 
0.388075 0 0.548693 0 0.545206 0.00602992 
0.388096 0 0.546744 0 0.543332 -0.00486024 
0.388105 0 0.544803 0 0.541478 -0.0153115 
0.388099 0 0.542896 0 0.539675 -0.025245 
0.388079 0 0.541062 0 0.537958 -0.0345434 
0.388054 0 0.539355 0 0.536374 -0.0430399 
0.388025 0 0.537827 0 0.534974 -0.0505137 
0.387985 0 0.536534 0 0.533817 -0.0566948 
0.387938 0 0.535546 0 0.532971 -0.0612883 
0.38789 0 0.534937 0 0.532505 -0.0640214 
0.387842 0 0.534753 0 0.532463 -0.0647008 
0.387789 0 0.535008 0 0.532865 -0.0632647 
0.387731 0 0.535693 0 0.533699 -0.0597973 
0.387678 0 0.536778 0 0.534932 -0.0545059 
0.387628 0 0.538207 0 0.53651 -0.0476746 
0.387577 0 0.53991 0 0.538364 -0.0396098 
0.387525 0 0.541826 0 0.540437 -0.0306027 
0.387479 0 0.54391 0 0.542677 -0.0209084 
0.38741 0 0.546082 0 0.544983 -0.0107378 
0.387321 0 0.548306 0 0.547328 -0.000258775 
0.387167 0 0.550554 0 0.549651 0.0103978 
0.387065 0 0.552794 0 0.552028 0.021132 
0.386917 0 0.555069 0 0.554369 0.0318678 
0.386751 0 0.55734 0 0.556661 0.0425482 
0.386611 0 0.559569 0 0.558953 0.0531306 
0.386495 0 0.561783 0 0.561243 0.0635831 
0.386399 0 0.563967 0 0.56352 0.0738826 
0.386309 0 0.566108 0 0.565765 0.0840118 
0.386224 0 0.568203 0 0.56797 0.0939584 
0.386148 0 0.570258 0 0.570136 0.103714 
0.38608 0 0.572269 0 0.572258 0.113272 
0.386012 0 0.574227 0 0.574332 0.122629 
0.385946 0 0.576131 0 0.576357 0.131784 
0.385889 0 0.577989 0 0.578336 0.140734 
0.385838 0 0.579799 0 0.580267 0.149481 
0.385788 0 0.581553 0 0.582147 0.158025 
0.385739 0 0.583253 0 0.583977 0.166367 
0.385684 0 0.584895 0 0.58573 0.17451 
0.385626 0 0.586483 0 0.587414 0.182456 
0.385561 0 0.588014 0 0.589033 0.190206 
0.385494 0 0.589492 0 0.590596 0.197764 
0.385431 0 0.590929 0 0.592111 0.205132 
0.385374 0 0.592325 0 0.593579 0.212313 
0.385316 0 0.593671 0 0.594999 0.21931 
0.385261 0 0.59497 0 0.596378 0.226127 
0.385215 0 0.596234 0 0.597722 0.232766 
0.385179 0 0.597463 0 0.599034 0.239231 
0.385148 0 0.598651 0 0.600312 0.245525 
0.385125 0 0.599801 0 0.601562 0.251654 
0.385119 0 0.600926 0 0.602793 0.257621 
0.385132 0 0.602027 0 0.604009 0.263433 
0.385162 0 0.603099 0 0.605212 0.269095 
0.385215 0 0.604149 0 0.606412 0.274616 
0.385305 0 0.605188 0 0.607623 0.280005 
0.385463 0 0.606224 0 0.608875 0.285272 
0.385685 0 0.60726 0 0.610171 0.290429 
0.38598 0 0.608305 0 0.61152 0.295486 
0.386363 0 0.609373 0 0.612935 0.300455 
0.386837 0 0.610467 0 0.61442 0.305343 
0.387396 0 0.611582 0 0.615972 0.310154 
0.388033 0 0.61272 0 0.617583 0.314889 
0.388746 0 0.613885 0 0.619244 0.319545 
0.389516 0 0.615071 0 0.620937 0.324118 
0.390323 0 0.616259 0 0.622642 0.328604 
0.391154 0 0.617444 0 0.624345 0.332999 
0.392005 0 0.618628 0 0.62604 0.337302 
0.392867 0 0.619803 0 0.627717 0.341511 
0.393727 0 0.620957 0 0.629368 0.345625 
0.394583 0 0.62209 0 0.630991 0.349644 
0.395439 0 0.623208 0 0.632588 0.35357 
0.396293 0 0.624311 0 0.634156 0.357402 
0.397136 0 0.625389 0 0.635693 0.361143 
0.39797 0 0.626444 0 0.637199 0.364794 
0.398802 0 0.627486 0 0.638679 0.368357 
0.399631 0 0.628513 0 0.640131 0.371833 
0.40045 0 0.629519 0 0.641554 0.375223 
0.40126 0 0.630505 0 0.642948 0.378531 
0.402069 0 0.631481 0 0.644319 0.381757 
0.402877 0 0.632446 0 0.645665 0.384904 
0.403677 0 0.633394 0 0.646984 0.387973 
0.404471 0 0.634327 0 0.648278 0.390966 
0.405266 0 0.635254 0 0.649551 0.393885 
0.406062 0 0.636176 0 0.650802 0.396732 
0.406852 0 0.637085 0 0.652029 0.399507 
0.407639 0 0.637982 0 0.653234 0.402214 
0.408428 0 0.638878 0 0.654421 0.404854 
0.40922 0 0.639772 0 0.655589 0.407427 
0.410007 0 0.640656 0 0.656735 0.409937 
0.410792 0 0.641531 0 0.657862 0.412384 
0.41158 0 0.642407 0 0.658973 0.41477 
0.41237 0 0.643282 0 0.660069 0.417096 
0.413156 0 0.644148 0 0.661145 0.419365 
0.413937 0 0.645005 0 0.662204 0.421576 
0.414722 0 0.645862 0 0.663251 0.423733 
0.415508 0 0.646717 0 0.664284 0.425835 
0.416287 0 0.647562 0 0.665301 0.427886 
0.417061 0 0.648396 0 0.666303 0.429884 
0.417836 0 0.649228 0 0.667295 0.431833 
0.41861 0 0.650057 0 0.668275 0.433734 
0.419377 0 0.650873 0 0.669242 0.435586 
0.420136 0 0.651676 0 0.670196 0.437393 
0.420895 0 0.652474 0 0.671142 0.439154 
0.421651 0 0.653267 0 0.672079 0.440871 
0.422398 0 0.654046 0 0.673004 0.442546 
0.423137 0 0.654809 0 0.673918 0.444178 
0.423874 0 0.655567 0 0.674827 0.44577 
0.424608 0 0.656317 0 0.675729 0.447322 
0.425331 0 0.657051 0 0.676621 0.448835 
0.426045 0 0.657768 0 0.677506 0.450311 
0.426756 0 0.658479 0 0.678386 0.451749 
0.427464 0 0.659182 0 0.679262 0.453151 
0.428161 0 0.659867 0 0.68013 0.454519 
0.428849 0 0.660535 0 0.680991 0.455852 
0.429534 0 0.661196 0 0.681852 0.457152 
0.430215 0 0.661847 0 0.682709 0.45842 
0.430885 0 0.662481 0 0.68356 0.459655 
0.431546 0 0.663098 0 0.684408 0.46086 
0.432204 0 0.663706 0 0.685255 0.462035 
0.432859 0 0.664305 0 0.686101 0.46318 
0.433503 0 0.664886 0 0.686944 0.464297 
0.434138 0 0.66545 0 0.687783 0.465386 
0.43477 0 0.666005 0 0.688624 0.466447 
0.4354 0 0.666551 0 0.689466 0.467483 
0.436019 0 0.667078 0 0.690306 0.468492 
0.436629 0 0.667587 0 0.691144 0.469476 
0.437238 0 0.668087 0 0.691985 0.470435 
0.437844 0 0.668578 0 0.692828 0.471371 
0.43844 0 0.669049 0 0.693669 0.472283 
0.439027 0 0.669502 0 0.694511 0.473172 
0.439614 0 0.669946 0 0.695356 0.474039 
0.440198 0 0.670379 0 0.696205 0.474884 
0.440773 0 0.670792 0 0.697053 0.475708 
0.44134 0 0.671186 0 0.697901 0.476512 
0.441907 0 0.67157 0 0.698755 0.477295 
0.442471 0 0.671942 0 0.699613 0.478059 
0.443027 0 0.672293 0 0.70047 0.478804 
0.443575 0 0.672624 0 0.701329 0.47953 
0.444123 0 0.672943 0 0.702194 0.480238 
0.44467 0 0.67325 0 0.703063 0.480928 
0.445208 0 0.673534 0 0.703932 0.481601 
0.445739 0 0.673796 0 0.704803 0.482258 
0.44627 0 0.674046 0 0.705681 0.482897 
0.446801 0 0.674281 0 0.706563 0.483521 
0.447323 0 0.674493 0 0.707446 0.48413 
0.447838 0 0.674681 0 0.708331 0.484723 
0.448355 0 0.674855 0 0.709222 0.485301 
0.44887 0 0.675013 0 0.710119 0.485865 
0.449377 0 0.675145 0 0.711017 0.486414 
0.449878 0 0.675253 0 0.711917 0.48695 
0.45038 0 0.675345 0 0.712825 0.487473 
0.450881 0 0.67542 0 0.713738 0.487982 
0.451374 0 0.675468 0 0.714652 0.488479 
0.451861 0 0.675491 0 0.71557 0.488963 
0.452349 0 0.675496 0 0.716495 0.489435 
0.452836 0 0.675484 0 0.717427 0.489896 
0.453315 0 0.675445 0 0.718361 0.490345 
0.453788 0 0.675379 0 0.7193 0.490782 
0.454262 0 0.675297 0 0.720248 0.491209 
0.454483 0 0.675336 0 0.720857 0.491625 
0.454563 0 0.675441 0 0.72129 0.49203 
0.454591 0 0.675586 0 0.721631 0.492426 
0.454661 0 0.675751 0 0.722032 0.492811 
0.454761 0 0.675944 0 0.722473 0.493187 
0.454878 0 0.676153 0 0.722943 0.493554 
0.455011 0 0.676374 0 0.723446 0.493911 
0.455166 0 0.676616 0 0.723986 0.49426 
0.455341 0 0.676881 0 0.724565 0.4946 
0.455529 0 0.677161 0 0.72518 0.494931 
0.455729 0 0.67746 0 0.725835 0.495254 
0.45595 0 0.677791 0 0.726536 0.495569 
0.45619 0 0.678158 0 0.727285 0.495876 
0.456426 0 0.678718 0 0.727988 0.496175 
0.456669 0 0.679406 0 0.728689 0.496467 
0.456941 0 0.680202 0 0.729428 0.496751 
0.457249 0 0.681096 0 0.730226 0.497029 
0.457588 0 0.682077 0 0.73109 0.497299 
0.457959 0 0.683148 0 0.732024 0.497563 
0.45837 0 0.684323 0 0.73303 0.49782 
0.458818 0 0.685606 0 0.734105 0.498071 
0.459296 0 0.686986 0 0.73524 0.498315 
0.459808 0 0.688462 0 0.736432 0.498553 
0.460359 0 0.690036 0 0.737679 0.498785 
0.460948 0 0.691699 0 0.738974 0.499012 
0.461568 0 0.693432 0 0.740303 0.499232 
0.462219 0 0.695225 0 0.74166 0.499447 
0.462906 0 0.697075 0 0.743039 0.499655 
0.463627 0 0.69897 0 0.744431 0.499859 
0.464372 0 0.700889 0 0.745822 0.500056 
0.465161 0 0.703015 0 0.747096 0.500247 
0.466009 0 0.705224 0 0.748366 0.500431 
0.466889 0 0.707467 0 0.749622 0.500608 
0.467784 0 0.709708 0 0.750851 0.500776 
0.468676 0 0.711903 0 0.752052 0.500934 
0.469573 0 0.714061 0 0.753229 0.501079 
0.470473 0 0.716179 0 0.754379 0.501207 
0.471371 0 0.718248 0 0.7555 0.501313 
0.472266 0 0.720269 0 0.756592 0.50139 
0.473168 0 0.722251 0 0.757661 0.501428 
0.473931 0 0.724128 0 0.758541 0.501413 
0.474693 0 0.725961 0 0.759395 0.501327 
0.475726 0 0.728004 0 0.760433 0.501148 
0.476641 0 0.729952 0 0.761316 0.500847 
0.477664 0 0.731846 0 0.762327 0.500391 
0.478761 0 0.733705 0 0.763405 0.499738 
0.479882 0 0.735473 0 0.764518 0.498847 
0.480935 0 0.737166 0 0.765519 0.497671 
0.482169 0 0.738952 0 0.766615 0.49617 
0.483349 0 0.740627 0 0.76763 0.494308 
0.484527 0 0.74222 0 0.768604 0.492063 
0.485715 0 0.743757 0 0.769532 0.489429 
0.486912 0 0.745234 0 0.770413 0.48642 
0.488202 0 0.746677 0 0.771322 0.483067 
0.489633 0 0.748096 0 0.772353 0.479419 
0.491202 0 0.749502 0 0.773474 0.475539 
0.492894 0 0.750884 0 0.774667 0.471497 
0.494695 0 0.752235 0 0.77592 0.467365 
0.496601 0 0.753563 0 0.777228 0.463215 
0.498611 0 0.754883 0 0.778596 0.459115 
0.500715 0 0.756198 0 0.780015 0.455123 
0.502895 0 0.757502 0 0.781478 0.45129 
0.505139 0 0.758798 0 0.782979 0.447657 
0.507443 0 0.760098 0 0.78452 0.444256 
0.509793 0 0.761405 0 0.786094 0.441109 
0.512172 0 0.762713 0 0.787695 0.438232 
0.51457 0 0.764026 0 0.78932 0.435632 
0.516986 0 0.765357 0 0.790973 0.433311 
0.519411 0 0.766708 0 0.79265 0.431267 
0.521835 0 0.768066 0 0.794347 0.429492 
0.524249 0 0.76945 0 0.796066 0.427978 
0.52667 0 0.770857 0 0.797818 0.426711 
0.529077 0 0.772305 0 0.799593 0.425678 
0.531483 0 0.77377 0 0.801399 0.424865 
0.533891 0 0.775253 0 0.803238 0.424257 
0.536267 0 0.776797 0 0.8051 0.423838 
0.538651 0 0.778369 0 0.807001 0.423595 
0.541036 0 0.779957 0 0.808935 0.423512 
0.543423 0 0.781563 0 0.810903 0.423576 
0.545819 0 0.783193 0 0.81291 0.423773 
0.548152 0 0.784915 0 0.814932 0.424091 
0.550487 0 0.786653 0 0.816988 0.424518 
0.552824 0 0.788405 0 0.819078 0.425042 
0.555171 0 0.790179 0 0.821206 0.425655 
0.557072 0 0.791529 0 0.823101 0.426345 
0.558626 0 0.792587 0 0.824629 0.427106 
0.55993 0 0.793468 0 0.825863 0.427926 
0.561076 0 0.79427 0 0.826942 0.4288 
0.562126 0 0.795043 0 0.827972 0.42972 
0.563112 0 0.795803 0 0.829003 0.43068 
0.564056 0 0.796552 0 0.830045 0.431672 
0.564974 0 0.797298 0 0.831093 0.432693 
0.565867 0 0.798035 0 0.83213 0.433736 
0.566728 0 0.798755 0 0.833143 0.434798 
0.567561 0 0.799459 0 0.83413 0.435876 
0.568375 0 0.800159 0 0.835098 0.436964 
0.56917 0 0.800854 0 0.836047 0.43806 
0.56994 0 0.801537 0 0.836976 0.439162 
0.570687 0 0.802209 0 0.837886 0.440266 
0.571419 0 0.802879 0 0.838781 0.44137 
0.572136 0 0.803545 0 0.83966 0.442472 
0.57283 0 0.8042 0 0.840518 0.443571 
0.573503 0 0.804843 0 0.841355 0.444664 
0.574162 0 0.805485 0 0.842176 0.44575 
0.574806 0 0.806123 0 0.842979 0.446829 
0.575429 0 0.806751 0 0.843761 0.447898 
0.576031 0 0.807368 0 0.844522 0.448956 
0.576591 0 0.808287 0 0.845379 0.450003 
0.57711 0 0.809302 0 0.846215 0.451039 
0.577656 0 0.810374 0 0.847019 0.452062 
0.578142 0 0.811423 0 0.847796 0.453071 
0.578654 0 0.812506 0 0.848532 0.454067 
0.579123 0 0.813575 0 0.849274 0.45505 
0.579555 0 0.814628 0 0.849982 0.456018 
0.579986 0 0.815687 0 0.850665 0.456971 
0.580399 0 0.81675 0 0.851335 0.45791 
0.5808 0 0.817819 0 0.851987 0.458834 
0.581187 0 0.81889 0 0.85262 0.459742 
0.581565 0 0.819966 0 0.853238 0.460636 
0.582164 0 0.821173 0 0.854104 0.461514 
0.582894 0 0.822458 0 0.855118 0.462377 
0.583681 0 0.823762 0 0.85618 0.463225 
0.584488 0 0.82507 0 0.857248 0.464058 
0.585306 0 0.826395 0 0.85832 0.464876 
0.58613 0 0.827738 0 0.859397 0.465679 
0.58695 0 0.829091 0 0.860472 0.466467 
0.587765 0 0.830452 0 0.861541 0.46724 
0.588582 0 0.831826 0 0.862602 0.467999 
0.589398 0 0.833214 0 0.86365 0.468744 
0.590206 0 0.834606 0 0.86468 0.469474 
0.59064 0 0.835329 0 0.865107 0.47019 
0.590814 0 0.835591 0 0.865136 0.470892 
0.590834 0 0.835615 0 0.865028 0.471581 
0.590856 0 0.835648 0 0.864936 0.472255 
0.590882 0 0.835692 0 0.864861 0.472916 
0.590903 0 0.83583 1 0.864809 0.473562 
0.590932 0 0.835976 1 0.864768 0.474102 
0.590971 0 0.836113 0 0.864724 0.474502 
0.591025 0 0.836269 0 0.864712 0.474898 
0.591078 0 0.836431 1 0.8647 0.47529 
0.591137 0 0.836584 1 0.86469 0.4755 
0.591208 0 0.836728 1 0.864689 0.475474 
0.591288 0 0.836838 0 0.864658 0.475137 
0.591382 0 0.836972 0 0.864661 0.474836 
0.59149 0 0.837129 0 0.864702 0.474568 
0.591495 0 0.837175 1 0.864652 0.474327 
0.591389 0 0.83694 0 0.864396 0.473702 
0.591231 0 0.836584 0 0.86401 0.473129 
0.591048 0 0.83622 0 0.863562 0.472601 
0.590858 0 0.835896 0 0.863095 0.472113 
0.590631 0 0.835577 0 0.862623 0.471662 
0.590411 0 0.835293 0 0.862127 0.471242 
0.590345 0 0.835252 0 0.862011 0.47085 
0.590324 0 0.835243 0 0.861927 0.470482 
0.590298 0 0.835191 0 0.861799 0.470134 
0.590223 0 0.835108 0 0.861661 0.469803 
0.59011 0 0.835001 0 0.861509 0.469485 
0.589963 0 0.834866 0 0.861337 0.469178 
0.589828 0 0.834763 0 0.861087 0.468878 
0.589685 0 0.834685 0 0.860777 0.468582 
0.589548 0 0.834565 0 0.860575 0.468287 
0.589438 0 0.834461 0 0.860408 0.467989 
0.589329 0 0.834355 0 0.86024 0.467684 
0.589209 0 0.834235 0 0.860059 0.46737 
0.589072 0 0.8341 0 0.85986 0.467042 
0.588917 0 0.833949 0 0.859644 0.466697 
0.588745 0 0.833783 0 0.85941 0.46633 
0.588555 0 0.8336 0 0.859155 0.465936 
0.588378 0 0.833433 0 0.858918 0.465512 
0.588201 0 0.833261 0 0.858677 0.465051 
0.588023 0 0.83308 0 0.858424 0.464547 
0.587843 0 0.83289 0 0.858159 0.463994 
0.587662 0 0.832691 0 0.857884 0.463384 
0.587479 0 0.832482 0 0.857596 0.462709 
0.587295 0 0.832261 0 0.857293 0.46196 
0.587109 0 0.832026 0 0.856971 0.461125 
0.586919 0 0.831775 0 0.856629 0.460194 
0.586726 0 0.831505 0 0.856263 0.459152 
0.586518 0 0.831206 0 0.855867 0.457986 
0.586286 0 0.830875 0 0.85543 0.456678 
0.586031 0 0.830504 0 0.854943 0.455212 
0.585753 0 0.83009 0 0.854402 0.453566 
0.585452 0 0.829629 0 0.853803 0.45172 
0.58513 0 0.829117 0 0.853144 0.449651 
0.584786 0 0.828551 0 0.852419 0.447336 
0.58442 0 0.827926 0 0.851626 0.444751 
0.584059 0 0.827261 0 0.850786 0.441873 
0.5837 0 0.826545 0 0.849888 0.438683 
0.583341 0 0.825774 0 0.848925 0.43516 
0.582986 0 0.824943 0 0.847893 0.431292 
0.582632 0 0.824049 0 0.846791 0.427068 
0.582275 0 0.823088 0 0.84561 0.422484 
0.581908 0 0.822052 0 0.844345 0.417543 
0.581533 0 0.820939 0 0.842996 0.412254 
0.581155 0 0.819751 0 0.841567 0.406632 
0.580777 0 0.818496 0 0.840063 0.400697 
0.58041 0 0.817182 0 0.838498 0.394475 
0.580052 0 0.81581 0 0.836872 0.387996 
0.579702 0 0.814385 0 0.83519 0.381293 
0.579353 0 0.812907 0 0.833452 0.374401 
0.579006 0 0.811378 0 0.831667 0.367355 
0.578661 0 0.809807 0 0.829843 0.360191 
0.578326 0 0.808207 0 0.82799 0.352945 
0.577998 0 0.806584 0 0.826115 0.34565 
0.57767 0 0.804937 0 0.824221 0.33834 
0.577343 0 0.803271 0 0.822315 0.331046 
0.577022 0 0.801601 0 0.820407 0.323796 
0.576704 0 0.799932 0 0.818503 0.316617 
0.576382 0 0.798261 0 0.816604 0.309535 
0.576055 0 0.796593 0 0.814715 0.302572 
0.575728 0 0.79494 0 0.812845 0.295751 
0.575399 0 0.793306 0 0.810997 0.28909 
0.575058 0 0.791686 0 0.809169 0.282608 
0.574704 0 0.790083 0 0.807365 0.276324 
0.574341 0 0.788509 0 0.805593 0.270253 
0.573964 0 0.786965 0 0.803851 0.264412 
0.573565 0 0.785443 0 0.802137 0.258818 
0.573138 0 0.783947 0 0.800453 0.253487 
0.572689 0 0.782485 0 0.798805 0.248436 
0.572212 0 0.781059 0 0.797193 0.243685 
0.571696 0 0.779664 0 0.795616 0.239254 
0.571138 0 0.778301 0 0.794077 0.235166 
0.570544 0 0.776986 0 0.792588 0.231449 
0.56991 0 0.775722 0 0.791155 0.228134 
0.569229 0 0.774512 0 0.789787 0.225259 
0.568506 0 0.773369 0 0.7885 0.222871 
0.567749 0 0.772315 0 0.78732 0.221024 
0.566963 0 0.771367 0 0.786268 0.219777 
0.566148 0 0.770537 0 0.785366 0.219196 
0.565311 0 0.769843 0 0.784639 0.219338 
0.564467 0 0.76931 0 0.784111 0.220245 
0.56362 0 0.768944 0 0.78379 0.221928 
0.562815 0 0.768772 0 0.78368 0.224364 
0.562085 0 0.768797 0 0.783782 0.227496 
0.561407 0 0.769002 0 0.784083 0.231241 
0.560761 0 0.769342 0 0.784538 0.235499 
0.56013 0 0.769772 0 0.7851 0.240168 
0.559507 0 0.770262 0 0.785739 0.245152 
0.558898 0 0.770795 0 0.78643 0.250363 
0.5583 0 0.771351 0 0.78715 0.255725 
0.557706 0 0.771906 0 0.787879 0.261178 
0.557117 0 0.772449 0 0.788601 0.266672 
0.55654 0 0.772977 0 0.789309 0.272169 
0.555975 0 0.773482 0 0.789994 0.277637 
0.555414 0 0.773953 0 0.790647 0.283055 
0.554859 0 0.774386 0 0.791264 0.288404 
0.554317 0 0.774787 0 0.791845 0.293673 
0.553787 0 0.775155 0 0.792388 0.298852 
0.553263 0 0.775479 0 0.792887 0.303934 
0.552745 0 0.775762 0 0.793344 0.308916 
0.552242 0 0.776012 0 0.793763 0.313793 
0.551751 0 0.776229 0 0.794142 0.318566 
0.551266 0 0.776405 0 0.794481 0.323233 
0.550789 0 0.776544 0 0.794781 0.327794 
0.550327 0 0.776654 0 0.795046 0.332249 
0.549879 0 0.776737 0 0.795278 0.336601 
0.549438 0 0.776785 0 0.795476 0.34085 
0.549006 0 0.776801 0 0.795642 0.344997 
0.54859 0 0.776796 0 0.795782 0.349045 
0.548191 0 0.776769 0 0.795896 0.352995 
0.547801 0 0.776715 0 0.795985 0.35685 
0.547423 0 0.776635 0 0.796051 0.36061 
0.547065 0 0.776539 0 0.796101 0.364278 
0.546727 0 0.776429 0 0.796135 0.367857 
0.546404 0 0.776298 0 0.796155 0.371347 
0.546098 0 0.776147 0 0.796164 0.374751 
0.54582 0 0.775987 0 0.796169 0.378072 
0.54557 0 0.775819 0 0.796173 0.38131 
0.545344 0 0.775637 0 0.796176 0.384469 
0.545148 0 0.775441 0 0.796187 0.387549 
0.544993 0 0.775244 0 0.796211 0.390553 
0.544883 0 0.775047 0 0.796255 0.393482 
0.544817 0 0.774843 0 0.796324 0.396339 
0.544802 0 0.774637 0 0.796426 0.399125 
0.544851 0 0.774441 0 0.796572 0.401841 
0.544969 0 0.774258 0 0.796768 0.40449 
0.545152 0 0.774084 0 0.797017 0.407074 
0.545403 0 0.773924 0 0.797324 0.409592 
0.545728 0 0.77379 0 0.797692 0.412048 
0.546118 0 0.773681 0 0.798115 0.414443 
0.54656 0 0.773592 0 0.798585 0.416778 
0.547045 0 0.773519 0 0.799092 0.419055 
0.547568 0 0.77347 0 0.79963 0.421274 
0.548119 0 0.773439 0 0.800188 0.423438 
0.548682 0 0.773415 0 0.800758 0.425549 
0.549253 0 0.773394 0 0.801333 0.427606 
0.549831 0 0.773383 0 0.801911 0.429612 
0.550413 0 0.77338 0 0.802488 0.431568 
0.550988 0 0.773373 0 0.803059 0.433475 
0.551556 0 0.773363 0 0.803624 0.435335 
0.552122 0 0.773358 0 0.804184 0.437148 
0.552683 0 0.773357 0 0.804736 0.438915 
0.553233 0 0.77335 0 0.80528 0.440638 
0.553773 0 0.773339 0 0.805814 0.442319 
0.554307 0 0.773331 0 0.806342 0.443957 
0.554837 0 0.773326 0 0.806861 0.445554 
0.555353 0 0.773315 0 0.807371 0.447112 
0.555859 0 0.773299 0 0.807872 0.44863 
0.556359 0 0.773287 0 0.808366 0.450111 
0.556855 0 0.773278 0 0.808853 0.451554 
0.557338 0 0.773263 0 0.80933 0.452962 
0.55781 0 0.773243 0 0.809799 0.454334 
0.558278 0 0.773227 0 0.810263 0.455672 
0.558741 0 0.773214 0 0.810719 0.456976 
0.559192 0 0.773196 0 0.811167 0.458248 
0.559633 0 0.773172 0 0.811608 0.459488 
0.560071 0 0.773153 0 0.812044 0.460698 
0.560504 0 0.773137 0 0.812474 0.461876 
0.560927 0 0.773116 0 0.812897 0.463026 
0.56134 0 0.77309 0 0.813314 0.464146 
0.56175 0 0.773069 0 0.813727 0.465239 
0.562157 0 0.773051 0 0.814134 0.466304 
0.562554 0 0.773028 0 0.814536 0.467343 
0.562941 0 0.773 0 0.814933 0.468356 
0.563328 0 0.772977 0 0.815327 0.469343 
0.563711 0 0.772957 0 0.815717 0.470306 
0.564085 0 0.772932 0 0.816102 0.471244 
0.56445 0 0.772903 0 0.816483 0.47216 
0.564815 0 0.772879 0 0.816862 0.473052 
0.565178 0 0.772858 0 0.817239 0.473922 
0.565532 0 0.772832 0 0.817611 0.47477 
0.565879 0 0.772801 0 0.817981 0.475597 
0.566226 0 0.772776 0 0.81835 0.476403 
0.566572 0 0.772754 0 0.818716 0.47719 
0.566909 0 0.772727 0 0.81908 0.477956 
0.56724 0 0.772695 0 0.819443 0.478704 
0.567572 0 0.772668 0 0.819805 0.479432 
0.567903 0 0.772645 0 0.820166 0.480143 
0.568227 0 0.772616 0 0.820526 0.480836 
0.568545 0 0.772583 0 0.820884 0.481511 
0.568864 0 0.772554 0 0.821243 0.482169 
0.569183 0 0.772529 0 0.821602 0.482812 
0.569495 0 0.772498 0 0.82196 0.483438 
0.569802 0 0.772462 0 0.822318 0.484048 
0.570111 0 0.772431 0 0.822677 0.484643 
0.570421 0 0.772403 0 0.823036 0.485223 
0.570724 0 0.772369 0 0.823395 0.485789 
0.571023 0 0.77233 0 0.823755 0.48634 
0.571323 0 0.772295 0 0.824116 0.486878 
0.571625 0 0.772263 0 0.824478 0.487402 
0.571921 0 0.772226 0 0.82484 0.487914 
0.572213 0 0.772182 0 0.825203 0.488412 
0.572507 0 0.772143 0 0.825569 0.488898 
0.572802 0 0.772106 0 0.825935 0.489372 
0.573092 0 0.772063 0 0.826302 0.489834 
0.573378 0 0.772014 0 0.826669 0.490284 
0.573667 0 0.771968 0 0.82704 0.490724 
0.573957 0 0.771925 0 0.827412 0.491152 
0.574242 0 0.771876 0 0.827784 0.491569 
0.574524 0 0.77182 0 0.828158 0.491976 
0.574808 0 0.771767 0 0.828534 0.492373 
0.575095 0 0.771716 0 0.828912 0.49276 
0.575376 0 0.771659 0 0.829291 0.493137 
0.575655 0 0.771595 0 0.829671 0.493505 
0.575936 0 0.771533 0 0.830055 0.493864 
0.57622 0 0.771474 0 0.83044 0.494214 
0.576499 0 0.771407 0 0.830827 0.494555 
0.576774 0 0.771333 0 0.831215 0.494887 
0.576969 0 0.771242 0 0.831458 0.495211 
0.577068 0 0.77114 0 0.831551 0.495527 
0.577096 0 0.771041 0 0.831537 0.495835 
0.577085 0 0.770945 0 0.83147 0.496136 
0.577059 0 0.77086 0 0.83138 0.496428 
0.577022 0 0.770785 0 0.831276 0.496714 
0.57699 0 0.77071 0 0.831188 0.496992 
0.576963 0 0.770651 0 0.831102 0.497264 
0.576946 0 0.770616 0 0.831012 0.497529 
0.576937 0 0.770603 0 0.830916 0.497787 
0.576928 0 0.770604 0 0.830814 0.498038 
0.576922 0 0.770622 0 0.830706 0.498284 
0.576927 0 0.770665 0 0.830596 0.498523 
0.576941 0 0.770732 0 0.830482 0.498756 
0.576958 0 0.770816 0 0.830361 0.498983 
0.576967 0 0.770842 0 0.830263 0.499205 
0.57698 0 0.770847 0 0.830179 0.499421 
0.576997 0 0.77084 0 0.830107 0.499632 
0.577013 0 0.770822 0 0.830046 0.499837 
0.577032 0 0.770803 0 0.829996 0.500038 
0.577063 0 0.770797 0 0.829956 0.500233 
0.577103 0 0.770803 0 0.829923 0.500424 
0.577144 0 0.77081 0 0.829894 0.500609 
0.577184 0 0.770815 0 0.829869 0.50079 
0.577229 0 0.770824 0 0.829849 0.500967 
0.577278 0 0.770837 0 0.829832 0.501139 
0.577323 0 0.770842 0 0.829818 0.501307 
0.577366 0 0.770843 0 0.829808 0.50147 
0.577415 0 0.770848 0 0.829805 0.50163 
0.577468 0 0.770858 0 0.829806 0.501785 
0.57752 0 0.770864 0 0.829812 0.501937 
0.577571 0 0.770865 0 0.829821 0.502085 
0.577628 0 0.770872 0 0.829837 0.502229 
0.57769 0 0.770884 0 0.829858 0.50237 
0.57775 0 0.77089 0 0.829883 0.502507 
0.577809 0 0.770892 0 0.829913 0.50264 
0.577874 0 0.770899 0 0.829949 0.502771 
0.577945 0 0.77091 0 0.82999 0.502898 
0.578014 0 0.770916 0 0.830036 0.503021 
0.578083 0 0.770918 0 0.830086 0.503142 
0.578158 0 0.770926 0 0.830144 0.50326 
0.57824 0 0.770938 0 0.830208 0.503375 
0.57832 0 0.770945 0 0.830275 0.503487 
0.5784 0 0.770948 0 0.830349 0.503596 
0.578488 0 0.770957 0 0.83043 0.503702 
0.578582 0 0.77097 0 0.830517 0.503806 
0.578676 0 0.770979 0 0.830608 0.503907 
0.578624 0 0.771041 0 0.83047 0.504006 
0.578612 0 0.771002 0 0.830463 0.504102 
0.578622 0 0.770913 0 0.83052 0.504196 
0.57868 0 0.770869 0 0.830613 0.504287 
0.57877 0 0.770855 0 0.830728 0.504376 
0.578883 0 0.770862 0 0.830857 0.504463 
0.579007 0 0.770881 0 0.830993 0.504548 
0.579135 0 0.7709 0 0.831134 0.50463 
0.579267 0 0.770918 0 0.831282 0.504711 
0.579408 0 0.770945 0 0.831436 0.504789 
0.579558 0 0.770979 0 0.831597 0.504866 
0.579709 0 0.771012 0 0.831761 0.50494 
0.579864 0 0.771043 0 0.831932 0.505013 
0.580028 0 0.771084 0 0.832109 0.505084 
0.5802 0 0.771132 0 0.832291 0.505153 
0.580375 0 0.771179 0 0.832478 0.505221 
0.580553 0 0.771225 0 0.832671 0.505287 
0.580741 0 0.771281 0 0.832871 0.505351 
0.580939 0 0.771345 0 0.833076 0.505413 
0.581138 0 0.771408 0 0.833285 0.505474 
0.581342 0 0.771471 0 0.833501 0.505534 
0.581556 0 0.771542 0 0.833723 0.505592 
0.581778 0 0.771621 0 0.833951 0.505648 
0.582003 0 0.771699 0 0.834184 0.505703 
0.582231 0 0.771776 0 0.834423 0.505757 
0.58247 0 0.77186 0 0.83467 0.505809 
0.582717 0 0.771951 0 0.834922 0.50586 
0.582966 0 0.77204 0 0.83518 0.50591 
0.583217 0 0.772126 0 0.835444 0.505959 
0.583479 0 0.772218 0 0.835715 0.506006 
0.583748 0 0.772315 0 0.835994 0.506052 
0.584018 0 0.772408 0 0.836277 0.506097 
0.584291 0 0.772496 0 0.836568 0.506141 
0.584572 0 0.772589 0 0.836866 0.506184 
0.58486 0 0.772685 0 0.837172 0.506225 
0.585149 0 0.772775 0 0.837483 0.506266 
0.585439 0 0.772858 0 0.837802 0.506306 
0.585736 0 0.772943 0 0.838129 0.506344 
0.586041 0 0.77303 0 0.838464 0.506382 
0.586344 0 0.773108 0 0.838804 0.506419 
0.586648 0 0.773177 0 0.839153 0.506454 
0.58696 0 0.773246 0 0.83951 0.506489 
0.587276 0 0.773315 0 0.839875 0.506523 
0.587592 0 0.773373 0 0.840247 0.506557 
0.587907 0 0.77342 0 0.840626 0.506589 
0.588229 0 0.773466 0 0.841015 0.506621 
0.588555 0 0.773508 0 0.841412 0.506651 
0.58888 0 0.773538 0 0.841816 0.506681 
0.589204 0 0.773556 0 0.842228 0.50671 
0.589533 0 0.77357 0 0.842649 0.506739 
0.589867 0 0.773579 0 0.843079 0.506767 
0.590199 0 0.773574 0 0.843516 0.506794 
0.590529 0 0.773554 0 0.843961 0.50682 
0.590865 0 0.773529 0 0.844416 0.506846 
0.591204 0 0.773497 0 0.84488 0.506871 
0.591541 0 0.77345 0 0.845351 0.506896 
0.591875 0 0.773386 0 0.84583 0.50692 
0.592215 0 0.773315 0 0.84632 0.506943 
0.592559 0 0.773235 0 0.846817 0.506966 
0.592899 0 0.773138 0 0.847323 0.506988 
0.593237 0 0.773023 0 0.847836 0.507009 
0.593579 0 0.772899 0 0.848359 0.50703 
0.593925 0 0.772765 0 0.848892 0.507051 
0.594267 0 0.772611 0 0.849431 0.507071 
0.594607 0 0.772438 0 0.849978 0.50709 
0.594951 0 0.772254 0 0.850535 0.507109 
0.595298 0 0.772059 0 0.851101 0.507128 
0.59564 0 0.771842 0 0.851674 0.507146 
0.59598 0 0.771603 0 0.852254 0.507164 
0.596324 0 0.771352 0 0.852844 0.507181 
0.596671 0 0.771088 0 0.853442 0.507198 
0.597013 0 0.7708 0 0.854047 0.507214 
0.597352 0 0.770489 0 0.854659 0.50723 
0.597695 0 0.770163 0 0.85528 0.507246 
0.59804 0 0.769822 0 0.855909 0.507261 
0.59838 0 0.769456 0 0.856543 0.507275 
0.598717 0 0.769065 0 0.857184 0.50729 
0.599056 0 0.768657 0 0.857834 0.507304 
0.599398 0 0.768232 0 0.858491 0.507318 
0.599551 0 0.767816 0 0.858976 0.507331 
0.599577 0 0.767446 0 0.859336 0.507344 
0.599541 0 0.76714 0 0.85959 0.507357 
0.599487 0 0.766874 0 0.859781 0.507369 
0.5995 0 0.766656 0 0.860014 0.507381 
0.599563 0 0.766459 0 0.860287 0.507393 
0.599672 0 0.766279 0 0.860597 0.507405 
0.599817 0 0.766109 0 0.860935 0.507416 
0.599984 0 0.765933 0 0.861296 0.507426 
0.600172 0 0.76575 0 0.861678 0.507437 
0.600383 0 0.765565 0 0.862081 0.507447 
0.600519 0 0.765384 0 0.862384 0.507458 
0.600596 0 0.765226 0 0.862606 0.507468 
0.600639 0 0.765091 0 0.862769 0.507477 
0.600674 0 0.764986 0 0.862898 0.507486 
0.600712 0 0.764903 0 0.863008 0.507496 
0.600751 0 0.764832 0 0.863104 0.507504 
0.600793 0 0.764772 0 0.863194 0.507513 
0.600848 0 0.764732 0 0.863279 0.507521 
0.600915 0 0.764714 0 0.86336 0.50753 
0.600985 0 0.76471 0 0.863434 0.507538 
0.601061 0 0.764719 0 0.863502 0.507546 
0.601151 0 0.764752 0 0.863568 0.507553 
0.601253 0 0.764807 0 0.863629 0.507561 
0.601361 0 0.764877 0 0.863684 0.507568 
0.601476 0 0.764961 0 0.863735 0.507575 
0.601606 0 0.765069 0 0.863784 0.507582 
0.601749 0 0.765201 0 0.863829 0.507589 
0.601824 0 0.765308 0 0.863858 0.507595 
0.60186 0 0.765375 0 0.863896 0.507602 
0.601896 0 0.76545 0 0.863931 0.507608 
0.601941 0 0.765517 0 0.863976 0.507614 
0.602017 0 0.765592 0 0.86405 0.50762 
0.60212 0 0.765667 0 0.86415 0.507626 
0.602255 0 0.765748 0 0.864276 0.507631 
0.602371 0 0.765841 0 0.864383 0.507637 
0.602465 0 0.765947 0 0.86447 0.507642 
0.602552 0 0.766066 0 0.864545 0.507647 
0.602647 0 0.766206 0 0.864619 0.507653 
0.602752 0 0.766366 0 0.864696 0.507658 
0.602862 0 0.766537 0 0.864774 0.507662 
0.602977 0 0.766723 0 0.864855 0.507667 
0.603104 0 0.766935 0 0.864941 0.507672 
0.603243 0 0.767172 0 0.865032 0.507676 
0.603387 0 0.767429 0 0.865126 0.507681 
0.603537 0 0.767707 0 0.865225 0.507685 
0.603702 0 0.768019 0 0.865333 0.507689 
0.603881 0 0.768365 0 0.86545 0.507693 
0.604067 0 0.76874 0 0.865575 0.507697 
0.604263 0 0.769149 0 0.865712 0.507701 
0.604475 0 0.769603 0 0.865866 0.507705 
0.604703 0 0.770109 0 0.866038 0.507708 
0.604941 0 0.770662 0 0.866231 0.507712 
0.60519 0 0.771269 0 0.866451 0.507715 
0.605458 0 0.771947 0 0.866705 0.507719 
0.605745 0 0.772704 0 0.866998 0.507722 
0.606043 0 0.773542 0 0.867336 0.507725 
0.606353 0 0.774469 0 0.867728 0.507728 
0.606684 0 0.775507 0 0.868181 0.507731 
0.607035 0 0.776663 0 0.8687 0.507734 
0.607397 0 0.777936 0 0.86929 0.507737 
0.607771 0 0.779332 0 0.869951 0.50774 
0.608166 0 0.780861 0 0.870686 0.507743 
0.608578 0 0.782521 0 0.871488 0.507745 
0.609001 0 0.784296 0 0.872349 0.507748 
0.609433 0 0.786176 0 0.87326 0.507751 
0.609881 0 0.788158 0 0.874214 0.507753 
0.610343 0 0.790227 0 0.875197 0.507756 
0.61081 0 0.792357 0 0.876197 0.507758 
0.611467 0 0.794666 0 0.877326 0.50776 
0.612245 0 0.797057 0 0.878564 0.507762 
0.613079 0 0.799497 0 0.87983 0.507765 
0.614157 0 0.802057 0 0.881277 0.507767 
0.614989 0 0.804612 0 0.882407 0.507769 
0.615829 0 0.807159 0 0.883519 0.50777 
0.616906 0 0.809762 0 0.884808 0.507772 
0.617981 0 0.81233 0 0.886066 0.507773 
0.619056 0 0.81486 0 0.887291 0.507773 
0.620139 0 0.817361 0 0.888484 0.507773 
0.621227 0 0.819829 0 0.889644 0.507772 
0.622316 0 0.822255 0 0.890771 0.507769 
0.623193 0 0.82466 0 0.891658 0.507765 
0.62408 0 0.82704 0 0.892521 0.507757 
0.624976 0 0.829395 0 0.89336 0.507745 
0.625873 0 0.831717 0 0.894175 0.507728 
0.626921 0 0.833984 0 0.895085 0.507703 
0.627934 0 0.836087 0 0.896059 0.507668 
0.628938 0 0.838089 0 0.897048 0.507619 
0.629931 0 0.840011 0 0.898027 0.507552 
0.630922 0 0.841871 0 0.898996 0.507461 
0.631906 0 0.843655 0 0.899973 0.507342 
0.632891 0 0.845368 0 0.900964 0.507186 
0.633912 0 0.847053 0 0.901957 0.506984 
0.634966 0 0.848688 0 0.902972 0.50673 
0.636061 0 0.85027 0 0.904016 0.506413 
0.637196 0 0.851794 0 0.905091 0.506026 
0.638367 0 0.853244 0 0.906201 0.505563 
0.639579 0 0.854617 0 0.907351 0.505019 
0.640844 0 0.855921 0 0.908548 0.504396 
0.642164 0 0.857149 0 0.909795 0.503695 
0.643535 0 0.858293 0 0.911094 0.502925 
0.644319 0 0.860036 1 0.911284 0.502098 
0.645041 0 0.861825 1 0.911279 0.500821 
0.64593 0 0.863503 1 0.911377 0.498935 
0.646932 0 0.865061 0 0.911458 0.496255 
0.647968 0 0.866763 1 0.911721 0.493615 
0.649083 0 0.868367 1 0.911965 0.490043 
0.650286 0 0.86981 1 0.912118 0.485377 
0.651566 0 0.871087 0 0.912133 0.479497 
0.65292 0 0.872337 0 0.912209 0.474063 
0.654344 0 0.873571 0 0.91235 0.469103 
0.655833 0 0.874797 0 0.912558 0.464635 
0.657378 0 0.876023 0 0.912831 0.460663 
0.658969 0 0.877256 0 0.913165 0.45718 
0.660598 0 0.878501 0 0.913554 0.454175 
0.662255 0 0.879762 0 0.913991 0.451625 
0.66393 0 0.881043 0 0.914469 0.449504 
0.665615 0 0.882347 0 0.91498 0.447783 
0.666933 0 0.883451 0 0.915634 0.446428 
0.667878 0 0.884448 0 0.916226 0.445408 
0.668552 0 0.885391 0 0.916658 0.444688 
0.669033 0 0.886318 0 0.916949 0.444237 
0.66938 0 0.887246 0 0.91716 0.444024 
0.669638 0 0.888179 0 0.91734 0.444019 
0.669834 0 0.889114 0 0.917511 0.444196 
0.669982 0 0.890047 0 0.917673 0.44453 
0.670091 0 0.890977 0 0.917816 0.445 
0.670163 0 0.891901 0 0.917928 0.445586 
0.670201 0 0.892819 0 0.918 0.446269 
0.67023 0 0.893857 0 0.918159 0.447034 
0.67025 0 0.894933 0 0.918341 0.447868 
0.670475 0 0.895476 1 0.91847 0.448754 
0.67076 0 0.895936 1 0.918528 0.449464 
0.671069 0 0.896367 1 0.918601 0.44997 
0.671376 0 0.896732 1 0.918608 0.450235 
0.671681 0 0.897022 0 0.918531 0.450225 
0.672029 1 0.896928 0 0.919152 0.450396 
0.672258 1 0.897091 1 0.919481 0.45095 
0.672464 1 0.897343 1 0.9197 0.451496 
0.67266 1 0.897615 1 0.919907 0.45203 
0.672862 1 0.897865 1 0.920081 0.452544 
0.673071 1 0.898116 1 0.920256 0.453031 
0.673434 1 0.898202 1 0.920615 0.453481 
0.67382 1 0.898274 1 0.920936 0.453904 
0.6742 1 0.898363 1 0.92125 0.454285 
0.674641 1 0.898414 1 0.921187 0.45463 
0.675067 1 0.898435 1 0.921183 0.454931 
0.675486 1 0.898454 1 0.921185 0.455171 
0.6759 1 0.898477 1 0.921186 0.455346 
0.676314 1 0.898504 1 0.921183 0.455427 
0.67673 1 0.898533 1 0.921179 0.455383 
0.677149 1 0.898566 1 0.921175 0.455174 
0.67758 1 0.898604 1 0.921176 0.454727 
0.678015 1 0.898724 1 0.921113 0.453925 
0.678465 1 0.898896 1 0.921026 0.452615 
0.678733 1 0.899072 1 0.92073 0.450583 
0.678931 1 0.899202 1 0.920349 0.44756 
0.679063 1 0.899282 1 0.919969 0.443324 
0.679214 1 0.899341 1 0.919636 0.437626 
0.679433 1 0.899398 1 0.919355 0.430305 
0.67975 1 0.899466 1 0.91912 0.421309 
0.680183 1 0.899557 1 0.91892 0.410708 
0.680737 1 0.899671 1 0.918752 0.398641 
0.681507 1 0.899886 1 0.918606 0.385348 
0.682396 1 0.900129 1 0.918526 0.371057 
0.683391 1 0.900404 1 0.918448 0.355993 
0.684477 1 0.900691 1 0.918362 0.340394 
0.685604 1 0.90095 1 0.918306 0.32443 
0.686797 1 0.901181 1 0.918207 0.308267 
0.68805 1 0.901387 1 0.918091 0.292021 
0.689361 1 0.901577 1 0.917957 0.275788 
0.690718 1 0.901745 1 0.91781 0.259647 
0.692112 1 0.901891 1 0.917646 0.243654 
0.693533 1 0.902014 1 0.917463 0.227855 
0.694975 1 0.902114 1 0.917261 0.212285 
0.69643 1 0.902193 1 0.91704 0.196964 
0.697892 1 0.902249 1 0.916799 0.181912 
0.699355 1 0.902283 1 0.91654 0.167141 
0.700856 1 0.902321 1 0.916265 0.152664 
0.702361 1 0.902349 1 0.915991 0.138484 
0.703858 1 0.902359 1 0.915707 0.124606 
0.705339 1 0.902347 1 0.915407 0.111024 
0.706801 1 0.902312 1 0.915091 0.097747 
0.708238 1 0.902254 1 0.914758 0.0847662 
0.709646 1 0.902175 1 0.914408 0.0720842 
0.711025 1 0.902073 1 0.914042 0.0596964 
0.712373 1 0.90195 1 0.913658 0.0476001 
0.713687 1 0.901807 1 0.913259 0.0357868 
0.714966 1 0.901644 1 0.912843 0.0242563 
0.71621 1 0.901463 1 0.912412 0.0130072 
0.717417 1 0.901263 1 0.911966 0.00202861 
0.718587 1 0.901045 1 0.911504 -0.00867916 
0.71972 1 0.900809 1 0.91103 -0.0191283 
0.720816 1 0.900555 1 0.91054 -0.0293178 
0.721875 1 0.900285 1 0.910038 -0.0392527 
0.722898 1 0.899998 1 0.909523 -0.048938 
0.723883 1 0.899695 1 0.908996 -0.0583763 
0.724833 1 0.899377 1 0.908457 -0.0675796 
0.725748 1 0.899043 1 0.907907 -0.0765483 
0.726628 1 0.898695 1 0.907346 -0.0852873 
0.727473 1 0.898333 1 0.906774 -0.0938028 
0.728284 1 0.897956 1 0.906192 -0.102095 
0.729063 1 0.897569 1 0.905597 -0.110174 
0.729811 1 0.897169 1 0.904994 -0.118038 
0.730528 1 0.896759 1 0.904384 -0.125697 
0.731216 1 0.896338 1 0.903766 -0.133147 
0.731877 1 0.895907 1 0.903142 -0.140395 
0.732509 1 0.895468 1 0.902511 -0.14745 
0.733116 1 0.895019 1 0.901875 -0.154311 
0.733697 1 0.894562 1 0.901235 -0.16098 
0.734252 1 0.894096 1 0.900589 -0.167462 
0.734783 1 0.893624 1 0.899939 -0.173762 
0.735291 1 0.893144 1 0.899286 -0.179879 
0.735775 1 0.892657 1 0.898629 -0.185818 
0.736238 1 0.892165 1 0.89797 -0.191586 
0.736679 1 0.891668 1 0.897309 -0.197181 
0.7371 1 0.891165 1 0.896646 -0.202604 
0.7375 1 0.890659 1 0.895982 -0.207862 
0.737881 1 0.890148 1 0.895318 -0.212956 
0.738243 1 0.889634 1 0.894654 -0.217885 
0.738585 1 0.889117 1 0.89399 -0.222653 
0.73891 1 0.888598 1 0.893326 -0.227261 
0.739217 1 0.888077 1 0.892664 -0.231713 
0.739506 1 0.887553 1 0.892003 -0.236006 
0.739778 1 0.887029 1 0.891345 -0.240147 
0.740033 1 0.886504 1 0.890687 -0.244137 
0.740271 1 0.885979 1 0.890033 -0.247975 
0.740492 1 0.885453 1 0.889382 -0.251661 
0.740776 1 0.884979 1 0.888819 -0.255199 
0.741056 1 0.884527 1 0.888273 -0.258588 
0.741313 1 0.884053 1 0.887734 -0.26183 
0.741536 1 0.883582 1 0.887182 -0.26493 
0.741735 1 0.883119 1 0.886622 -0.267884 
0.741915 1 0.882653 1 0.886064 -0.270694 
0.742076 1 0.882189 1 0.885509 -0.273361 
0.742217 1 0.881727 1 0.884958 -0.275893 
0.742338 1 0.881265 1 0.884408 -0.278284 
0.742437 1 0.880803 1 0.88386 -0.280535 
0.742515 1 0.88034 1 0.883313 -0.282651 
0.742602 1 0.879903 1 0.882799 -0.28463 
0.742671 1 0.87947 1 0.882296 -0.286479 
0.742719 1 0.87903 1 0.8818 -0.288194 
0.742748 1 0.878598 1 0.881308 -0.289779 
0.742758 1 0.878172 1 0.88082 -0.291239 
0.742745 1 0.877752 1 0.880329 -0.292572 
0.742725 1 0.87734 1 0.87985 -0.293784 
0.742688 1 0.876934 1 0.879378 -0.294875 
0.742636 1 0.876533 1 0.878911 -0.295851 
0.742567 1 0.876136 1 0.878449 -0.296711 
0.742485 1 0.875744 1 0.877993 -0.297464 
0.742389 1 0.875356 1 0.877544 -0.298109 
0.742281 1 0.874975 1 0.877102 -0.298651 
0.742162 1 0.874599 1 0.876668 -0.299093 
0.742033 1 0.874229 1 0.876241 -0.299439 
0.741894 1 0.873865 1 0.875821 -0.299692 
0.741747 1 0.873508 1 0.87541 -0.299857 
0.741593 1 0.873157 1 0.875006 -0.299943 
0.741432 1 0.872813 1 0.874611 -0.299951 
0.741267 1 0.872476 1 0.874223 -0.299889 
0.741097 1 0.872146 1 0.873845 -0.299756 
0.740924 1 0.871824 1 0.873475 -0.299557 
0.740748 1 0.871508 1 0.873114 -0.299299 
0.740571 1 0.8712 1 0.872763 -0.298987 
0.740394 1 0.870901 1 0.87242 -0.298626 
0.740218 1 0.87061 1 0.872087 -0.298222 
0.740043 1 0.870326 1 0.871763 -0.297775 
0.739871 1 0.870051 1 0.871449 -0.297291 
0.739702 1 0.869785 1 0.871144 -0.296779 
0.739537 1 0.869526 1 0.870849 -0.296236 
0.739375 1 0.869276 1 0.870563 -0.295672 
0.739312 1 0.868875 1 0.870124 -0.295099 
0.739295 1 0.868457 1 0.869684 -0.294496 
0.739271 1 0.86807 1 0.869261 -0.29389 
0.739226 1 0.867683 1 0.868828 -0.293279 
0.739193 1 0.867291 1 0.868393 -0.29266 
0.739189 1 0.866908 1 0.867971 -0.292044 
0.739216 1 0.86654 1 0.867564 -0.291432 
0.739276 1 0.866186 1 0.867174 -0.290823 
0.739369 1 0.865848 1 0.866801 -0.290228 
0.739494 1 0.865526 1 0.866444 -0.289647 
0.739653 1 0.865219 1 0.866104 -0.28908 
0.739845 1 0.864928 1 0.865781 -0.288531 
0.740071 1 0.864653 1 0.865475 -0.288002 
0.74033 1 0.864394 1 0.865186 -0.287496 
0.740621 1 0.86415 1 0.864913 -0.287013 
0.740946 1 0.863922 1 0.864658 -0.286555 
0.741304 1 0.86371 1 0.864418 -0.286124 
0.741693 1 0.863513 1 0.864196 -0.285718 
0.742115 1 0.863332 1 0.863989 -0.285343 
0.742571 1 0.863191 1 0.863815 -0.284995 
0.743044 1 0.863066 1 0.863662 -0.284677 
0.743531 1 0.862943 1 0.863527 -0.284388 
0.744034 1 0.862832 1 0.863405 -0.284129 
0.744629 1 0.86272 1 0.863279 -0.283898 
0.745282 1 0.862625 1 0.863174 -0.2837 
0.74596 1 0.862552 1 0.863083 -0.283532 
0.746655 1 0.862492 1 0.863002 -0.283392 
0.74737 1 0.862441 1 0.86293 -0.283284 
0.748115 1 0.862401 1 0.862871 -0.2832 
0.748892 1 0.862375 1 0.862827 -0.283148 
0.749704 1 0.862366 1 0.8628 -0.28312 
0.750549 1 0.862373 1 0.862788 -0.283118 
0.751444 1 0.862372 1 0.862791 -0.283146 
0.752385 1 0.862382 1 0.862817 -0.283198 
0.753363 1 0.86242 1 0.862864 -0.283277 
0.75437 1 0.862479 1 0.862928 -0.28338 
0.755406 1 0.862553 1 0.863007 -0.283502 
0.756469 1 0.862639 1 0.863101 -0.283647 
0.757561 1 0.86274 1 0.86321 -0.283814 
0.758682 1 0.862856 1 0.863335 -0.284002 
0.759832 1 0.862987 1 0.863477 -0.284214 
0.761011 1 0.863136 1 0.863634 -0.284442 
0.762217 1 0.863298 1 0.863806 -0.284688 
0.763451 1 0.863477 1 0.863995 -0.28495 
0.764713 1 0.863672 1 0.864199 -0.285228 
0.766002 1 0.863882 1 0.864419 -0.285521 
0.767318 1 0.86411 1 0.864655 -0.285828 
0.768661 1 0.864355 1 0.864905 -0.286151 
0.770031 1 0.864614 1 0.865172 -0.286487 
0.771426 1 0.864891 1 0.865456 -0.286831 
0.772849 1 0.865184 1 0.865756 -0.287189 
0.774297 1 0.865494 1 0.866072 -0.287554 
0.775771 1 0.865823 1 0.866406 -0.287927 
0.777269 1 0.866168 1 0.866756 -0.288311 
0.778793 1 0.866529 1 0.867123 -0.2887 
0.780342 1 0.866911 1 0.867508 -0.289091 
0.781915 1 0.867308 1 0.867911 -0.289492 
0.783512 1 0.867726 1 0.868331 -0.289895 
0.785132 1 0.868161 1 0.868769 -0.290302 
0.786775 1 0.868616 1 0.869226 -0.290716 
0.78844 1 0.869089 1 0.8697 -0.291125 
0.790126 1 0.86958 1 0.870194 -0.291537 
0.791856 1 0.870109 1 0.870702 -0.291952 
0.793627 1 0.870659 1 0.871236 -0.292366 
0.795424 1 0.871235 1 0.871794 -0.292779 
0.797242 1 0.871831 1 0.872377 -0.293193 
0.799076 1 0.87245 1 0.872979 -0.293601 
0.800927 1 0.87309 1 0.873602 -0.294008 
0.802793 1 0.873751 1 0.874245 -0.294412 
0.804676 1 0.874432 1 0.87491 -0.294814 
0.806575 1 0.875136 1 0.875598 -0.295209 
0.808488 1 0.875862 1 0.876309 -0.2956 
0.810413 1 0.876611 1 0.877044 -0.295988 
0.812348 1 0.877385 1 0.8778 -0.296367 
0.81429 1 0.878179 1 0.87858 -0.296745 
0.816238 1 0.878995 1 0.879381 -0.297112 
0.818187 1 0.879835 1 0.880205 -0.297469 
0.820136 1 0.880696 1 0.881051 -0.297822 
0.822082 1 0.88158 1 0.881918 -0.298166 
0.824022 1 0.882485 1 0.882807 -0.298505 
0.825952 1 0.88341 1 0.883718 -0.29883 
0.827869 1 0.884357 1 0.884649 -0.299148 
0.829768 1 0.885325 1 0.885601 -0.299454 
0.831647 1 0.886313 1 0.886572 -0.299754 
0.8335 1 0.887319 1 0.887562 -0.300042 
0.835323 1 0.888344 1 0.888571 -0.300321 
0.837111 1 0.889387 1 0.889597 -0.30059 
0.83886 1 0.890445 1 0.89064 -0.300846 
0.840563 1 0.891519 1 0.891699 -0.301091 
0.842217 1 0.892609 1 0.892772 -0.301321 
0.843815 1 0.89371 1 0.893858 -0.301541 
0.845352 1 0.894825 1 0.894955 -0.301749 
0.845047 1 0.89446 1 0.894655 -0.301943 
0.844808 1 0.894187 1 0.894434 -0.302131 
0.844591 1 0.893969 1 0.894256 -0.302311 
0.844381 1 0.893777 1 0.894086 -0.302482 
0.844166 1 0.893592 1 0.89391 -0.302646 
0.843946 1 0.893402 1 0.893728 -0.302806 
0.843725 1 0.893211 1 0.893541 -0.302966 
0.843507 1 0.893023 1 0.893354 -0.303123 
0.843376 1 0.892886 1 0.893221 -0.303278 
0.843291 1 0.892799 1 0.893103 -0.303443 
0.843225 1 0.892738 1 0.892999 -0.303604 
0.843161 1 0.892681 1 0.892923 -0.303774 
0.843096 1 0.892616 1 0.892848 -0.303948 
0.843032 1 0.892543 1 0.892765 -0.304129 
0.84297 1 0.892467 1 0.892679 -0.304318 
0.842916 1 0.892395 1 0.892595 -0.304514 
0.842875 1 0.892333 1 0.892513 -0.304721 
0.84285 1 0.892278 1 0.892433 -0.304938 
0.84284 1 0.892231 1 0.892354 -0.305167 
0.842841 1 0.892193 1 0.892286 -0.305407 
0.842852 1 0.892161 1 0.892227 -0.305665 
0.842874 1 0.892132 1 0.892176 -0.305933 
0.842906 1 0.892108 1 0.892128 -0.306212 
0.842949 1 0.892087 1 0.892085 -0.306509 
0.843004 1 0.89207 1 0.892046 -0.306823 
0.843071 1 0.892058 1 0.892013 -0.30715 
0.84315 1 0.892051 1 0.891984 -0.307491 
0.843259 1 0.892055 1 0.891986 -0.307851 
0.843392 1 0.892068 1 0.891995 -0.308226 
0.843543 1 0.892088 1 0.892013 -0.308616 
0.843708 1 0.892114 1 0.892038 -0.309028 
0.843886 1 0.892144 1 0.892069 -0.309451 
0.844074 1 0.892177 1 0.892103 -0.309894 
0.844273 1 0.892215 1 0.892142 -0.310355 
0.844488 1 0.892259 1 0.892187 -0.310833 
0.84472 1 0.892311 1 0.89224 -0.311325 
0.844968 1 0.892372 1 0.892301 -0.311836 
0.845231 1 0.89244 1 0.892369 -0.312365 
0.845508 1 0.892514 1 0.892443 -0.312911 
0.8458 1 0.892594 1 0.892523 -0.313472 
0.846105 1 0.892681 1 0.892608 -0.314052 
0.846424 1 0.892774 1 0.8927 -0.314648 
0.846758 1 0.892873 1 0.892798 -0.31526 
0.847105 1 0.892979 1 0.892902 -0.315887 
0.847466 1 0.893091 1 0.893013 -0.316532 
0.84784 1 0.893209 1 0.893131 -0.317192 
0.848227 1 0.893334 1 0.893254 -0.317865 
0.848627 1 0.893466 1 0.893382 -0.318555 
0.849039 1 0.893605 1 0.893517 -0.319261 
0.849463 1 0.89375 1 0.893657 -0.31998 
0.8499 1 0.893903 1 0.893803 -0.320715 
0.850348 1 0.894063 1 0.893956 -0.321466 
0.850378 1 0.893951 1 0.893882 -0.322228 
0.850499 1 0.893842 1 0.893794 -0.323002 
0.850644 1 0.893751 1 0.893709 -0.323794 
0.850799 1 0.893667 1 0.893629 -0.324597 
0.850964 1 0.893588 1 0.893552 -0.325415 
0.851139 1 0.893515 1 0.893478 -0.326247 
0.851333 1 0.893442 1 0.893407 -0.327093 
0.851545 1 0.893379 1 0.893344 -0.32795 
0.851771 1 0.893327 1 0.893293 -0.328818 
0.852008 1 0.893284 1 0.893251 -0.3297 
0.852255 1 0.893248 1 0.893213 -0.330594 
0.852515 1 0.893218 1 0.893181 -0.331501 
0.852787 1 0.893194 1 0.893156 -0.332424 
0.853072 1 0.893175 1 0.893137 -0.333356 
0.853371 1 0.893164 1 0.893124 -0.334296 
0.853682 1 0.893159 1 0.893118 -0.335247 
0.854007 1 0.893161 1 0.893118 -0.336209 
0.854344 1 0.89317 1 0.893125 -0.337183 
0.854694 1 0.893186 1 0.893137 -0.338163 
0.855055 1 0.893209 1 0.893157 -0.339152 
0.855428 1 0.893238 1 0.893183 -0.34015 
0.855585 1 0.893185 1 0.89316 -0.341148 
0.855759 1 0.893135 1 0.893145 -0.34216 
0.856023 1 0.893072 1 0.893101 -0.343181 
0.856307 1 0.893021 1 0.893057 -0.344208 
0.856601 1 0.892977 1 0.893019 -0.345239 
0.856907 1 0.892941 1 0.892984 -0.346277 
0.857224 1 0.892912 1 0.892955 -0.347318 
0.857421 1 0.89288 1 0.892955 -0.348358 
0.857608 1 0.892843 1 0.892956 -0.349401 
0.857799 1 0.892807 1 0.892959 -0.350459 
0.85799 1 0.892771 1 0.892961 -0.351508 
0.858182 1 0.892735 1 0.892964 -0.352561 
0.858374 1 0.892698 1 0.892967 -0.353613 
0.858567 1 0.892662 1 0.89297 -0.354662 
0.85876 1 0.892626 1 0.892972 -0.355715 
0.858953 1 0.89259 1 0.892974 -0.356764 
0.859147 1 0.892554 1 0.892976 -0.357828 
0.85934 1 0.892518 1 0.892976 -0.358871 
0.859533 1 0.892483 1 0.892976 -0.359907 
0.859725 1 0.892447 1 0.892977 -0.360938 
0.859917 1 0.892412 1 0.892976 -0.361972 
0.860109 1 0.892377 1 0.892975 -0.363006 
0.860299 1 0.892342 1 0.892972 -0.364029 
0.860487 1 0.892308 1 0.89297 -0.365047 
0.860676 1 0.892274 1 0.892967 -0.366058 
0.860864 1 0.89224 1 0.892965 -0.367057 
0.861049 1 0.892207 1 0.89296 -0.368039 
0.861234 1 0.892175 1 0.892955 -0.369014 
0.861416 1 0.892143 1 0.89295 -0.369974 
0.861597 1 0.892112 1 0.892944 -0.37093 
0.861775 1 0.892081 1 0.892937 -0.371866 
0.861951 1 0.892052 1 0.892929 -0.372781 
0.862124 1 0.892023 1 0.892921 -0.373684 
0.862295 1 0.891995 1 0.892913 -0.374575 
0.862463 1 0.891967 1 0.892904 -0.375448 
0.86263 1 0.891941 1 0.892894 -0.376306 
0.862793 1 0.891916 1 0.892883 -0.37714 
0.862953 1 0.891892 1 0.892872 -0.377961 
0.86311 1 0.891868 1 0.89286 -0.378764 
0.863264 1 0.891846 1 0.892847 -0.379545 
0.863415 1 0.891824 1 0.892835 -0.380311 
0.86356 1 0.891803 1 0.892821 -0.38105 
0.863703 1 0.891783 1 0.892808 -0.381765 
0.863841 1 0.891764 1 0.892793 -0.382459 
0.863977 1 0.891745 1 0.89278 -0.38313 
0.864109 1 0.891728 1 0.892766 -0.383777 
0.864236 1 0.891711 1 0.892751 -0.384403 
0.864359 1 0.891695 1 0.892737 -0.385006 
0.864478 1 0.89168 1 0.892723 -0.385574 
0.864591 1 0.891665 1 0.892709 -0.386122 
0.8647 1 0.891651 1 0.892694 -0.386646 
0.864804 1 0.891637 1 0.89268 -0.387144 
0.864903 1 0.891624 1 0.892666 -0.387611 
0.864997 1 0.891612 1 0.892652 -0.388053 
0.865086 1 0.8916 1 0.892639 -0.388456 
0.865169 1 0.891589 1 0.892627 -0.388834 
0.865247 1 0.891578 1 0.892614 -0.389179 
0.865319 1 0.891567 1 0.892602 -0.38949 
0.865385 1 0.891556 1 0.89259 -0.389766 
0.865445 1 0.891546 1 0.89258 -0.390008 
0.865499 1 0.891536 1 0.892571 -0.390219 
0.865546 1 0.891527 1 0.892561 -0.390394 
0.865587 1 0.891518 1 0.892553 -0.390532 
0.865622 1 0.891509 1 0.892545 -0.390637 
0.86565 1 0.8915 1 0.892538 -0.390702 
0.865672 1 0.891492 1 0.892532 -0.390729 
0.865686 1 0.891484 1 0.892526 -0.390718 
0.865694 1 0.891476 1 0.892521 -0.390665 
0.865694 1 0.891468 1 0.892517 -0.390573 
0.865688 1 0.891461 1 0.892514 -0.39044 
0.865674 1 0.891454 1 0.892511 -0.390265 
0.865652 1 0.891447 1 0.892509 -0.390046 
0.865623 1 0.891441 1 0.892508 -0.389786 
0.865575 1 0.891457 1 0.892516 -0.389485 
0.865521 1 0.891445 1 0.892511 -0.389142 
0.865454 1 0.89143 1 0.892504 -0.388755 
0.865359 1 0.891442 1 0.892509 -0.388325 
0.86526 1 0.891466 1 0.892519 -0.387847 
0.865154 1 0.891503 1 0.892535 -0.387327 
0.865053 1 0.891486 1 0.89253 -0.386767 
0.864907 1 0.891508 1 0.892535 -0.386161 
0.864778 1 0.891489 1 0.892529 -0.385514 
0.864604 1 0.891514 1 0.892533 -0.384825 
0.864428 1 0.891558 1 0.892546 -0.384097 
0.864255 1 0.891611 1 0.89257 -0.38333 
0.864082 1 0.891677 1 0.8926 -0.382523 
0.863915 1 0.891662 1 0.892596 -0.381677 
0.863692 1 0.89169 1 0.892603 -0.380795 
0.863463 1 0.89173 1 0.892621 -0.379873 
0.863233 1 0.89178 1 0.892645 -0.378918 
0.863035 1 0.891763 1 0.892634 -0.377936 
0.862773 1 0.891791 1 0.892641 -0.376919 
0.862503 1 0.89183 1 0.892659 -0.375875 
0.862234 1 0.891879 1 0.892684 -0.374798 
0.861967 1 0.891936 1 0.892716 -0.3737 
0.861703 1 0.892002 1 0.892755 -0.372576 
0.861442 1 0.892076 1 0.892802 -0.371433 
0.861213 1 0.892063 1 0.892789 -0.370267 
0.86091 1 0.8921 1 0.892803 -0.369082 
0.860601 1 0.892148 1 0.892829 -0.367883 
0.860298 1 0.892204 1 0.892862 -0.366671 
0.859999 1 0.892267 1 0.892903 -0.365451 
0.859746 1 0.892251 1 0.892884 -0.364225 
0.859417 1 0.892283 1 0.892894 -0.362985 
0.859085 1 0.892324 1 0.892915 -0.361746 
0.85876 1 0.892372 1 0.892942 -0.360503 
0.858444 1 0.892428 1 0.892975 -0.359258 
0.858136 1 0.892491 1 0.893015 -0.358018 
0.857838 1 0.89256 1 0.893062 -0.356779 
0.85755 1 0.892635 1 0.893115 -0.355551 
0.857273 1 0.892716 1 0.893174 -0.354323 
0.857027 1 0.892704 1 0.893156 -0.35311 
0.85671 1 0.89274 1 0.893169 -0.351902 
0.856395 1 0.892783 1 0.893194 -0.350709 
0.856091 1 0.892833 1 0.893224 -0.349528 
0.855799 1 0.89289 1 0.89326 -0.348362 
0.855519 1 0.892952 1 0.893304 -0.347215 
0.855289 1 0.892941 1 0.893287 -0.346079 
0.854995 1 0.892973 1 0.893299 -0.344966 
0.854705 1 0.893012 1 0.893321 -0.343874 
0.854428 1 0.893057 1 0.893348 -0.342805 
0.854164 1 0.893108 1 0.893382 -0.341752 
0.853915 1 0.893164 1 0.89342 -0.340724 
0.85368 1 0.893226 1 0.893464 -0.339717 
0.853459 1 0.893293 1 0.893515 -0.338732 
0.853277 1 0.893292 1 0.893509 -0.337774 
0.853044 1 0.89333 1 0.893528 -0.336836 
0.852817 1 0.893374 1 0.893557 -0.335923 
0.852633 1 0.893364 1 0.893543 -0.335032 
0.852405 1 0.893388 1 0.893551 -0.334169 
0.852183 1 0.89342 1 0.893567 -0.333328 
0.851974 1 0.893456 1 0.89359 -0.332512 
0.851781 1 0.893499 1 0.893617 -0.331717 
0.851602 1 0.893546 1 0.893649 -0.330953 
0.851437 1 0.893599 1 0.893689 -0.330208 
0.851312 1 0.893605 1 0.893692 -0.329489 
0.85115 1 0.893642 1 0.893713 -0.328791 
0.851019 1 0.893639 1 0.893707 -0.328116 
0.850857 1 0.893665 1 0.893719 -0.327465 
0.850703 1 0.893697 1 0.893738 -0.326831 
0.850563 1 0.893736 1 0.893765 -0.326221 
0.850435 1 0.893779 1 0.893798 -0.325635 
0.850322 1 0.893774 1 0.893788 -0.325069 
0.850185 1 0.893795 1 0.893796 -0.324517 
0.850057 1 0.893823 1 0.893813 -0.323987 
0.849958 1 0.89382 1 0.893809 -0.323479 
0.849839 1 0.893842 1 0.893817 -0.322989 
0.849729 1 0.89387 1 0.893836 -0.322514 
0.849631 1 0.893904 1 0.89386 -0.322058 
0.849553 1 0.893906 1 0.893859 -0.321618 
0.84947 1 0.893903 1 0.893849 -0.321186 
0.84937 1 0.89392 1 0.893857 -0.320775 
0.849279 1 0.893943 1 0.89387 -0.320382 
0.8492 1 0.893973 1 0.89389 -0.319999 
0.849141 1 0.893979 1 0.893894 -0.319634 
0.849081 1 0.893981 1 0.893891 -0.319283 
0.849007 1 0.894001 1 0.893902 -0.318944 
0.848942 1 0.894027 1 0.89392 -0.318618 
0.848883 1 0.894026 1 0.893917 -0.318304 
0.848824 1 0.894023 1 0.893912 -0.317998 
0.848757 1 0.894037 1 0.893917 -0.317706 
0.848697 1 0.894058 1 0.893931 -0.317421 
0.848649 1 0.894085 1 0.89395 -0.317151 
0.848597 1 0.894082 1 0.893944 -0.316887 
0.848547 1 0.894079 1 0.893938 -0.316636 
0.848492 1 0.894091 1 0.893943 -0.31639 
0.848445 1 0.89411 1 0.893954 -0.316153 
0.84841 1 0.894137 1 0.893972 -0.315924 
0.848362 1 0.894132 1 0.893964 -0.315705 
0.848317 1 0.894132 1 0.893962 -0.315495 
0.848272 1 0.894144 1 0.893966 -0.315287 
0.848237 1 0.894164 1 0.893978 -0.31509 
0.848204 1 0.894163 1 0.893978 -0.3149 
0.848175 1 0.894164 1 0.893978 -0.314715 
0.848143 1 0.89418 1 0.893986 -0.314535 
0.848114 1 0.894181 1 0.893986 -0.314359 
0.848089 1 0.894183 1 0.893987 -0.314188 
0.848063 1 0.894199 1 0.893996 -0.314024 
0.848034 1 0.894198 1 0.893995 -0.313861 
0.848011 1 0.8942 1 0.893994 -0.313703 
0.847987 1 0.894215 1 0.894003 -0.313552 
0.847962 1 0.894214 1 0.894001 -0.313407 
0.847941 1 0.894217 1 0.894001 -0.313262 
0.847923 1 0.894221 1 0.894003 -0.313125 
0.847907 1 0.894225 1 0.894005 -0.31299 
0.847891 1 0.894228 1 0.894007 -0.31286 
0.847875 1 0.894232 1 0.894008 -0.312731 
0.84786 1 0.894235 1 0.894011 -0.312608 
0.847845 1 0.894239 1 0.894012 -0.312484 
0.847831 1 0.894241 1 0.894015 -0.312366 
0.847817 1 0.894244 1 0.894017 -0.312254 
0.847804 1 0.894247 1 0.894018 -0.312141 
0.847792 1 0.89425 1 0.894021 -0.312031 
0.84778 1 0.894253 1 0.894022 -0.311928 
0.847768 1 0.894256 1 0.894024 -0.311826 
0.847757 1 0.894258 1 0.894026 -0.31173 
0.847746 1 0.894262 1 0.894027 -0.311632 
0.847735 1 0.894264 1 0.894029 -0.311539 
0.847725 1 0.894267 1 0.894033 -0.311449 
0.847716 1 0.894269 1 0.894034 -0.311359 
0.847707 1 0.894272 1 0.894035 -0.311273 
0.847698 1 0.894275 1 0.894036 -0.311188 
0.847689 1 0.894278 1 0.894039 -0.311107 
0.847681 1 0.89428 1 0.89404 -0.311027 
0.847673 1 0.894283 1 0.894041 -0.310951 
0.847666 1 0.894285 1 0.894042 -0.310872 
0.847659 1 0.894288 1 0.894045 -0.310797 
0.847652 1 0.89429 1 0.894046 -0.310726 
0.847645 1 0.894292 1 0.894048 -0.310655 
0.847639 1 0.894295 1 0.894049 -0.310588 
0.847633 1 0.894297 1 0.894051 -0.310522 
0.847627 1 0.894299 1 0.894053 -0.310456 
0.847622 1 0.894301 1 0.894055 -0.310395 
0.847617 1 0.894304 1 0.894055 -0.310334 
0.847612 1 0.894307 1 0.894056 -0.310274 
0.847608 1 0.89431 1 0.894057 -0.310216 
0.847604 1 0.894312 1 0.89406 -0.310159 
0.8476 1 0.894314 1 0.894061 -0.310106 
0.847596 1 0.894317 1 0.894062 -0.310054 
0.847593 1 0.894319 1 0.894063 -0.310005 
0.847589 1 0.894321 1 0.894065 -0.309954 
0.847587 1 0.894323 1 0.894067 -0.309907 
0.847584 1 0.894325 1 0.894069 -0.309859 
0.847581 1 0.894327 1 0.894069 -0.309817 
0.847579 1 0.894329 1 0.894071 -0.309773 
0.847577 1 0.894331 1 0.894072 -0.309734 
0.847576 1 0.894333 1 0.894073 -0.309697 
0.847574 1 0.894335 1 0.894075 -0.309657 
0.847573 1 0.894337 1 0.894075 -0.309616 
0.847572 1 0.894339 1 0.894077 -0.309579 
0.847571 1 0.894341 1 0.894079 -0.309547 
0.84757 1 0.894343 1 0.89408 -0.309515 
0.84757 1 0.894345 1 0.894081 -0.309481 
0.847569 1 0.894347 1 0.894082 -0.309451 
0.847569 1 0.894349 1 0.894084 -0.309421 
0.847569 1 0.894351 1 0.894085 -0.309393 
0.84757 1 0.894353 1 0.894087 -0.309364 
0.84757 1 0.894354 1 0.894088 -0.309335 
0.84757 1 0.894356 1 0.89409 -0.309308 
0.847571 1 0.894357 1 0.894091 -0.309286 
0.847572 1 0.894359 1 0.894092 -0.309264 
0.847573 1 0.894361 1 0.894093 -0.309242 
0.847574 1 0.894363 1 0.894094 -0.309219 
0.847575 1 0.894365 1 0.894095 -0.3092 
0.847577 1 0.894366 1 0.894097 -0.309181 
0.847579 1 0.894368 1 0.894099 -0.309165 
0.84758 1 0.89437 1 0.894099 -0.309145 
0.847582 1 0.894372 1 0.8941 -0.309129 
0.847584 1 0.894373 1 0.894102 -0.309112 
0.847586 1 0.894375 1 0.894104 -0.309096 
0.847588 1 0.894376 1 0.894104 -0.30908 
0.847591 1 0.894378 1 0.894104 -0.309064 
0.847593 1 0.89438 1 0.894106 -0.309048 
0.847596 1 0.894382 1 0.894106 -0.309033 
0.847598 1 0.894383 1 0.894109 -0.309022 
0.847601 1 0.894385 1 0.89411 -0.309009 
0.847604 1 0.894386 1 0.894111 -0.308999 
0.847606 1 0.894388 1 0.894113 -0.308988 
0.847609 1 0.894389 1 0.894114 -0.308979 
0.847612 1 0.89439 1 0.894116 -0.308968 
0.847615 1 0.894391 1 0.894116 -0.30896 
0.847619 1 0.894393 1 0.894117 -0.30895 
0.847622 1 0.894395 1 0.894119 -0.308943 
0.847625 1 0.894396 1 0.89412 -0.308933 
0.847629 1 0.894397 1 0.894123 -0.308928 
0.847632 1 0.894398 1 0.894123 -0.308921 
0.847636 1 0.8944 1 0.894124 -0.308918 
0.84764 1 0.894402 1 0.894125 -0.308911 
0.847643 1 0.894403 1 0.894128 -0.308904 
0.847647 1 0.894405 1 0.894127 -0.308896 
0.847651 1 0.894406 1 0.894128 -0.308889 
0.847654 1 0.894408 1 0.89413 -0.308884 
0.847658 1 0.89441 1 0.89413 -0.308879 
0.847662 1 0.894411 1 0.894132 -0.30888 
0.847666 1 0.894413 1 0.894131 -0.308875 
0.84767 1 0.894415 1 0.894133 -0.308872 
0.847674 1 0.894417 1 0.894134 -0.308867 
0.847678 1 0.894418 1 0.894136 -0.308868 
0.847683 1 0.89442 1 0.894136 -0.308868 
0.847687 1 0.894421 1 0.894136 -0.308865 
0.847691 1 0.894423 1 0.894138 -0.308863 
0.847696 1 0.894425 1 0.894138 -0.308861 
0.8477 1 0.894426 1 0.894139 -0.30886 
0.847704 1 0.894428 1 0.894141 -0.308859 
0.847709 1 0.894429 1 0.894141 -0.308859 
0.847713 1 0.89443 1 0.894143 -0.308858 
0.847718 1 0.894432 1 0.894144 -0.308858 
0.847722 1 0.894433 1 0.894144 -0.308859 
0.847726 1 0.894435 1 0.894146 -0.30886 
