0.263388 0 0.386976 0 0.386975 0.500001 
0.263234 0 0.390392 0 0.390021 0.499082 
0.263 0 0.393883 0 0.39299 0.497757 
0.262727 0 0.397422 0 0.395933 0.495924 
0.262456 0 0.400997 0 0.398882 0.493486 
0.262188 0 0.404566 0 0.401827 0.490366 
0.261918 0 0.4081 0 0.404744 0.486511 
0.261653 0 0.411586 0 0.407612 0.481895 
0.261392 0 0.414999 0 0.41041 0.476516 
0.26113 0 0.418311 0 0.413115 0.470389 
0.260865 0 0.4215 0 0.415704 0.463539 
0.260606 0 0.424557 0 0.418166 0.455993 
0.260352 0 0.427465 0 0.420484 0.447777 
0.260095 0 0.4302 0 0.422639 0.438923 
0.259839 0 0.432756 0 0.424624 0.429471 
0.259588 0 0.435133 0 0.426437 0.419476 
0.259344 0 0.437329 0 0.428073 0.409018 
0.259099 0 0.439338 0 0.429531 0.398189 
0.258854 0 0.441165 0 0.430817 0.387096 
0.258618 0 0.442827 0 0.431942 0.375845 
0.258388 0 0.444332 0 0.432913 0.364534 
0.258157 0 0.44568 0 0.433736 0.353249 
0.257928 0 0.446884 0 0.434422 0.342063 
0.257706 0 0.44796 0 0.434984 0.331035 
0.257429 0 0.448815 0 0.435409 0.320212 
0.257266 0 0.449579 0 0.435932 0.309632 
0.257166 0 0.450261 0 0.43645 0.29932 
0.257099 0 0.450861 0 0.436918 0.289297 
0.257004 0 0.451365 0 0.437257 0.279577 
0.256908 0 0.451788 0 0.43752 0.270167 
0.256813 0 0.452138 0 0.437715 0.261071 
0.256726 0 0.452432 0 0.437852 0.252289 
0.256592 0 0.45262 0 0.437889 0.243817 
0.256536 0 0.452812 0 0.437964 0.235651 
0.256535 0 0.453001 0 0.438054 0.227782 
0.256576 0 0.453185 0 0.438148 0.220201 
0.256648 0 0.453358 0 0.438235 0.212899 
0.256739 0 0.453511 0 0.438309 0.205864 
0.256848 0 0.453648 0 0.438373 0.199083 
0.25698 0 0.45378 0 0.438433 0.192546 
0.257135 0 0.453909 0 0.438489 0.186239 
0.257304 0 0.454029 0 0.438539 0.180151 
0.25749 0 0.454142 0 0.438585 0.174268 
0.257698 0 0.454258 0 0.438634 0.168578 
0.257927 0 0.454379 0 0.438684 0.16307 
0.25817 0 0.454498 0 0.438733 0.157732 
0.258429 0 0.454616 0 0.438783 0.152553 
0.258709 0 0.454743 0 0.438839 0.147522 
0.259009 0 0.454879 0 0.4389 0.14263 
0.259322 0 0.455016 0 0.438962 0.137867 
0.259649 0 0.455156 0 0.439026 0.133223 
0.259997 0 0.455307 0 0.439097 0.128691 
0.260363 0 0.455468 0 0.439173 0.124264 
0.26074 0 0.455632 0 0.43925 0.119932 
0.26113 0 0.455801 0 0.439329 0.115692 
0.261538 0 0.455982 0 0.439415 0.111535 
0.261962 0 0.456175 0 0.439504 0.107458 
0.262396 0 0.456371 0 0.439594 0.103454 
0.26284 0 0.456573 0 0.439685 0.0995203 
0.2633 0 0.456788 0 0.43978 0.0956522 
0.263775 0 0.457014 0 0.439879 0.0918466 
0.264256 0 0.457246 0 0.439977 0.0881005 
0.264746 0 0.457483 0 0.440075 0.0844114 
0.26525 0 0.457735 0 0.440176 0.0807774 
0.265765 0 0.458 0 0.440279 0.0771967 
0.266285 0 0.45827 0 0.440381 0.073668 
0.266811 0 0.458548 0 0.440481 0.0701903 
0.267349 0 0.458841 0 0.440584 0.066763 
0.267896 0 0.459148 0 0.440689 0.0633857 
0.268446 0 0.459463 0 0.440791 0.0600582 
0.268999 0 0.459786 0 0.440891 0.0567806 
0.269561 0 0.460126 0 0.440994 0.0535534 
0.270131 0 0.460483 0 0.441098 0.0503771 
0.270701 0 0.460848 0 0.4412 0.0472524 
0.271272 0 0.461225 0 0.441299 0.0441802 
0.27185 0 0.46162 0 0.441401 0.0411615 
0.272434 0 0.462033 0 0.441505 0.0381976 
0.273016 0 0.462458 0 0.441606 0.0352897 
0.273598 0 0.462896 0 0.441705 0.0324391 
0.274185 0 0.463355 0 0.441807 0.0296474 
0.274775 0 0.463835 0 0.441911 0.026916 
0.275362 0 0.464328 0 0.442013 0.0242467 
0.275947 0 0.464837 0 0.442114 0.021641 
0.276535 0 0.46537 0 0.442218 0.0191009 
0.277125 0 0.465925 0 0.442324 0.016628 
0.277711 0 0.466497 0 0.442429 0.0142242 
0.278292 0 0.467087 0 0.442534 0.0118914 
0.278875 0 0.467703 0 0.442643 0.00963163 
0.279459 0 0.468344 0 0.442754 0.00744693 
0.280036 0 0.469004 0 0.442864 0.0053395 
0.280437 0 0.469247 0 0.442782 0.00331144 
0.280773 0 0.469203 0 0.442562 0.00136501 
0.281065 0 0.469017 0 0.442311 -0.000498452 
0.281341 0 0.468815 0 0.442084 -0.00227696 
0.281696 0 0.468702 0 0.441955 -0.00396853 
0.282113 0 0.468676 0 0.4419 -0.00557069 
0.282574 0 0.468729 0 0.441903 -0.00708056 
0.283059 0 0.468844 0 0.441948 -0.00849469 
0.283563 0 0.469018 0 0.44203 -0.00980908 
0.284086 0 0.469256 0 0.442149 -0.0110193 
0.284623 0 0.469555 0 0.442302 -0.0121202 
0.285165 0 0.469908 0 0.442485 -0.0131056 
0.285712 0 0.470318 0 0.442699 -0.013969 
0.286268 0 0.470793 0 0.442949 -0.0147023 
0.286833 0 0.471334 0 0.443234 -0.0152968 
0.287281 0 0.471729 0 0.443455 -0.0157422 
0.287645 0 0.472002 0 0.443643 -0.0160272 
0.287964 0 0.472226 0 0.44384 -0.0161388 
0.288261 0 0.472459 0 0.444071 -0.0160626 
0.288545 0 0.47273 0 0.444349 -0.0157822 
0.288824 0 0.473053 0 0.444683 -0.015279 
0.289108 0 0.473441 0 0.445079 -0.0145322 
0.289396 0 0.473891 0 0.445539 -0.0135185 
0.289683 0 0.4744 0 0.446065 -0.0122117 
0.289969 0 0.474973 0 0.446665 -0.010583 
0.290263 0 0.475625 0 0.44735 -0.00860087 
0.290565 0 0.476363 0 0.448128 -0.00623028 
0.290869 0 0.477188 0 0.449003 -0.00343408 
0.29118 0 0.478111 0 0.449987 -0.000172974 
0.291506 0 0.479147 0 0.451091 0.00359295 
0.291846 0 0.480302 0 0.452323 0.00790269 
0.292198 0 0.481575 0 0.453687 0.0127909 
0.292564 0 0.482973 0 0.455191 0.0182834 
0.292953 0 0.484505 0 0.456841 0.0243924 
0.293365 0 0.486168 0 0.458635 0.0311109 
0.293794 0 0.487949 0 0.460564 0.0384088 
0.294241 0 0.489839 0 0.462618 0.0462328 
0.29471 0 0.491832 0 0.464784 0.0545097 
0.295199 0 0.493909 0 0.467043 0.0631537 
0.295698 0 0.496044 0 0.469371 0.0720749 
0.296205 0 0.498219 0 0.471748 0.0811863 
0.296724 0 0.500424 0 0.47416 0.0904094 
0.297251 0 0.50264 0 0.476588 0.099677 
0.297777 0 0.504847 0 0.479014 0.108933 
0.298302 0 0.507033 0 0.48143 0.118134 
0.298829 0 0.509197 0 0.483828 0.127244 
0.299357 0 0.51133 0 0.486203 0.136236 
0.299878 0 0.51342 0 0.488544 0.145091 
0.300393 0 0.515464 0 0.490851 0.153794 
0.300907 0 0.517466 0 0.493124 0.162335 
0.30142 0 0.519424 0 0.495359 0.170707 
0.301924 0 0.521327 0 0.497554 0.178904 
0.30242 0 0.523177 0 0.499706 0.186924 
0.302914 0 0.524979 0 0.501819 0.194765 
0.303406 0 0.52673 0 0.503891 0.202428 
0.303888 0 0.528421 0 0.505915 0.209914 
0.304362 0 0.530051 0 0.507892 0.217222 
0.304834 0 0.531626 0 0.509823 0.224356 
0.305303 0 0.53314 0 0.511702 0.231317 
0.305762 0 0.534584 0 0.513525 0.238107 
0.306212 0 0.535953 0 0.515287 0.244728 
0.30666 0 0.537254 0 0.516991 0.251183 
0.307105 0 0.53848 0 0.518631 0.257473 
0.307539 0 0.53962 0 0.520201 0.263601 
0.307963 0 0.540673 0 0.521698 0.269567 
0.308385 0 0.541643 0 0.523125 0.275374 
0.308803 0 0.542527 0 0.524478 0.281022 
0.30921 0 0.543316 0 0.525752 0.286512 
0.309607 0 0.544009 0 0.526949 0.291842 
0.31 0 0.544614 0 0.528072 0.297011 
0.310557 0 0.545399 0 0.529457 0.302017 
0.311221 0 0.546248 0 0.530894 0.306854 
0.311921 0 0.547028 0 0.532266 0.311518 
0.312704 0 0.547763 0 0.533635 0.315998 
0.31349 0 0.548417 0 0.534937 0.320281 
0.314272 0 0.548984 0 0.53617 0.324352 
0.315052 0 0.549468 0 0.537339 0.328187 
0.315836 0 0.549878 0 0.538449 0.331756 
0.316623 0 0.550215 0 0.5395 0.335021 
0.317407 0 0.550471 0 0.540489 0.337937 
0.318103 0 0.550578 0 0.541371 0.340444 
0.318804 0 0.550613 0 0.542194 0.342478 
0.319508 0 0.550571 0 0.542955 0.343961 
0.320225 0 0.550446 0 0.543616 0.344814 
0.32094 0 0.550295 0 0.544203 0.344955 
0.321653 0 0.550074 0 0.544703 0.344311 
0.322355 0 0.549761 0 0.545113 0.342822 
0.323097 0 0.549395 0 0.545502 0.340452 
0.323782 0 0.548908 0 0.545793 0.337191 
0.324505 0 0.548376 0 0.546053 0.333058 
0.325217 0 0.5478 0 0.546242 0.328099 
0.32592 0 0.547175 0 0.546381 0.322387 
0.326618 0 0.546509 0 0.546488 0.316011 
0.327319 0 0.545825 0 0.546581 0.309071 
0.328023 0 0.545134 0 0.546673 0.301676 
0.328574 0 0.54457 0 0.545782 0.293933 
0.329044 0 0.544041 0 0.54445 0.285948 
0.329291 0 0.542866 0 0.543375 0.277821 
0.329427 0 0.54149 0 0.542372 0.269647 
0.329559 0 0.540139 0 0.541395 0.261515 
0.329686 0 0.538822 0 0.540455 0.253505 
0.329816 0 0.537561 0 0.539568 0.245695 
0.329891 0 0.53628 0 0.53876 0.238152 
0.329926 0 0.535023 0 0.538016 0.230938 
0.329957 0 0.533842 0 0.537348 0.22411 
0.329976 0 0.532736 0 0.536775 0.217715 
0.32999 0 0.531718 0 0.536301 0.211794 
0.329997 0 0.530794 0 0.535931 0.206381 
0.330005 0 0.529973 0 0.535673 0.2015 
0.330025 0 0.529271 0 0.535538 0.197167 
0.330056 0 0.528692 0 0.53553 0.193387 
0.330094 0 0.528227 0 0.535643 0.190156 
0.330142 0 0.527879 0 0.535879 0.187457 
0.330207 0 0.527652 0 0.536239 0.185265 
0.330288 0 0.52754 0 0.536717 0.183539 
0.330379 0 0.527527 0 0.5373 0.182229 
0.33048 0 0.527603 0 0.53798 0.181271 
0.330598 0 0.527764 0 0.538747 0.180592 
0.33073 0 0.527992 0 0.539586 0.180105 
0.330869 0 0.528262 0 0.540473 0.179718 
0.331015 0 0.528554 0 0.541391 0.179332 
0.331174 0 0.528857 0 0.542322 0.178845 
0.331343 0 0.529147 0 0.543244 0.17816 
0.331515 0 0.529397 0 0.544131 0.177187 
0.33169 0 0.529589 0 0.544964 0.175848 
0.331876 0 0.529716 0 0.545733 0.174085 
0.332072 0 0.529764 0 0.546422 0.171855 
0.332272 0 0.529717 0 0.547018 0.169137 
0.332477 0 0.52957 0 0.547515 0.165926 
0.332617 0 0.529389 0 0.547355 0.162237 
0.332647 0 0.528973 0 0.546806 0.158095 
0.332613 0 0.5284 0 0.545998 0.153539 
0.332553 0 0.527722 0 0.545031 0.148613 
0.332466 0 0.526903 0 0.543969 0.143369 
0.332385 0 0.525982 0 0.542819 0.137859 
0.332305 0 0.52496 0 0.541586 0.132138 
0.332209 0 0.523844 0 0.540293 0.126259 
0.332112 0 0.522661 0 0.538958 0.120272 
0.33202 0 0.521427 0 0.53759 0.114224 
0.331941 0 0.520189 0 0.536123 0.108159 
0.331861 0 0.518919 0 0.534592 0.102115 
0.331782 0 0.51763 0 0.533024 0.0961281 
0.331701 0 0.516332 0 0.531435 0.0902284 
0.331613 0 0.51503 0 0.529838 0.0844438 
0.331772 0 0.514191 0 0.528722 0.0787985 
0.332027 0 0.513422 0 0.527714 0.0733148 
0.332254 0 0.512618 0 0.526646 0.0680124 
0.332461 0 0.511833 0 0.525586 0.0629089 
0.332666 0 0.511089 0 0.524566 0.0580203 
0.332875 0 0.5104 0 0.523596 0.0533612 
0.333089 0 0.50977 0 0.522681 0.0489451 
0.333299 0 0.509198 0 0.521821 0.0447855 
0.333506 0 0.508691 0 0.521022 0.0408951 
0.333719 0 0.508262 0 0.520293 0.0372874 
0.333934 0 0.507914 0 0.519638 0.033976 
0.33408 0 0.50756 0 0.519005 0.0309754 
0.334173 0 0.507233 0 0.518402 0.0283015 
0.334229 0 0.506965 0 0.517857 0.0259717 
0.334252 0 0.50677 0 0.517385 0.0240056 
0.334241 0 0.506648 0 0.516994 0.0224253 
0.334197 0 0.506609 0 0.516695 0.021256 
0.334278 0 0.506864 0 0.516678 0.0205262 
0.334421 0 0.50732 0 0.516875 0.0202695 
0.334579 0 0.507926 0 0.517238 0.0205229 
0.33474 0 0.508694 0 0.517735 0.0213277 
0.335005 0 0.509696 0 0.51847 0.0227293 
0.335348 0 0.510954 0 0.519445 0.0247747 
0.335744 0 0.512456 0 0.520645 0.0275094 
0.336177 0 0.514192 0 0.52206 0.030974 
0.336642 0 0.516165 0 0.52369 0.0351959 
0.33713 0 0.518369 0 0.525524 0.0401837 
0.337631 0 0.520786 0 0.527548 0.0459189 
0.338054 0 0.522432 0 0.529399 0.0523538 
0.338329 0 0.523841 0 0.530937 0.059412 
0.338556 0 0.525236 0 0.532525 0.0669973 
0.338681 0 0.526759 0 0.534101 0.0750035 
0.338805 0 0.528363 0 0.535746 0.0833249 
0.338934 0 0.530033 0 0.537441 0.0918635 
0.339067 0 0.531743 0 0.539162 0.100534 
0.339199 0 0.533469 0 0.540885 0.109264 
0.339332 0 0.535195 0 0.542596 0.117995 
0.339418 0 0.536948 0 0.544248 0.126681 
0.339473 0 0.538682 0 0.545836 0.135285 
0.339528 0 0.540379 0 0.547376 0.143778 
0.339585 0 0.542033 0 0.548862 0.152138 
0.339629 0 0.543653 0 0.55028 0.160348 
0.339667 0 0.545226 0 0.551625 0.168395 
0.339697 0 0.546741 0 0.552893 0.176268 
0.339727 0 0.548194 0 0.554084 0.183959 
0.339766 0 0.549593 0 0.555202 0.191461 
0.339815 0 0.550934 0 0.556245 0.198767 
0.33987 0 0.552207 0 0.557206 0.205873 
0.339932 0 0.553411 0 0.558086 0.21277 
0.340008 0 0.554551 0 0.55889 0.219455 
0.340098 0 0.555626 0 0.559615 0.225918 
0.340305 0 0.556868 0 0.560755 0.232151 
0.340551 0 0.558043 0 0.561901 0.238145 
0.340804 0 0.559118 0 0.562946 0.243885 
0.341101 0 0.559653 0 0.563817 0.249358 
0.341397 0 0.560029 0 0.564574 0.254542 
0.341705 0 0.560309 0 0.565268 0.259413 
0.341948 0 0.560459 0 0.565842 0.263944 
0.342197 0 0.560527 0 0.566334 0.268099 
0.342444 0 0.560505 0 0.56674 0.271839 
0.342692 0 0.560394 0 0.56706 0.275119 
0.342948 0 0.560202 0 0.567299 0.277891 
0.343209 0 0.559928 0 0.567454 0.280103 
0.34347 0 0.559563 0 0.567521 0.281707 
0.343731 0 0.559109 0 0.567501 0.282655 
0.344001 0 0.558576 0 0.5674 0.282911 
0.34433 0 0.557987 0 0.567226 0.282447 
0.34471 0 0.557421 0 0.567019 0.281253 
0.345129 0 0.556842 0 0.566763 0.279334 
0.345579 0 0.556232 0 0.566451 0.276714 
0.34605 0 0.555588 0 0.566085 0.27343 
0.346535 0 0.554917 0 0.565678 0.269537 
0.347038 0 0.554235 0 0.565245 0.265097 
0.347568 0 0.553567 0 0.564806 0.260182 
0.348122 0 0.552925 0 0.564373 0.25487 
0.348696 0 0.552313 0 0.563954 0.249239 
0.349291 0 0.551748 0 0.563563 0.243369 
0.349915 0 0.551249 0 0.56322 0.23734 
0.350567 0 0.550832 0 0.562936 0.231228 
0.351243 0 0.550502 0 0.56272 0.225109 
0.351944 0 0.550273 0 0.562586 0.219052 
0.352679 0 0.550167 0 0.562551 0.213129 
0.353449 0 0.550196 0 0.562625 0.207403 
0.354247 0 0.550361 0 0.562811 0.201937 
0.355075 0 0.550674 0 0.563121 0.196785 
0.355939 0 0.55115 0 0.563564 0.191998 
0.356835 0 0.551791 0 0.564142 0.187614 
0.357752 0 0.552592 0 0.564852 0.183662 
0.358685 0 0.553549 0 0.565689 0.180153 
0.359434 0 0.554526 0 0.5661 0.177081 
0.360155 0 0.55553 0 0.56636 0.174416 
0.360861 0 0.556621 0 0.566608 0.172104 
0.361564 0 0.557777 0 0.566936 0.170069 
0.362271 0 0.558986 0 0.567329 0.168211 
0.362983 0 0.560223 0 0.567763 0.166415 
0.363692 0 0.561454 0 0.568206 0.16456 
0.364401 0 0.562652 0 0.568633 0.162535 
0.365117 0 0.563801 0 0.569024 0.160252 
0.365839 0 0.564879 0 0.56936 0.157649 
0.36656 0 0.565866 0 0.569621 0.154694 
0.367283 0 0.566753 0 0.5698 0.151377 
0.368013 0 0.567543 0 0.569897 0.147705 
0.36875 0 0.568236 0 0.56991 0.143697 
0.369486 0 0.568823 0 0.569836 0.139379 
0.370223 0 0.56931 0 0.569677 0.134781 
0.371093 0 0.569674 0 0.569872 0.129933 
0.372005 0 0.56984 0 0.569925 0.12487 
0.372916 0 0.569867 0 0.569822 0.119623 
0.373822 0 0.569821 0 0.569617 0.11422 
0.374732 0 0.569708 0 0.569366 0.108693 
0.375639 0 0.569535 0 0.569065 0.103066 
0.376536 0 0.569302 0 0.568718 0.0973651 
0.377422 0 0.569018 0 0.568334 0.0916137 
0.378303 0 0.568696 0 0.567924 0.0858326 
0.379097 0 0.568735 0 0.567583 0.0800411 
0.379819 0 0.568561 0 0.567072 0.0742565 
0.380476 0 0.568223 0 0.566387 0.0684938 
0.381101 0 0.567815 0 0.565609 0.0627649 
0.381727 0 0.56739 0 0.56482 0.0570788 
0.38235 0 0.56695 0 0.564015 0.0514419 
0.382889 0 0.56649 0 0.563158 0.0458572 
0.383433 0 0.566029 0 0.562294 0.040324 
0.383982 0 0.565566 0 0.561423 0.0348382 
0.384597 0 0.565086 0 0.560526 0.0293912 
0.385251 0 0.564611 0 0.559618 0.0239701 
0.385872 0 0.564259 0 0.558786 0.0185569 
0.386486 0 0.563785 0 0.557894 0.0131293 
0.387088 0 0.563244 0 0.556938 0.00766013 
0.387684 0 0.562667 0 0.555939 0.00211768 
0.388264 0 0.562053 0 0.554902 -0.00353281 
0.388857 0 0.561413 0 0.553823 -0.00932741 
0.389453 0 0.56073 0 0.552694 -0.0153008 
0.39005 0 0.559992 0 0.551505 -0.0214822 
0.390652 0 0.559197 0 0.550252 -0.0278921 
0.391257 0 0.558342 0 0.548927 -0.0345384 
0.391856 0 0.557421 0 0.547531 -0.041415 
0.39245 0 0.556442 0 0.546069 -0.0485025 
0.393045 0 0.555423 0 0.544557 -0.0557706 
0.393639 0 0.554375 0 0.543005 -0.0631819 
0.394224 0 0.553301 0 0.54142 -0.0706964 
0.394801 0 0.552212 0 0.539814 -0.0782746 
0.395375 0 0.551127 0 0.538201 -0.0858794 
0.395942 0 0.550053 0 0.536588 -0.093478 
0.396494 0 0.548988 0 0.534977 -0.101042 
0.397031 0 0.547939 0 0.533375 -0.108546 
0.397556 0 0.546918 0 0.531789 -0.11597 
0.398065 0 0.545924 0 0.53022 -0.123297 
0.39855 0 0.544952 0 0.528666 -0.130514 
0.399008 0 0.544003 0 0.527127 -0.137608 
0.399442 0 0.543084 0 0.525606 -0.14457 
0.399849 0 0.542191 0 0.524101 -0.151391 
0.400219 0 0.541318 0 0.522607 -0.158066 
0.400552 0 0.540463 0 0.521123 -0.164588 
0.40085 0 0.539633 0 0.519652 -0.170951 
0.400903 0 0.53813 0 0.517794 -0.177151 
0.400857 0 0.536316 0 0.515764 -0.183181 
0.400782 0 0.534476 0 0.513784 -0.189035 
0.400752 0 0.532768 0 0.511913 -0.194708 
0.400755 0 0.531174 0 0.510141 -0.20019 
0.400778 0 0.52968 0 0.50846 -0.205472 
0.400817 0 0.52829 0 0.50687 -0.210543 
0.400876 0 0.527014 0 0.505376 -0.215387 
0.400951 0 0.525852 0 0.503977 -0.219987 
0.401036 0 0.524803 0 0.502674 -0.224321 
0.40113 0 0.523871 0 0.501472 -0.228361 
0.40124 0 0.523071 0 0.500381 -0.232075 
0.401363 0 0.522411 0 0.499406 -0.235425 
0.401492 0 0.521894 0 0.498555 -0.238363 
0.401612 0 0.521327 0 0.497795 -0.240838 
0.401721 0 0.520785 0 0.497146 -0.242785 
0.40183 0 0.520346 0 0.496649 -0.244135 
0.40194 0 0.520064 0 0.496334 -0.24481 
0.402062 0 0.519983 0 0.496229 -0.244719 
0.402202 0 0.520133 0 0.496354 -0.243765 
0.402359 0 0.520534 0 0.496727 -0.241839 
0.402528 0 0.521199 0 0.497368 -0.238825 
0.40271 0 0.522153 0 0.498304 -0.234601 
0.402912 0 0.523429 0 0.499567 -0.229059 
0.403136 0 0.525047 0 0.501176 -0.222118 
0.403376 0 0.527011 0 0.503139 -0.213753 
0.403635 0 0.529314 0 0.505449 -0.204013 
0.403919 0 0.53194 0 0.508084 -0.193029 
0.404227 0 0.534844 0 0.511002 -0.180993 
0.404549 0 0.53797 0 0.514148 -0.168132 
0.404885 0 0.541265 0 0.517471 -0.154674 
0.405238 0 0.544689 0 0.520925 -0.140825 
0.405604 0 0.548194 0 0.524466 -0.12676 
0.405974 0 0.551739 0 0.528053 -0.112614 
0.406348 0 0.555294 0 0.531659 -0.0984936 
0.406728 0 0.558843 0 0.535266 -0.0844763 
0.407113 0 0.562367 0 0.538853 -0.070619 
0.407495 0 0.565845 0 0.542406 -0.0569623 
0.407874 0 0.569266 0 0.545914 -0.0435348 
0.408256 0 0.572629 0 0.549374 -0.0303562 
0.408639 0 0.575928 0 0.552777 -0.0174397 
0.409016 0 0.579148 0 0.556116 -0.00479357 
0.409388 0 0.582287 0 0.559386 0.00757732 
0.409762 0 0.585347 0 0.562589 0.0196708 
0.410135 0 0.588324 0 0.565718 0.0314862 
0.410502 0 0.591206 0 0.568767 0.0430248 
0.410863 0 0.593989 0 0.571732 0.0542882 
0.411225 0 0.596678 0 0.574612 0.0652791 
0.411586 0 0.599265 0 0.577402 0.0760005 
0.41194 0 0.60174 0 0.580094 0.0864556 
0.412289 0 0.604098 0 0.582687 0.0966479 
0.412638 0 0.606345 0 0.58518 0.106581 
0.412986 0 0.608477 0 0.587573 0.116258 
0.413326 0 0.610486 0 0.589861 0.125681 
0.41366 0 0.612373 0 0.592051 0.134854 
0.413995 0 0.614151 0 0.594148 0.14378 
0.414328 0 0.61582 0 0.596158 0.15246 
0.414653 0 0.617377 0 0.598083 0.160896 
0.415157 0 0.619234 0 0.600401 0.169089 
0.415729 0 0.621048 0 0.602681 0.177041 
0.416322 0 0.622708 0 0.604813 0.184753 
0.416985 0 0.62428 0 0.606921 0.192227 
0.417648 0 0.625762 0 0.60896 0.199465 
0.418319 0 0.627166 0 0.610938 0.20647 
0.418995 0 0.628494 0 0.612856 0.213247 
0.41967 0 0.629743 0 0.614716 0.219806 
0.420345 0 0.630919 0 0.616523 0.226158 
0.421092 0 0.632153 0 0.618283 0.232319 
0.421944 0 0.633454 0 0.620053 0.238309 
0.422916 0 0.634841 0 0.621859 0.244147 
0.424026 0 0.636334 0 0.623723 0.249854 
0.42528 0 0.637951 0 0.625661 0.255447 
0.426671 0 0.639691 0 0.627675 0.260936 
0.428176 0 0.641531 0 0.629762 0.266328 
0.429775 0 0.643458 0 0.631916 0.271628 
0.431454 0 0.645462 0 0.634134 0.276833 
0.432973 0 0.647425 0 0.636144 0.281944 
0.434288 0 0.649254 0 0.637972 0.286958 
0.435461 0 0.650955 0 0.639681 0.291873 
0.436539 0 0.652563 0 0.641321 0.296686 
0.437549 0 0.654105 0 0.642921 0.301398 
0.438506 0 0.655597 0 0.644498 0.306005 
0.439423 0 0.657055 0 0.646066 0.310507 
0.440316 0 0.658495 0 0.647634 0.314905 
0.441187 0 0.65992 0 0.649206 0.319198 
0.442033 0 0.661323 0 0.650784 0.323386 
0.442856 0 0.662707 0 0.652369 0.32747 
0.443665 0 0.664081 0 0.65397 0.331449 
0.444459 0 0.665447 0 0.655585 0.335326 
0.445231 0 0.666795 0 0.657212 0.339101 
0.445983 0 0.668128 0 0.658854 0.342775 
0.446722 0 0.669454 0 0.660513 0.346349 
0.447447 0 0.670773 0 0.66219 0.349824 
0.448151 0 0.672075 0 0.663879 0.353202 
0.448835 0 0.673361 0 0.665583 0.356483 
0.449506 0 0.67464 0 0.667305 0.359669 
0.450163 0 0.67591 0 0.669042 0.362762 
0.450799 0 0.677162 0 0.670791 0.365762 
0.451205 0 0.67844 0 0.671779 0.368671 
0.451468 0 0.679715 0 0.672369 0.371489 
0.451663 0 0.681004 0 0.672834 0.374218 
0.451853 0 0.6823 0 0.673321 0.37686 
0.45204 0 0.683602 0 0.673831 0.379414 
0.452376 0 0.684716 0 0.674951 0.381881 
0.452844 0 0.685878 0 0.676357 0.384264 
0.453388 0 0.687102 0 0.677882 0.386561 
0.453931 0 0.688338 0 0.679425 0.388775 
0.45448 0 0.689594 0 0.680987 0.390906 
0.455034 0 0.690866 0 0.682567 0.392953 
0.455586 0 0.692145 0 0.684159 0.394918 
0.456174 0 0.69345 0 0.685824 0.396801 
0.45675 0 0.694787 0 0.687377 0.3986 
0.457302 0 0.696129 0 0.688841 0.400315 
0.457832 0 0.697472 0 0.690248 0.401944 
0.458351 0 0.69882 0 0.691627 0.403485 
0.458873 0 0.70018 0 0.692996 0.404933 
0.459398 0 0.701547 0 0.694355 0.406281 
0.459919 0 0.702905 0 0.695693 0.407522 
0.460434 0 0.70425 0 0.697004 0.408643 
0.460952 0 0.705588 0 0.698286 0.409626 
0.46147 0 0.706913 0 0.699532 0.410447 
0.461983 0 0.708213 0 0.700733 0.411074 
0.462493 0 0.709483 0 0.701886 0.411466 
0.463007 0 0.710724 0 0.702986 0.411572 
0.463524 0 0.711924 0 0.704027 0.411338 
0.464038 0 0.713065 0 0.704994 0.410704 
0.464547 0 0.714135 0 0.705881 0.409615 
0.465058 0 0.715134 0 0.706683 0.408023 
0.465568 0 0.716048 0 0.70739 0.40589 
0.46607 0 0.716861 0 0.707992 0.403193 
0.466563 0 0.717566 0 0.708483 0.399919 
0.467053 0 0.718166 0 0.708862 0.396074 
0.467538 0 0.718654 0 0.709123 0.391672 
0.468012 0 0.719019 0 0.709261 0.386739 
0.468474 0 0.719262 0 0.709274 0.381311 
0.468931 0 0.71939 0 0.709169 0.375425 
0.469383 0 0.719403 0 0.708944 0.369127 
0.469821 0 0.719296 0 0.708599 0.36246 
0.470248 0 0.719072 0 0.708137 0.355469 
0.470669 0 0.718746 0 0.707567 0.348197 
0.471085 0 0.718319 0 0.706893 0.340684 
0.471487 0 0.717788 0 0.706114 0.332969 
0.471877 0 0.717161 0 0.705239 0.325088 
0.472263 0 0.716452 0 0.704276 0.317072 
0.472643 0 0.715665 0 0.70323 0.30895 
0.473009 0 0.714797 0 0.702103 0.30075 
0.473364 0 0.713857 0 0.700902 0.292495 
0.473714 0 0.712858 0 0.699636 0.284205 
0.474226 0 0.712343 0 0.698736 0.2759 
0.474759 0 0.711771 0 0.697789 0.267598 
0.475344 0 0.711128 0 0.696726 0.259314 
0.475936 0 0.710462 0 0.695643 0.251062 
0.476532 0 0.709777 0 0.694542 0.242856 
0.477126 0 0.709072 0 0.693423 0.234706 
0.477718 0 0.70835 0 0.69229 0.226624 
0.478316 0 0.707625 0 0.69115 0.218619 
0.478919 0 0.706901 0 0.690006 0.210699 
0.479518 0 0.706174 0 0.688857 0.202875 
0.480116 0 0.705449 0 0.687705 0.195154 
0.480719 0 0.704738 0 0.686557 0.187544 
0.481326 0 0.704044 0 0.685413 0.180053 
0.481929 0 0.703364 0 0.684273 0.172688 
0.482507 0 0.702629 0 0.683147 0.165456 
0.483075 0 0.701875 0 0.682003 0.158365 
0.483639 0 0.701123 0 0.680841 0.15142 
0.484197 0 0.700385 0 0.679674 0.144628 
0.484752 0 0.699677 0 0.678519 0.137993 
0.485315 0 0.699016 0 0.677389 0.131521 
0.485885 0 0.6984 0 0.676284 0.125216 
0.486455 0 0.697823 0 0.6752 0.119081 
0.487025 0 0.697283 0 0.674135 0.113119 
0.487601 0 0.696789 0 0.673091 0.107332 
0.48818 0 0.69634 0 0.672068 0.101721 
0.488757 0 0.695932 0 0.671062 0.096285 
0.489331 0 0.695565 0 0.670076 0.0910241 
0.489909 0 0.695251 0 0.669115 0.0859358 
0.49049 0 0.694986 0 0.668177 0.0810173 
0.491065 0 0.694764 0 0.667259 0.0762645 
0.491638 0 0.694586 0 0.666361 0.0716721 
0.492212 0 0.694458 0 0.665484 0.0672337 
0.492787 0 0.694377 0 0.664627 0.0629416 
0.493357 0 0.694334 0 0.663784 0.0587865 
0.493921 0 0.694329 0 0.662954 0.0547579 
0.494486 0 0.694366 0 0.662136 0.0508433 
0.49505 0 0.69444 0 0.661327 0.047028 
0.495608 0 0.69454 0 0.660519 0.0432956 
0.496159 0 0.694662 0 0.659709 0.0396267 
0.49671 0 0.694808 0 0.658893 0.0359995 
0.497259 0 0.694968 0 0.658063 0.0323889 
0.4978 0 0.695129 0 0.657209 0.0287663 
0.498065 0 0.694422 0 0.655863 0.0251002 
0.498163 0 0.693199 0 0.654225 0.0213524 
0.498185 0 0.691799 0 0.652526 0.0174825 
0.498262 0 0.690417 0 0.650847 0.0134468 
0.498382 0 0.689039 0 0.649169 0.00920009 
0.498541 0 0.687653 0 0.647472 0.00469797 
0.498729 0 0.686241 0 0.64574 -0.000100325 
0.498936 0 0.684782 0 0.643957 -0.00522856 
0.49916 0 0.683271 0 0.642119 -0.0107086 
0.499404 0 0.681713 0 0.640224 -0.0165478 
0.499665 0 0.680108 0 0.638274 -0.0227375 
0.499937 0 0.678459 0 0.636272 -0.0292526 
0.500219 0 0.676778 0 0.63423 -0.0360557 
0.500516 0 0.675085 0 0.632163 -0.0431007 
0.500828 0 0.673395 0 0.630082 -0.0503372 
0.501146 0 0.671716 0 0.627999 -0.0577151 
0.501471 0 0.670063 0 0.625927 -0.0651867 
0.50181 0 0.668455 0 0.62388 -0.0727086 
0.50209 0 0.666636 0 0.621789 -0.0802424 
0.502316 0 0.664616 0 0.619648 -0.0877549 
0.502512 0 0.662484 0 0.617505 -0.0952178 
0.502705 0 0.660336 0 0.615408 -0.102607 
0.502911 0 0.658223 0 0.613377 -0.109901 
0.50313 0 0.65616 0 0.611413 -0.117082 
0.503366 0 0.654146 0 0.609518 -0.124135 
0.503627 0 0.652185 0 0.60769 -0.131043 
0.503911 0 0.650273 0 0.605931 -0.137792 
0.504211 0 0.648407 0 0.604242 -0.144366 
0.504529 0 0.646594 0 0.602629 -0.150747 
0.50487 0 0.644849 0 0.601103 -0.156915 
0.505233 0 0.643182 0 0.599669 -0.162844 
0.505612 0 0.641597 0 0.598333 -0.168499 
0.506005 0 0.640108 0 0.597107 -0.173839 
0.506111 0 0.63831 0 0.595819 -0.178808 
0.506033 0 0.636348 0 0.594441 -0.183333 
0.505839 0 0.63439 0 0.593084 -0.187321 
0.505523 0 0.632534 0 0.591799 -0.190654 
0.50547 0 0.630948 0 0.590875 -0.193182 
0.50541 0 0.629886 0 0.590104 -0.194719 
0.505344 0 0.62921 0 0.5896 -0.195043 
0.505272 0 0.628924 0 0.589446 -0.193912 
0.5052 0 0.629092 0 0.589695 -0.1911 
0.505126 0 0.629748 0 0.590381 -0.186449 
0.505044 0 0.630895 0 0.591508 -0.17993 
0.504957 0 0.632507 0 0.59305 -0.171655 
0.50509 0 0.634445 0 0.59513 -0.161863 
0.505217 0 0.637059 0 0.597515 -0.150852 
0.505493 0 0.639976 0 0.600293 -0.138932 
0.50592 0 0.643146 0 0.603359 -0.126379 
0.506238 0 0.64648 0 0.606448 -0.113423 
0.506698 0 0.649851 0 0.609738 -0.100245 
0.507033 0 0.653316 0 0.612967 -0.0869833 
0.507483 0 0.656724 0 0.616311 -0.0737386 
0.507936 0 0.660251 0 0.619707 -0.060586 
0.508384 0 0.663762 0 0.623098 -0.0475796 
0.508929 0 0.66725 0 0.626582 -0.0347585 
0.509344 0 0.670721 0 0.629931 -0.0221506 
0.509854 0 0.674101 0 0.633333 -0.00977538 
0.510418 0 0.677428 0 0.636745 0.00235313 
0.510852 0 0.680827 0 0.640024 0.0142258 
0.511377 0 0.684141 0 0.643407 0.0258364 
0.51185 0 0.687396 0 0.646715 0.0371815 
0.512352 0 0.690593 0 0.650015 0.0482601 
0.512801 0 0.693719 0 0.653269 0.0590726 
0.513234 0 0.696775 0 0.656502 0.0696213 
0.513643 0 0.699777 0 0.659715 0.0799109 
0.514037 0 0.702727 0 0.662916 0.0899485 
0.514575 0 0.706011 0 0.666504 0.0997437 
0.515209 0 0.709355 0 0.670126 0.10931 
0.515915 0 0.712667 0 0.673692 0.118665 
0.516659 0 0.715964 0 0.677279 0.127824 
0.517405 0 0.71925 0 0.680874 0.136803 
0.518152 0 0.722525 0 0.684476 0.145613 
0.518908 0 0.725796 0 0.688087 0.15426 
0.51967 0 0.729057 0 0.6917 0.162743 
0.520432 0 0.732295 0 0.695306 0.171062 
0.521194 0 0.735506 0 0.6989 0.179215 
0.521963 0 0.738692 0 0.702479 0.187198 
0.52269 0 0.741799 0 0.705972 0.19501 
0.523367 0 0.744791 0 0.709381 0.202652 
0.524209 0 0.747909 0 0.712714 0.210123 
0.525146 0 0.751101 0 0.716037 0.217425 
0.526124 0 0.754297 0 0.719332 0.224559 
0.527105 0 0.757445 0 0.722576 0.231526 
0.528071 0 0.760525 0 0.725761 0.23833 
0.52902 0 0.763534 0 0.728887 0.244972 
0.529949 0 0.766465 0 0.731949 0.251455 
0.530849 0 0.769308 0 0.734946 0.257782 
0.531721 0 0.772058 0 0.737877 0.263956 
0.53257 0 0.774724 0 0.740744 0.26998 
0.533397 0 0.777303 0 0.743545 0.275857 
0.534195 0 0.779788 0 0.746281 0.28159 
0.534966 0 0.78218 0 0.748952 0.287181 
0.535719 0 0.784489 0 0.751562 0.292633 
0.536453 0 0.786714 0 0.754112 0.297951 
0.537163 0 0.788847 0 0.756599 0.303136 
0.537852 0 0.79089 0 0.759027 0.30819 
0.538528 0 0.792853 0 0.761399 0.313118 
0.53919 0 0.794734 0 0.763717 0.317921 
0.539835 0 0.796528 0 0.765978 0.322603 
0.540464 0 0.798235 0 0.768187 0.327164 
0.541085 0 0.799867 0 0.770348 0.331609 
0.5417 0 0.801422 0 0.772462 0.335938 
0.542302 0 0.802894 0 0.774528 0.340154 
0.542894 0 0.804285 0 0.776549 0.34426 
0.543484 0 0.805605 0 0.778531 0.348256 
0.544071 0 0.806853 0 0.780474 0.352145 
0.544651 0 0.808023 0 0.782377 0.355928 
0.545225 0 0.809115 0 0.784245 0.359606 
0.545801 0 0.810141 0 0.786081 0.363182 
0.546379 0 0.8111 0 0.787887 0.366654 
0.546951 0 0.811985 0 0.789662 0.370026 
0.547286 0 0.81259 0 0.790467 0.373297 
0.54753 0 0.813119 0 0.790666 0.376468 
0.547776 0 0.813414 0 0.790986 0.379538 
0.548048 0 0.813653 0 0.791445 0.382508 
0.548336 0 0.813874 0 0.791944 0.385377 
0.548638 0 0.814089 0 0.792456 0.388145 
0.548951 0 0.8143 0 0.792975 0.390811 
0.549266 0 0.814498 0 0.793503 0.393374 
0.549584 0 0.814687 0 0.794045 0.395832 
0.549913 0 0.814876 0 0.794604 0.398184 
0.550251 0 0.815064 0 0.795182 0.400429 
0.55059 0 0.815245 0 0.795776 0.402564 
0.550934 0 0.815419 0 0.796389 0.404588 
0.551288 0 0.815598 0 0.797025 0.406499 
0.551667 0 0.815858 0 0.797529 0.408294 
0.552037 0 0.816122 0 0.797932 0.409971 
0.552392 0 0.816383 0 0.798263 0.411528 
0.552744 0 0.81665 0 0.798558 0.412965 
0.553095 0 0.816929 0 0.798838 0.414278 
0.553441 0 0.817208 0 0.799111 0.415466 
0.553784 0 0.817488 0 0.799377 0.41653 
0.55413 0 0.817774 0 0.799638 0.417467 
0.554475 0 0.818064 0 0.799887 0.418279 
0.554813 0 0.818348 0 0.80012 0.418965 
0.555143 0 0.818628 0 0.800338 0.419528 
0.555475 0 0.818913 0 0.800544 0.41997 
0.555806 0 0.819204 0 0.800739 0.420292 
0.55613 0 0.819491 0 0.800921 0.420498 
0.556449 0 0.819775 0 0.801091 0.420594 
0.556769 0 0.820065 0 0.801251 0.420582 
0.557089 0 0.820361 0 0.801401 0.42047 
0.557404 0 0.820652 0 0.801538 0.420264 
0.557712 0 0.82094 0 0.801662 0.419969 
0.558023 0 0.821233 0 0.801777 0.419593 
0.558334 0 0.821531 0 0.801881 0.419144 
0.558638 0 0.821824 0 0.801971 0.418629 
0.558937 0 0.822114 0 0.802049 0.418057 
0.559239 0 0.822409 0 0.802117 0.417433 
0.55954 0 0.822709 0 0.802175 0.416767 
0.559835 0 0.823005 0 0.802219 0.416065 
0.560124 0 0.823297 0 0.802251 0.415332 
0.560415 0 0.823596 0 0.802273 0.414574 
0.560705 0 0.823899 0 0.802283 0.413794 
0.560989 0 0.824197 0 0.802279 0.412994 
0.561268 0 0.824492 0 0.802261 0.412173 
0.561547 0 0.82479 0 0.80223 0.411327 
0.561827 0 0.825088 0 0.802182 0.410448 
0.562099 0 0.825377 0 0.802113 0.409525 
0.562366 0 0.825653 0 0.80202 0.408538 
0.562634 0 0.825921 0 0.801901 0.407464 
0.562902 0 0.826172 0 0.801748 0.406271 
0.563163 0 0.826392 0 0.801554 0.404921 
0.563418 0 0.826573 0 0.80131 0.403373 
0.563673 0 0.826714 0 0.801013 0.401584 
0.563928 0 0.826804 0 0.800654 0.399514 
0.564175 0 0.826827 0 0.800225 0.397132 
0.564414 0 0.826778 0 0.799722 0.394415 
0.564653 0 0.82666 0 0.799145 0.391351 
0.564889 0 0.826467 0 0.798489 0.387938 
0.565115 0 0.826189 0 0.797753 0.384181 
0.565331 0 0.825827 0 0.796936 0.380093 
0.565545 0 0.82539 0 0.796042 0.375689 
0.565799 0 0.825283 0 0.79528 0.370991 
0.566083 0 0.82519 0 0.794512 0.366021 
0.566356 0 0.824961 0 0.79362 0.360804 
0.566669 0 0.824638 0 0.792664 0.355364 
0.566986 0 0.824267 0 0.791667 0.349726 
0.567301 0 0.823844 0 0.790631 0.343912 
0.567616 0 0.823376 0 0.78956 0.337945 
0.567936 0 0.822874 0 0.788459 0.331846 
0.56826 0 0.822342 0 0.787329 0.325634 
0.568503 0 0.821791 0 0.786164 0.319329 
0.568745 0 0.821215 0 0.784976 0.312946 
0.569068 0 0.820547 0 0.783694 0.306503 
0.569428 0 0.819938 0 0.782502 0.300013 
0.569801 0 0.819306 0 0.781308 0.29349 
0.570178 0 0.818635 0 0.780085 0.286946 
0.570565 0 0.817949 0 0.778843 0.280395 
0.570963 0 0.817264 0 0.777594 0.273845 
0.57137 0 0.816583 0 0.776341 0.267309 
0.571785 0 0.815907 0 0.775085 0.260796 
0.572216 0 0.815244 0 0.773825 0.254314 
0.57266 0 0.814593 0 0.772558 0.247874 
0.573109 0 0.813951 0 0.771282 0.241484 
0.573566 0 0.813321 0 0.769997 0.235152 
0.574034 0 0.812714 0 0.768706 0.228885 
0.574514 0 0.812132 0 0.767408 0.22269 
0.574997 0 0.81157 0 0.766103 0.216576 
0.575485 0 0.811032 0 0.764792 0.210546 
0.575984 0 0.810527 0 0.763476 0.204608 
0.576491 0 0.810052 0 0.762154 0.198766 
0.576999 0 0.809606 0 0.760825 0.193023 
0.577509 0 0.809188 0 0.759491 0.187385 
0.577836 0 0.808426 0 0.757933 0.181853 
0.577956 0 0.807303 0 0.756192 0.17643 
0.577923 0 0.805938 0 0.754357 0.171117 
0.577791 0 0.804469 0 0.752486 0.165913 
0.577602 0 0.80299 0 0.75061 0.160818 
0.577381 0 0.801529 0 0.748737 0.155831 
0.577133 0 0.800079 0 0.746868 0.150952 
0.576866 0 0.798629 0 0.745006 0.146177 
0.576591 0 0.797178 0 0.743154 0.141506 
0.576307 0 0.795722 0 0.741314 0.136935 
0.576011 0 0.79426 0 0.739489 0.132461 
0.575705 0 0.792793 0 0.737681 0.128081 
0.575397 0 0.79133 0 0.735893 0.123789 
0.575086 0 0.78987 0 0.734125 0.119582 
0.574765 0 0.788405 0 0.732376 0.115453 
0.574654 0 0.787224 0 0.730859 0.111396 
0.574674 0 0.786212 0 0.729476 0.107404 
0.574761 0 0.785267 0 0.728148 0.103469 
0.574827 0 0.784319 0 0.726817 0.099582 
0.574827 0 0.783343 0 0.725454 0.095733 
0.574787 0 0.782328 0 0.724077 0.0919097 
0.574718 0 0.78127 0 0.722692 0.0880985 
0.574624 0 0.780169 0 0.721305 0.084284 
0.574512 0 0.779029 0 0.719916 0.0804488 
0.574532 0 0.777971 0 0.718624 0.0765732 
0.574639 0 0.777004 0 0.717407 0.0726355 
0.574795 0 0.776073 0 0.716225 0.0686118 
0.57498 0 0.775132 0 0.715046 0.0644762 
0.575187 0 0.774161 0 0.713855 0.0602012 
0.575409 0 0.773145 0 0.712642 0.055758 
0.575638 0 0.772071 0 0.711402 0.0511178 
0.575876 0 0.77093 0 0.710128 0.0462536 
0.576057 0 0.769474 0 0.708611 0.0411409 
0.576216 0 0.767864 0 0.706941 0.0357607 
0.576403 0 0.766189 0 0.705233 0.0301013 
0.57661 0 0.764487 0 0.703499 0.0241606 
0.576812 0 0.762676 0 0.701674 0.0179474 
0.577035 0 0.760767 0 0.699772 0.011481 
0.577277 0 0.758778 0 0.697828 0.00479026 
0.577541 0 0.756729 0 0.695862 -0.00208865 
0.577834 0 0.754635 0 0.693886 -0.00911477 
0.578157 0 0.752504 0 0.69191 -0.0162448 
0.578502 0 0.75034 0 0.689943 -0.0234362 
0.57879 0 0.748063 0 0.688025 -0.0306483 
0.579055 0 0.745708 0 0.686122 -0.0378436 
0.579311 0 0.743308 0 0.684243 -0.044988 
0.579645 0 0.740981 0 0.682371 -0.0520511 
0.580045 0 0.738765 0 0.680576 -0.0590053 
0.580373 0 0.736512 0 0.678882 -0.0658245 
0.580654 0 0.734229 0 0.677221 -0.0724827 
0.580895 0 0.73194 0 0.675596 -0.0789525 
0.581103 0 0.729675 0 0.674023 -0.0852028 
0.581283 0 0.72746 0 0.672514 -0.0911963 
0.581429 0 0.725302 0 0.671071 -0.096887 
0.581525 0 0.723205 0 0.669698 -0.102217 
0.581567 0 0.721182 0 0.668408 -0.107112 
0.581554 0 0.71926 0 0.667224 -0.111482 
0.58148 0 0.717467 0 0.666177 -0.115211 
0.581338 0 0.715835 0 0.665307 -0.118162 
0.581413 0 0.714455 0 0.66478 -0.120174 
0.581491 0 0.713676 0 0.664436 -0.121074 
0.581574 0 0.713319 0 0.66437 -0.120696 
0.581651 0 0.713349 0 0.664638 -0.118908 
0.581722 0 0.713782 0 0.665255 -0.115644 
0.581796 0 0.714617 0 0.666218 -0.11092 
0.581871 0 0.71583 0 0.667506 -0.104835 
0.581941 0 0.717374 0 0.669083 -0.0975534 
0.582035 0 0.71929 0 0.670942 -0.0892699 
0.582304 0 0.721468 0 0.673133 -0.0801888 
0.582674 0 0.723905 0 0.675582 -0.0705008 
0.58304 0 0.726518 0 0.678179 -0.0603723 
0.583455 0 0.72925 0 0.680929 -0.0499417 
0.583902 0 0.732094 0 0.683799 -0.0393198 
0.584367 0 0.73502 0 0.686762 -0.0285921 
0.584834 0 0.737993 0 0.689797 -0.0178218 
0.585299 0 0.740995 0 0.692893 -0.00705329 
0.585765 0 0.744026 0 0.696046 0.00368558 
0.586228 0 0.747078 0 0.699256 0.0143801 
0.586683 0 0.750147 0 0.702523 0.0250245 
0.587354 0 0.753677 0 0.706197 0.0356166 
0.588176 0 0.757362 0 0.709952 0.0461512 
0.589084 0 0.761062 0 0.713691 0.0566168 
0.589983 0 0.764766 0 0.717468 0.066995 
0.590882 0 0.768487 0 0.721282 0.0772635 
0.59179 0 0.772227 0 0.725127 0.0874004 
0.592704 0 0.775976 0 0.728991 0.0973864 
0.593617 0 0.779721 0 0.732866 0.107206 
0.594532 0 0.783455 0 0.736743 0.116848 
0.595389 0 0.787146 0 0.740565 0.126304 
0.596191 0 0.790753 0 0.744321 0.135568 
0.596938 0 0.794259 0 0.748015 0.144637 
0.597635 0 0.797671 0 0.75165 0.153509 
0.598292 0 0.801004 0 0.755229 0.162184 
0.598909 0 0.804259 0 0.758749 0.170663 
0.599483 0 0.807429 0 0.762209 0.178947 
0.600013 0 0.810509 0 0.765605 0.187038 
0.600508 0 0.813505 0 0.768938 0.194939 
0.600965 0 0.816413 0 0.772203 0.202653 
0.601379 0 0.819223 0 0.775402 0.210182 
0.601938 0 0.822131 0 0.778686 0.217529 
0.602575 0 0.825072 0 0.781978 0.224699 
0.60324 0 0.827983 0 0.785231 0.231694 
0.603901 0 0.830831 0 0.788435 0.238518 
0.60455 0 0.833608 0 0.791592 0.245175 
0.605189 0 0.836322 0 0.794707 0.251668 
0.605816 0 0.838967 0 0.797777 0.258 
0.606425 0 0.841531 0 0.800803 0.264176 
0.607017 0 0.844013 0 0.803785 0.270197 
0.6076 0 0.84642 0 0.806728 0.276068 
0.608173 0 0.84875 0 0.80963 0.281792 
0.608731 0 0.850998 0 0.812494 0.287371 
0.609276 0 0.853163 0 0.81532 0.29281 
0.609816 0 0.855253 0 0.818112 0.29811 
0.610352 0 0.857268 0 0.82087 0.303275 
0.610876 0 0.859198 0 0.823594 0.308307 
0.611393 0 0.861043 0 0.826286 0.31321 
0.611909 0 0.862811 0 0.828948 0.317985 
0.612423 0 0.8645 0 0.831579 0.322635 
0.612756 0 0.865707 0 0.833511 0.327161 
0.612965 0 0.866638 0 0.834764 0.331567 
0.613162 0 0.867351 0 0.835872 0.335855 
0.613383 0 0.868069 0 0.836953 0.340026 
0.613644 0 0.868792 0 0.838073 0.344081 
0.61393 0 0.86951 0 0.839204 0.348023 
0.61424 0 0.870228 0 0.840341 0.351851 
0.614568 0 0.870942 0 0.841485 0.355568 
0.614904 0 0.871644 0 0.842637 0.359174 
0.615248 0 0.872332 0 0.843799 0.362669 
0.615606 0 0.873015 0 0.844974 0.366055 
0.615937 0 0.873642 0 0.845954 0.369331 
0.616237 0 0.874214 0 0.846794 0.372497 
0.616517 0 0.874757 0 0.847546 0.375553 
0.616795 0 0.875293 0 0.848251 0.378499 
0.617075 0 0.875825 0 0.848922 0.381334 
0.61735 0 0.87634 0 0.849563 0.384057 
0.617622 0 0.876833 0 0.85017 0.386667 
0.617896 0 0.877312 0 0.850739 0.389162 
0.618169 0 0.877774 0 0.851266 0.391541 
0.618434 0 0.878212 0 0.85175 0.393803 
0.618543 1 0.878245 0 0.852212 0.395944 
0.618666 1 0.878145 0 0.85281 0.397714 
0.618817 1 0.878039 0 0.853419 0.399023 
0.618967 0 0.877835 0 0.853953 0.399751 
0.619118 0 0.87761 0 0.854464 0.400377 
0.619277 0 0.877385 0 0.854997 0.400899 
0.619452 0 0.87717 0 0.855553 0.401313 
0.619646 0 0.876966 0 0.85613 0.401618 
0.619858 0 0.876776 0 0.85673 0.401814 
0.619804 0 0.87689 1 0.856404 0.401901 
0.620092 1 0.87671 1 0.856602 0.401183 
0.620778 1 0.87667 1 0.856852 0.39836 
0.621931 1 0.876869 1 0.857286 0.392849 
0.623608 1 0.877337 1 0.857957 0.384363 
0.625789 1 0.878074 1 0.858855 0.373065 
0.628416 1 0.879042 1 0.859942 0.359465 
0.631397 1 0.880181 1 0.861125 0.344172 
0.634685 1 0.881416 1 0.862462 0.327807 
0.638162 1 0.882715 1 0.863883 0.310769 
0.641666 1 0.883994 1 0.865318 0.293432 
0.645222 1 0.885243 1 0.866754 0.276045 
0.648792 1 0.886453 1 0.868162 0.258769 
0.652357 1 0.887616 1 0.869529 0.241702 
0.655902 1 0.888731 1 0.87085 0.224915 
0.659419 1 0.889795 1 0.872123 0.208453 
0.662899 1 0.890807 1 0.873346 0.19233 
0.666337 1 0.891769 1 0.874521 0.176573 
0.669731 1 0.89268 1 0.875649 0.161178 
0.673077 1 0.893545 1 0.87673 0.146144 
0.676373 1 0.894363 1 0.877767 0.131477 
0.679619 1 0.895136 1 0.878763 0.117163 
0.682812 1 0.895868 1 0.879718 0.1032 
0.685952 1 0.896559 1 0.880634 0.0895787 
0.689039 1 0.897212 1 0.881514 0.0762974 
0.692071 1 0.897828 1 0.882358 0.0633437 
0.695051 1 0.898409 1 0.88317 0.0507099 
0.697976 1 0.898958 1 0.883949 0.0383934 
0.700848 1 0.899476 1 0.884697 0.0263821 
0.703665 1 0.899965 1 0.885417 0.0146716 
0.706429 1 0.900425 1 0.886108 0.00325291 
0.709139 1 0.900859 1 0.886773 -0.00787732 
0.711796 1 0.901268 1 0.887412 -0.0187306 
0.714399 1 0.901653 1 0.888027 -0.0293144 
0.716951 1 0.902016 1 0.888618 -0.0396348 
0.71945 1 0.902358 1 0.889187 -0.0496962 
0.721899 1 0.90268 1 0.889735 -0.0595069 
0.724296 1 0.902983 1 0.890262 -0.069076 
0.726643 1 0.903269 1 0.890769 -0.0784006 
0.72894 1 0.903537 1 0.891258 -0.0874951 
0.731188 1 0.90379 1 0.891729 -0.0963607 
0.733387 1 0.904028 1 0.892182 -0.105006 
0.735538 1 0.904251 1 0.892619 -0.113431 
0.737642 1 0.904461 1 0.89304 -0.121648 
0.739699 1 0.904658 1 0.893446 -0.12966 
0.74171 1 0.904843 1 0.893837 -0.137471 
0.743676 1 0.905016 1 0.894214 -0.145086 
0.745596 1 0.905179 1 0.894578 -0.152512 
0.747472 1 0.905331 1 0.894928 -0.159753 
0.749305 1 0.905473 1 0.895265 -0.166812 
0.751094 1 0.905607 1 0.895591 -0.173695 
0.752842 1 0.905731 1 0.895904 -0.180406 
0.754548 1 0.905847 1 0.896206 -0.186951 
0.756212 1 0.905956 1 0.896497 -0.193328 
0.757836 1 0.906056 1 0.896778 -0.199549 
0.75942 1 0.906147 1 0.897049 -0.205612 
0.760965 1 0.906233 1 0.89731 -0.211527 
0.762471 1 0.906313 1 0.897561 -0.217294 
0.763939 1 0.906387 1 0.897802 -0.222914 
0.765369 1 0.906454 1 0.898035 -0.228396 
0.766763 1 0.906516 1 0.898258 -0.233739 
0.76812 1 0.906573 1 0.898474 -0.23895 
0.769443 1 0.906624 1 0.898681 -0.244029 
0.77073 1 0.906671 1 0.89888 -0.248984 
0.771804 1 0.906565 1 0.899148 -0.253815 
0.772781 1 0.90642 1 0.899338 -0.258524 
0.773725 1 0.90629 1 0.899471 -0.263112 
0.774636 1 0.906183 1 0.899565 -0.267588 
0.775521 1 0.906091 1 0.899638 -0.271951 
0.77638 1 0.906007 1 0.899696 -0.276207 
0.777213 1 0.905928 1 0.899745 -0.280357 
0.778023 1 0.90585 1 0.899786 -0.284402 
0.778808 1 0.905773 1 0.899822 -0.288345 
0.77957 1 0.905696 1 0.899853 -0.292191 
0.780308 1 0.905618 1 0.89988 -0.29594 
0.781024 1 0.905539 1 0.899904 -0.299597 
0.781725 1 0.905472 1 0.899929 -0.30316 
0.782411 1 0.905406 1 0.89995 -0.306637 
0.783084 1 0.905342 1 0.89997 -0.310025 
0.783926 1 0.905289 1 0.900034 -0.313331 
0.784911 1 0.905311 1 0.900229 -0.31655 
0.785962 1 0.905405 1 0.900483 -0.31969 
0.787007 1 0.905522 1 0.900734 -0.322754 
0.788037 1 0.905639 1 0.900968 -0.325739 
0.789049 1 0.905754 1 0.901193 -0.328649 
0.790044 1 0.90587 1 0.901411 -0.331488 
0.791022 1 0.905987 1 0.901625 -0.334257 
0.791984 1 0.906105 1 0.901836 -0.336954 
0.792932 1 0.906234 1 0.902047 -0.339582 
0.79387 1 0.906362 1 0.902254 -0.342146 
0.794799 1 0.906491 1 0.90246 -0.344646 
0.795718 1 0.906623 1 0.902667 -0.347083 
0.796627 1 0.906757 1 0.902874 -0.349461 
0.797524 1 0.906891 1 0.903079 -0.351778 
0.798411 1 0.907026 1 0.903284 -0.354034 
0.799285 1 0.907162 1 0.903488 -0.356239 
0.800211 1 0.907293 1 0.903727 -0.358389 
0.801185 1 0.907429 1 0.904005 -0.360483 
0.802185 1 0.907594 1 0.904301 -0.362523 
0.803193 1 0.907777 1 0.9046 -0.364513 
0.804197 1 0.90797 1 0.904892 -0.366453 
0.805196 1 0.908168 1 0.905178 -0.368346 
0.806193 1 0.90837 1 0.905462 -0.37019 
0.807194 1 0.908575 1 0.905747 -0.37199 
0.808204 1 0.908786 1 0.906037 -0.373744 
0.809227 1 0.909004 1 0.906335 -0.375455 
0.810262 1 0.909227 1 0.906639 -0.377121 
0.811311 1 0.909457 1 0.906949 -0.378746 
0.81237 1 0.909693 1 0.907263 -0.38033 
0.812628 1 0.909648 1 0.90724 -0.381874 
0.812828 1 0.909598 1 0.907213 -0.383383 
0.813065 1 0.909559 1 0.907223 -0.384852 
0.813323 1 0.909528 1 0.907251 -0.386284 
0.813592 1 0.909504 1 0.907286 -0.387683 
0.813866 1 0.909485 1 0.907326 -0.389046 
0.814145 1 0.909471 1 0.90737 -0.390373 
0.814431 1 0.909463 1 0.90742 -0.391664 
0.814726 1 0.909461 1 0.907477 -0.392926 
0.815034 1 0.909466 1 0.907543 -0.394154 
0.815356 1 0.909478 1 0.907618 -0.395354 
0.815596 1 0.90948 1 0.907634 -0.396527 
0.815827 1 0.909485 1 0.907648 -0.397667 
0.816059 1 0.909497 1 0.907667 -0.39878 
0.81629 1 0.909512 1 0.907686 -0.399866 
0.816514 1 0.909526 1 0.907706 -0.400922 
0.816732 1 0.909543 1 0.907726 -0.401952 
0.816944 1 0.909559 1 0.907746 -0.402956 
0.817151 1 0.909575 1 0.907768 -0.403936 
0.817353 1 0.909593 1 0.90779 -0.404893 
0.817549 1 0.909611 1 0.907813 -0.405826 
0.81774 1 0.90963 1 0.907836 -0.406733 
0.817926 1 0.909649 1 0.907861 -0.407616 
0.818107 1 0.909669 1 0.907886 -0.408476 
0.818283 1 0.909689 1 0.907912 -0.409317 
0.818455 1 0.90971 1 0.907938 -0.410138 
0.818621 1 0.909733 1 0.907965 -0.410938 
0.818784 1 0.909755 1 0.907993 -0.411719 
0.818942 1 0.90978 1 0.908021 -0.412477 
0.819095 1 0.909803 1 0.90805 -0.413218 
0.819244 1 0.909828 1 0.90808 -0.413941 
0.819389 1 0.909852 1 0.90811 -0.414646 
0.819531 1 0.909879 1 0.908141 -0.415335 
0.819668 1 0.909905 1 0.908173 -0.416006 
0.819802 1 0.909932 1 0.908205 -0.416659 
0.819932 1 0.909961 1 0.908238 -0.417296 
0.820058 1 0.909989 1 0.908271 -0.417918 
0.820181 1 0.910017 1 0.908304 -0.418524 
0.8203 1 0.910046 1 0.908339 -0.419114 
0.820416 1 0.910077 1 0.908374 -0.419691 
0.820528 1 0.910107 1 0.90841 -0.420253 
0.820637 1 0.910138 1 0.908446 -0.420801 
0.820743 1 0.91017 1 0.908483 -0.421336 
0.820846 1 0.910202 1 0.90852 -0.421855 
0.820946 1 0.910235 1 0.908558 -0.422361 
0.821042 1 0.910267 1 0.908596 -0.422856 
0.821136 1 0.910301 1 0.908634 -0.423338 
0.821227 1 0.910336 1 0.908673 -0.423809 
0.821315 1 0.91037 1 0.908713 -0.424267 
0.8214 1 0.910405 1 0.908752 -0.424714 
0.821484 1 0.91044 1 0.908792 -0.425148 
0.821564 1 0.910471 1 0.908828 -0.425572 
0.821642 1 0.9105 1 0.90886 -0.425987 
0.821718 1 0.910524 1 0.908888 -0.426389 
0.821791 1 0.910545 1 0.908913 -0.426783 
0.821862 1 0.910562 1 0.908934 -0.427168 
0.82195 1 0.91063 1 0.908886 -0.427548 
0.822025 1 0.910689 1 0.908829 -0.427913 
0.822083 1 0.910721 1 0.908789 -0.428271 
0.822134 1 0.910732 1 0.90877 -0.428617 
0.822183 1 0.910732 1 0.908771 -0.428954 
0.822232 1 0.910739 1 0.90878 -0.429284 
0.822281 1 0.910745 1 0.908786 -0.429606 
0.822329 0 0.910751 0 0.908789 -0.429919 
0.822376 0 0.910707 0 0.908736 -0.430224 
0.822449 0 0.910667 0 0.908629 -0.430522 
0.822562 0 0.910644 0 0.908401 -0.430811 
0.822714 0 0.910629 0 0.908036 -0.431093 
0.822849 0 0.910543 0 0.907553 -0.431366 
0.823002 0 0.910434 0 0.906969 -0.431629 
0.823173 0 0.910305 0 0.906278 -0.431882 
0.823359 0 0.910154 0 0.905491 -0.432122 
0.823539 0 0.909972 0 0.904637 -0.432344 
0.823722 0 0.909776 0 0.903696 -0.432542 
0.823739 0 0.909403 0 0.902772 -0.432703 
0.823746 0 0.909016 0 0.901794 -0.432812 
0.823759 0 0.90864 0 0.900762 -0.432839 
0.823764 0 0.908272 0 0.89969 -0.432741 
0.823757 0 0.907919 0 0.898597 -0.432451 
0.823736 0 0.907598 0 0.897499 -0.431873 
0.823698 0 0.907331 0 0.896417 -0.430869 
0.82364 0 0.907142 0 0.895375 -0.429251 
0.823552 0 0.907062 0 0.894402 -0.426784 
0.823427 0 0.907119 0 0.893526 -0.4232 
0.823256 0 0.907337 0 0.892773 -0.418228 
0.823031 0 0.907727 0 0.892158 -0.411653 
0.822749 0 0.908283 0 0.891679 -0.403347 
0.82253 0 0.908758 0 0.891562 -0.393303 
0.822361 0 0.909215 0 0.89169 -0.381626 
0.822199 0 0.909653 0 0.89194 -0.368501 
0.822031 0 0.910052 0 0.892207 -0.354157 
0.821855 0 0.910384 0 0.892415 -0.338837 
0.821664 0 0.910607 0 0.892518 -0.322772 
0.821471 0 0.910698 0 0.892488 -0.306173 
0.821315 0 0.910606 0 0.892346 -0.289223 
0.821194 0 0.910333 0 0.89207 -0.272075 
0.820844 0 0.910017 0 0.891519 -0.254852 
0.820492 0 0.909584 0 0.890842 -0.237657 
0.820186 0 0.909009 0 0.890084 -0.220568 
0.819915 0 0.908306 0 0.889255 -0.203645 
0.819677 0 0.907489 0 0.888367 -0.186937 
0.819467 0 0.906575 0 0.887433 -0.170478 
0.819287 0 0.905577 0 0.886464 -0.154296 
0.819135 0 0.904511 0 0.885472 -0.138407 
0.81901 0 0.90339 0 0.884468 -0.122827 
0.818913 0 0.902226 0 0.883461 -0.107564 
0.818842 0 0.901031 0 0.882458 -0.092622 
0.818795 0 0.899814 0 0.881466 -0.078005 
0.818771 0 0.898585 0 0.880488 -0.0637129 
0.81877 0 0.897349 0 0.879529 -0.0497447 
0.818791 0 0.896114 0 0.878593 -0.0360979 
0.818832 0 0.894884 0 0.877682 -0.0227693 
0.818893 0 0.893665 0 0.876797 -0.00975489 
0.818973 0 0.892459 0 0.875942 0.00294995 
0.81907 0 0.891271 0 0.875116 0.0153503 
0.819184 0 0.890104 0 0.874321 0.027451 
0.819313 0 0.88896 0 0.873559 0.0392577 
0.819458 0 0.887842 0 0.872829 0.0507761 
0.819616 0 0.886752 0 0.872133 0.0620117 
0.819787 0 0.885693 0 0.871472 0.0729699 
0.819969 0 0.884665 0 0.870845 0.0836564 
0.820163 0 0.883671 0 0.870253 0.0940765 
0.820367 0 0.882712 0 0.869697 0.104236 
0.820579 0 0.881789 0 0.869177 0.11414 
0.820799 0 0.880903 0 0.868693 0.123793 
0.821026 0 0.880054 0 0.868245 0.133202 
0.821259 0 0.879245 0 0.867833 0.14237 
0.821497 0 0.878474 0 0.867456 0.151302 
0.821738 0 0.877742 0 0.867116 0.160003 
0.821983 0 0.877049 0 0.86681 0.168477 
0.82196 0 0.877256 1 0.866495 0.176728 
0.821859 0 0.877568 1 0.866255 0.184686 
0.821707 0 0.877944 1 0.866074 0.192325 
0.821512 0 0.878389 0 0.865946 0.199606 
0.821291 0 0.878852 0 0.865897 0.206659 
0.821346 0 0.878783 0 0.865266 0.213488 
0.821442 0 0.878683 0 0.864494 0.220086 
0.821573 0 0.878559 0 0.863719 0.226456 
0.821736 0 0.878432 0 0.862937 0.232595 
0.821602 0 0.87818 0 0.862729 0.238501 
0.821378 0 0.878176 1 0.862797 0.244169 
0.821065 0 0.878138 1 0.863057 0.249275 
0.820736 0 0.878135 1 0.863376 0.253663 
0.820495 0 0.878318 1 0.863572 0.257154 
0.820339 0 0.878555 1 0.863769 0.259538 
0.8203 0 0.878791 1 0.864006 0.260593 
0.820423 0 0.87901 1 0.86428 0.260113 
0.820704 0 0.87926 1 0.86456 0.257948 
0.821151 0 0.87957 1 0.864821 0.254025 
0.821763 0 0.879955 1 0.86505 0.248374 
0.822537 0 0.880413 1 0.865245 0.241122 
0.823462 0 0.880933 1 0.865411 0.232454 
0.824525 0 0.881503 1 0.865552 0.222583 
0.825711 0 0.88211 1 0.865677 0.211743 
0.827003 0 0.882744 1 0.865789 0.200146 
0.828385 0 0.883399 1 0.865891 0.187993 
0.829843 0 0.88407 1 0.865983 0.175446 
0.831361 0 0.884757 1 0.866066 0.162647 
0.832927 0 0.885455 1 0.86614 0.149712 
0.834531 0 0.886163 1 0.866205 0.136727 
0.836164 0 0.886877 1 0.866261 0.123763 
0.837816 0 0.887596 1 0.866311 0.110883 
0.839483 0 0.888317 1 0.866355 0.0981243 
0.841157 0 0.889037 1 0.866394 0.0855198 
0.842833 0 0.889755 1 0.866429 0.0731017 
0.844508 0 0.890468 1 0.86646 0.0608838 
0.846164 0 0.891191 1 0.866498 0.0488804 
0.847836 0 0.891885 1 0.866538 0.0370999 
0.849517 0 0.892549 1 0.866577 0.0255556 
0.85119 0 0.893194 1 0.86662 0.0142425 
0.852855 0 0.893825 1 0.866658 0.00316648 
0.85451 0 0.89444 1 0.866693 -0.00767004 
0.856152 0 0.895037 1 0.866725 -0.0182647 
0.857781 0 0.895618 1 0.866757 -0.02862 
0.858784 0 0.896663 1 0.867304 -0.0387543 
0.859682 0 0.897786 1 0.867877 -0.0486453 
0.860249 0 0.899168 1 0.868781 -0.0583023 
0.861102 0 0.900248 1 0.869427 -0.0677153 
0.86239 0 0.900896 1 0.86968 -0.0769271 
0.863355 0 0.901817 1 0.870198 -0.0859188 
0.863587 0 0.90328 0 0.871477 -0.094695 
0.864263 0 0.904413 1 0.872155 -0.103216 
0.864977 0 0.905499 1 0.872728 -0.111538 
0.865438 0 0.906744 1 0.873618 -0.119671 
0.865649 0 0.908141 1 0.874841 -0.127603 
0.865678 0 0.909661 1 0.876154 -0.135344 
0.865763 0 0.911099 0 0.87735 -0.142898 
0.86588 0 0.912467 0 0.87845 -0.150236 
0.866015 0 0.913775 0 0.879465 -0.157357 
0.866161 0 0.91503 0 0.880397 -0.164258 
0.866296 0 0.916249 0 0.8813 -0.170936 
0.866453 0 0.91739 0 0.882157 -0.177386 
0.866637 0 0.91844 0 0.882963 -0.183599 
0.866841 0 0.919398 0 0.883714 -0.189566 
0.866866 0 0.920405 0 0.884548 -0.195273 
0.866873 0 0.921365 0 0.885287 -0.200704 
0.867416 1 0.921806 0 0.885476 -0.20585 
0.867948 1 0.922248 0 0.885633 -0.210945 
0.86846 1 0.92269 0 0.885774 -0.215962 
0.868951 1 0.923113 0 0.885927 -0.220896 
0.869439 1 0.923536 0 0.886049 -0.225772 
0.869916 1 0.923942 0 0.886145 -0.230536 
0.870385 1 0.924342 0 0.886214 -0.235223 
0.87085 1 0.924728 0 0.886254 -0.239823 
0.871297 1 0.925107 0 0.886276 -0.244315 
0.871731 1 0.925476 0 0.886278 -0.248741 
0.872151 1 0.925834 0 0.886255 -0.253059 
0.872557 1 0.926181 0 0.886206 -0.257248 
0.872948 1 0.926517 0 0.886136 -0.261346 
0.873328 1 0.926847 0 0.886043 -0.26533 
0.873692 1 0.927165 0 0.885929 -0.269208 
0.874041 1 0.927471 0 0.885794 -0.272991 
0.874374 1 0.927766 0 0.885637 -0.276646 
0.874693 1 0.928053 0 0.885463 -0.280189 
0.874998 1 0.928327 0 0.885269 -0.283607 
0.875286 1 0.92859 0 0.885059 -0.286923 
0.875556 1 0.928838 0 0.884833 -0.290074 
0.875808 1 0.929074 0 0.884593 -0.29311 
0.876045 1 0.929298 0 0.884337 -0.295995 
0.876263 1 0.929507 0 0.884069 -0.298746 
0.87646 1 0.9297 0 0.88379 -0.301319 
0.876639 1 0.929879 0 0.8835 -0.303731 
0.876797 1 0.93004 0 0.883201 -0.305963 
0.876932 1 0.930183 0 0.882893 -0.308007 
0.877043 1 0.930307 0 0.882578 -0.309845 
0.877129 1 0.930409 0 0.882257 -0.311451 
0.877187 1 0.930488 0 0.881931 -0.312805 
0.877158 1 0.930564 0 0.881647 -0.313899 
0.877109 1 0.930591 0 0.881375 -0.314706 
0.877105 0 0.930523 0 0.881068 -0.315204 
0.877085 0 0.930198 0 0.880621 -0.314539 
0.877058 0 0.929567 0 0.879989 -0.312461 
0.877031 0 0.928584 0 0.879148 -0.308766 
0.877006 0 0.927222 0 0.878084 -0.303346 
0.876985 0 0.925477 0 0.876793 -0.296202 
0.876967 0 0.923363 0 0.87528 -0.287438 
0.876952 0 0.920912 0 0.873558 -0.277231 
0.87694 0 0.918167 0 0.871648 -0.265797 
0.876931 0 0.915175 0 0.869573 -0.253365 
0.876924 0 0.911984 0 0.867358 -0.240151 
0.876921 0 0.908641 0 0.865029 -0.22635 
0.87692 0 0.905187 0 0.86261 -0.212131 
0.876922 0 0.901659 0 0.860125 -0.197638 
0.876927 0 0.898089 0 0.857593 -0.182989 
0.875341 0 0.896467 1 0.856094 -0.16828 
0.87383 0 0.894919 0 0.854588 -0.154171 
0.872382 0 0.893328 0 0.853075 -0.14005 
0.870972 0 0.89174 0 0.851593 -0.12598 
0.869581 0 0.890179 0 0.850154 -0.11201 
0.868204 0 0.888659 0 0.848762 -0.0981784 
0.866845 0 0.887183 0 0.847422 -0.0845161 
0.865507 0 0.885755 0 0.846139 -0.0710473 
0.864193 0 0.884378 0 0.844918 -0.0577904 
0.862904 0 0.883057 0 0.84376 -0.0447597 
0.861637 0 0.881794 0 0.842668 -0.0319659 
0.86039 0 0.880594 0 0.841642 -0.0194167 
0.859163 0 0.879457 0 0.840682 -0.00711748 
0.857954 0 0.878385 0 0.839787 0.00492783 
0.856609 1 0.877429 0 0.840078 0.0167222 
0.855275 1 0.87656 0 0.840374 0.0280167 
0.853955 0 0.875794 0 0.84073 0.0387877 
0.852648 0 0.875062 0 0.841108 0.0493616 
0.851355 0 0.87437 0 0.841521 0.0597312 
0.850073 0 0.873723 0 0.841976 0.0698915 
0.848801 0 0.873121 0 0.842474 0.0798391 
0.847537 0 0.872567 0 0.843016 0.0895714 
0.84628 0 0.87206 0 0.843604 0.0990868 
0.845029 0 0.8716 0 0.844236 0.108384 
0.843783 0 0.871186 0 0.844914 0.117464 
0.842542 0 0.870818 0 0.845636 0.126325 
0.841305 0 0.870494 0 0.846404 0.134969 
0.840072 0 0.870214 0 0.847215 0.143395 
0.838844 0 0.869975 0 0.848071 0.151606 
0.838118 0 0.869533 1 0.847912 0.15961 
0.837501 0 0.869103 1 0.847802 0.167124 
0.836869 0 0.868837 1 0.847868 0.174081 
0.836208 0 0.868754 0 0.848104 0.180379 
0.835526 0 0.868751 0 0.848422 0.186456 
0.834838 0 0.868786 0 0.848816 0.192306 
0.834155 0 0.868865 0 0.849267 0.197925 
0.833717 0 0.868648 1 0.849456 0.203308 
0.833451 0 0.868423 1 0.849583 0.207801 
0.833274 0 0.868936 1 0.849704 0.211237 
0.833138 0 0.870188 0 0.849846 0.213432 
0.833049 0 0.871613 0 0.850131 0.215378 
0.832959 0 0.873106 0 0.850412 0.217064 
0.833388 1 0.873476 0 0.85035 0.218484 
0.833854 1 0.874219 0 0.850448 0.218277 
0.834626 0 0.874097 0 0.850702 0.216408 
0.835193 0 0.874101 1 0.850637 0.214547 
0.835861 0 0.874129 1 0.850645 0.211169 
0.836677 0 0.874181 1 0.850676 0.206305 
0.837654 0 0.874276 1 0.850685 0.200037 
0.838937 1 0.874289 1 0.850628 0.1925 
0.840662 1 0.874333 1 0.850439 0.182522 
0.842754 1 0.874388 1 0.850162 0.170857 
0.845117 1 0.874446 1 0.849849 0.158136 
0.847663 1 0.874499 1 0.84953 0.144839 
0.850324 1 0.874538 1 0.849219 0.131273 
0.853048 1 0.874561 1 0.848922 0.117664 
0.855799 1 0.874569 1 0.84864 0.104148 
0.858552 1 0.874565 1 0.848373 0.0908045 
0.859635 1 0.875339 1 0.84853 0.0776833 
0.860611 1 0.87598 1 0.8486 0.0648222 
0.862513 1 0.875897 1 0.847704 0.0522364 
0.864525 1 0.875649 1 0.846913 0.0399393 
0.86654 1 0.875316 1 0.846262 0.027935 
0.868556 1 0.874908 1 0.845676 0.0162161 
0.870561 1 0.874442 1 0.845123 0.00477705 
0.87254 1 0.873932 1 0.844593 -0.00638179 
0.874482 1 0.873388 1 0.844079 -0.0172644 
0.876376 1 0.872816 1 0.843579 -0.027876 
0.878215 1 0.872222 1 0.843088 -0.0382249 
0.879993 1 0.871609 1 0.842606 -0.0483151 
0.881693 1 0.871009 1 0.842166 -0.0581597 
0.883387 1 0.870391 1 0.841742 -0.0677597 
0.885078 1 0.869791 1 0.841321 -0.0771216 
0.886726 1 0.869205 1 0.840914 -0.0862469 
0.888323 1 0.86861 1 0.840507 -0.0951462 
0.889849 1 0.868011 1 0.840105 -0.10382 
0.891304 1 0.867409 1 0.839707 -0.112281 
0.892689 1 0.866805 1 0.839315 -0.120526 
0.894006 1 0.866202 1 0.838928 -0.128565 
0.895274 1 0.865611 1 0.83856 -0.136404 
0.896503 1 0.86502 1 0.838207 -0.144043 
0.897685 1 0.864429 1 0.837868 -0.151496 
0.898813 1 0.863841 1 0.837537 -0.158759 
0.899877 1 0.863251 1 0.837212 -0.165843 
0.900874 1 0.86267 1 0.836888 -0.172743 
0.901811 1 0.862098 1 0.83657 -0.179475 
0.90269 1 0.861535 1 0.836258 -0.186046 
0.903516 1 0.860979 1 0.835954 -0.192448 
0.904287 1 0.860431 1 0.835658 -0.198688 
0.905005 1 0.859888 1 0.835371 -0.204774 
0.905673 1 0.859354 1 0.835091 -0.210709 
0.906322 1 0.858799 1 0.834808 -0.216496 
0.906954 1 0.858252 1 0.834523 -0.222136 
0.907562 1 0.857744 1 0.83428 -0.227629 
0.908133 1 0.857261 1 0.83405 -0.232992 
0.908652 1 0.856788 1 0.833818 -0.238225 
0.909124 1 0.856328 1 0.833586 -0.243321 
0.909558 1 0.855879 1 0.833355 -0.248296 
0.909963 1 0.855443 1 0.833131 -0.253146 
0.910347 1 0.855015 1 0.832906 -0.257873 
0.910718 1 0.854595 1 0.832696 -0.262478 
0.911076 1 0.854182 1 0.832503 -0.266971 
0.91142 1 0.853779 1 0.832323 -0.271351 
0.911747 1 0.853383 1 0.832154 -0.275622 
0.912058 1 0.853 1 0.831993 -0.279785 
0.912354 1 0.852626 1 0.831844 -0.283844 
0.912638 1 0.852262 1 0.831705 -0.287805 
0.912913 1 0.851908 1 0.831577 -0.291665 
0.91318 1 0.851565 1 0.831457 -0.295428 
0.913442 1 0.851231 1 0.831348 -0.299096 
0.9137 1 0.850908 1 0.831246 -0.30267 
0.913955 1 0.850595 1 0.831154 -0.306159 
0.914208 1 0.850293 1 0.831069 -0.309558 
0.91446 1 0.850001 1 0.830991 -0.312872 
0.914716 1 0.849721 1 0.830913 -0.316106 
0.914975 1 0.849455 1 0.830844 -0.319257 
0.915237 1 0.849201 1 0.830784 -0.32233 
0.915504 1 0.848959 1 0.830728 -0.325324 
0.915645 1 0.849003 1 0.830914 -0.328246 
0.915645 1 0.849062 1 0.831108 -0.331092 
0.915545 1 0.849095 1 0.83128 -0.333886 
0.915389 1 0.849096 1 0.831447 -0.336656 
0.915205 1 0.849069 1 0.831606 -0.339311 
0.915004 1 0.849016 1 0.831759 -0.341822 
0.914794 1 0.848949 1 0.831917 -0.344284 
0.914575 1 0.848866 1 0.832072 -0.346742 
0.914351 1 0.848776 1 0.832234 -0.349123 
0.914119 1 0.848677 1 0.832406 -0.351439 
0.913884 1 0.848574 1 0.832584 -0.353702 
0.913646 1 0.848465 1 0.832773 -0.35592 
0.913406 1 0.848355 1 0.832962 -0.358083 
0.913168 1 0.848247 1 0.833157 -0.360211 
0.912932 1 0.848141 1 0.833357 -0.362262 
0.912699 1 0.848253 1 0.833579 -0.364262 
0.912521 1 0.848218 1 0.833733 -0.366186 
0.912343 1 0.848351 1 0.833909 -0.368097 
0.912178 1 0.848529 1 0.834044 -0.36995 
0.91205 1 0.848518 1 0.834165 -0.371769 
0.911877 1 0.848442 1 0.834325 -0.373512 
0.911667 1 0.848558 1 0.834525 -0.375228 
0.911472 1 0.848727 1 0.834673 -0.376891 
0.91133 1 0.848709 1 0.834804 -0.378521 
0.911162 1 0.848831 1 0.83497 -0.380126 
0.911019 1 0.84881 1 0.835112 -0.381669 
0.910844 1 0.848935 1 0.835282 -0.383187 
0.910693 1 0.84892 1 0.835426 -0.384659 
0.910515 1 0.849041 1 0.835597 -0.386112 
0.910366 1 0.849023 1 0.835737 -0.387503 
0.910198 1 0.849137 1 0.835904 -0.388867 
0.91006 1 0.849121 1 0.83604 -0.39018 
0.909907 1 0.849227 1 0.836207 -0.391481 
0.909761 1 0.849363 1 0.836343 -0.392744 
0.909661 1 0.849358 1 0.836467 -0.393986 
0.909536 1 0.849455 1 0.836616 -0.39519 
0.909432 1 0.84944 1 0.83675 -0.396357 
0.909303 1 0.849531 1 0.8369 -0.397502 
0.909199 1 0.849521 1 0.837025 -0.398619 
0.909077 1 0.849608 1 0.837171 -0.399703 
0.90898 1 0.849601 1 0.837287 -0.400761 
0.90887 1 0.849684 1 0.837422 -0.401796 
0.908763 1 0.849788 1 0.837541 -0.402805 
0.908696 1 0.849793 1 0.837636 -0.403789 
0.908611 1 0.84987 1 0.837753 -0.404747 
0.908544 1 0.849871 1 0.837845 -0.405677 
0.908458 1 0.849939 1 0.837956 -0.406587 
0.908392 1 0.849943 1 0.838039 -0.407475 
0.90831 1 0.850007 1 0.838141 -0.408336 
0.908228 1 0.850085 1 0.838229 -0.409179 
0.908178 1 0.850098 1 0.838293 -0.409998 
0.908115 1 0.850153 1 0.838377 -0.410808 
0.908069 1 0.850164 1 0.838434 -0.411587 
0.908008 1 0.850216 1 0.83851 -0.41235 
0.907943 1 0.850276 1 0.838579 -0.413092 
0.907885 1 0.850335 1 0.838642 -0.413814 
0.907833 1 0.85039 1 0.838701 -0.414524 
0.907787 1 0.850441 1 0.838756 -0.415217 
0.907745 1 0.850488 1 0.838808 -0.415896 
0.907702 1 0.850554 1 0.838879 -0.416554 
0.907664 0 0.850624 1 0.838944 -0.417193 
0.907631 0 0.850693 1 0.838996 -0.417816 
0.907601 0 0.850766 1 0.839039 -0.418423 
0.907574 0 0.850845 1 0.839072 -0.419016 
0.90755 0 0.850931 1 0.839096 -0.419593 
0.907531 0 0.851025 1 0.839108 -0.420154 
0.907517 0 0.85113 1 0.839111 -0.420703 
0.907517 0 0.851249 1 0.839096 -0.421239 
0.907547 0 0.851364 0 0.839053 -0.421762 
0.907593 0 0.851462 0 0.838976 -0.422271 
0.907645 0 0.851536 0 0.838865 -0.422768 
0.907699 0 0.851583 0 0.83872 -0.423252 
0.907756 0 0.851599 0 0.838539 -0.423724 
0.907815 0 0.851585 0 0.838317 -0.424184 
0.907877 0 0.851538 0 0.838054 -0.424631 
0.907941 0 0.851459 0 0.837746 -0.425067 
0.908007 0 0.851348 0 0.837392 -0.425491 
0.908078 0 0.851206 0 0.836992 -0.425901 
0.908151 0 0.851031 0 0.836543 -0.426299 
0.908229 0 0.850824 0 0.836047 -0.42668 
0.90831 0 0.850586 0 0.835502 -0.427045 
0.908396 0 0.850314 0 0.834909 -0.427387 
0.908485 0 0.850008 0 0.834268 -0.427702 
0.908578 0 0.849666 0 0.833579 -0.427979 
0.908675 0 0.849286 0 0.832839 -0.428205 
0.908777 0 0.848863 0 0.832046 -0.428357 
0.908882 0 0.848391 0 0.831195 -0.428405 
0.908991 0 0.847861 0 0.830278 -0.428305 
0.909105 0 0.847256 0 0.829282 -0.427991 
0.909223 0 0.846555 0 0.82819 -0.427379 
0.909345 0 0.845732 0 0.826978 -0.426351 
0.909471 0 0.844748 0 0.825617 -0.424763 
0.909601 0 0.843559 0 0.824068 -0.422441 
0.909734 0 0.842115 0 0.822292 -0.419193 
0.90987 0 0.840367 0 0.820249 -0.414833 
0.910008 0 0.838272 0 0.817904 -0.409202 
0.910146 0 0.835788 0 0.815207 -0.402198 
0.910288 0 0.832914 0 0.812162 -0.393785 
0.910438 0 0.82966 0 0.808783 -0.384005 
0.910594 0 0.826054 0 0.805095 -0.372956 
0.910755 0 0.822135 0 0.801132 -0.360779 
0.91092 0 0.81795 0 0.796934 -0.347637 
0.911089 0 0.813546 0 0.792545 -0.333701 
0.911261 0 0.808974 0 0.788006 -0.319134 
0.911437 0 0.804281 0 0.783361 -0.304089 
0.911617 0 0.79951 0 0.778649 -0.288701 
0.911801 0 0.794699 0 0.773904 -0.273088 
0.911987 0 0.789882 0 0.769157 -0.257352 
0.912177 0 0.785087 0 0.764435 -0.241577 
0.91201 0 0.780759 0 0.760015 -0.225835 
0.9119 0 0.776574 0 0.755732 -0.210182 
0.911835 0 0.772426 0 0.751509 -0.194668 
0.911801 0 0.768341 0 0.747368 -0.179329 
0.911784 0 0.764339 0 0.743322 -0.164198 
0.911781 0 0.760429 0 0.739377 -0.149299 
0.911793 0 0.756613 0 0.735537 -0.134654 
0.911824 0 0.752892 0 0.731804 -0.120277 
0.911877 0 0.749267 0 0.728181 -0.106182 
0.911955 0 0.745739 0 0.724667 -0.0923786 
0.912056 0 0.74231 0 0.721263 -0.0788744 
0.91218 0 0.738981 0 0.717969 -0.0656756 
0.912325 0 0.735752 0 0.714784 -0.0527873 
0.91249 0 0.732623 0 0.711707 -0.0402134 
0.912664 0 0.729834 0 0.708928 -0.027957 
0.912878 0 0.727203 0 0.706304 -0.0160209 
0.913113 0 0.72466 0 0.703774 -0.00440775 
0.91337 0 0.72221 0 0.701344 0.00687985 
0.913648 0 0.719915 0 0.699064 0.0178394 
0.913786 0 0.717765 0 0.697018 0.0284676 
0.913952 0 0.715742 0 0.695122 0.0387612 
0.914146 0 0.713803 0 0.693311 0.0487161 
0.914366 0 0.711954 0 0.691592 0.0583274 
0.914607 0 0.710198 0 0.689965 0.0675896 
0.914868 0 0.708535 0 0.688429 0.076496 
0.915147 0 0.706965 0 0.686984 0.0850389 
0.915623 0 0.705755 0 0.685742 0.0932099 
0.916243 0 0.704847 0 0.684684 0.100998 
0.916191 0 0.70393 0 0.683497 0.108393 
0.916089 0 0.703119 0 0.682376 0.115383 
0.915991 0 0.702427 0 0.681347 0.121955 
0.915873 0 0.701828 0 0.680398 0.128096 
0.915736 0 0.701315 0 0.679521 0.133792 
0.915584 0 0.700892 0 0.678709 0.139028 
0.915424 0 0.700564 0 0.677961 0.143792 
0.915256 0 0.700333 0 0.677273 0.148067 
0.915109 0 0.700295 0 0.67677 0.151843 
0.914969 0 0.700401 0 0.676378 0.155106 
0.91481 0 0.700597 0 0.67604 0.15785 
0.914652 0 0.700938 0 0.675826 0.160065 
0.914471 0 0.701367 0 0.675665 0.161749 
0.914286 0 0.701936 0 0.675622 0.1629 
0.914072 0 0.702587 0 0.675628 0.163521 
0.91385 0 0.703369 0 0.67574 0.163619 
0.913596 0 0.704226 0 0.675893 0.163202 
0.913327 0 0.705201 0 0.67614 0.162285 
0.913021 0 0.706243 0 0.676421 0.160885 
0.912677 0 0.707348 0 0.676733 0.159021 
0.911254 0 0.70796 0 0.676743 0.156717 
0.910023 0 0.70871 0 0.676883 0.153997 
0.908842 0 0.70954 0 0.677066 0.15089 
0.907681 0 0.710433 0 0.677309 0.147423 
0.906509 0 0.711384 0 0.677603 0.143626 
0.905331 0 0.712387 0 0.677942 0.139529 
0.904146 0 0.713439 0 0.678321 0.135163 
0.902941 0 0.714468 0 0.678656 0.130556 
0.901747 0 0.715521 0 0.679006 0.12574 
0.900582 0 0.716615 0 0.679385 0.120742 
0.899454 0 0.717743 0 0.67979 0.115591 
0.898351 0 0.718906 0 0.680219 0.110312 
0.897257 0 0.720091 0 0.680659 0.104933 
0.896164 0 0.721287 0 0.681097 0.0994757 
0.895073 0 0.722482 0 0.681524 0.0939649 
0.893986 0 0.723733 0 0.682002 0.0884219 
0.892913 0 0.724992 0 0.68248 0.0828672 
0.89185 0 0.72623 0 0.682935 0.0773204 
0.890798 0 0.727445 0 0.683368 0.0717993 
0.889759 0 0.728656 0 0.683798 0.0663208 
0.88873 0 0.729836 0 0.6842 0.0609008 
0.887712 0 0.730982 0 0.684571 0.0555539 
0.886702 0 0.732112 0 0.684929 0.0502936 
0.885701 0 0.733199 0 0.685249 0.0451327 
0.88471 0 0.734243 0 0.685531 0.040083 
0.883727 0 0.735239 0 0.685772 0.0351553 
0.882752 0 0.736206 0 0.685992 0.0303599 
0.881786 0 0.737119 0 0.686165 0.0257062 
0.880828 0 0.737977 0 0.686293 0.0212031 
0.879878 0 0.738776 0 0.686374 0.0168585 
0.878936 0 0.739517 0 0.686408 0.0126799 
0.878003 0 0.740212 0 0.686409 0.00867405 
0.877077 0 0.740842 0 0.686358 0.0048475 
0.876157 0 0.741407 0 0.686255 0.00120594 
0.875244 0 0.741906 0 0.686101 -0.00224529 
0.874336 0 0.742337 0 0.685894 -0.0055016 
0.87344 0 0.742704 0 0.685643 -0.00855876 
0.872548 0 0.743001 0 0.685338 -0.0114131 
0.87166 0 0.743228 0 0.684978 -0.0140615 
0.870775 0 0.743384 0 0.684565 -0.0165015 
0.8699 0 0.743466 0 0.6841 -0.0187309 
0.869026 0 0.743476 0 0.683582 -0.0207484 
0.868154 0 0.743416 0 0.68301 -0.022553 
0.867282 0 0.743286 0 0.682384 -0.0241442 
0.866374 0 0.743197 0 0.681793 -0.0255226 
0.865378 0 0.743001 0 0.681143 -0.0266886 
0.864323 0 0.742757 0 0.680423 -0.0276432 
0.863265 0 0.742444 0 0.679641 -0.0283882 
0.862206 0 0.742069 0 0.678811 -0.0289259 
0.861151 0 0.741636 0 0.677938 -0.0292596 
0.860102 0 0.741144 0 0.677024 -0.0293927 
0.859057 0 0.740584 0 0.676062 -0.0293296 
0.858016 0 0.739959 0 0.675053 -0.0290752 
0.856985 0 0.739287 0 0.674012 -0.0286354 
0.855816 0 0.738513 0 0.672875 -0.0280162 
0.854641 0 0.737648 0 0.671663 -0.027224 
0.853462 0 0.736733 0 0.670406 -0.0262665 
0.852277 0 0.73577 0 0.66911 -0.0251514 
0.851088 0 0.734762 0 0.667779 -0.023887 
0.849756 0 0.733819 0 0.666476 -0.0224819 
0.848347 0 0.732868 0 0.665142 -0.0209446 
0.846939 0 0.731881 0 0.663777 -0.0192839 
0.845527 0 0.73085 0 0.662375 -0.0175086 
0.844117 0 0.729785 0 0.660948 -0.0156286 
0.842711 0 0.72869 0 0.659501 -0.0136531 
0.841308 0 0.727565 0 0.658032 -0.0115918 
0.839908 0 0.726408 0 0.656541 -0.00945459 
0.838506 0 0.725221 0 0.655027 -0.00725131 
0.837102 0 0.724004 0 0.653488 -0.00499165 
0.835692 0 0.72276 0 0.651927 -0.00268564 
0.834274 0 0.721489 0 0.650343 -0.000342826 
0.832847 0 0.720193 0 0.648737 0.00202714 
0.831409 0 0.718875 0 0.647111 0.00441472 
0.82996 0 0.717534 0 0.645464 0.0068107 
0.828498 0 0.716172 0 0.643798 0.00920613 
0.827022 0 0.71479 0 0.642114 0.0115921 
0.825532 0 0.71339 0 0.640412 0.0139599 
0.824026 0 0.711972 0 0.638693 0.0163017 
0.822502 0 0.710537 0 0.636957 0.0186092 
0.82096 0 0.709086 0 0.635205 0.0208748 
0.819398 0 0.707617 0 0.633435 0.0230911 
0.817815 0 0.706133 0 0.63165 0.0252514 
0.816209 0 0.704633 0 0.629847 0.0273487 
0.814579 0 0.703117 0 0.628028 0.029377 
0.812925 0 0.701585 0 0.626192 0.0313303 
0.811244 0 0.700036 0 0.624339 0.0332031 
0.809536 0 0.698471 0 0.622468 0.0349902 
0.807799 0 0.696889 0 0.62058 0.0366869 
0.806032 0 0.69529 0 0.618673 0.0382888 
0.804235 0 0.693671 0 0.616748 0.039792 
0.802406 0 0.692034 0 0.614804 0.0411929 
0.800544 0 0.690377 0 0.61284 0.0424883 
0.798648 0 0.688699 0 0.610855 0.0436757 
0.796717 0 0.686999 0 0.608849 0.0447525 
0.794751 0 0.685275 0 0.606821 0.0457168 
0.792747 0 0.683528 0 0.604771 0.0465673 
0.790706 0 0.681754 0 0.602696 0.0473026 
0.788626 0 0.679954 0 0.600598 0.0479222 
0.786507 0 0.678126 0 0.598474 0.0484256 
0.784348 0 0.676268 0 0.596323 0.0488131 
0.782148 0 0.674379 0 0.594146 0.049085 
0.779906 0 0.672457 0 0.59194 0.049242 
0.777622 0 0.670501 0 0.589706 0.0492855 
0.775296 0 0.66851 0 0.587441 0.049217 
0.772926 0 0.666482 0 0.585145 0.0490381 
0.770512 0 0.664415 0 0.582817 0.0487513 
0.768053 0 0.662309 0 0.580456 0.0483588 
0.76555 0 0.660161 0 0.578062 0.0478633 
0.763001 0 0.65797 0 0.575632 0.0472681 
0.760406 0 0.655735 0 0.573167 0.0465761 
0.757765 0 0.653454 0 0.570664 0.045791 
0.755554 0 0.652701 0 0.569341 0.0449162 
0.753312 0 0.651903 0 0.567982 0.0439589 
0.751038 0 0.65106 0 0.566587 0.0429256 
0.748733 0 0.650169 0 0.565154 0.0418233 
0.746398 0 0.649231 0 0.563683 0.0406585 
0.744032 0 0.648243 0 0.562175 0.0394378 
0.741636 0 0.647206 0 0.560627 0.0381673 
0.73921 0 0.646118 0 0.55904 0.0368537 
0.736754 0 0.644978 0 0.557413 0.0355028 
0.734269 0 0.643786 0 0.555746 0.0341206 
0.731753 0 0.642541 0 0.554039 0.0327129 
0.729209 0 0.641243 0 0.55229 0.0312852 
0.726635 0 0.63989 0 0.5505 0.029843 
0.724032 0 0.638482 0 0.548668 0.0283914 
0.7214 0 0.63702 0 0.546794 0.0269354 
0.718738 0 0.635501 0 0.544878 0.0254797 
0.716047 0 0.633927 0 0.542918 0.024029 
0.713327 0 0.632297 0 0.540916 0.0225875 
0.710578 0 0.63061 0 0.538871 0.0211593 
0.707799 0 0.628866 0 0.536782 0.0197484 
0.70499 0 0.627066 0 0.53465 0.0183584 
0.702153 0 0.625209 0 0.532473 0.0169926 
0.700671 0 0.624062 0 0.531097 0.0156544 
0.700058 0 0.623987 0 0.530748 0.0143468 
0.699416 0 0.623873 0 0.530367 0.0130743 
0.698745 0 0.623722 0 0.529953 0.0118413 
0.698048 0 0.623534 0 0.529507 0.010652 
0.697325 0 0.623309 0 0.529029 0.00951032 
0.696577 0 0.623047 0 0.52852 0.00841992 
0.695805 0 0.622749 0 0.52798 0.00738438 
0.695009 0 0.622415 0 0.527409 0.00640682 
0.694191 0 0.622045 0 0.526808 0.0054901 
0.693352 0 0.62164 0 0.526176 0.00463695 
0.692491 0 0.621199 0 0.525514 0.00384973 
0.691609 0 0.620723 0 0.524822 0.00313058 
0.690708 0 0.620212 0 0.5241 0.00248104 
0.689788 0 0.619667 0 0.523348 0.0019029 
0.688848 0 0.619087 0 0.522567 0.00139724 
0.68789 0 0.618472 0 0.521757 0.000965016 
0.686914 0 0.617824 0 0.520917 0.00060691 
0.685921 0 0.617141 0 0.520049 0.000323372 
0.68491 0 0.616425 0 0.519152 0.000114572 
0.683882 0 0.615675 0 0.518226 -1.96615e-05 
0.682838 0 0.614892 0 0.517272 -7.9722e-05 
0.681777 0 0.614076 0 0.51629 -6.6231e-05 
0.6807 0 0.613227 0 0.515279 2.01343e-05 
0.679607 0 0.612345 0 0.514241 0.000178076 
0.678498 0 0.611431 0 0.513176 0.000406577 
0.677373 0 0.610484 0 0.512082 0.000704113 
0.676232 0 0.609506 0 0.510962 0.00106894 
0.675076 0 0.608495 0 0.509815 0.00149913 
0.673904 0 0.607453 0 0.50864 0.00199271 
0.672716 0 0.60638 0 0.507439 0.00254742 
0.671631 0 0.605541 0 0.506433 0.00316112 
0.670529 0 0.604669 0 0.5054 0.00383167 
0.669411 0 0.603766 0 0.504341 0.00455696 
0.668277 0 0.602832 0 0.503254 0.00533465 
0.667127 0 0.601866 0 0.502141 0.00616234 
0.66596 0 0.600869 0 0.501002 0.00703751 
0.664777 0 0.599841 0 0.499837 0.0079575 
