0.395255 0 0.511618 0 0.511616 0.500001 
0.395363 0 0.512827 0 0.512309 0.498957 
0.395742 0 0.514451 0 0.51374 0.497383 
0.396259 0 0.516515 0 0.515667 0.49498 
0.396947 0 0.518924 0 0.518213 0.491369 
0.397766 0 0.521701 0 0.521171 0.486182 
0.39853 0 0.524602 0 0.524315 0.479168 
0.399369 0 0.52782 0 0.527634 0.470249 
0.400314 0 0.531319 0 0.53116 0.459494 
0.401305 0 0.534971 0 0.534855 0.447073 
0.402343 0 0.538765 0 0.53869 0.433203 
0.403431 0 0.542688 0 0.542623 0.41813 
0.404544 0 0.54667 0 0.546605 0.402101 
0.405657 0 0.550648 0 0.550581 0.385353 
0.406761 0 0.55457 0 0.554498 0.368104 
0.407588 0 0.558273 0 0.557942 0.350546 
0.408197 0 0.561782 0 0.560922 0.332839 
0.408581 0 0.564945 0 0.563504 0.315114 
0.408814 0 0.567765 0 0.565758 0.297474 
0.408955 0 0.570269 0 0.567719 0.279999 
0.409038 0 0.57247 0 0.569397 0.262747 
0.409078 0 0.574369 0 0.570796 0.245762 
0.40909 0 0.57597 0 0.571922 0.229076 
0.409089 0 0.577287 0 0.572785 0.212708 
0.409077 0 0.57832 0 0.573388 0.196673 
0.409051 0 0.57907 0 0.573736 0.18098 
0.409184 0 0.579597 0 0.574223 0.165632 
0.409406 0 0.579954 0 0.574626 0.15063 
0.409658 0 0.580114 0 0.574858 0.135974 
0.409908 0 0.580063 0 0.574902 0.121661 
0.410249 0 0.579918 0 0.574787 0.107686 
0.410709 0 0.579681 0 0.574622 0.0940455 
0.411222 0 0.579333 0 0.57438 0.080733 
0.411773 0 0.578884 0 0.574041 0.0677429 
0.412246 0 0.578279 0 0.57348 0.0550688 
0.412673 0 0.577515 0 0.572746 0.0427044 
0.41307 0 0.576616 0 0.57188 0.0306432 
0.413446 0 0.575604 0 0.57091 0.0188784 
0.413808 0 0.574501 0 0.569856 0.00740363 
0.414167 0 0.573329 0 0.568737 -0.0037879 
0.41452 0 0.572093 0 0.567556 -0.0147025 
0.414861 0 0.570795 0 0.566319 -0.0253468 
0.415189 0 0.569442 0 0.565033 -0.0357268 
0.415511 0 0.568052 0 0.563708 -0.0458492 
0.415827 0 0.566629 0 0.562351 -0.0557198 
0.416129 0 0.565173 0 0.560963 -0.0653446 
0.416419 0 0.56369 0 0.55955 -0.0747296 
0.416703 0 0.562194 0 0.558123 -0.0838805 
0.416979 0 0.560687 0 0.556683 -0.0928028 
0.417241 0 0.559166 0 0.555231 -0.101502 
0.41749 0 0.557635 0 0.55377 -0.109984 
0.417732 0 0.556105 0 0.552308 -0.118253 
0.417965 0 0.554577 0 0.550846 -0.126314 
0.418183 0 0.553045 0 0.549381 -0.134174 
0.418384 0 0.551512 0 0.547915 -0.141835 
0.418577 0 0.549987 0 0.546455 -0.149303 
0.418758 0 0.548469 0 0.544999 -0.156583 
0.418919 0 0.546951 0 0.543544 -0.163678 
0.419062 0 0.545433 0 0.542089 -0.170593 
0.41919 0 0.543923 0 0.54064 -0.177332 
0.419302 0 0.542418 0 0.539194 -0.183898 
0.419389 0 0.540911 0 0.537745 -0.190295 
0.419449 0 0.539399 0 0.536293 -0.196527 
0.419488 0 0.537889 0 0.534841 -0.202596 
0.419501 0 0.536378 0 0.533385 -0.208505 
0.41948 0 0.534856 0 0.531919 -0.214256 
0.419422 0 0.533322 0 0.530443 -0.219851 
0.419331 0 0.531782 0 0.528958 -0.225292 
0.419204 0 0.530235 0 0.527464 -0.23058 
0.419032 0 0.528672 0 0.525957 -0.235714 
0.418816 0 0.527097 0 0.524438 -0.240693 
0.418562 0 0.52552 0 0.522917 -0.245518 
0.41827 0 0.523946 0 0.521395 -0.250186 
0.417938 0 0.522373 0 0.519877 -0.254694 
0.41757 0 0.520808 0 0.518369 -0.259039 
0.417179 0 0.519269 0 0.516885 -0.263217 
0.416769 0 0.517761 0 0.515432 -0.267225 
0.416339 0 0.516286 0 0.514014 -0.271057 
0.415895 0 0.514849 0 0.512638 -0.274709 
0.41545 0 0.513466 0 0.511316 -0.278176 
0.415006 0 0.51214 0 0.510052 -0.281453 
0.414559 0 0.510866 0 0.508844 -0.284534 
0.414114 0 0.509648 0 0.507696 -0.287415 
0.413679 0 0.508497 0 0.506616 -0.290092 
0.413252 0 0.507412 0 0.505602 -0.29256 
0.41283 0 0.506386 0 0.50465 -0.294817 
0.412413 0 0.505421 0 0.503762 -0.296857 
0.412008 0 0.504526 0 0.502943 -0.298679 
0.411615 0 0.5037 0 0.502192 -0.30028 
0.411227 0 0.502934 0 0.501503 -0.301658 
0.410914 0 0.50228 0 0.500905 -0.30281 
0.410655 0 0.501739 0 0.50041 -0.303735 
0.41043 0 0.501292 0 0.500002 -0.304429 
0.410219 0 0.500918 0 0.499665 -0.304888 
0.410016 0 0.500609 0 0.499394 -0.305105 
0.409824 0 0.500372 0 0.499193 -0.30507 
0.40964 0 0.500208 0 0.499065 -0.304761 
0.409457 0 0.500117 0 0.499013 -0.304143 
0.409277 0 0.500114 0 0.499051 -0.30316 
0.409106 0 0.500227 0 0.499204 -0.301723 
0.408944 0 0.500482 0 0.4995 -0.29971 
0.408783 0 0.500908 0 0.49997 -0.29696 
0.408627 0 0.501549 0 0.500658 -0.293286 
0.408482 0 0.502457 0 0.501612 -0.288498 
0.408346 0 0.503672 0 0.502871 -0.282428 
0.408213 0 0.505216 0 0.504459 -0.274965 
0.408086 0 0.507101 0 0.506389 -0.266079 
0.407972 0 0.509332 0 0.508659 -0.255823 
0.407869 0 0.511883 0 0.511243 -0.24433 
0.407774 0 0.51471 0 0.5141 -0.231781 
0.407687 0 0.517772 0 0.517187 -0.218384 
0.407618 0 0.52103 0 0.520462 -0.204345 
0.407565 0 0.524441 0 0.523878 -0.189852 
0.407524 0 0.527958 0 0.527391 -0.175071 
0.407496 0 0.531546 0 0.530966 -0.160137 
0.407489 0 0.535184 0 0.534579 -0.145161 
0.407503 0 0.538848 0 0.538203 -0.13023 
0.40753 0 0.542509 0 0.541813 -0.11541 
0.407573 0 0.546152 0 0.545394 -0.100753 
0.407636 0 0.549772 0 0.548937 -0.0862969 
0.407719 0 0.553356 0 0.552431 -0.07207 
0.407814 0 0.556887 0 0.555863 -0.0580929 
0.40792 0 0.560359 0 0.559228 -0.0443798 
0.408043 0 0.563775 0 0.562525 -0.0309406 
0.408181 0 0.567128 0 0.56575 -0.0177812 
0.408325 0 0.570406 0 0.568895 -0.00490517 
0.408476 0 0.573608 0 0.571961 0.00768649 
0.408639 0 0.57674 0 0.574951 0.0199944 
0.408811 0 0.579799 0 0.577862 0.0320202 
0.408984 0 0.582775 0 0.580692 0.0437667 
0.40916 0 0.585669 0 0.583441 0.0552374 
0.409343 0 0.58849 0 0.586115 0.0664363 
0.409532 0 0.591235 0 0.588714 0.0773678 
0.409718 0 0.593899 0 0.591234 0.0880368 
0.409904 0 0.596481 0 0.593679 0.0984481 
0.410095 0 0.598992 0 0.596054 0.108607 
0.410289 0 0.601431 0 0.598359 0.118518 
0.410479 0 0.603793 0 0.600594 0.128187 
0.410666 0 0.606078 0 0.602761 0.13762 
0.410857 0 0.608297 0 0.604865 0.14682 
0.41105 0 0.61045 0 0.606908 0.155795 
0.411238 0 0.612531 0 0.608889 0.164548 
0.411423 0 0.614543 0 0.61081 0.173084 
0.411611 0 0.616496 0 0.612677 0.18141 
0.4118 0 0.618391 0 0.614491 0.189529 
0.411984 0 0.62022 0 0.616252 0.197447 
0.412164 0 0.621988 0 0.617961 0.205169 
0.412347 0 0.623705 0 0.619625 0.212698 
0.412532 0 0.62537 0 0.621245 0.22004 
0.412712 0 0.626979 0 0.622819 0.227199 
0.412888 0 0.628533 0 0.62435 0.23418 
0.413067 0 0.630043 0 0.625845 0.240986 
0.413248 0 0.631509 0 0.627303 0.247622 
0.413425 0 0.632926 0 0.628722 0.254093 
0.413597 0 0.634296 0 0.630107 0.260401 
0.413774 0 0.635629 0 0.631462 0.266551 
0.413952 0 0.636925 0 0.632787 0.272546 
0.414126 0 0.638177 0 0.634082 0.278391 
0.414297 0 0.639389 0 0.635347 0.284089 
0.414472 0 0.64057 0 0.636589 0.289643 
0.414649 0 0.64172 0 0.637808 0.295057 
0.414823 0 0.642832 0 0.639001 0.300334 
0.414993 0 0.643908 0 0.640171 0.305476 
0.415168 0 0.644959 0 0.641323 0.310488 
0.415346 0 0.645984 0 0.642456 0.315372 
0.41552 0 0.646975 0 0.643568 0.32013 
0.415692 0 0.647935 0 0.644661 0.324767 
0.415869 0 0.648873 0 0.645741 0.329283 
0.416048 0 0.649788 0 0.646805 0.333682 
0.416225 0 0.650674 0 0.647852 0.337966 
0.416399 0 0.651531 0 0.648883 0.342137 
0.416579 0 0.652369 0 0.649903 0.346198 
0.416762 0 0.653187 0 0.650912 0.350149 
0.416942 0 0.653978 0 0.651905 0.353994 
0.417121 0 0.654743 0 0.652885 0.357733 
0.417305 0 0.65549 0 0.653856 0.361369 
0.417493 0 0.65622 0 0.654817 0.364901 
0.417679 0 0.656923 0 0.655765 0.368333 
0.417863 0 0.657602 0 0.656702 0.371663 
0.418053 0 0.658264 0 0.65763 0.374894 
0.418248 0 0.65891 0 0.658551 0.378024 
0.418441 0 0.65953 0 0.659459 0.381056 
0.418633 0 0.660126 0 0.660356 0.383988 
0.418832 0 0.660706 0 0.661246 0.386819 
0.419036 0 0.66127 0 0.662129 0.389551 
0.419238 0 0.661808 0 0.663 0.39218 
0.41944 0 0.662322 0 0.663861 0.394707 
0.419649 0 0.66282 0 0.664715 0.39713 
0.419864 0 0.663301 0 0.665562 0.399446 
0.420078 0 0.663757 0 0.666397 0.401655 
0.420292 0 0.664187 0 0.667222 0.403753 
0.420515 0 0.664602 0 0.668041 0.405738 
0.420744 0 0.664999 0 0.668852 0.407609 
0.420973 0 0.66537 0 0.669652 0.409361 
0.421204 0 0.665715 0 0.670442 0.410994 
0.421443 0 0.666044 0 0.671227 0.412505 
0.421691 0 0.666354 0 0.672004 0.413892 
0.421939 0 0.666639 0 0.672771 0.415154 
0.42219 0 0.666897 0 0.673529 0.416291 
0.422452 0 0.66714 0 0.674282 0.417303 
0.422722 0 0.667365 0 0.67503 0.418191 
0.422996 0 0.667564 0 0.67577 0.418958 
0.423274 0 0.667739 0 0.676503 0.41961 
0.423563 0 0.667899 0 0.677234 0.42015 
0.423864 0 0.668044 0 0.677964 0.420588 
0.424169 0 0.668166 0 0.67869 0.420933 
0.424481 0 0.668266 0 0.679414 0.421195 
0.424808 0 0.668356 0 0.680142 0.421387 
0.425148 0 0.668436 0 0.680875 0.421525 
0.425496 0 0.668497 0 0.681612 0.421624 
0.425853 0 0.668543 0 0.682354 0.421701 
0.426229 0 0.668584 0 0.683109 0.421776 
0.426623 0 0.668621 0 0.683879 0.421866 
0.427029 0 0.668647 0 0.684661 0.421991 
0.427451 0 0.668665 0 0.68546 0.422169 
0.427897 0 0.668687 0 0.686284 0.422419 
0.428368 0 0.668712 0 0.687134 0.422758 
0.428859 0 0.668735 0 0.688009 0.4232 
0.429375 0 0.668757 0 0.688914 0.423757 
0.429924 0 0.668791 0 0.689855 0.424439 
0.430509 0 0.668837 0 0.690836 0.425251 
0.431126 0 0.668888 0 0.691855 0.426194 
0.431779 0 0.668946 0 0.692915 0.427265 
0.432477 0 0.669022 0 0.694024 0.428458 
0.433223 0 0.669116 0 0.69518 0.429759 
0.43401 0 0.66922 0 0.696381 0.431155 
0.434841 0 0.669335 0 0.697627 0.43263 
0.435721 0 0.669471 0 0.698921 0.434164 
0.436648 0 0.669624 0 0.700258 0.435741 
0.437611 0 0.669786 0 0.70163 0.437343 
0.438301 0 0.669823 0 0.702627 0.438956 
0.438658 0 0.669733 0 0.703163 0.440569 
0.438793 0 0.669521 0 0.703426 0.442171 
0.438782 0 0.669185 0 0.703541 0.443756 
0.438771 0 0.66884 0 0.703659 0.445316 
0.438767 0 0.668494 0 0.703785 0.44685 
0.43877 0 0.668149 0 0.703919 0.448353 
0.438771 0 0.667793 0 0.704055 0.449825 
0.438773 0 0.667427 0 0.704195 0.451265 
0.438781 0 0.667062 0 0.704343 0.452672 
0.438795 0 0.666695 0 0.704499 0.454045 
0.438808 0 0.666316 0 0.704658 0.455386 
0.43882 0 0.665927 0 0.704821 0.456695 
0.438838 0 0.665537 0 0.704992 0.457972 
0.438862 0 0.665143 0 0.705171 0.459217 
0.438736 0 0.664686 0 0.705158 0.460432 
0.438496 0 0.664188 0 0.704997 0.461616 
0.438183 0 0.663662 0 0.704741 0.462771 
0.437822 0 0.663109 0 0.704429 0.463898 
0.437424 0 0.662527 0 0.704078 0.464996 
0.437001 0 0.661928 0 0.703697 0.466067 
0.436563 0 0.66133 0 0.703295 0.467112 
0.436113 0 0.660741 0 0.702868 0.46813 
0.435646 0 0.660153 0 0.702414 0.469123 
0.435164 0 0.65957 0 0.701935 0.470091 
0.434676 0 0.659001 0 0.701438 0.471035 
0.434181 0 0.658447 0 0.700922 0.471955 
0.433924 0 0.658112 0 0.700614 0.472853 
0.433828 0 0.657888 0 0.700469 0.473728 
0.433829 0 0.657742 0 0.700417 0.474581 
0.433877 0 0.657644 0 0.700406 0.475412 
0.433939 0 0.657563 0 0.700407 0.476223 
0.434008 0 0.657491 0 0.700414 0.477014 
0.434089 0 0.657432 0 0.700427 0.477785 
0.434177 0 0.657386 0 0.700442 0.478537 
0.434265 0 0.657344 0 0.700452 0.47927 
0.434353 0 0.657307 0 0.700457 0.479984 
0.434448 0 0.657283 0 0.700461 0.480681 
0.434548 0 0.657271 0 0.700463 0.48136 
0.434646 0 0.657261 0 0.700457 0.482022 
0.434743 0 0.657256 0 0.700444 0.482668 
0.434846 0 0.657263 0 0.70043 0.483298 
0.434955 0 0.657283 0 0.700413 0.483911 
0.435062 0 0.657305 0 0.700387 0.48451 
0.435167 0 0.657331 0 0.700354 0.485093 
0.43528 0 0.657371 0 0.700318 0.485662 
0.435398 0 0.657423 0 0.700278 0.486217 
0.435515 0 0.657479 0 0.70023 0.486758 
0.435631 0 0.657539 0 0.700174 0.487285 
0.435754 0 0.657613 0 0.700115 0.487799 
0.435884 0 0.657701 0 0.700051 0.488301 
0.436013 0 0.657793 0 0.699979 0.488789 
0.436117 0 0.657887 0 0.699978 0.489266 
0.436296 0 0.658081 0 0.700059 0.489731 
0.436526 0 0.658287 0 0.700212 0.490184 
0.436759 0 0.658489 0 0.700363 0.490625 
0.436991 0 0.658679 0 0.700515 0.491056 
0.437229 0 0.658867 0 0.700674 0.491476 
0.437476 0 0.659043 0 0.700845 0.491885 
0.437727 0 0.659197 0 0.701028 0.492284 
0.437985 0 0.659333 0 0.701224 0.492673 
0.438257 0 0.659461 0 0.701437 0.493053 
0.438542 0 0.65958 0 0.701668 0.493423 
0.438822 0 0.659705 0 0.701904 0.493784 
0.439098 0 0.659815 0 0.702153 0.494135 
0.43938 0 0.65991 0 0.70242 0.494478 
0.439665 0 0.659991 0 0.702702 0.494812 
0.439945 0 0.660049 0 0.702989 0.495138 
0.440222 0 0.660088 0 0.703281 0.495456 
0.440505 0 0.660119 0 0.703584 0.495766 
0.440755 0 0.660238 0 0.703822 0.496068 
0.44098 0 0.660415 0 0.704002 0.496363 
0.441221 0 0.66062 0 0.704196 0.49665 
0.441493 0 0.660853 0 0.704416 0.49693 
0.441796 0 0.661112 0 0.704665 0.497203 
0.442123 0 0.661389 0 0.704937 0.497469 
0.442422 0 0.661681 0 0.705157 0.497729 
0.442716 0 0.661997 0 0.705363 0.497982 
0.443013 0 0.662336 0 0.705567 0.498229 
0.443312 0 0.662692 0 0.70577 0.498469 
0.443617 0 0.663068 0 0.705977 0.498704 
0.443936 0 0.663474 0 0.706193 0.498933 
0.444266 0 0.663911 0 0.706419 0.499156 
0.4446 0 0.664372 0 0.706652 0.499373 
0.444939 0 0.66486 0 0.706896 0.499585 
0.445289 0 0.665387 0 0.707159 0.499792 
0.445649 0 0.665957 0 0.707443 0.499993 
0.446011 0 0.666568 0 0.70775 0.50019 
0.446374 0 0.667228 0 0.708086 0.500381 
0.446746 0 0.667956 0 0.708466 0.500568 
0.447126 0 0.668764 0 0.708895 0.50075 
0.447503 0 0.669652 0 0.709378 0.500927 
0.447881 0 0.670636 0 0.709923 0.501101 
0.448265 0 0.671732 0 0.710542 0.501269 
0.448654 0 0.672948 0 0.711232 0.501434 
0.449039 0 0.674277 0 0.711989 0.501594 
0.449422 0 0.67572 0 0.712806 0.501751 
0.449809 0 0.677281 0 0.713677 0.501903 
0.450199 0 0.678947 0 0.714587 0.502052 
0.450583 0 0.680698 0 0.715518 0.502197 
0.451161 0 0.68263 0 0.716655 0.502338 
0.451866 0 0.6847 0 0.717933 0.502476 
0.452633 0 0.686868 0 0.719263 0.502611 
0.453428 0 0.689073 0 0.720593 0.502741 
0.454477 0 0.691478 0 0.722142 0.502869 
0.455271 0 0.693645 0 0.723347 0.502993 
0.456329 0 0.696003 0 0.724757 0.503115 
0.457381 0 0.698272 0 0.726103 0.503233 
0.458191 0 0.700261 0 0.727113 0.503349 
0.459245 0 0.702423 0 0.728255 0.503461 
0.460254 0 0.704376 0 0.729318 0.503571 
0.461234 0 0.706176 0 0.730282 0.503678 
0.462197 0 0.707849 0 0.731138 0.503782 
0.463195 0 0.709419 0 0.731953 0.503884 
0.463989 0 0.710772 0 0.732421 0.503983 
0.465008 0 0.712229 0 0.732996 0.50408 
0.465841 0 0.713452 0 0.733287 0.504174 
0.466681 0 0.714584 0 0.733503 0.504266 
0.467713 0 0.715781 0 0.733825 0.504355 
0.468622 0 0.71682 0 0.733951 0.504443 
0.469531 0 0.717785 0 0.734019 0.504528 
0.470602 0 0.718765 0 0.73422 0.504611 
0.471609 0 0.719654 0 0.734318 0.504692 
0.472658 0 0.72041 0 0.734508 0.504771 
0.473747 0 0.721103 0 0.734752 0.504848 
0.474796 0 0.721732 0 0.734933 0.504923 
0.47585 0 0.722342 0 0.735103 0.504996 
0.476905 0 0.722927 0 0.735265 0.505067 
0.47796 0 0.723497 0 0.735427 0.505136 
0.479024 0 0.724066 0 0.735599 0.505204 
0.480095 0 0.724638 0 0.735785 0.50527 
0.481166 0 0.725209 0 0.735988 0.505334 
0.482238 0 0.725786 0 0.736212 0.505397 
0.483535 0 0.726355 0 0.736818 0.505458 
0.485051 0 0.727033 0 0.737708 0.505518 
0.486747 0 0.727814 0 0.738829 0.505576 
0.488591 0 0.72868 0 0.740145 0.505632 
0.490562 0 0.729624 0 0.741629 0.505687 
0.492634 0 0.730632 0 0.743254 0.505741 
0.49478 0 0.731686 0 0.744993 0.505793 
0.496983 0 0.732779 0 0.746826 0.505844 
0.499233 0 0.733916 0 0.748739 0.505893 
0.501515 0 0.735091 0 0.750715 0.505941 
0.503811 0 0.736289 0 0.752737 0.505988 
0.506109 0 0.737509 0 0.754793 0.506034 
0.508413 0 0.738756 0 0.756885 0.506078 
0.51071 0 0.740034 0 0.758996 0.506122 
0.513005 0 0.741328 0 0.761137 0.506164 
0.515299 0 0.74264 0 0.763309 0.506205 
0.517568 0 0.743995 0 0.765477 0.506244 
0.519842 0 0.745377 0 0.767679 0.506283 
0.522115 0 0.746775 0 0.76991 0.50632 
0.524388 0 0.748189 0 0.77217 0.506356 
0.526612 0 0.749665 0 0.774402 0.506391 
0.528842 0 0.751166 0 0.776667 0.506425 
0.531073 0 0.752683 0 0.77896 0.506458 
0.533305 0 0.754214 0 0.781281 0.50649 
0.535546 0 0.75577 0 0.783635 0.50652 
0.537795 0 0.757346 0 0.786018 0.506549 
0.539953 0 0.759 0 0.78834 0.506577 
0.542114 0 0.760668 0 0.790691 0.506603 
0.544284 0 0.762358 0 0.793075 0.506628 
0.546057 0 0.763533 0 0.795867 0.506652 
0.547528 0 0.764709 0 0.798002 0.506673 
0.548718 0 0.765798 0 0.799581 0.506694 
0.54971 0 0.766835 0 0.800808 0.506712 
0.550584 0 0.767851 0 0.801887 0.506728 
0.551461 0 0.76888 0 0.802992 0.506743 
0.552341 0 0.769923 0 0.804121 0.506754 
0.553232 0 0.770988 0 0.805279 0.506763 
0.554132 0 0.772074 0 0.806464 0.506769 
0.555036 0 0.77317 0 0.807672 0.506772 
0.555944 0 0.774278 0 0.808902 0.50677 
0.556863 0 0.775405 0 0.810158 0.506764 
0.557792 0 0.776551 0 0.811439 0.506753 
0.55854 0 0.777541 0 0.812828 0.506736 
0.559292 0 0.778542 0 0.814236 0.506712 
0.560056 0 0.779563 0 0.815667 0.506681 
0.560765 0 0.780668 0 0.816863 0.50664 
0.561401 0 0.781764 0 0.817869 0.506589 
0.561978 0 0.782845 0 0.818749 0.506525 
0.562445 0 0.783907 0 0.81959 0.506446 
0.5629 0 0.785013 0 0.820376 0.506351 
0.563289 0 0.786091 0 0.821131 0.506237 
0.563705 0 0.787214 0 0.82185 0.506099 
0.564072 0 0.7883 0 0.822568 0.505934 
0.564411 0 0.789374 0 0.82326 0.505738 
0.564724 0 0.790435 0 0.823919 0.505505 
0.565021 0 0.791489 0 0.824551 0.505229 
0.565316 0 0.792549 0 0.825167 0.504901 
0.565611 0 0.793617 0 0.825769 0.504513 
0.5659 0 0.794682 0 0.826355 0.504056 
0.566186 0 0.795744 0 0.826925 0.503516 
0.566476 0 0.79681 0 0.827481 0.502879 
0.566769 0 0.797875 0 0.828019 0.502128 
0.567058 0 0.798928 0 0.828531 0.501244 
0.567344 0 0.799968 0 0.829015 0.500204 
0.567633 0 0.800999 0 0.82947 0.49898 
0.567925 0 0.802017 0 0.82989 0.497541 
0.568212 0 0.803008 0 0.830266 0.495849 
0.568496 0 0.803967 0 0.830593 0.493861 
0.568784 0 0.804898 0 0.830867 0.491528 
0.569073 0 0.80579 0 0.831077 0.488791 
0.569358 0 0.806626 0 0.83121 0.485583 
0.569638 0 0.807396 0 0.831253 0.48183 
0.569922 0 0.808094 0 0.831196 0.477446 
0.570207 0 0.808705 0 0.83102 0.472341 
0.570487 0 0.809202 0 0.830703 0.466419 
0.570762 0 0.809566 0 0.830224 0.459586 
0.57104 0 0.809784 0 0.829564 0.451755 
0.571319 0 0.809833 0 0.828701 0.442861 
0.571134 0 0.808959 0 0.826795 0.432866 
0.570574 0 0.807275 0 0.824115 0.42177 
0.569816 0 0.80497 0 0.820957 0.409611 
0.568978 0 0.80226 0 0.817516 0.396475 
0.568145 0 0.799271 0 0.813811 0.382477 
0.567319 0 0.796018 0 0.809859 0.367759 
0.566506 0 0.792533 0 0.805692 0.352469 
0.565705 0 0.788842 0 0.801337 0.336754 
0.564909 0 0.784969 0 0.796825 0.320749 
0.564118 0 0.780945 0 0.79219 0.304576 
0.56339 0 0.776899 0 0.787641 0.288334 
0.562699 0 0.77281 0 0.783094 0.27211 
0.562023 0 0.768675 0 0.778529 0.255973 
0.561358 0 0.764516 0 0.773969 0.239977 
0.56071 0 0.76037 0 0.769447 0.224165 
0.56008 0 0.756255 0 0.76498 0.208571 
0.55946 0 0.752181 0 0.760582 0.193221 
0.558853 0 0.74816 0 0.756261 0.178132 
0.558265 0 0.744212 0 0.752031 0.16332 
0.557696 0 0.740344 0 0.747899 0.148794 
0.55714 0 0.736558 0 0.743866 0.13456 
0.556598 0 0.732861 0 0.739939 0.120622 
0.555982 0 0.729023 0 0.735848 0.106982 
0.555326 0 0.725127 0 0.731726 0.0936398 
0.554655 0 0.72125 0 0.727656 0.0805946 
0.553989 0 0.717447 0 0.723685 0.0678441 
0.553347 0 0.713749 0 0.719821 0.0553851 
0.552728 0 0.71016 0 0.716071 0.0432142 
0.552126 0 0.70668 0 0.712439 0.0313272 
0.551546 0 0.70331 0 0.708927 0.0197198 
0.550994 0 0.70006 0 0.705539 0.00838707 
0.550453 0 0.696873 0 0.702225 -0.0026757 
0.549914 0 0.693738 0 0.698975 -0.0134736 
0.54938 0 0.690661 0 0.695794 -0.0240118 
0.548861 0 0.687659 0 0.692695 -0.0342956 
0.548357 0 0.684738 0 0.689682 -0.0443302 
0.547863 0 0.681893 0 0.686754 -0.0541207 
0.547381 0 0.679126 0 0.68391 -0.0636725 
0.546918 0 0.676442 0 0.681152 -0.0729908 
0.546471 0 0.673837 0 0.678476 -0.0820807 
0.546035 0 0.671302 0 0.675876 -0.0909472 
0.545608 0 0.668834 0 0.673348 -0.0995954 
0.545199 0 0.66644 0 0.670898 -0.10803 
0.544805 0 0.664116 0 0.66852 -0.116257 
0.54442 0 0.661857 0 0.666212 -0.124279 
0.544045 0 0.65966 0 0.66397 -0.132103 
0.543687 0 0.657531 0 0.6618 -0.139732 
0.543344 0 0.655469 0 0.659697 -0.147172 
0.543009 0 0.653464 0 0.657657 -0.154426 
0.542684 0 0.651516 0 0.655677 -0.161498 
0.542374 0 0.64963 0 0.653762 -0.168394 
0.542079 0 0.647804 0 0.651909 -0.175117 
0.541791 0 0.64603 0 0.650111 -0.181671 
0.541512 0 0.644306 0 0.648368 -0.188061 
0.541249 0 0.64264 0 0.646684 -0.194289 
0.540999 0 0.641029 0 0.645056 -0.200361 
0.540755 0 0.639464 0 0.643479 -0.206279 
0.54052 0 0.637945 0 0.641951 -0.212047 
0.540299 0 0.636478 0 0.640477 -0.217668 
0.540091 0 0.63506 0 0.639054 -0.223146 
0.539889 0 0.633685 0 0.637676 -0.228485 
0.539695 0 0.63235 0 0.636343 -0.233687 
0.539514 0 0.631063 0 0.63506 -0.238756 
0.539345 0 0.629822 0 0.633823 -0.243695 
0.539182 0 0.628618 0 0.632627 -0.248506 
0.539026 0 0.62745 0 0.631472 -0.253193 
0.538882 0 0.626327 0 0.630362 -0.257758 
0.538751 0 0.625245 0 0.629294 -0.262205 
0.538624 0 0.624196 0 0.628264 -0.266535 
0.538503 0 0.623181 0 0.627271 -0.270752 
0.538394 0 0.622206 0 0.62632 -0.274858 
0.538297 0 0.621268 0 0.625408 -0.278855 
0.538204 0 0.620361 0 0.62453 -0.282746 
0.538116 0 0.619484 0 0.623685 -0.286533 
0.53804 0 0.618644 0 0.62288 -0.290219 
0.537975 0 0.617839 0 0.62211 -0.293805 
0.537914 0 0.617061 0 0.621372 -0.297294 
0.537857 0 0.61631 0 0.620664 -0.300688 
0.537812 0 0.615593 0 0.619993 -0.303988 
0.537777 0 0.614908 0 0.619355 -0.307197 
0.537746 0 0.614248 0 0.618746 -0.310317 
0.537718 0 0.613613 0 0.618165 -0.313349 
0.537702 0 0.613009 0 0.617618 -0.316295 
0.537696 0 0.612436 0 0.617102 -0.319157 
0.537693 0 0.611884 0 0.616613 -0.321937 
0.537693 0 0.611355 0 0.61615 -0.324635 
0.537705 0 0.610855 0 0.615718 -0.327255 
0.537726 0 0.610383 0 0.615317 -0.329797 
0.537749 0 0.609931 0 0.614939 -0.332262 
0.537776 0 0.6095 0 0.614586 -0.334652 
0.537814 0 0.609096 0 0.614264 -0.336969 
0.537861 0 0.608718 0 0.613969 -0.339214 
0.53791 0 0.608359 0 0.613696 -0.341387 
0.537962 0 0.608018 0 0.613447 -0.343491 
0.538025 0 0.607703 0 0.613227 -0.345525 
0.538096 0 0.607413 0 0.613032 -0.347493 
0.538169 0 0.607139 0 0.61286 -0.349394 
0.538246 0 0.606882 0 0.612709 -0.351229 
0.538333 0 0.606649 0 0.612585 -0.353 
0.538428 0 0.60644 0 0.612486 -0.354708 
0.538525 0 0.606245 0 0.612408 -0.356353 
0.538625 0 0.606067 0 0.61235 -0.357936 
0.538735 0 0.605911 0 0.612318 -0.359458 
0.538853 0 0.605777 0 0.612311 -0.36092 
0.538973 0 0.605657 0 0.612323 -0.362323 
0.539095 0 0.605551 0 0.612355 -0.363667 
0.539228 0 0.605468 0 0.612412 -0.364952 
0.539368 0 0.605404 0 0.612492 -0.36618 
0.53951 0 0.605354 0 0.612591 -0.367351 
0.539655 0 0.605316 0 0.612709 -0.368465 
0.539731 0 0.60512 0 0.612633 -0.369523 
0.539747 0 0.604795 0 0.612365 -0.370524 
0.539709 0 0.604403 0 0.611986 -0.37147 
0.539642 0 0.604002 0 0.611576 -0.372361 
0.53959 0 0.603622 0 0.611234 -0.373198 
0.539564 0 0.603296 0 0.610964 -0.37398 
0.539553 0 0.603014 0 0.610737 -0.374707 
0.539549 0 0.602758 0 0.610534 -0.375381 
0.539555 0 0.602525 0 0.610351 -0.376001 
0.539567 0 0.602307 0 0.610177 -0.376566 
0.539575 0 0.602098 0 0.61001 -0.377077 
0.539582 0 0.601901 0 0.609851 -0.377533 
0.539597 0 0.601728 0 0.609709 -0.377935 
0.539617 0 0.601577 0 0.609583 -0.378281 
0.539638 0 0.601441 0 0.609471 -0.37857 
0.53966 0 0.601322 0 0.609371 -0.378803 
0.539689 0 0.601227 0 0.60929 -0.378978 
0.539726 0 0.601154 0 0.609226 -0.379094 
0.539761 0 0.601096 0 0.609174 -0.37915 
0.539798 0 0.601053 0 0.609134 -0.379144 
0.539842 0 0.601034 0 0.609113 -0.379075 
0.539892 0 0.601039 0 0.60911 -0.378942 
0.539942 0 0.601059 0 0.609119 -0.378742 
0.539992 0 0.601097 0 0.609142 -0.378473 
0.54005 0 0.60116 0 0.609185 -0.378133 
0.540114 0 0.601248 0 0.609247 -0.377719 
0.540177 0 0.601354 0 0.609323 -0.37723 
0.540241 0 0.601479 0 0.609416 -0.376662 
0.540218 0 0.601456 0 0.609343 -0.376012 
0.540172 0 0.601395 0 0.609218 -0.375277 
0.540121 0 0.601343 0 0.609111 -0.374455 
0.540078 0 0.601325 0 0.609047 -0.373543 
0.540054 0 0.601358 0 0.609037 -0.372538 
0.540043 0 0.601436 0 0.609073 -0.371437 
0.540037 0 0.601545 0 0.609143 -0.370237 
0.540034 0 0.601679 0 0.609241 -0.368935 
0.540041 0 0.601842 0 0.609371 -0.367529 
0.540055 0 0.602032 0 0.60953 -0.366015 
0.540068 0 0.602244 0 0.609716 -0.364392 
0.540084 0 0.602482 0 0.609932 -0.362658 
0.540109 0 0.602754 0 0.610186 -0.360811 
0.540142 0 0.603061 0 0.610478 -0.358849 
0.540177 0 0.603397 0 0.610803 -0.356773 
0.540213 0 0.603762 0 0.611162 -0.354582 
0.540258 0 0.604163 0 0.611561 -0.352276 
0.540311 0 0.6046 0 0.611998 -0.349856 
0.540365 0 0.605065 0 0.612468 -0.347325 
0.54042 0 0.605559 0 0.612973 -0.344685 
0.540431 0 0.606011 0 0.613448 -0.341937 
0.540409 0 0.606436 0 0.613887 -0.339087 
0.54036 0 0.606853 0 0.61431 -0.336138 
0.540314 0 0.607282 0 0.614753 -0.333095 
0.540283 0 0.607755 0 0.61524 -0.329965 
0.540234 0 0.608255 0 0.615732 -0.326752 
0.540166 0 0.608759 0 0.616223 -0.323463 
0.540086 0 0.609266 0 0.616718 -0.320105 
0.540002 0 0.609789 0 0.617227 -0.316684 
0.539914 0 0.610325 0 0.617749 -0.313207 
0.539817 0 0.610866 0 0.618278 -0.30968 
0.539711 0 0.611411 0 0.618813 -0.30611 
0.539601 0 0.611964 0 0.619355 -0.302502 
0.539485 0 0.612523 0 0.6199 -0.298863 
0.539356 0 0.613077 0 0.620441 -0.295196 
0.539213 0 0.613626 0 0.620977 -0.291506 
0.539063 0 0.614176 0 0.621511 -0.287798 
0.538903 0 0.614723 0 0.622041 -0.284073 
0.538727 0 0.615259 0 0.622561 -0.280333 
0.538534 0 0.615783 0 0.623071 -0.276579 
0.538329 0 0.616303 0 0.623574 -0.272811 
0.538112 0 0.616815 0 0.624068 -0.269027 
0.537872 0 0.617311 0 0.624548 -0.265225 
0.53761 0 0.617791 0 0.625015 -0.261401 
0.537332 0 0.618263 0 0.625474 -0.257549 
0.537034 0 0.618725 0 0.625922 -0.253665 
0.536709 0 0.619171 0 0.626357 -0.249741 
0.536355 0 0.6196 0 0.62678 -0.245769 
0.535979 0 0.620024 0 0.627198 -0.241743 
0.535578 0 0.620442 0 0.62761 -0.237654 
0.535145 0 0.620849 0 0.628016 -0.233495 
0.53468 0 0.621248 0 0.62842 -0.22926 
0.534192 0 0.62165 0 0.628829 -0.224945 
0.533681 0 0.622059 0 0.629247 -0.220548 
0.533141 0 0.622469 0 0.629674 -0.216067 
0.532576 0 0.622886 0 0.630114 -0.211505 
0.531997 0 0.623321 0 0.630577 -0.206868 
0.531405 0 0.623776 0 0.631064 -0.202161 
0.530799 0 0.624245 0 0.631575 -0.197394 
0.530182 0 0.624732 0 0.632112 -0.192576 
0.529595 0 0.625268 0 0.632691 -0.187719 
0.529124 0 0.625902 0 0.633337 -0.182833 
0.528718 0 0.626621 0 0.634059 -0.177928 
0.528348 0 0.627391 0 0.634833 -0.173016 
0.528002 0 0.628194 0 0.635639 -0.168106 
0.527666 0 0.629013 0 0.636461 -0.163206 
0.527329 0 0.629834 0 0.637291 -0.158325 
0.526991 0 0.630652 0 0.638126 -0.153469 
0.526658 0 0.631473 0 0.638967 -0.148645 
0.526328 0 0.632295 0 0.639812 -0.143855 
0.525995 0 0.633109 0 0.640655 -0.139101 
0.52566 0 0.633917 0 0.641498 -0.134382 
0.525331 0 0.634728 0 0.642346 -0.129693 
0.525006 0 0.635542 0 0.643199 -0.125023 
0.52468 0 0.636358 0 0.644059 -0.120354 
0.524354 0 0.637183 0 0.644933 -0.11566 
0.524036 0 0.638033 0 0.645835 -0.110905 
0.523723 0 0.638921 0 0.646775 -0.10604 
0.523411 0 0.639853 0 0.647766 -0.101007 
0.523101 0 0.640849 0 0.648826 -0.0957374 
0.522799 0 0.641934 0 0.649978 -0.0901592 
0.522506 0 0.643126 0 0.651239 -0.0842014 
0.522214 0 0.644433 0 0.652622 -0.0778031 
0.521925 0 0.645868 0 0.654139 -0.0709195 
0.521648 0 0.647444 0 0.6558 -0.0635269 
0.52138 0 0.64916 0 0.657602 -0.0556251 
0.521115 0 0.651004 0 0.659537 -0.0472357 
0.520855 0 0.652966 0 0.661594 -0.0383993 
0.520607 0 0.655038 0 0.663762 -0.0291697 
0.52037 0 0.657203 0 0.666021 -0.0196094 
0.520138 0 0.659437 0 0.668351 -0.00978374 
0.519911 0 0.661721 0 0.670732 0.000242595 
0.519698 0 0.664047 0 0.673152 0.0104085 
0.519497 0 0.666398 0 0.675593 0.0206584 
0.5193 0 0.668753 0 0.678037 0.0309429 
0.519111 0 0.6711 0 0.680472 0.0412194 
0.518935 0 0.673437 0 0.682891 0.0514516 
0.51877 0 0.675755 0 0.685284 0.061609 
0.518611 0 0.678037 0 0.687639 0.0716666 
0.518459 0 0.68028 0 0.689952 0.0816039 
0.518319 0 0.682485 0 0.692221 0.0914043 
0.518191 0 0.684649 0 0.694441 0.101055 
0.518068 0 0.686761 0 0.696607 0.110545 
0.51795 0 0.688819 0 0.698716 0.119868 
0.517844 0 0.69083 0 0.700771 0.129017 
0.517748 0 0.692791 0 0.70277 0.137989 
0.517656 0 0.694696 0 0.704709 0.14678 
0.517567 0 0.696542 0 0.706591 0.155389 
0.51749 0 0.698341 0 0.708417 0.163815 
0.517421 0 0.700089 0 0.710188 0.172059 
0.517354 0 0.701781 0 0.711902 0.180122 
0.51729 0 0.703417 0 0.713561 0.188003 
0.517235 0 0.705007 0 0.715169 0.195706 
0.517187 0 0.70655 0 0.716726 0.203232 
0.517141 0 0.708041 0 0.718232 0.210583 
0.517095 0 0.70948 0 0.719688 0.217762 
0.517059 0 0.710877 0 0.7211 0.224771 
0.517028 0 0.712233 0 0.722467 0.231613 
0.516998 0 0.713541 0 0.723789 0.238291 
0.516968 0 0.714802 0 0.725069 0.244808 
0.516945 0 0.716027 0 0.72631 0.251166 
0.516929 0 0.717215 0 0.727514 0.257369 
0.516912 0 0.718361 0 0.728679 0.263418 
0.516896 0 0.719465 0 0.729808 0.269319 
0.516886 0 0.720538 0 0.730906 0.275072 
0.516883 0 0.72158 0 0.731973 0.280681 
0.516879 0 0.722584 0 0.733007 0.286149 
0.516875 0 0.723552 0 0.734011 0.291478 
0.516879 0 0.724493 0 0.734991 0.296672 
0.51689 0 0.725408 0 0.735944 0.301733 
0.5169 0 0.72629 0 0.736871 0.306663 
0.516912 0 0.727139 0 0.737775 0.311465 
0.516932 0 0.727966 0 0.738658 0.316143 
0.516959 0 0.728771 0 0.739521 0.320697 
0.516988 0 0.729546 0 0.740363 0.325132 
0.517019 0 0.730293 0 0.741186 0.329449 
0.51706 0 0.731021 0 0.741994 0.333651 
0.517111 0 0.73173 0 0.742786 0.337742 
0.517165 0 0.732412 0 0.743563 0.341722 
0.517225 0 0.73307 0 0.744325 0.345596 
0.517297 0 0.733711 0 0.745078 0.349366 
0.517383 0 0.734337 0 0.745821 0.353035 
0.517475 0 0.734939 0 0.746553 0.356607 
0.517578 0 0.735519 0 0.747277 0.360085 
0.517698 0 0.736086 0 0.747997 0.363473 
0.517837 0 0.73664 0 0.748714 0.366775 
0.51799 0 0.737175 0 0.749428 0.369995 
0.51816 0 0.73769 0 0.750142 0.373139 
0.518357 0 0.738198 0 0.750862 0.376211 
0.518583 0 0.738697 0 0.751589 0.379215 
0.518833 0 0.739182 0 0.752324 0.382158 
0.519114 0 0.739653 0 0.753072 0.385043 
0.519436 0 0.740124 0 0.75384 0.387877 
0.519801 0 0.740593 0 0.754629 0.390662 
0.520207 0 0.741057 0 0.755444 0.393401 
0.52066 0 0.741519 0 0.756287 0.396098 
0.521168 0 0.74199 0 0.757165 0.398753 
0.521732 0 0.742474 0 0.758077 0.401365 
0.522346 0 0.742964 0 0.759023 0.403935 
0.52301 0 0.743463 0 0.760002 0.40646 
0.523727 0 0.743982 0 0.761014 0.408938 
0.524491 0 0.744521 0 0.762052 0.411368 
0.52529 0 0.745072 0 0.763109 0.413748 
0.52612 0 0.745633 0 0.764181 0.416077 
0.526981 0 0.746213 0 0.765266 0.418354 
0.527867 0 0.746808 0 0.766356 0.420579 
0.52855 0 0.747668 0 0.767112 0.422752 
0.52946 0 0.748357 0 0.768206 0.424873 
0.530195 0 0.749262 0 0.769049 0.426942 
0.531119 0 0.749963 0 0.770125 0.428962 
0.531836 0 0.750854 0 0.770867 0.430931 
0.532728 0 0.751535 0 0.771871 0.432852 
0.533432 0 0.752412 0 0.772572 0.434726 
0.534337 0 0.753113 0 0.773616 0.436553 
0.535058 0 0.753986 0 0.774361 0.438335 
0.535935 0 0.754647 0 0.775363 0.440072 
0.536634 0 0.75548 0 0.776068 0.441767 
0.537507 0 0.75613 0 0.777087 0.443418 
0.538206 0 0.756932 0 0.77782 0.445029 
0.539042 0 0.757531 0 0.778797 0.446599 
0.539714 0 0.758281 0 0.779494 0.44813 
0.540517 0 0.758842 0 0.780427 0.449623 
0.541169 0 0.759568 0 0.781101 0.451079 
0.541967 0 0.760107 0 0.782082 0.452498 
0.542631 0 0.760638 0 0.78293 0.453882 
0.543402 0 0.761056 0 0.783931 0.455231 
0.544018 0 0.761602 0 0.784668 0.456547 
0.544755 0 0.762001 0 0.785644 0.457829 
0.545374 0 0.762406 0 0.786487 0.45908 
0.546087 0 0.762718 0 0.787469 0.460299 
0.54666 0 0.763147 0 0.788207 0.461488 
0.547341 0 0.76344 0 0.789167 0.462647 
0.54797 0 0.763745 0 0.790062 0.463777 
0.548661 0 0.764031 0 0.791033 0.464879 
0.549292 0 0.764305 0 0.791939 0.465953 
0.54999 0 0.764511 0 0.792968 0.467001 
0.550616 0 0.764737 0 0.793897 0.468022 
0.551304 0 0.764904 0 0.794933 0.469018 
0.551912 0 0.765076 0 0.795864 0.469989 
0.552568 0 0.765181 0 0.796892 0.470935 
0.553152 0 0.765296 0 0.797817 0.471858 
0.553784 0 0.765351 0 0.798836 0.472758 
0.554524 0 0.765484 0 0.800002 0.473635 
0.555311 0 0.765645 0 0.801202 0.474491 
0.556108 0 0.765802 0 0.802397 0.475325 
0.556898 0 0.765935 0 0.803584 0.476138 
0.557674 0 0.766036 0 0.804769 0.476931 
0.558441 0 0.766109 0 0.805958 0.477704 
0.559207 0 0.766164 0 0.80715 0.478457 
0.559969 0 0.766199 0 0.808344 0.479192 
0.560719 0 0.766202 0 0.809536 0.479909 
0.561458 0 0.766171 0 0.810728 0.480607 
0.562193 0 0.766115 0 0.811922 0.481288 
0.562923 0 0.766034 0 0.813117 0.481952 
0.56364 0 0.765917 0 0.814312 0.4826 
0.564347 0 0.765764 0 0.815507 0.483231 
0.565051 0 0.765586 0 0.816706 0.483847 
0.565751 0 0.765382 0 0.817906 0.484447 
0.566439 0 0.76514 0 0.819105 0.485032 
0.567117 0 0.764862 0 0.820305 0.485602 
0.567792 0 0.764557 0 0.821507 0.486159 
0.568463 0 0.764223 0 0.822711 0.486701 
0.569123 0 0.76385 0 0.823914 0.48723 
0.569773 0 0.76344 0 0.825118 0.487745 
0.570421 0 0.763001 0 0.826324 0.488248 
0.571064 0 0.762533 0 0.827532 0.488738 
0.571697 0 0.762024 0 0.828738 0.489216 
0.57232 0 0.761477 0 0.829945 0.489682 
0.57294 0 0.7609 0 0.831156 0.490136 
0.573556 0 0.760292 0 0.832368 0.490579 
0.574161 0 0.759643 0 0.833579 0.491011 
0.574755 0 0.758954 0 0.834791 0.491432 
0.575347 0 0.758234 0 0.836007 0.491842 
0.575933 0 0.757483 0 0.837226 0.492242 
0.576508 0 0.75669 0 0.838446 0.492632 
0.577071 0 0.755858 0 0.839669 0.493013 
0.577629 0 0.754995 0 0.840899 0.493384 
0.578063 0 0.754785 0 0.841718 0.493744 
0.578456 0 0.754936 0 0.842385 0.494097 
0.578855 0 0.75528 0 0.842966 0.494441 
0.579179 0 0.755459 0 0.843581 0.494776 
0.579506 0 0.755659 0 0.844225 0.495103 
0.579829 0 0.755883 0 0.844907 0.495422 
0.580147 0 0.756145 0 0.845642 0.495732 
0.58047 0 0.756472 0 0.846451 0.496035 
0.580796 0 0.75688 0 0.847347 0.496331 
0.581117 0 0.757375 0 0.848343 0.496619 
0.581434 0 0.75797 0 0.849447 0.4969 
0.581756 0 0.758678 0 0.850668 0.497173 
0.58208 0 0.759496 0 0.851998 0.49744 
0.582573 0 0.760777 0 0.853395 0.497701 
0.58317 0 0.762324 0 0.854873 0.497955 
0.583847 0 0.76404 0 0.856429 0.498202 
0.584578 0 0.765856 0 0.858048 0.498444 
0.585408 0 0.76778 0 0.859749 0.498679 
0.586235 0 0.76969 0 0.861455 0.498908 
0.587067 0 0.771611 0 0.863129 0.499132 
0.587903 0 0.77354 0 0.864748 0.49935 
0.588738 0 0.775454 0 0.8663 0.499562 
0.589574 0 0.777343 0 0.867778 0.499769 
0.590418 0 0.779203 0 0.869182 0.499971 
0.591268 0 0.781021 0 0.870507 0.500169 
0.592115 0 0.782777 0 0.871744 0.500361 
0.59296 0 0.784463 0 0.872891 0.500548 
0.59381 0 0.786078 0 0.873946 0.50073 
0.594654 0 0.787608 0 0.874899 0.500909 
0.59554 0 0.789366 0 0.875666 0.501082 
0.596439 0 0.7911 0 0.876285 0.501252 
0.597333 0 0.792751 0 0.876739 0.501417 
0.59844 0 0.794357 0 0.877237 0.501578 
0.599313 0 0.795903 0 0.877399 0.501734 
0.600186 0 0.797316 0 0.87746 0.501887 
0.60125 0 0.798582 0 0.87758 0.502036 
0.60232 0 0.799719 0 0.877599 0.502182 
0.60339 0 0.80072 0 0.877521 0.502323 
0.60446 0 0.801594 0 0.87735 0.502461 
0.605538 0 0.802356 0 0.877097 0.502596 
0.606625 0 0.803016 0 0.876767 0.502727 
0.607712 0 0.803575 0 0.876367 0.502856 
0.608655 0 0.804097 0 0.875792 0.50298 
0.609609 0 0.804553 0 0.875169 0.503102 
0.610572 0 0.804952 0 0.874505 0.503221 
0.611538 0 0.805295 0 0.873807 0.503336 
0.612507 0 0.80559 0 0.873083 0.503449 
0.613488 0 0.805857 0 0.872345 0.503559 
0.614536 0 0.805987 0 0.87169 0.503666 
0.61562 0 0.805911 0 0.871191 0.50377 
0.616739 0 0.805709 0 0.870778 0.503872 
0.6179 0 0.805436 0 0.870428 0.503971 
0.619107 0 0.805118 0 0.870152 0.504068 
0.620376 0 0.804765 0 0.86996 0.504163 
0.621727 0 0.804386 0 0.869874 0.504255 
0.623183 0 0.803999 0 0.869913 0.504345 
0.624752 0 0.803608 0 0.870086 0.504432 
0.626431 0 0.803208 0 0.870398 0.504517 
0.62822 0 0.8028 0 0.870849 0.504601 
0.630122 0 0.802397 0 0.871438 0.504682 
0.632127 0 0.802001 0 0.872157 0.504761 
0.634218 0 0.80161 0 0.872995 0.504838 
0.636385 0 0.801227 0 0.873943 0.504913 
0.638622 0 0.800867 0 0.874992 0.504987 
0.640915 0 0.800535 0 0.876129 0.505058 
0.643246 0 0.800226 0 0.877345 0.505128 
0.645602 0 0.799945 0 0.878629 0.505196 
0.647982 0 0.799707 0 0.879976 0.505262 
0.650376 0 0.799514 0 0.881377 0.505326 
0.651772 0 0.799734 1 0.881815 0.50539 
0.653007 0 0.800132 1 0.882069 0.505452 
0.654206 0 0.800604 1 0.882317 0.505512 
0.65538 0 0.801133 1 0.882579 0.50557 
0.656531 0 0.801735 1 0.882846 0.505627 
0.657655 0 0.802437 1 0.883112 0.505682 
0.658762 0 0.803233 1 0.883382 0.505733 
0.659838 0 0.804153 1 0.883644 0.505784 
0.6609 0 0.805175 1 0.88391 0.505832 
0.661927 0 0.806332 1 0.884162 0.505877 
0.662939 0 0.807593 1 0.884417 0.505918 
0.663933 0 0.808962 1 0.88467 0.505954 
0.664884 0 0.810478 1 0.884905 0.505983 
0.665823 0 0.812096 1 0.885142 0.506002 
0.666746 0 0.813815 1 0.885376 0.506007 
0.667344 0 0.815328 1 0.886852 0.505986 
0.667526 0 0.816727 1 0.887467 0.505949 
0.667751 0 0.8184 1 0.887775 0.505855 
0.667746 0 0.820016 1 0.888013 0.505684 
0.667754 0 0.821714 1 0.888118 0.50541 
0.667574 0 0.823285 1 0.888214 0.504985 
0.66741 0 0.824883 1 0.888235 0.504347 
0.667256 0 0.826472 1 0.888251 0.503401 
0.666946 0 0.82791 0 0.888461 0.502023 
0.666638 0 0.829386 1 0.888481 0.500646 
0.666538 0 0.831408 1 0.888317 0.498674 
0.666464 0 0.833357 1 0.888118 0.495925 
0.666392 0 0.835189 0 0.88777 0.492195 
0.666314 0 0.837008 0 0.887414 0.488581 
0.666229 0 0.838812 0 0.887049 0.485091 
0.666154 0 0.840616 0 0.886738 0.481731 
0.666084 0 0.842416 0 0.886462 0.478506 
0.666015 0 0.84421 0 0.886211 0.47542 
0.665947 0 0.846 0 0.885985 0.472477 
0.665882 0 0.847787 0 0.885789 0.469679 
0.665819 0 0.849575 0 0.885624 0.467027 
0.66576 0 0.851364 0 0.885494 0.464522 
0.665703 0 0.853155 0 0.885397 0.462163 
0.665648 0 0.854951 0 0.885333 0.459951 
0.665596 0 0.856752 0 0.885303 0.457883 
0.665546 0 0.858559 0 0.885306 0.455957 
0.665498 0 0.860372 0 0.885341 0.454171 
0.665397 0 0.861983 0 0.884971 0.452521 
0.665256 0 0.863559 0 0.88435 0.451005 
0.665107 0 0.865149 0 0.883685 0.449617 
0.664959 0 0.866736 0 0.883045 0.448353 
0.664812 0 0.868322 0 0.882429 0.447209 
0.664666 0 0.869908 0 0.881838 0.446179 
0.664488 0 0.871329 0 0.881628 0.44526 
0.664301 0 0.872717 0 0.881558 0.444447 
0.664161 0 0.874135 0 0.881371 0.443735 
0.663998 0 0.875463 0 0.881155 0.44312 
0.663813 0 0.87675 0 0.880888 0.442598 
0.663612 0 0.878026 0 0.880584 0.442163 
0.663403 0 0.879305 0 0.880261 0.441812 
0.663189 0 0.880593 0 0.879931 0.44154 
0.662972 0 0.88189 0 0.879596 0.441343 
0.662863 1 0.88204 0 0.880101 0.44122 
0.66272 1 0.881909 0 0.880892 0.441303 
0.662604 1 0.881889 0 0.881696 0.441558 
0.662483 1 0.881898 0 0.882447 0.441939 
0.662345 0 0.881906 0 0.88314 0.442408 
0.662193 0 0.8819 0 0.883774 0.44283 
0.662026 0 0.88197 0 0.884369 0.443203 
0.661847 0 0.882069 0 0.884934 0.443527 
0.661624 1 0.88201 0 0.885444 0.443801 
0.661422 1 0.882045 0 0.886029 0.444127 
0.661221 1 0.882097 0 0.886602 0.444462 
0.661012 0 0.882127 0 0.887126 0.444755 
0.660788 1 0.882044 0 0.88756 0.444834 
0.660579 1 0.882006 0 0.88802 0.444801 
0.660374 1 0.881952 0 0.888443 0.444579 
0.660183 1 0.881854 0 0.888803 0.444089 
0.660012 1 0.881748 0 0.889136 0.443254 
0.660066 1 0.881977 1 0.889284 0.442002 
0.660328 1 0.882102 1 0.889353 0.439103 
0.660812 1 0.882293 1 0.889519 0.433985 
0.661555 1 0.882613 1 0.889809 0.426235 
0.662583 1 0.883086 1 0.890198 0.415694 
0.663883 1 0.883701 1 0.890715 0.402644 
0.665416 1 0.884428 1 0.891334 0.387586 
0.667129 1 0.885222 1 0.892017 0.371106 
0.668974 1 0.886044 1 0.892731 0.353726 
0.670904 1 0.886859 1 0.893447 0.335867 
0.672885 1 0.887643 1 0.894144 0.317829 
0.674754 1 0.88833 1 0.894577 0.29982 
0.676589 1 0.888802 1 0.894968 0.281958 
0.678342 1 0.8892 1 0.895371 0.264359 
0.680022 1 0.889547 1 0.895787 0.247054 
0.6817 1 0.889893 1 0.896145 0.230086 
0.683362 1 0.890187 1 0.896436 0.213477 
0.685002 1 0.890439 1 0.896668 0.197234 
0.686613 1 0.890655 1 0.896847 0.181361 
0.688193 1 0.890835 1 0.896975 0.165858 
0.689739 1 0.890981 1 0.897054 0.150727 
0.691249 1 0.891093 1 0.897086 0.135961 
0.692722 1 0.891172 1 0.897075 0.121551 
0.694155 1 0.89122 1 0.897023 0.107494 
0.695547 1 0.891238 1 0.896931 0.0937821 
0.696898 1 0.891225 1 0.896802 0.0804062 
0.698207 1 0.891184 1 0.896637 0.0673606 
0.699472 1 0.891114 1 0.896439 0.0546385 
0.700694 1 0.891015 1 0.896208 0.0422323 
0.701872 1 0.89089 1 0.895946 0.0301356 
0.703006 1 0.890738 1 0.895654 0.0183402 
0.704095 1 0.89056 1 0.895334 0.00683695 
0.705141 1 0.890356 1 0.894985 -0.00437845 
0.706143 1 0.890127 1 0.894611 -0.0153174 
0.707102 1 0.889873 1 0.89421 -0.0259841 
0.708017 1 0.889596 1 0.893783 -0.0363822 
0.708889 1 0.889295 1 0.893333 -0.0465203 
0.70972 1 0.888968 1 0.89286 -0.0564056 
0.71051 1 0.88862 1 0.892364 -0.0660442 
0.711258 1 0.888248 1 0.891845 -0.0754441 
0.711967 1 0.887853 1 0.891305 -0.0846082 
0.712638 1 0.887435 1 0.890744 -0.0935422 
0.71327 1 0.886995 1 0.890162 -0.102254 
0.713866 1 0.886535 1 0.889561 -0.110748 
0.714426 1 0.886052 1 0.888939 -0.119029 
0.714951 1 0.885549 1 0.888299 -0.127103 
0.715444 1 0.885025 1 0.88764 -0.134977 
0.715904 1 0.88448 1 0.886963 -0.142653 
0.716334 1 0.883916 1 0.886267 -0.150137 
0.716735 1 0.883331 1 0.885555 -0.157436 
0.717108 1 0.882727 1 0.884827 -0.164553 
0.717455 1 0.882106 1 0.884082 -0.171491 
0.717778 1 0.881464 1 0.883321 -0.178254 
0.718077 1 0.880806 1 0.882545 -0.184849 
0.718356 1 0.88013 1 0.881754 -0.191279 
0.718615 1 0.879436 1 0.880949 -0.197548 
0.718856 1 0.878726 1 0.880131 -0.203661 
0.719081 1 0.878 1 0.879301 -0.209621 
0.719291 1 0.87726 1 0.878458 -0.215432 
0.71949 1 0.876504 1 0.877603 -0.221099 
0.719678 1 0.875734 1 0.876739 -0.226623 
0.719858 1 0.874952 1 0.875863 -0.232009 
0.720031 1 0.874157 1 0.874979 -0.23726 
0.7202 1 0.873351 1 0.874086 -0.242381 
0.720366 1 0.872534 1 0.873185 -0.247372 
0.720532 1 0.871708 1 0.872278 -0.252238 
0.720534 1 0.870685 1 0.871245 -0.25699 
0.720504 1 0.869601 1 0.870147 -0.261616 
0.720481 1 0.868534 1 0.86902 -0.266129 
0.720485 1 0.867478 1 0.867884 -0.270525 
0.720519 1 0.866426 1 0.866746 -0.274813 
0.720588 1 0.86538 1 0.865611 -0.278994 
0.720694 1 0.86434 1 0.864483 -0.28307 
0.720838 1 0.863306 1 0.863363 -0.287044 
0.721022 1 0.862279 1 0.862254 -0.290918 
0.721249 1 0.861261 1 0.861157 -0.294697 
0.721521 1 0.860254 1 0.860074 -0.298381 
0.721839 1 0.859258 1 0.859007 -0.301972 
0.722206 1 0.858276 1 0.857958 -0.305474 
0.722623 1 0.857309 1 0.856926 -0.308889 
0.723239 1 0.856369 1 0.856253 -0.312217 
0.723931 1 0.85562 1 0.85581 -0.315462 
0.724635 1 0.855025 1 0.855418 -0.318623 
0.725331 1 0.854502 1 0.854971 -0.321706 
0.726028 1 0.853989 1 0.85447 -0.324713 
0.726734 1 0.853474 1 0.853948 -0.327647 
0.727443 1 0.852914 1 0.853358 -0.330507 
0.728169 1 0.852336 1 0.852744 -0.333296 
0.728914 1 0.851764 1 0.852133 -0.336014 
0.729689 1 0.851224 1 0.851558 -0.338666 
0.730479 1 0.850702 1 0.850998 -0.341251 
0.731281 1 0.850186 1 0.850446 -0.34377 
0.7321 1 0.849676 1 0.849899 -0.346225 
0.732938 1 0.849172 1 0.849361 -0.34862 
0.733796 1 0.848678 1 0.848833 -0.350955 
0.734678 1 0.848194 1 0.848318 -0.353231 
0.735583 1 0.847723 1 0.847815 -0.35545 
0.736512 1 0.847265 1 0.847327 -0.357614 
0.737466 1 0.84682 1 0.846853 -0.359724 
0.738445 1 0.846388 1 0.846393 -0.361782 
0.739449 1 0.845969 1 0.845948 -0.363787 
0.740479 1 0.845565 1 0.845517 -0.365743 
0.741536 1 0.845175 1 0.845101 -0.36765 
0.742631 1 0.84482 1 0.844726 -0.369509 
0.743742 1 0.844488 1 0.844377 -0.371322 
0.744869 1 0.844172 1 0.844046 -0.373087 
0.74601 1 0.843865 1 0.843723 -0.37481 
0.747172 1 0.843566 1 0.843409 -0.37649 
0.748362 1 0.84328 1 0.843108 -0.378129 
0.749582 1 0.843008 1 0.842821 -0.379728 
0.750834 1 0.842752 1 0.842552 -0.381285 
0.752117 1 0.842514 1 0.842301 -0.382802 
0.753432 1 0.842294 1 0.842069 -0.384281 
0.754778 1 0.842093 1 0.841856 -0.385724 
0.756155 1 0.841918 1 0.841671 -0.387129 
0.75756 1 0.841764 1 0.841504 -0.3885 
0.758992 1 0.841625 1 0.841352 -0.389837 
0.760453 1 0.841502 1 0.841216 -0.391139 
0.761945 1 0.841397 1 0.841099 -0.392409 
0.763471 1 0.841311 1 0.841002 -0.393649 
0.765031 1 0.841245 1 0.840926 -0.394859 
0.766633 1 0.841202 1 0.840873 -0.396036 
0.768272 1 0.841179 1 0.840842 -0.397184 
0.769948 1 0.841178 1 0.840833 -0.398304 
0.771663 1 0.841198 1 0.840846 -0.399396 
0.773416 1 0.841242 1 0.840882 -0.40046 
0.775209 1 0.841309 1 0.840941 -0.401496 
0.777042 1 0.841399 1 0.841024 -0.402508 
0.778916 1 0.841514 1 0.841132 -0.403495 
0.780832 1 0.841654 1 0.841265 -0.404456 
0.78279 1 0.841819 1 0.841424 -0.405393 
0.784792 1 0.84201 1 0.841609 -0.406308 
0.786838 1 0.842228 1 0.84182 -0.4072 
0.788929 1 0.842472 1 0.842059 -0.408067 
0.791065 1 0.842745 1 0.842325 -0.408914 
0.793247 1 0.843045 1 0.84262 -0.409739 
0.795475 1 0.843374 1 0.842944 -0.410544 
0.79775 1 0.843733 1 0.843297 -0.411329 
0.800072 1 0.844122 1 0.84368 -0.412094 
0.802442 1 0.844541 1 0.844094 -0.41284 
0.80486 1 0.844991 1 0.844539 -0.413566 
0.807327 1 0.845473 1 0.845015 -0.414275 
0.809841 1 0.845986 1 0.845523 -0.414968 
0.812405 1 0.846532 1 0.846064 -0.415645 
0.815016 1 0.847112 1 0.846638 -0.416303 
0.817676 1 0.847725 1 0.847245 -0.416944 
0.820385 1 0.848375 1 0.847881 -0.41757 
0.823142 1 0.849063 1 0.848546 -0.418179 
0.825946 1 0.849791 1 0.849243 -0.418775 
0.828798 1 0.850556 1 0.849974 -0.419353 
0.831696 1 0.851359 1 0.850738 -0.419919 
0.834639 1 0.852199 1 0.851539 -0.420468 
0.837626 1 0.853077 1 0.852373 -0.421002 
0.840655 1 0.853991 1 0.853242 -0.421526 
0.843726 1 0.854943 1 0.854146 -0.422034 
0.846835 1 0.855932 1 0.855087 -0.42253 
0.849982 1 0.856956 1 0.856066 -0.423014 
0.853163 1 0.858016 1 0.857081 -0.423486 
0.856376 1 0.859112 1 0.858133 -0.423945 
0.859617 1 0.860244 1 0.859219 -0.424396 
0.862883 1 0.86141 1 0.860343 -0.42484 
0.866169 1 0.86261 1 0.861503 -0.425264 
0.869471 1 0.863844 1 0.862698 -0.425682 
0.872784 1 0.865113 1 0.863925 -0.426088 
0.876101 1 0.866414 1 0.865188 -0.426482 
0.879415 1 0.867747 1 0.866483 -0.426866 
0.88272 1 0.86911 1 0.86781 -0.427242 
0.886005 1 0.870505 1 0.869167 -0.427608 
0.889262 1 0.871927 1 0.870552 -0.427966 
0.892479 1 0.873377 1 0.871966 -0.428312 
0.895645 1 0.874853 1 0.873406 -0.428653 
0.898747 1 0.876353 1 0.874869 -0.428978 
0.90177 1 0.877874 1 0.876356 -0.429302 
0.904698 1 0.879415 1 0.877862 -0.429614 
0.907512 1 0.880974 1 0.879387 -0.429924 
0.910194 1 0.882547 1 0.880927 -0.430225 
0.912723 1 0.884131 1 0.882481 -0.430515 
0.912508 1 0.884503 1 0.882462 -0.430809 
0.912191 1 0.884691 1 0.882409 -0.431109 
0.912123 1 0.884699 1 0.882309 -0.43138 
0.912091 1 0.884612 1 0.882225 -0.431643 
0.912058 1 0.884504 1 0.882147 -0.431898 
0.912022 1 0.884391 1 0.882071 -0.432147 
0.911984 1 0.884277 1 0.881997 -0.43239 
0.911943 1 0.884162 1 0.881925 -0.432626 
0.911899 1 0.884046 1 0.881852 -0.432855 
0.911852 1 0.883931 1 0.881781 -0.433079 
0.911833 1 0.883836 1 0.881716 -0.433299 
0.911846 1 0.883755 1 0.88167 -0.43351 
0.911884 1 0.883691 1 0.881643 -0.433718 
0.911934 1 0.883642 1 0.881633 -0.433921 
0.91199 1 0.883602 1 0.881633 -0.434119 
0.912052 1 0.883569 1 0.88164 -0.434311 
0.912121 1 0.883543 1 0.881655 -0.4345 
0.912202 1 0.883525 1 0.881676 -0.434683 
0.912295 1 0.883517 1 0.881707 -0.434859 
0.9124 1 0.883518 1 0.881747 -0.435034 
0.912518 1 0.883531 1 0.881796 -0.435202 
0.912647 1 0.883552 1 0.881853 -0.435367 
0.912787 1 0.883584 1 0.881919 -0.435527 
0.912938 1 0.883624 1 0.881994 -0.435685 
0.913101 1 0.883673 1 0.882077 -0.435838 
0.913274 1 0.883732 1 0.882169 -0.435986 
0.913458 1 0.8838 1 0.88227 -0.436132 
0.913654 1 0.883877 1 0.882379 -0.436274 
0.913617 1 0.883891 1 0.882409 -0.436405 
0.913597 1 0.883892 1 0.882434 -0.436546 
0.913601 1 0.883884 1 0.882441 -0.436678 
0.913614 1 0.883883 1 0.882439 -0.436804 
0.913627 1 0.883885 1 0.882435 -0.436927 
0.91364 1 0.883888 1 0.882429 -0.437047 
0.913654 1 0.883891 1 0.882423 -0.437165 
0.913667 1 0.883894 1 0.882417 -0.437278 
0.91368 1 0.883896 1 0.882413 -0.43739 
0.913692 1 0.883898 1 0.88241 -0.437497 
0.913705 1 0.883899 1 0.882407 -0.437605 
0.913717 1 0.883901 1 0.882404 -0.437708 
0.913728 1 0.883904 1 0.8824 -0.437808 
0.91374 1 0.883906 1 0.882396 -0.437907 
0.913751 1 0.883908 1 0.882393 -0.438002 
0.913763 1 0.883911 1 0.882389 -0.438096 
0.913774 1 0.883913 1 0.882385 -0.438188 
0.913785 1 0.883916 1 0.882381 -0.438276 
0.913796 1 0.883918 1 0.882378 -0.438364 
0.913806 1 0.883919 1 0.882375 -0.438448 
0.913817 1 0.883921 1 0.882372 -0.43853 
0.913827 1 0.883923 1 0.882369 -0.438612 
0.913837 1 0.883925 1 0.882366 -0.43869 
0.913847 1 0.883926 1 0.882364 -0.438765 
0.913857 1 0.883927 1 0.882362 -0.43884 
0.913866 1 0.883928 1 0.882359 -0.438912 
0.913875 1 0.883929 1 0.882357 -0.438983 
0.913884 1 0.883929 1 0.882356 -0.439051 
0.913893 1 0.883931 1 0.882354 -0.439117 
0.913902 1 0.883932 1 0.882352 -0.439181 
0.91391 1 0.883933 1 0.88235 -0.439245 
0.913919 1 0.883934 1 0.882348 -0.439307 
0.913927 1 0.883935 1 0.882347 -0.439367 
0.913935 1 0.883936 1 0.882346 -0.439427 
0.913944 1 0.883936 1 0.882345 -0.439485 
0.913952 1 0.883937 1 0.882344 -0.439541 
0.913959 1 0.883937 1 0.882342 -0.439595 
0.913967 1 0.883938 1 0.882341 -0.439648 
0.913975 1 0.883939 1 0.88234 -0.439699 
0.913982 1 0.88394 1 0.882339 -0.43975 
0.91399 1 0.883941 1 0.882339 -0.4398 
0.913997 1 0.883941 1 0.882338 -0.439847 
0.914004 1 0.883941 1 0.882337 -0.439893 
0.914011 1 0.883941 1 0.882337 -0.439939 
0.914018 1 0.883941 1 0.882337 -0.439983 
0.914025 1 0.883942 1 0.882336 -0.440024 
0.914032 1 0.883942 1 0.882336 -0.440067 
0.914038 1 0.883942 1 0.882335 -0.440107 
0.914045 1 0.883942 1 0.882335 -0.440146 
0.914051 1 0.883943 1 0.882335 -0.440185 
0.914058 1 0.883943 1 0.882335 -0.440224 
0.914064 1 0.883943 1 0.882335 -0.440261 
0.914071 1 0.883943 1 0.882335 -0.440298 
0.914077 1 0.883943 1 0.882335 -0.440333 
0.914083 1 0.883943 1 0.882335 -0.440367 
0.914089 1 0.883942 1 0.882335 -0.4404 
0.914095 1 0.883942 1 0.882335 -0.440431 
0.914101 1 0.883942 1 0.882336 -0.440462 
0.914106 1 0.883942 1 0.882336 -0.440493 
0.914112 1 0.883941 1 0.882336 -0.440523 
0.914118 1 0.883942 1 0.882336 -0.440551 
0.914124 1 0.883942 1 0.882336 -0.440579 
0.914129 1 0.883942 1 0.882337 -0.440607 
0.914135 1 0.883941 1 0.882337 -0.440634 
0.91414 1 0.883941 1 0.882337 -0.44066 
0.914146 1 0.883941 1 0.882338 -0.440686 
0.914151 1 0.883941 1 0.882338 -0.440712 
0.914156 1 0.883941 1 0.882339 -0.440736 
0.914161 1 0.88394 1 0.882339 -0.44076 
0.914166 1 0.88394 1 0.88234 -0.440785 
0.914171 1 0.88394 1 0.882341 -0.440807 
0.914176 1 0.883939 1 0.882341 -0.440829 
0.914181 1 0.883938 1 0.882342 -0.440851 
0.914185 1 0.883938 1 0.882343 -0.440871 
0.91419 1 0.883936 1 0.882344 -0.440891 
0.914194 1 0.883935 1 0.882345 -0.44091 
