0.397253 0 0.513476 0 0.513475 0.500001 
0.397361 0 0.514686 0 0.514167 0.498958 
0.39774 0 0.51631 0 0.515598 0.497387 
0.398257 0 0.518374 0 0.517526 0.49499 
0.398945 0 0.520785 0 0.520074 0.491391 
0.399764 0 0.523564 0 0.523034 0.486221 
0.400529 0 0.526467 0 0.52618 0.479232 
0.401368 0 0.529686 0 0.529501 0.470344 
0.402314 0 0.533188 0 0.533029 0.459626 
0.403304 0 0.536843 0 0.536727 0.447243 
0.404344 0 0.540642 0 0.540566 0.433412 
0.405435 0 0.544557 0 0.544517 0.418373 
0.406549 0 0.54854 0 0.548511 0.402373 
0.407664 0 0.55252 0 0.552495 0.385649 
0.408769 0 0.556446 0 0.556417 0.368419 
0.409594 0 0.56015 0 0.559865 0.350875 
0.410202 0 0.56366 0 0.562849 0.333177 
0.410585 0 0.566825 0 0.565435 0.315458 
0.410819 0 0.569648 0 0.567692 0.297821 
0.410961 0 0.572154 0 0.569656 0.280346 
0.411045 0 0.574358 0 0.571337 0.263094 
0.411086 0 0.576259 0 0.572738 0.246106 
0.411099 0 0.577863 0 0.573866 0.229416 
0.411098 0 0.57918 0 0.57473 0.213045 
0.411087 0 0.580215 0 0.575334 0.197005 
0.411197 0 0.580954 0 0.576006 0.181306 
0.411393 0 0.58151 0 0.576592 0.165953 
0.411637 0 0.581882 0 0.57702 0.150945 
0.411897 0 0.582053 0 0.57726 0.136283 
0.412241 0 0.582103 0 0.577309 0.121964 
0.412622 0 0.58201 0 0.577196 0.107983 
0.413103 0 0.581807 0 0.577033 0.0943366 
0.413549 0 0.581395 0 0.576759 0.0810181 
0.413969 0 0.580862 0 0.576259 0.068022 
0.41437 0 0.580185 0 0.575604 0.0553421 
0.414739 0 0.57936 0 0.574822 0.0429718 
0.415115 0 0.578441 0 0.573938 0.0309047 
0.415474 0 0.577414 0 0.572962 0.0191343 
0.415831 0 0.576308 0 0.571907 0.00765375 
0.416189 0 0.575135 0 0.570787 -0.00354325 
0.416542 0 0.573901 0 0.569607 -0.0144634 
0.416883 0 0.572604 0 0.568369 -0.025113 
0.417212 0 0.571253 0 0.567081 -0.0354985 
0.417535 0 0.569865 0 0.565755 -0.0456259 
0.417852 0 0.568445 0 0.564396 -0.0555016 
0.418155 0 0.566991 0 0.563008 -0.0651314 
0.418446 0 0.565512 0 0.561596 -0.0745212 
0.418732 0 0.564019 0 0.56017 -0.0836768 
0.41901 0 0.562516 0 0.558731 -0.0926039 
0.419275 0 0.560999 0 0.557281 -0.101308 
0.419526 0 0.559472 0 0.555823 -0.109794 
0.419771 0 0.557946 0 0.554363 -0.118067 
0.420007 0 0.556423 0 0.552904 -0.126134 
0.420227 0 0.554897 0 0.551442 -0.133997 
0.420433 0 0.55337 0 0.549981 -0.141662 
0.420629 0 0.551851 0 0.548525 -0.149135 
0.420815 0 0.550339 0 0.547074 -0.156418 
0.420981 0 0.548829 0 0.545624 -0.163518 
0.421129 0 0.547319 0 0.544177 -0.170437 
0.421264 0 0.545818 0 0.542735 -0.17718 
0.421383 0 0.544323 0 0.541297 -0.18375 
0.421478 0 0.542827 0 0.539858 -0.190151 
0.421548 0 0.541327 0 0.538417 -0.196387 
0.421597 0 0.53983 0 0.536977 -0.20246 
0.421623 0 0.538334 0 0.535534 -0.208374 
0.421614 0 0.536827 0 0.534082 -0.21413 
0.421571 0 0.53531 0 0.532621 -0.219731 
0.421496 0 0.533787 0 0.531152 -0.225178 
0.421386 0 0.532257 0 0.529675 -0.230471 
0.421232 0 0.530711 0 0.528183 -0.235613 
0.421034 0 0.529152 0 0.526679 -0.240601 
0.420797 0 0.527589 0 0.52517 -0.245434 
0.420522 0 0.526027 0 0.523659 -0.250112 
0.420205 0 0.524461 0 0.522147 -0.254632 
0.419849 0 0.522902 0 0.520643 -0.258989 
0.419467 0 0.521364 0 0.519159 -0.263181 
0.419063 0 0.519854 0 0.517702 -0.267204 
0.418637 0 0.518372 0 0.516275 -0.271051 
0.418195 0 0.516928 0 0.514889 -0.274719 
0.417749 0 0.515534 0 0.513555 -0.278202 
0.417302 0 0.514196 0 0.512276 -0.281495 
0.416851 0 0.512909 0 0.511053 -0.284593 
0.416401 0 0.511679 0 0.50989 -0.287489 
0.415959 0 0.510514 0 0.508794 -0.29018 
0.415527 0 0.509416 0 0.507765 -0.292661 
0.415098 0 0.508377 0 0.506799 -0.294928 
0.414674 0 0.507401 0 0.505898 -0.296978 
0.414262 0 0.506494 0 0.505067 -0.298807 
0.413862 0 0.505657 0 0.504304 -0.300413 
0.413467 0 0.504882 0 0.503605 -0.301792 
0.41315 0 0.50422 0 0.502998 -0.302944 
0.412887 0 0.503673 0 0.502495 -0.303866 
0.412658 0 0.503223 0 0.502081 -0.304554 
0.412444 0 0.502845 0 0.501739 -0.305007 
0.412237 0 0.502532 0 0.501462 -0.305219 
0.412042 0 0.502291 0 0.501256 -0.305181 
0.411855 0 0.502121 0 0.501119 -0.304876 
0.411669 0 0.502021 0 0.501056 -0.304279 
0.411485 0 0.502002 0 0.501076 -0.303342 
0.41131 0 0.502089 0 0.501202 -0.301994 
0.411144 0 0.502305 0 0.501457 -0.300129 
0.410979 0 0.502675 0 0.501869 -0.297603 
0.410819 0 0.50324 0 0.502479 -0.294241 
0.410669 0 0.504051 0 0.503336 -0.289853 
0.410528 0 0.505151 0 0.504478 -0.284262 
0.410391 0 0.506565 0 0.505937 -0.277331 
0.410258 0 0.508316 0 0.507732 -0.268994 
0.410138 0 0.510412 0 0.509869 -0.259269 
0.41003 0 0.512837 0 0.512329 -0.248259 
0.409927 0 0.515552 0 0.515076 -0.236125 
0.409834 0 0.518517 0 0.51807 -0.223063 
0.409756 0 0.521697 0 0.521269 -0.209281 
0.409695 0 0.525045 0 0.524627 -0.194974 
0.409645 0 0.528514 0 0.528098 -0.180317 
0.409607 0 0.532066 0 0.531645 -0.165455 
0.40959 0 0.535681 0 0.53524 -0.150508 
0.409593 0 0.53933 0 0.538856 -0.135573 
0.409609 0 0.542984 0 0.542466 -0.120724 
0.409641 0 0.546626 0 0.546053 -0.106017 
0.409694 0 0.55025 0 0.549608 -0.0914961 
0.409766 0 0.553842 0 0.553117 -0.077193 
0.40985 0 0.557385 0 0.556568 -0.0631313 
0.409946 0 0.560872 0 0.559954 -0.0493277 
0.41006 0 0.564305 0 0.563274 -0.0357937 
0.410189 0 0.567677 0 0.566523 -0.022537 
0.410326 0 0.570976 0 0.569694 -0.00956156 
0.410469 0 0.574201 0 0.572786 0.0031303 
0.410625 0 0.577355 0 0.575803 0.0155386 
0.410791 0 0.580438 0 0.578741 0.0276644 
0.410959 0 0.583439 0 0.581597 0.0395103 
0.411129 0 0.586358 0 0.584373 0.0510794 
0.411308 0 0.589204 0 0.587073 0.0623753 
0.411492 0 0.591974 0 0.589697 0.0734025 
0.411675 0 0.594663 0 0.592243 0.0841655 
0.411857 0 0.597271 0 0.594712 0.0946692 
0.412045 0 0.599807 0 0.597111 0.104919 
0.412236 0 0.602271 0 0.59944 0.114919 
0.412423 0 0.604656 0 0.601697 0.124675 
0.412608 0 0.606965 0 0.603886 0.134193 
0.412797 0 0.609207 0 0.606011 0.143477 
0.412987 0 0.611383 0 0.608075 0.152533 
0.413173 0 0.613487 0 0.610075 0.161366 
0.413356 0 0.615521 0 0.612014 0.16998 
0.413542 0 0.617495 0 0.613899 0.178382 
0.413729 0 0.61941 0 0.61573 0.186576 
0.413911 0 0.621259 0 0.617507 0.194567 
0.414089 0 0.623046 0 0.619231 0.202359 
0.414271 0 0.624781 0 0.62091 0.209958 
0.414454 0 0.626465 0 0.622543 0.217368 
0.414632 0 0.628091 0 0.62413 0.224593 
0.414806 0 0.629661 0 0.625674 0.231638 
0.414983 0 0.631187 0 0.627179 0.238508 
0.415163 0 0.632669 0 0.628648 0.245205 
0.415337 0 0.634101 0 0.630077 0.251736 
0.415508 0 0.635484 0 0.631471 0.258102 
0.415682 0 0.636831 0 0.632834 0.26431 
0.415859 0 0.638139 0 0.634167 0.270361 
0.416031 0 0.639404 0 0.635469 0.276261 
0.4162 0 0.640628 0 0.636741 0.282012 
0.416372 0 0.64182 0 0.637989 0.287618 
0.416547 0 0.642981 0 0.639213 0.293082 
0.416719 0 0.644103 0 0.640411 0.298408 
0.416887 0 0.64519 0 0.641585 0.303599 
0.41706 0 0.64625 0 0.64274 0.308658 
0.417235 0 0.647284 0 0.643877 0.313588 
0.417407 0 0.648284 0 0.644992 0.318392 
0.417576 0 0.649252 0 0.646088 0.323072 
0.41775 0 0.650198 0 0.647169 0.327632 
0.417927 0 0.651122 0 0.648235 0.332073 
0.418101 0 0.652015 0 0.649284 0.336398 
0.418273 0 0.652879 0 0.650316 0.34061 
0.41845 0 0.653725 0 0.651337 0.34471 
0.418631 0 0.65455 0 0.652346 0.348701 
0.418808 0 0.655348 0 0.65334 0.352584 
0.418984 0 0.656119 0 0.65432 0.356361 
0.419166 0 0.656874 0 0.655291 0.360034 
0.419351 0 0.65761 0 0.656252 0.363603 
0.419534 0 0.65832 0 0.6572 0.367071 
0.419716 0 0.659005 0 0.658136 0.370437 
0.419903 0 0.659674 0 0.659064 0.373704 
0.420095 0 0.660326 0 0.659983 0.37687 
0.420285 0 0.660952 0 0.660891 0.379937 
0.420475 0 0.661555 0 0.661787 0.382904 
0.42067 0 0.662141 0 0.662677 0.385772 
0.420871 0 0.662712 0 0.663558 0.388539 
0.42107 0 0.663257 0 0.664429 0.391205 
0.42127 0 0.663777 0 0.665288 0.39377 
0.421476 0 0.664282 0 0.666142 0.39623 
0.421688 0 0.664771 0 0.666988 0.398586 
0.421899 0 0.665234 0 0.667822 0.400834 
0.422111 0 0.665672 0 0.668646 0.402974 
0.422331 0 0.666094 0 0.669465 0.405002 
0.422558 0 0.666499 0 0.670275 0.406917 
0.422784 0 0.666878 0 0.671075 0.408716 
0.423013 0 0.667231 0 0.671865 0.410398 
0.42325 0 0.667568 0 0.672649 0.41196 
0.423495 0 0.667888 0 0.673427 0.4134 
0.423741 0 0.668182 0 0.674194 0.414719 
0.423991 0 0.66845 0 0.674952 0.415914 
0.42425 0 0.668702 0 0.675706 0.416987 
0.424519 0 0.668937 0 0.676455 0.41794 
0.424791 0 0.669147 0 0.677196 0.418775 
0.425068 0 0.669332 0 0.67793 0.419496 
0.425357 0 0.669504 0 0.678663 0.42011 
0.425657 0 0.66966 0 0.679395 0.420624 
0.425962 0 0.669794 0 0.680124 0.421048 
0.426275 0 0.669908 0 0.68085 0.421391 
0.426602 0 0.670011 0 0.681582 0.421668 
0.426944 0 0.670103 0 0.682319 0.421892 
0.427294 0 0.670179 0 0.68306 0.42208 
0.427654 0 0.670239 0 0.683807 0.422249 
0.428034 0 0.670295 0 0.684568 0.422416 
0.428433 0 0.670348 0 0.685344 0.4226 
0.428845 0 0.670391 0 0.686134 0.422821 
0.429274 0 0.670426 0 0.686942 0.423097 
0.429729 0 0.670466 0 0.687776 0.423445 
0.43021 0 0.67051 0 0.688637 0.423881 
0.430714 0 0.670553 0 0.689525 0.42442 
0.431243 0 0.670596 0 0.690444 0.425072 
0.431809 0 0.670653 0 0.691402 0.425845 
0.432414 0 0.670722 0 0.6924 0.426744 
0.433052 0 0.670798 0 0.693439 0.427767 
0.433729 0 0.670882 0 0.69452 0.42891 
0.434453 0 0.670986 0 0.695651 0.430164 
0.435227 0 0.671109 0 0.696831 0.431516 
0.436042 0 0.671243 0 0.698055 0.43295 
0.436902 0 0.671389 0 0.699323 0.434449 
0.43781 0 0.671555 0 0.700638 0.435996 
0.438763 0 0.67174 0 0.701994 0.437574 
0.439751 0 0.671932 0 0.703382 0.439167 
0.440769 0 0.672129 0 0.704797 0.440764 
0.441821 0 0.672337 0 0.70624 0.442353 
0.442584 0 0.6724 0 0.707309 0.443926 
0.442994 0 0.672322 0 0.707903 0.445479 
0.443153 0 0.672098 0 0.708196 0.447005 
0.443155 0 0.671754 0 0.708323 0.448503 
0.443058 0 0.67131 0 0.708363 0.44997 
0.44296 0 0.670856 0 0.708405 0.451404 
0.442861 0 0.670392 0 0.708452 0.452807 
0.44277 0 0.669927 0 0.708507 0.454177 
0.442685 0 0.669459 0 0.708569 0.455514 
0.442517 0 0.668917 0 0.708551 0.456819 
0.442282 0 0.668336 0 0.708453 0.458093 
0.442001 0 0.667743 0 0.708291 0.459335 
0.441686 0 0.667141 0 0.708078 0.460546 
0.441338 0 0.666524 0 0.707825 0.461728 
0.440967 0 0.665896 0 0.707542 0.46288 
0.440584 0 0.665271 0 0.707237 0.464004 
0.440189 0 0.664651 0 0.70691 0.4651 
0.439778 0 0.664032 0 0.706557 0.466168 
0.439352 0 0.663415 0 0.70618 0.46721 
0.43892 0 0.662811 0 0.705785 0.468226 
0.438481 0 0.662221 0 0.70537 0.469216 
0.438028 0 0.661635 0 0.704932 0.470182 
0.437563 0 0.661055 0 0.704472 0.471124 
0.437093 0 0.660491 0 0.703996 0.472042 
0.436618 0 0.659943 0 0.703501 0.472937 
0.43613 0 0.659401 0 0.702985 0.47381 
0.435632 0 0.658867 0 0.702448 0.474661 
0.435129 0 0.65835 0 0.701896 0.475491 
0.434622 0 0.65785 0 0.701326 0.4763 
0.434103 0 0.657357 0 0.700735 0.477089 
0.433858 0 0.657045 0 0.700417 0.477858 
0.433793 0 0.656866 0 0.700272 0.478607 
0.433817 0 0.656775 0 0.700208 0.479338 
0.433813 0 0.656656 0 0.700121 0.480051 
0.433728 0 0.656451 0 0.699964 0.480746 
0.433591 0 0.656216 0 0.699748 0.481424 
0.433416 0 0.655969 0 0.69948 0.482085 
0.433206 0 0.655711 0 0.699168 0.482729 
0.432972 0 0.655446 0 0.698822 0.483357 
0.432725 0 0.655188 0 0.698452 0.483969 
0.432647 0 0.655078 0 0.698227 0.484566 
0.432661 0 0.655038 0 0.698091 0.485148 
0.432722 0 0.655037 0 0.698 0.485716 
0.432814 0 0.655068 0 0.697933 0.486269 
0.432921 0 0.655117 0 0.697875 0.486809 
0.433033 0 0.655174 0 0.697816 0.487335 
0.433147 0 0.655236 0 0.697754 0.487848 
0.433271 0 0.655314 0 0.697691 0.488348 
0.433422 0 0.655408 0 0.697718 0.488835 
0.433644 0 0.655606 0 0.697824 0.489311 
0.433903 0 0.655827 0 0.697988 0.489774 
0.434185 0 0.656047 0 0.698194 0.490226 
0.434478 0 0.656258 0 0.698422 0.490667 
0.434769 0 0.656448 0 0.698655 0.491096 
0.435058 0 0.656621 0 0.698894 0.491515 
0.435353 0 0.656788 0 0.699142 0.491924 
0.435651 0 0.656947 0 0.699397 0.492322 
0.435946 0 0.657089 0 0.699657 0.49271 
0.436238 0 0.657214 0 0.699922 0.493088 
0.436533 0 0.657329 0 0.700198 0.493458 
0.436831 0 0.657434 0 0.700482 0.493817 
0.437123 0 0.657519 0 0.700771 0.494168 
0.437413 0 0.657585 0 0.701065 0.49451 
0.437707 0 0.657642 0 0.701369 0.494844 
0.438005 0 0.657689 0 0.701683 0.495169 
0.438298 0 0.657716 0 0.702001 0.495486 
0.438533 0 0.657825 0 0.702225 0.495795 
0.438743 0 0.657993 0 0.702391 0.496096 
0.43897 0 0.658186 0 0.702568 0.49639 
0.439216 0 0.658387 0 0.702763 0.496677 
0.439486 0 0.658601 0 0.702983 0.496956 
0.439787 0 0.658842 0 0.70323 0.497228 
0.440116 0 0.659115 0 0.703501 0.497494 
0.44041 0 0.659405 0 0.703718 0.497753 
0.440693 0 0.659706 0 0.703918 0.498005 
0.440982 0 0.660029 0 0.70412 0.498252 
0.441282 0 0.660377 0 0.704326 0.498492 
0.441586 0 0.660743 0 0.704535 0.498726 
0.441897 0 0.661131 0 0.704747 0.498954 
0.44222 0 0.661551 0 0.704969 0.499176 
0.442555 0 0.662003 0 0.705202 0.499393 
0.442894 0 0.66248 0 0.705443 0.499605 
0.443237 0 0.662986 0 0.705697 0.499811 
0.443592 0 0.663533 0 0.705973 0.500012 
0.443955 0 0.664127 0 0.706273 0.500208 
0.44432 0 0.664765 0 0.706599 0.500399 
0.444686 0 0.665458 0 0.70696 0.500585 
0.44506 0 0.666226 0 0.707368 0.500767 
0.445442 0 0.66708 0 0.707831 0.500944 
0.445821 0 0.668021 0 0.708352 0.501117 
0.4462 0 0.669063 0 0.708939 0.501285 
0.446585 0 0.670222 0 0.7096 0.501449 
0.446975 0 0.671503 0 0.710332 0.501609 
0.447361 0 0.672896 0 0.711126 0.501765 
0.447744 0 0.6744 0 0.711975 0.501918 
0.448132 0 0.676016 0 0.71287 0.502066 
0.448522 0 0.67773 0 0.713795 0.502211 
0.448907 0 0.679518 0 0.71473 0.502351 
0.449538 0 0.681456 0 0.715952 0.502489 
0.450293 0 0.683548 0 0.717296 0.502623 
0.451092 0 0.685739 0 0.718647 0.502753 
0.45214 0 0.68816 0 0.720201 0.502881 
0.452929 0 0.690333 0 0.721419 0.503005 
0.453983 0 0.692709 0 0.722848 0.503127 
0.455038 0 0.695011 0 0.724219 0.503245 
0.456088 0 0.697218 0 0.72552 0.50336 
0.457134 0 0.699323 0 0.726744 0.503472 
0.457957 0 0.701154 0 0.727645 0.503582 
0.458785 0 0.702887 0 0.728462 0.503688 
0.459836 0 0.704778 0 0.729358 0.503793 
0.460852 0 0.706454 0 0.730182 0.503894 
0.461858 0 0.707985 0 0.730926 0.503993 
0.462859 0 0.709397 0 0.731581 0.504089 
0.463864 0 0.710553 0 0.732281 0.504184 
0.464707 0 0.711552 0 0.732681 0.504275 
0.46577 0 0.712702 0 0.733163 0.504364 
0.466839 0 0.713768 0 0.733578 0.504452 
0.467775 0 0.714678 0 0.733787 0.504537 
0.468776 0 0.715519 0 0.734043 0.504619 
0.469828 0 0.716315 0 0.734322 0.5047 
0.470924 0 0.717074 0 0.734623 0.504779 
0.472055 0 0.717789 0 0.734947 0.504856 
0.473133 0 0.718436 0 0.735193 0.504931 
0.474317 0 0.719136 0 0.735509 0.505003 
0.475557 0 0.719798 0 0.735924 0.505074 
0.476805 0 0.720436 0 0.736356 0.505143 
0.478106 0 0.721046 0 0.736881 0.505211 
0.479469 0 0.721657 0 0.737502 0.505277 
0.480911 0 0.722297 0 0.738231 0.505341 
0.482442 0 0.72297 0 0.739085 0.505404 
0.484071 0 0.723686 0 0.740078 0.505464 
0.485812 0 0.724459 0 0.741222 0.505524 
0.487662 0 0.72529 0 0.742515 0.505582 
0.489608 0 0.72617 0 0.743948 0.505638 
0.491643 0 0.727097 0 0.745514 0.505693 
0.493763 0 0.728077 0 0.747204 0.505746 
0.495954 0 0.729106 0 0.749002 0.505798 
0.498196 0 0.73017 0 0.75089 0.505849 
0.500475 0 0.731266 0 0.752852 0.505899 
0.502788 0 0.7324 0 0.754881 0.505947 
0.505122 0 0.733567 0 0.756961 0.505994 
0.507459 0 0.734757 0 0.759077 0.506039 
0.509794 0 0.735965 0 0.761227 0.506084 
0.512125 0 0.737207 0 0.7634 0.506127 
0.514461 0 0.738476 0 0.765609 0.506169 
0.516795 0 0.739763 0 0.767849 0.50621 
0.519097 0 0.741084 0 0.770084 0.506249 
0.521407 0 0.742435 0 0.772356 0.506288 
0.523722 0 0.743812 0 0.774662 0.506325 
0.526036 0 0.745206 0 0.776999 0.506362 
0.528294 0 0.746652 0 0.779304 0.506397 
0.53056 0 0.748125 0 0.781645 0.506431 
0.532833 0 0.749624 0 0.784019 0.506464 
0.535106 0 0.751138 0 0.786423 0.506495 
0.537381 0 0.752666 0 0.788856 0.506526 
0.539664 0 0.754216 0 0.791321 0.506555 
0.541863 0 0.755854 0 0.793728 0.506583 
0.544064 0 0.757505 0 0.796164 0.50661 
0.545814 0 0.758751 0 0.798313 0.506636 
0.54721 0 0.759759 0 0.800053 0.50666 
0.548343 0 0.760632 0 0.801444 0.506683 
0.549294 0 0.761426 0 0.802626 0.506704 
0.550137 0 0.762179 0 0.803724 0.506723 
0.550991 0 0.762956 0 0.804851 0.506741 
0.551853 0 0.763755 0 0.806004 0.506756 
0.552718 0 0.764567 0 0.807178 0.50677 
0.553586 0 0.765392 0 0.808374 0.50678 
0.554466 0 0.766237 0 0.809596 0.506788 
0.555355 0 0.767103 0 0.810841 0.506793 
0.556111 0 0.767933 0 0.812292 0.506795 
0.556843 0 0.768934 0 0.813521 0.506792 
0.557535 0 0.769975 0 0.814608 0.506785 
0.558189 0 0.771026 0 0.815599 0.506772 
0.558715 0 0.772077 0 0.81651 0.506754 
0.559246 0 0.773176 0 0.817365 0.506729 
0.559784 0 0.774304 0 0.818205 0.506695 
0.560324 0 0.775448 0 0.819044 0.506652 
0.560855 0 0.776591 0 0.819877 0.506599 
0.561318 0 0.777713 0 0.820744 0.506533 
0.561814 0 0.778904 0 0.821583 0.506452 
0.562242 0 0.780046 0 0.822389 0.506355 
0.562688 0 0.781226 0 0.823144 0.506238 
0.563142 0 0.782423 0 0.823874 0.506097 
0.563559 0 0.78359 0 0.824661 0.50593 
0.56394 0 0.78474 0 0.825409 0.505732 
0.564359 0 0.785951 0 0.826128 0.505496 
0.564729 0 0.787105 0 0.826831 0.505218 
0.565074 0 0.788243 0 0.827504 0.50489 
0.565404 0 0.789374 0 0.828147 0.504504 
0.565721 0 0.790497 0 0.828765 0.50405 
0.56603 0 0.791616 0 0.829361 0.503516 
0.566341 0 0.79274 0 0.829943 0.502889 
0.566655 0 0.793866 0 0.830507 0.502154 
0.566965 0 0.794983 0 0.831046 0.501293 
0.567271 0 0.796088 0 0.83156 0.500286 
0.567582 0 0.797188 0 0.832047 0.499107 
0.567895 0 0.798278 0 0.832502 0.497729 
0.568203 0 0.799345 0 0.832916 0.496119 
0.568509 0 0.800385 0 0.833284 0.494239 
0.568817 0 0.801401 0 0.833605 0.492047 
0.569128 0 0.802387 0 0.833868 0.489491 
0.569434 0 0.803326 0 0.83406 0.486513 
0.569737 0 0.804209 0 0.834173 0.483049 
0.570042 0 0.805034 0 0.834196 0.479024 
0.570349 0 0.805787 0 0.834115 0.474356 
0.57065 0 0.806445 0 0.833908 0.468957 
0.570947 0 0.806991 0 0.833558 0.462737 
0.571247 0 0.807415 0 0.833047 0.455607 
0.57104 0 0.806852 0 0.831423 0.447488 
0.570466 0 0.805533 0 0.829068 0.438317 
0.569707 0 0.803664 0 0.826302 0.428061 
0.56896 0 0.801533 0 0.823272 0.416723 
0.568226 0 0.799128 0 0.819969 0.404351 
0.567497 0 0.796439 0 0.816392 0.391033 
0.566775 0 0.793475 0 0.812552 0.37689 
0.566088 0 0.790303 0 0.80858 0.362064 
0.565421 0 0.786924 0 0.804443 0.346702 
0.564758 0 0.783352 0 0.800151 0.330948 
0.5641 0 0.77962 0 0.795741 0.314935 
0.563454 0 0.775773 0 0.791255 0.298778 
0.562819 0 0.771843 0 0.786726 0.282575 
0.562188 0 0.767853 0 0.782178 0.266406 
0.561564 0 0.763828 0 0.777636 0.250337 
0.560954 0 0.759801 0 0.773126 0.234421 
0.560358 0 0.755791 0 0.768663 0.218697 
0.559769 0 0.751809 0 0.764261 0.203197 
0.559191 0 0.747871 0 0.759932 0.187946 
0.55863 0 0.743997 0 0.755692 0.172959 
0.558087 0 0.740197 0 0.751547 0.158251 
0.557557 0 0.736473 0 0.747501 0.14383 
0.55704 0 0.732833 0 0.743559 0.129702 
0.556545 0 0.72929 0 0.73973 0.115869 
0.555992 0 0.725666 0 0.735801 0.102335 
0.555383 0 0.721948 0 0.7318 0.0890977 
0.554743 0 0.718196 0 0.7278 0.0761562 
0.554102 0 0.714485 0 0.723867 0.0635082 
0.553472 0 0.710856 0 0.720038 0.0511502 
0.552859 0 0.707326 0 0.716315 0.0390786 
0.552266 0 0.703903 0 0.712709 0.0272893 
0.5517 0 0.700597 0 0.709229 0.015778 
0.551161 0 0.697408 0 0.705872 0.00453969 
0.550622 0 0.694264 0 0.702573 -0.00643067 
0.550086 0 0.691173 0 0.699341 -0.017138 
0.549564 0 0.688154 0 0.69619 -0.0275877 
0.549057 0 0.685214 0 0.693126 -0.0377847 
0.548559 0 0.68235 0 0.690148 -0.0477343 
0.548074 0 0.679562 0 0.687255 -0.0574418 
0.547607 0 0.676859 0 0.684451 -0.0669123 
0.547158 0 0.674235 0 0.68173 -0.0761513 
0.546718 0 0.67168 0 0.679086 -0.0851635 
0.546288 0 0.669194 0 0.676517 -0.0939543 
0.545876 0 0.666781 0 0.674026 -0.102528 
0.545479 0 0.664439 0 0.671609 -0.110891 
0.545091 0 0.662161 0 0.669262 -0.119047 
0.544713 0 0.659945 0 0.666984 -0.127 
0.544352 0 0.657799 0 0.664778 -0.134757 
0.544006 0 0.655718 0 0.662641 -0.14232 
0.543669 0 0.653696 0 0.660567 -0.149696 
0.54334 0 0.65173 0 0.658556 -0.156887 
0.543028 0 0.649827 0 0.65661 -0.163899 
0.54273 0 0.647984 0 0.654726 -0.170735 
0.54244 0 0.646193 0 0.6529 -0.177399 
0.542159 0 0.644453 0 0.651129 -0.183897 
0.541892 0 0.642771 0 0.649419 -0.190231 
0.54164 0 0.641143 0 0.647765 -0.196405 
0.541394 0 0.639562 0 0.646162 -0.202424 
0.541156 0 0.638027 0 0.64461 -0.20829 
0.540933 0 0.636545 0 0.643113 -0.214008 
0.540723 0 0.635112 0 0.641667 -0.21958 
0.540519 0 0.633722 0 0.640268 -0.225011 
0.540322 0 0.632372 0 0.638914 -0.230303 
0.540139 0 0.631071 0 0.63761 -0.235459 
0.539968 0 0.629815 0 0.636353 -0.240484 
0.539803 0 0.628596 0 0.635138 -0.245379 
0.539644 0 0.627415 0 0.633965 -0.250148 
0.539499 0 0.626277 0 0.632837 -0.254793 
0.539365 0 0.625181 0 0.631752 -0.259318 
0.539236 0 0.624119 0 0.630706 -0.263726 
0.539113 0 0.623089 0 0.629696 -0.268018 
0.539002 0 0.622101 0 0.628729 -0.272197 
0.538903 0 0.62115 0 0.627802 -0.276266 
0.538808 0 0.620229 0 0.626909 -0.280228 
0.538718 0 0.619338 0 0.62605 -0.284084 
0.53864 0 0.618485 0 0.62523 -0.287838 
0.538573 0 0.617666 0 0.624447 -0.29149 
0.538509 0 0.616875 0 0.623695 -0.295044 
0.538451 0 0.616111 0 0.622975 -0.298502 
0.538404 0 0.615381 0 0.62229 -0.301865 
0.538367 0 0.614683 0 0.62164 -0.305135 
0.538333 0 0.614009 0 0.621019 -0.308315 
0.538303 0 0.613361 0 0.620426 -0.311407 
0.538285 0 0.612744 0 0.619867 -0.314411 
0.538276 0 0.612156 0 0.61934 -0.31733 
0.538271 0 0.611591 0 0.618839 -0.320166 
0.538269 0 0.611048 0 0.618365 -0.32292 
0.538278 0 0.610535 0 0.617923 -0.325594 
0.538296 0 0.61005 0 0.61751 -0.328189 
0.538317 0 0.609584 0 0.617122 -0.330707 
0.538341 0 0.609139 0 0.616759 -0.33315 
0.538376 0 0.608721 0 0.616426 -0.335518 
0.538419 0 0.608329 0 0.61612 -0.337813 
0.538465 0 0.607955 0 0.615838 -0.340036 
0.538514 0 0.6076 0 0.615578 -0.342189 
0.538574 0 0.60727 0 0.615348 -0.344272 
0.538642 0 0.606965 0 0.615143 -0.346288 
0.538712 0 0.606676 0 0.614961 -0.348237 
0.538785 0 0.606404 0 0.614799 -0.350119 
0.538868 0 0.606156 0 0.614666 -0.351937 
0.538959 0 0.605931 0 0.614557 -0.353691 
0.539052 0 0.605721 0 0.614468 -0.355382 
0.539148 0 0.605526 0 0.614401 -0.357011 
0.539254 0 0.605354 0 0.614359 -0.358579 
0.539367 0 0.605203 0 0.614341 -0.360086 
0.539483 0 0.605066 0 0.614343 -0.361534 
0.539601 0 0.604943 0 0.614364 -0.362922 
0.539728 0 0.604842 0 0.614411 -0.364253 
0.539864 0 0.604761 0 0.614481 -0.365526 
0.540001 0 0.604693 0 0.614569 -0.366741 
0.540039 0 0.604445 0 0.614364 -0.3679 
0.540011 0 0.604076 0 0.61397 -0.369003 
0.539941 0 0.603672 0 0.6135 -0.370051 
0.53985 0 0.60328 0 0.613033 -0.371044 
0.539762 0 0.602915 0 0.612597 -0.371982 
0.539685 0 0.602586 0 0.612197 -0.372866 
0.539646 0 0.60231 0 0.611925 -0.373697 
0.539643 0 0.6021 0 0.611744 -0.374475 
0.53964 0 0.601856 0 0.611544 -0.375199 
0.539626 0 0.601605 0 0.611317 -0.375871 
0.539615 0 0.601351 0 0.611093 -0.376489 
0.539606 0 0.601115 0 0.610886 -0.377055 
0.539604 0 0.600906 0 0.610705 -0.377567 
0.539616 0 0.600731 0 0.610555 -0.378026 
0.539638 0 0.600583 0 0.61043 -0.378431 
0.539662 0 0.600452 0 0.610318 -0.378781 
0.539687 0 0.600335 0 0.610219 -0.379077 
0.53972 0 0.60024 0 0.610136 -0.379317 
0.539759 0 0.600166 0 0.610069 -0.379501 
0.539797 0 0.600106 0 0.610013 -0.379627 
0.539836 0 0.600062 0 0.60997 -0.379694 
0.539883 0 0.600041 0 0.609945 -0.379701 
0.539937 0 0.600044 0 0.609939 -0.379647 
0.539991 0 0.600063 0 0.609945 -0.379529 
0.540046 0 0.600098 0 0.609965 -0.379346 
0.540108 0 0.600159 0 0.610005 -0.379097 
0.540177 0 0.600244 0 0.610063 -0.378777 
0.540172 0 0.600218 0 0.609995 -0.378387 
0.540138 0 0.600147 0 0.609871 -0.377922 
0.540102 0 0.600076 0 0.609752 -0.37738 
0.540073 0 0.600029 0 0.609662 -0.37676 
0.540049 0 0.600009 0 0.609607 -0.376057 
0.540031 0 0.600019 0 0.609586 -0.375271 
0.540025 0 0.600064 0 0.609603 -0.374396 
0.540029 0 0.600139 0 0.609651 -0.373431 
0.540035 0 0.600233 0 0.609723 -0.372372 
0.540043 0 0.600346 0 0.609819 -0.371217 
0.54006 0 0.600487 0 0.609946 -0.369962 
0.540085 0 0.600656 0 0.610104 -0.368605 
0.540111 0 0.600848 0 0.61029 -0.367142 
0.540139 0 0.601065 0 0.610506 -0.365573 
0.540177 0 0.601316 0 0.61076 -0.363894 
0.540222 0 0.6016 0 0.61105 -0.362103 
0.540269 0 0.601911 0 0.611371 -0.360201 
0.540318 0 0.602248 0 0.611725 -0.358184 
0.540334 0 0.602561 0 0.612067 -0.356054 
0.540325 0 0.602857 0 0.612387 -0.353809 
0.540293 0 0.603151 0 0.612697 -0.351453 
0.540248 0 0.603459 0 0.613016 -0.348985 
0.540202 0 0.603797 0 0.613358 -0.346408 
0.540157 0 0.604163 0 0.613723 -0.343726 
0.540104 0 0.60455 0 0.614108 -0.340942 
0.540046 0 0.604955 0 0.614512 -0.338059 
0.53999 0 0.605385 0 0.614941 -0.335084 
0.539935 0 0.605838 0 0.615393 -0.332021 
0.539872 0 0.606304 0 0.615861 -0.328876 
0.539803 0 0.606783 0 0.616344 -0.325655 
0.539733 0 0.607281 0 0.616845 -0.322364 
0.539662 0 0.607795 0 0.61736 -0.31901 
0.53958 0 0.608314 0 0.617881 -0.315599 
0.539489 0 0.608839 0 0.618407 -0.312139 
0.539395 0 0.609375 0 0.618942 -0.308635 
0.539296 0 0.609919 0 0.619483 -0.305093 
0.539186 0 0.610461 0 0.620022 -0.30152 
0.539063 0 0.611002 0 0.62056 -0.29792 
0.538936 0 0.611546 0 0.621099 -0.294299 
0.538802 0 0.612091 0 0.621638 -0.29066 
0.538654 0 0.612627 0 0.622169 -0.287007 
0.53849 0 0.613154 0 0.622692 -0.283342 
0.538319 0 0.613678 0 0.623211 -0.279666 
0.538137 0 0.614196 0 0.623723 -0.27598 
0.537936 0 0.614699 0 0.624222 -0.272283 
0.537715 0 0.615188 0 0.624709 -0.268573 
0.537482 0 0.615669 0 0.625188 -0.264848 
0.537233 0 0.616141 0 0.625657 -0.261102 
0.536959 0 0.616595 0 0.626111 -0.257331 
0.53666 0 0.617033 0 0.626553 -0.253529 
0.536343 0 0.617463 0 0.626987 -0.249687 
0.536003 0 0.617883 0 0.627413 -0.245799 
0.535633 0 0.618289 0 0.627829 -0.241855 
0.535233 0 0.618682 0 0.628238 -0.237848 
0.534809 0 0.619073 0 0.628647 -0.233769 
0.53436 0 0.619463 0 0.629057 -0.229613 
0.533879 0 0.619848 0 0.629469 -0.225373 
0.533369 0 0.620233 0 0.629887 -0.221047 
0.532838 0 0.620628 0 0.63032 -0.216634 
0.532288 0 0.621036 0 0.630771 -0.212136 
0.531715 0 0.621455 0 0.631239 -0.207556 
0.531124 0 0.621886 0 0.63173 -0.202903 
0.530525 0 0.622342 0 0.63225 -0.198183 
0.529921 0 0.622822 0 0.6328 -0.193408 
0.529331 0 0.623337 0 0.633387 -0.188588 
0.528853 0 0.623947 0 0.634036 -0.183734 
0.528451 0 0.624651 0 0.634772 -0.178858 
0.528092 0 0.625418 0 0.635564 -0.17397 
0.527748 0 0.62621 0 0.636385 -0.169079 
0.52741 0 0.627012 0 0.637221 -0.164196 
0.527079 0 0.627825 0 0.638071 -0.159329 
0.526753 0 0.628643 0 0.638928 -0.154484 
0.526422 0 0.629457 0 0.639787 -0.149668 
0.52609 0 0.630265 0 0.640647 -0.144885 
0.525762 0 0.631074 0 0.641511 -0.140136 
0.525438 0 0.631884 0 0.642377 -0.13542 
0.525111 0 0.632688 0 0.643243 -0.130732 
0.524783 0 0.63349 0 0.644113 -0.126062 
0.524462 0 0.634302 0 0.644994 -0.121391 
0.524147 0 0.63513 0 0.645892 -0.116693 
0.52383 0 0.635976 0 0.646814 -0.111932 
0.523514 0 0.636853 0 0.647771 -0.107059 
0.523206 0 0.637783 0 0.648785 -0.102015 
0.522905 0 0.638784 0 0.649872 -0.0967306 
0.522605 0 0.639866 0 0.651047 -0.0911341 
0.522308 0 0.641048 0 0.652329 -0.0851544 
0.52202 0 0.642355 0 0.65374 -0.0787302 
0.521741 0 0.643796 0 0.655287 -0.0718175 
0.521464 0 0.64537 0 0.656975 -0.064393 
0.521192 0 0.647077 0 0.658804 -0.0564571 
0.520931 0 0.648919 0 0.66077 -0.0480324 
0.52068 0 0.650885 0 0.662862 -0.0391605 
0.520433 0 0.652953 0 0.66506 -0.029896 
0.520192 0 0.655107 0 0.667347 -0.0203013 
0.519963 0 0.657336 0 0.669709 -0.0104427 
0.519746 0 0.659622 0 0.672126 -0.000384992 
0.519533 0 0.66194 0 0.674576 0.00981063 
0.519327 0 0.664276 0 0.677044 0.0200883 
0.519135 0 0.666624 0 0.67952 0.030399 
0.518954 0 0.66897 0 0.681989 0.0407 
0.518779 0 0.671298 0 0.684436 0.050955 
0.51861 0 0.673598 0 0.686855 0.0611338 
0.518455 0 0.675872 0 0.68924 0.0712114 
0.518311 0 0.678112 0 0.691585 0.0811673 
0.518173 0 0.680307 0 0.693881 0.0909853 
0.51804 0 0.682453 0 0.696125 0.100652 
0.51792 0 0.684555 0 0.698318 0.110158 
0.517811 0 0.686611 0 0.700456 0.119496 
0.517706 0 0.688611 0 0.702536 0.128659 
0.517605 0 0.690554 0 0.704558 0.137643 
0.517516 0 0.692449 0 0.706523 0.146447 
0.517436 0 0.694294 0 0.708431 0.155068 
0.517359 0 0.696081 0 0.710281 0.163506 
0.517286 0 0.697812 0 0.712072 0.171761 
0.517222 0 0.699495 0 0.71381 0.179833 
0.517166 0 0.70113 0 0.715494 0.187725 
0.517111 0 0.70271 0 0.717123 0.195437 
0.517059 0 0.704236 0 0.718698 0.202972 
0.517015 0 0.705719 0 0.720226 0.210332 
0.516978 0 0.707158 0 0.721705 0.217519 
0.516941 0 0.708546 0 0.723136 0.224536 
0.516905 0 0.709885 0 0.72452 0.231386 
0.516877 0 0.711186 0 0.725862 0.238071 
0.516855 0 0.712448 0 0.727163 0.244594 
0.516833 0 0.713665 0 0.728421 0.250959 
0.516811 0 0.714838 0 0.72964 0.257168 
0.516796 0 0.715978 0 0.730824 0.263224 
0.516787 0 0.717084 0 0.731972 0.26913 
0.516777 0 0.718151 0 0.733085 0.274889 
0.516768 0 0.719178 0 0.734165 0.280503 
0.516766 0 0.720178 0 0.735216 0.285976 
0.516769 0 0.721149 0 0.736238 0.29131 
0.516772 0 0.722084 0 0.737231 0.296508 
0.516776 0 0.722986 0 0.738197 0.301573 
0.516788 0 0.723863 0 0.73914 0.306507 
0.516806 0 0.724716 0 0.740059 0.311312 
0.516825 0 0.725538 0 0.740954 0.315993 
0.516845 0 0.72633 0 0.741827 0.32055 
0.516875 0 0.727102 0 0.742683 0.324987 
0.516912 0 0.727853 0 0.74352 0.329305 
0.516952 0 0.728577 0 0.744339 0.333509 
0.516995 0 0.729273 0 0.74514 0.337599 
0.517049 0 0.729952 0 0.745929 0.34158 
0.517114 0 0.730614 0 0.746704 0.345453 
0.517183 0 0.73125 0 0.747465 0.349221 
0.51726 0 0.731863 0 0.748214 0.352889 
0.517352 0 0.732461 0 0.748956 0.356458 
0.517458 0 0.733045 0 0.749691 0.359932 
0.517574 0 0.733606 0 0.750418 0.363316 
0.517703 0 0.734147 0 0.751139 0.366613 
0.517853 0 0.734676 0 0.751861 0.369828 
0.518025 0 0.735194 0 0.752583 0.372965 
0.518216 0 0.735694 0 0.753306 0.376029 
0.518428 0 0.736176 0 0.754034 0.379026 
0.518674 0 0.736653 0 0.754773 0.38196 
0.518954 0 0.737124 0 0.755526 0.384837 
0.519265 0 0.737583 0 0.756294 0.387662 
0.519615 0 0.738032 0 0.757082 0.390439 
0.520012 0 0.738485 0 0.757897 0.393172 
0.520461 0 0.738941 0 0.758742 0.395862 
0.520956 0 0.739396 0 0.759618 0.398512 
0.521503 0 0.739854 0 0.760528 0.401121 
0.522107 0 0.740326 0 0.761475 0.403688 
0.522767 0 0.740815 0 0.762456 0.406213 
0.523474 0 0.741314 0 0.763468 0.408692 
0.524223 0 0.741824 0 0.764506 0.411124 
0.525016 0 0.742355 0 0.765569 0.413507 
0.525847 0 0.742904 0 0.766649 0.415839 
0.526703 0 0.743463 0 0.76774 0.41812 
0.527578 0 0.744029 0 0.768836 0.42035 
0.528235 0 0.74481 0 0.769579 0.422527 
0.529122 0 0.745447 0 0.770644 0.424653 
0.529824 0 0.746298 0 0.771454 0.426728 
0.530708 0 0.746935 0 0.772492 0.428752 
0.531408 0 0.747812 0 0.773216 0.430727 
0.532323 0 0.7485 0 0.774293 0.432653 
0.533065 0 0.749376 0 0.775129 0.434531 
0.53396 0 0.750018 0 0.776181 0.436363 
0.534716 0 0.750704 0 0.777073 0.438149 
0.535636 0 0.751292 0 0.778201 0.439892 
0.536368 0 0.752064 0 0.77903 0.44159 
0.537247 0 0.752662 0 0.780085 0.443246 
0.537954 0 0.753428 0 0.780855 0.444861 
0.5388 0 0.75401 0 0.781853 0.446436 
0.539484 0 0.754594 0 0.782689 0.447971 
0.540302 0 0.755062 0 0.783738 0.449468 
0.540962 0 0.75569 0 0.784514 0.450927 
0.541749 0 0.75616 0 0.7855 0.45235 
0.542378 0 0.75676 0 0.786224 0.453738 
0.543119 0 0.757187 0 0.787158 0.455091 
0.543723 0 0.757758 0 0.787847 0.45641 
0.544458 0 0.758166 0 0.788805 0.457696 
0.5451 0 0.758564 0 0.789673 0.45895 
0.545837 0 0.758868 0 0.790709 0.460172 
0.546467 0 0.759201 0 0.791601 0.461364 
0.547177 0 0.759455 0 0.792609 0.462526 
0.547753 0 0.759728 0 0.793459 0.46366 
0.548415 0 0.759909 0 0.794458 0.464764 
0.549027 0 0.760124 0 0.795372 0.465842 
0.549706 0 0.760328 0 0.796365 0.466892 
0.550318 0 0.760531 0 0.797279 0.467916 
0.550988 0 0.760668 0 0.798301 0.468914 
0.551589 0 0.76082 0 0.799227 0.469888 
0.552243 0 0.760913 0 0.80025 0.470837 
0.552817 0 0.761008 0 0.801167 0.471762 
0.553432 0 0.761033 0 0.802175 0.472664 
0.554155 0 0.761135 0 0.803325 0.473544 
0.554932 0 0.761276 0 0.804515 0.474402 
0.555712 0 0.761404 0 0.805701 0.475238 
0.556483 0 0.761503 0 0.806879 0.476053 
0.557249 0 0.761582 0 0.808059 0.476848 
0.558011 0 0.761641 0 0.809242 0.477623 
0.558763 0 0.761673 0 0.810426 0.478379 
0.559505 0 0.761677 0 0.811609 0.479116 
0.560244 0 0.761659 0 0.812794 0.479834 
0.560977 0 0.761618 0 0.813978 0.480535 
0.561698 0 0.761542 0 0.815161 0.481218 
0.562407 0 0.761432 0 0.816343 0.481883 
0.563112 0 0.761297 0 0.817528 0.482533 
0.563813 0 0.761137 0 0.818714 0.483166 
0.564501 0 0.760942 0 0.819899 0.483783 
0.565179 0 0.760711 0 0.821084 0.484384 
0.565854 0 0.760455 0 0.822271 0.484971 
0.566525 0 0.760173 0 0.823459 0.485543 
0.567184 0 0.759853 0 0.824645 0.486101 
0.567833 0 0.759498 0 0.825832 0.486645 
0.568478 0 0.759115 0 0.82702 0.487175 
0.56912 0 0.758704 0 0.82821 0.487692 
0.569751 0 0.758255 0 0.829397 0.488196 
0.570371 0 0.757769 0 0.830585 0.488687 
0.570989 0 0.757255 0 0.831775 0.489166 
0.571603 0 0.756712 0 0.832966 0.489633 
0.572205 0 0.756129 0 0.834155 0.490089 
0.572798 0 0.755509 0 0.835344 0.490533 
0.573387 0 0.754859 0 0.836536 0.490966 
0.573972 0 0.754179 0 0.83773 0.491388 
0.574545 0 0.753459 0 0.838923 0.491799 
0.575107 0 0.752701 0 0.840117 0.492201 
0.575666 0 0.751914 0 0.841316 0.492592 
0.576218 0 0.751097 0 0.84252 0.492973 
0.576758 0 0.750243 0 0.843728 0.493345 
0.577185 0 0.749999 0 0.844555 0.493709 
0.577587 0 0.750123 0 0.845244 0.494063 
0.578002 0 0.750463 0 0.84585 0.494407 
0.578328 0 0.750627 0 0.846486 0.494743 
0.57865 0 0.750809 0 0.847154 0.495071 
0.578976 0 0.751031 0 0.84787 0.495391 
0.579304 0 0.751309 0 0.848649 0.495702 
0.579628 0 0.75165 0 0.849502 0.496006 
0.579948 0 0.752072 0 0.850447 0.496302 
0.580273 0 0.752597 0 0.851499 0.496591 
0.580599 0 0.753234 0 0.852663 0.496872 
0.580921 0 0.753973 0 0.853933 0.497147 
0.581489 0 0.755371 0 0.855245 0.497414 
0.582185 0 0.756807 0 0.856842 0.497675 
0.582944 0 0.758419 0 0.858517 0.49793 
0.583921 0 0.760479 0 0.86024 0.498178 
0.584918 0 0.762462 0 0.862088 0.49842 
0.585837 0 0.764372 0 0.863896 0.498655 
0.586864 0 0.766399 0 0.865737 0.498885 
0.587807 0 0.768339 0 0.867485 0.499109 
0.588779 0 0.770309 0 0.869177 0.499328 
0.5897 0 0.772215 0 0.870763 0.499541 
0.59066 0 0.774136 0 0.872284 0.499749 
0.591573 0 0.775968 0 0.873696 0.499951 
0.592523 0 0.777782 0 0.875038 0.500149 
0.593429 0 0.779492 0 0.87627 0.500342 
0.594416 0 0.781205 0 0.877448 0.500529 
0.595221 0 0.782656 0 0.878464 0.500712 
0.596252 0 0.784333 0 0.879367 0.500891 
0.597168 0 0.786402 0 0.879975 0.501065 
0.598039 0 0.788187 0 0.880367 0.501235 
0.598376 0 0.790427 1 0.879737 0.501397 
0.598684 0 0.792499 1 0.879006 0.501558 
0.598998 0 0.79443 0 0.878178 0.501715 
0.599312 0 0.796223 0 0.877241 0.501869 
0.599629 0 0.797878 0 0.876197 0.502018 
0.599949 0 0.799395 0 0.875051 0.502164 
0.600274 0 0.80078 0 0.873807 0.502306 
0.600605 0 0.80204 0 0.87247 0.502445 
0.60094 0 0.803181 0 0.871045 0.50258 
0.601282 0 0.804214 0 0.869538 0.502711 
0.601628 0 0.805147 0 0.867958 0.502839 
0.601981 0 0.805992 0 0.866311 0.502965 
0.602339 0 0.806757 0 0.864608 0.503087 
0.602703 0 0.807454 0 0.862855 0.503205 
0.603073 0 0.808091 0 0.861063 0.503322 
0.603449 0 0.808679 0 0.85924 0.503435 
0.603853 0 0.809221 0 0.85745 0.503545 
0.604298 0 0.809722 0 0.85569 0.503652 
0.604765 0 0.810194 0 0.853941 0.503757 
0.60531 0 0.810621 0 0.852277 0.503859 
0.605951 0 0.811031 0 0.850718 0.503959 
0.606701 0 0.81144 0 0.849281 0.504056 
0.60757 0 0.811856 0 0.847982 0.504151 
0.608566 0 0.812284 0 0.846833 0.504243 
0.609694 0 0.812727 0 0.845845 0.504333 
0.610956 0 0.813192 0 0.845023 0.504421 
0.61235 0 0.813683 0 0.84437 0.504506 
0.613874 0 0.814206 0 0.843885 0.50459 
0.615521 0 0.814765 0 0.843563 0.504671 
0.617281 0 0.815366 0 0.843396 0.504751 
0.619143 0 0.816011 0 0.843376 0.504828 
0.621094 0 0.816704 0 0.843491 0.504903 
0.62312 0 0.817448 0 0.84373 0.504977 
0.625208 0 0.818247 0 0.844082 0.505049 
0.627344 0 0.819102 0 0.844536 0.505119 
0.629517 0 0.820017 0 0.845081 0.505187 
0.631714 0 0.820994 0 0.84571 0.505253 
0.633927 0 0.822036 0 0.846414 0.505318 
0.636148 0 0.823141 0 0.84719 0.505381 
0.638369 0 0.824319 0 0.84803 0.505443 
0.640599 0 0.82556 0 0.848942 0.505503 
0.642837 0 0.826865 0 0.849926 0.505561 
0.645055 0 0.828265 0 0.850954 0.505618 
0.647282 0 0.829726 0 0.852052 0.505674 
0.649518 0 0.831247 0 0.85322 0.505728 
0.651763 0 0.832825 0 0.854453 0.505781 
0.654016 0 0.834457 0 0.855751 0.505832 
0.656216 0 0.836218 0 0.857054 0.505882 
0.658424 0 0.83803 0 0.858417 0.505931 
0.660641 0 0.839887 0 0.859835 0.505979 
0.662868 0 0.841785 0 0.861305 0.506025 
0.665104 0 0.843721 0 0.862822 0.50607 
0.66735 0 0.845688 0 0.864382 0.506114 
0.669604 0 0.847684 0 0.865981 0.506157 
0.671867 0 0.849702 0 0.867614 0.506198 
0.673544 0 0.851301 0 0.869257 0.506238 
0.674771 0 0.852723 0 0.870573 0.506277 
0.675675 0 0.854097 0 0.871566 0.506315 
0.676369 0 0.855474 0 0.872381 0.506352 
0.676941 0 0.856868 0 0.873156 0.506387 
0.67752 0 0.858289 0 0.873966 0.506421 
0.678107 0 0.859733 0 0.874808 0.506453 
0.6787 0 0.861198 0 0.87568 0.506485 
0.679301 0 0.862683 0 0.876577 0.506514 
0.679908 0 0.864186 0 0.877498 0.506542 
0.680523 0 0.865704 0 0.878441 0.506568 
0.681144 0 0.867235 0 0.879401 0.506592 
0.681663 0 0.868744 0 0.88033 0.506614 
0.682093 0 0.870235 0 0.881167 0.506633 
0.682451 0 0.871719 0 0.881906 0.506649 
0.682756 0 0.873204 0 0.882572 0.506663 
0.683022 0 0.874693 0 0.883193 0.506673 
0.683261 0 0.876184 0 0.883785 0.506679 
0.683479 0 0.877675 0 0.884352 0.50668 
0.683676 0 0.879164 0 0.884891 0.506677 
0.683854 0 0.880649 0 0.885396 0.506667 
0.684012 0 0.882131 0 0.885863 0.506652 
0.684151 0 0.883608 0 0.886288 0.506629 
0.684269 0 0.885081 0 0.886671 0.506598 
0.684368 0 0.886549 0 0.887012 0.506559 
0.684448 0 0.888012 0 0.887311 0.50651 
0.684508 0 0.889468 0 0.887566 0.50645 
0.684498 0 0.891266 0 0.887678 0.506379 
0.684436 0 0.893198 0 0.887679 0.506296 
0.684405 0 0.895204 0 0.887555 0.506199 
0.684305 0 0.897196 0 0.887397 0.506089 
0.684224 0 0.899216 0 0.887116 0.505963 
0.684083 0 0.90121 0 0.886837 0.505821 
0.684495 1 0.900282 0 0.888705 0.505668 
0.684728 1 0.900127 0 0.890476 0.505508 
0.684923 1 0.900117 0 0.892289 0.505349 
0.685119 0 0.900113 0 0.894093 0.50518 
0.685314 0 0.9001 0 0.89588 0.504971 
0.685508 0 0.900078 0 0.897651 0.504714 
0.685701 0 0.900045 0 0.899403 0.504403 
0.685535 0 0.899688 0 0.900661 0.504027 
0.685178 0 0.899182 0 0.901701 0.503577 
0.684724 0 0.898487 0 0.902688 0.503041 
0.684221 0 0.897664 0 0.903664 0.502408 
0.683718 0 0.896825 0 0.904607 0.501662 
0.683215 0 0.895972 0 0.905518 0.500789 
0.682712 0 0.895105 0 0.906397 0.499773 
0.682231 0 0.894232 0 0.907268 0.498594 
0.681769 0 0.893351 0 0.908132 0.497236 
0.681324 0 0.892458 0 0.908982 0.495677 
0.680894 0 0.891547 0 0.90981 0.493896 
0.680478 0 0.890617 0 0.910614 0.491873 
0.680446 0 0.891895 1 0.909637 0.489586 
0.680421 0 0.893023 1 0.908788 0.485946 
0.680407 0 0.893922 0 0.907705 0.48049 
0.680279 0 0.894083 0 0.906772 0.474584 
0.680048 0 0.893764 0 0.905742 0.468207 
0.679746 0 0.893121 0 0.904589 0.461334 
0.679404 0 0.892261 0 0.903331 0.453937 
0.67941 1 0.892227 0 0.903142 0.445984 
0.679316 1 0.891828 0 0.902924 0.43793 
0.679552 0 0.892605 1 0.902789 0.429578 
0.680095 1 0.892757 1 0.903021 0.418171 
0.680775 1 0.893074 1 0.903155 0.404503 
0.681589 1 0.893364 1 0.90336 0.389002 
0.682615 1 0.89374 1 0.903606 0.372177 
0.683773 1 0.894136 1 0.903898 0.354547 
0.68502 1 0.89458 1 0.90414 0.336502 
0.686375 1 0.895042 1 0.904428 0.318331 
0.68776 1 0.89546 1 0.904718 0.300215 
0.689171 1 0.895826 1 0.904952 0.282285 
0.690597 1 0.896145 1 0.90514 0.264623 
0.692031 1 0.896423 1 0.905285 0.247279 
0.693463 1 0.896661 1 0.905385 0.230279 
0.694889 1 0.896861 1 0.905442 0.213647 
0.696302 1 0.897024 1 0.905458 0.197386 
0.697699 1 0.897153 1 0.905435 0.1815 
0.699075 1 0.89725 1 0.905372 0.165987 
0.700428 1 0.897313 1 0.905275 0.150845 
0.701755 1 0.897347 1 0.905142 0.136069 
0.703054 1 0.897351 1 0.904977 0.121649 
0.704321 1 0.897328 1 0.90478 0.107588 
0.705557 1 0.897276 1 0.904555 0.0938686 
0.706758 1 0.897196 1 0.904301 0.0804904 
0.707925 1 0.897091 1 0.904019 0.0674455 
0.709056 1 0.896961 1 0.903711 0.0547212 
0.710149 1 0.896806 1 0.903378 0.0423111 
0.711205 1 0.896628 1 0.903021 0.0302112 
0.712222 1 0.896425 1 0.90264 0.0184133 
0.713201 1 0.8962 1 0.902236 0.00690689 
0.714142 1 0.895951 1 0.901811 -0.00431123 
0.715044 1 0.89568 1 0.901365 -0.0152492 
0.715907 1 0.895387 1 0.900897 -0.0259163 
0.716733 1 0.895072 1 0.90041 -0.0363173 
0.71752 1 0.894736 1 0.899902 -0.0464592 
0.718269 1 0.894379 1 0.899376 -0.0563454 
0.718981 1 0.894001 1 0.898831 -0.0659843 
0.719657 1 0.893602 1 0.898267 -0.075384 
0.720296 1 0.893183 1 0.897686 -0.0845492 
0.720901 1 0.892743 1 0.897087 -0.0934869 
0.721471 1 0.892285 1 0.89647 -0.102201 
0.722007 1 0.891806 1 0.895837 -0.110697 
0.722511 1 0.891308 1 0.895187 -0.118981 
0.723038 1 0.890822 1 0.894526 -0.127057 
0.72358 1 0.89036 1 0.893878 -0.134932 
0.724116 1 0.889901 1 0.893229 -0.14261 
0.724625 1 0.889424 1 0.892577 -0.150095 
0.725097 1 0.888917 1 0.891923 -0.157393 
0.725542 1 0.888385 1 0.891258 -0.16451 
0.72596 1 0.887833 1 0.890583 -0.171449 
0.726352 1 0.887261 1 0.889897 -0.178213 
0.726717 1 0.886672 1 0.889197 -0.184808 
0.72707 1 0.886077 1 0.888483 -0.191239 
0.727418 1 0.885483 1 0.887764 -0.197509 
0.727763 1 0.884892 1 0.887048 -0.203623 
0.728104 1 0.884299 1 0.886333 -0.209584 
0.728441 1 0.883704 1 0.885621 -0.215396 
0.728771 1 0.883103 1 0.884907 -0.221062 
0.729095 1 0.882497 1 0.884195 -0.226586 
0.729414 1 0.881886 1 0.883481 -0.231974 
0.729704 1 0.881194 1 0.882815 -0.237226 
0.729993 1 0.880508 1 0.88213 -0.242346 
0.730288 1 0.879844 1 0.881434 -0.247341 
0.730598 1 0.879212 1 0.880734 -0.252208 
0.730901 1 0.878576 1 0.880034 -0.256954 
0.731185 1 0.877924 1 0.879318 -0.261581 
0.731466 1 0.877272 1 0.878598 -0.266094 
0.731755 1 0.876629 1 0.877883 -0.270493 
0.732042 1 0.875985 1 0.877169 -0.274782 
0.732334 1 0.875345 1 0.87646 -0.278963 
0.732629 1 0.874709 1 0.875756 -0.283041 
0.732929 1 0.874075 1 0.875057 -0.287016 
0.733271 1 0.87348 1 0.8744 -0.290892 
0.733637 1 0.87291 1 0.873772 -0.294671 
0.734 1 0.87234 1 0.873149 -0.298356 
0.734363 1 0.871769 1 0.872528 -0.301949 
0.734723 1 0.871197 1 0.871907 -0.305452 
0.735081 1 0.870623 1 0.871285 -0.308867 
0.735438 1 0.870048 1 0.870665 -0.312196 
0.735797 1 0.869475 1 0.870048 -0.315441 
0.73616 1 0.868906 1 0.869435 -0.318606 
0.736525 1 0.868341 1 0.868828 -0.321692 
0.736895 1 0.867779 1 0.868227 -0.324699 
0.737281 1 0.867237 1 0.867644 -0.327632 
0.737671 1 0.8667 1 0.86707 -0.330492 
0.738062 1 0.866166 1 0.866502 -0.33328 
0.738456 1 0.865635 1 0.865939 -0.335998 
0.738854 1 0.86511 1 0.865385 -0.338649 
0.739258 1 0.864592 1 0.864838 -0.341232 
0.739668 1 0.864081 1 0.8643 -0.343753 
0.740083 1 0.863577 1 0.863769 -0.346209 
0.740503 1 0.86308 1 0.863247 -0.348604 
0.740929 1 0.862588 1 0.862733 -0.350939 
0.74136 1 0.862104 1 0.862225 -0.353216 
0.741796 1 0.861626 1 0.861726 -0.355437 
0.742238 1 0.861154 1 0.861234 -0.357601 
0.742685 1 0.86069 1 0.860751 -0.35971 
0.743138 1 0.860232 1 0.860275 -0.361767 
0.743597 1 0.859782 1 0.859807 -0.363772 
0.744062 1 0.859339 1 0.859348 -0.365728 
0.744533 1 0.858903 1 0.858896 -0.367635 
0.745009 1 0.858474 1 0.858453 -0.369494 
0.745492 1 0.858052 1 0.858017 -0.371306 
0.745981 1 0.857637 1 0.85759 -0.373073 
0.746477 1 0.85723 1 0.85717 -0.374796 
0.746979 1 0.85683 1 0.856758 -0.376475 
0.747487 1 0.856436 1 0.856354 -0.378112 
0.748002 1 0.85605 1 0.855957 -0.379707 
0.748524 1 0.855671 1 0.855569 -0.381263 
0.749052 1 0.8553 1 0.855188 -0.382781 
0.749588 1 0.854935 1 0.854815 -0.384259 
0.750131 1 0.854578 1 0.854449 -0.385701 
0.750681 1 0.854228 1 0.854092 -0.387106 
0.751238 1 0.853885 1 0.853742 -0.388477 
0.751803 1 0.85355 1 0.8534 -0.389812 
0.752376 1 0.853222 1 0.853065 -0.391115 
0.752957 1 0.852901 1 0.852738 -0.392385 
0.753546 1 0.852587 1 0.852419 -0.393625 
0.754144 1 0.852281 1 0.852108 -0.394832 
0.75475 1 0.851982 1 0.851805 -0.39601 
0.755365 1 0.851691 1 0.851509 -0.397157 
0.75599 1 0.851407 1 0.851221 -0.398277 
0.756623 1 0.85113 1 0.850941 -0.399367 
0.757266 1 0.850861 1 0.850668 -0.400431 
0.757919 1 0.8506 1 0.850404 -0.401468 
0.758582 1 0.850346 1 0.850147 -0.402479 
0.759256 1 0.8501 1 0.849898 -0.403465 
0.75994 1 0.849862 1 0.849658 -0.404425 
0.760635 1 0.849632 1 0.849425 -0.405362 
0.761341 1 0.849409 1 0.849201 -0.406275 
0.762059 1 0.849194 1 0.848984 -0.407165 
0.762789 1 0.848988 1 0.848776 -0.408032 
0.763532 1 0.848789 1 0.848576 -0.408878 
0.764286 1 0.848599 1 0.848385 -0.409702 
0.765054 1 0.848417 1 0.848202 -0.410507 
0.765835 1 0.848244 1 0.848027 -0.411291 
0.76663 1 0.848079 1 0.847862 -0.412055 
0.767439 1 0.847922 1 0.847705 -0.4128 
0.768263 1 0.847775 1 0.847557 -0.413526 
0.769101 1 0.847637 1 0.847418 -0.414235 
0.769955 1 0.847507 1 0.847288 -0.414926 
0.770825 1 0.847387 1 0.847168 -0.415599 
0.771711 1 0.847276 1 0.847057 -0.416255 
0.772613 1 0.847175 1 0.846956 -0.416894 
0.773533 1 0.847083 1 0.846865 -0.417517 
0.774471 1 0.847002 1 0.846784 -0.418126 
0.775426 1 0.84693 1 0.846713 -0.418719 
0.7764 1 0.846869 1 0.846652 -0.419297 
0.777394 1 0.846819 1 0.846602 -0.419861 
0.778407 1 0.846779 1 0.846563 -0.420411 
0.77944 1 0.846751 1 0.846535 -0.420946 
0.780494 1 0.846733 1 0.846518 -0.421468 
0.781569 1 0.846727 1 0.846513 -0.421978 
0.782666 1 0.846733 1 0.84652 -0.422474 
0.783785 1 0.846751 1 0.846538 -0.422958 
0.784927 1 0.846781 1 0.846569 -0.423429 
0.786092 1 0.846824 1 0.846613 -0.42389 
0.787282 1 0.84688 1 0.84667 -0.424338 
0.788496 1 0.846949 1 0.846739 -0.424776 
0.789735 1 0.847031 1 0.846823 -0.425201 
0.791 1 0.847127 1 0.84692 -0.425616 
0.792292 1 0.847238 1 0.847032 -0.426021 
0.79361 1 0.847363 1 0.847158 -0.426416 
0.794956 1 0.847503 1 0.847299 -0.426801 
0.796329 1 0.847659 1 0.847455 -0.427177 
0.797732 1 0.847829 1 0.847627 -0.427543 
0.799164 1 0.848016 1 0.847815 -0.4279 
0.800625 1 0.84822 1 0.848019 -0.428248 
0.802117 1 0.84844 1 0.84824 -0.428586 
0.803639 1 0.848677 1 0.848478 -0.428915 
0.805193 1 0.848932 1 0.848734 -0.429237 
0.806778 1 0.849206 1 0.849008 -0.42955 
0.808396 1 0.849497 1 0.8493 -0.429856 
0.810047 1 0.849808 1 0.849611 -0.430155 
0.811731 1 0.850137 1 0.849941 -0.430446 
0.813449 1 0.850487 1 0.850291 -0.430728 
0.8152 1 0.850856 1 0.850661 -0.431006 
0.816986 1 0.851246 1 0.851051 -0.431276 
0.818807 1 0.851658 1 0.851463 -0.431538 
0.820662 1 0.85209 1 0.851895 -0.431795 
0.822552 1 0.852545 1 0.85235 -0.432044 
0.824478 1 0.853022 1 0.852827 -0.432287 
0.826439 1 0.853521 1 0.853326 -0.432524 
0.828435 1 0.854044 1 0.853848 -0.432755 
0.830466 1 0.85459 1 0.854393 -0.43298 
0.832533 1 0.85516 1 0.854962 -0.4332 
0.834634 1 0.855755 1 0.855556 -0.433415 
0.83677 1 0.856374 1 0.856173 -0.433622 
0.83894 1 0.857018 1 0.856815 -0.433825 
0.841143 1 0.857687 1 0.857483 -0.434025 
0.84338 1 0.858382 1 0.858175 -0.434218 
0.845648 1 0.859102 1 0.858893 -0.434408 
0.847947 1 0.859849 1 0.859636 -0.434591 
0.850276 1 0.860622 1 0.860405 -0.434771 
0.852633 1 0.861422 1 0.861201 -0.434947 
0.855018 1 0.862248 1 0.862023 -0.435118 
0.857428 1 0.863101 1 0.86287 -0.435286 
0.859862 1 0.863983 1 0.863738 -0.435446 
0.862317 1 0.864896 1 0.86463 -0.435603 
0.864792 1 0.865837 1 0.865546 -0.435758 
0.867284 1 0.866807 1 0.866488 -0.435907 
0.869789 1 0.867803 1 0.867456 -0.436054 
0.872304 1 0.868826 1 0.868448 -0.436196 
0.874827 1 0.869877 1 0.869464 -0.436335 
0.877352 1 0.870954 1 0.870506 -0.436468 
0.879875 1 0.872055 1 0.871573 -0.4366 
0.882392 1 0.873181 1 0.872663 -0.436728 
0.884897 1 0.87433 1 0.873779 -0.436853 
0.887384 1 0.875501 1 0.874918 -0.436975 
0.889847 1 0.876694 1 0.876079 -0.437093 
0.892278 1 0.877907 1 0.877263 -0.43721 
0.894669 1 0.87914 1 0.878467 -0.437322 
0.897013 1 0.880393 1 0.87969 -0.437434 
0.899299 1 0.881662 1 0.880933 -0.437542 
0.898981 1 0.881849 1 0.880948 -0.437658 
0.89861 1 0.881954 1 0.880884 -0.437747 
0.898455 1 0.881953 1 0.880764 -0.437851 
0.898333 1 0.881877 1 0.880658 -0.437948 
0.898211 1 0.881784 1 0.880558 -0.438043 
0.898087 1 0.881681 1 0.880462 -0.438134 
0.897962 1 0.881575 1 0.88037 -0.438223 
0.897835 1 0.881466 1 0.880279 -0.43831 
0.897706 1 0.881357 1 0.88019 -0.438394 
0.897594 1 0.88126 1 0.880106 -0.438477 
0.897521 1 0.881178 1 0.88004 -0.438558 
0.897479 1 0.881113 1 0.879994 -0.438637 
0.897454 1 0.881063 1 0.879962 -0.438714 
0.897439 1 0.881021 1 0.87994 -0.438788 
0.897433 1 0.880985 1 0.879924 -0.438861 
0.897438 1 0.880956 1 0.879916 -0.438933 
0.897456 1 0.880935 1 0.879915 -0.439001 
0.897491 1 0.880924 1 0.879923 -0.439069 
0.897542 1 0.880923 1 0.879942 -0.439134 
0.897607 1 0.88093 1 0.879971 -0.439198 
0.897688 1 0.880947 1 0.880009 -0.439261 
0.897783 1 0.880974 1 0.880055 -0.439322 
0.897893 1 0.88101 1 0.88011 -0.439381 
0.898018 1 0.881056 1 0.880174 -0.43944 
0.898157 1 0.881111 1 0.880248 -0.439496 
0.898311 1 0.881175 1 0.88033 -0.439549 
0.89848 1 0.881248 1 0.880422 -0.439603 
0.898663 1 0.881331 1 0.880522 -0.439654 
0.898861 1 0.881423 1 0.880632 -0.439706 
0.899073 1 0.881524 1 0.880751 -0.439754 
0.899299 1 0.881635 1 0.880879 -0.439802 
0.899539 1 0.881755 1 0.881016 -0.43985 
0.899417 1 0.88175 1 0.881043 -0.439892 
0.899339 1 0.881736 1 0.881055 -0.439936 
0.899316 1 0.881707 1 0.881046 -0.439979 
0.899312 1 0.881686 1 0.881041 -0.440022 
0.89932 1 0.881672 1 0.88104 -0.440063 
0.899338 1 0.881664 1 0.881045 -0.440102 
0.899374 1 0.881665 1 0.881059 -0.440143 
0.899389 1 0.881662 1 0.881068 -0.440182 
0.899403 1 0.881655 1 0.88108 -0.440219 
0.899419 1 0.881644 1 0.881095 -0.440254 
0.899438 1 0.881633 1 0.881111 -0.44029 
0.899459 1 0.88162 1 0.881128 -0.440324 
0.89948 1 0.881607 1 0.881146 -0.440359 
0.899501 1 0.881594 1 0.881164 -0.440391 
0.899523 1 0.88158 1 0.881182 -0.440422 
0.899546 1 0.881566 1 0.881201 -0.440453 
0.899568 1 0.881552 1 0.881219 -0.440482 
0.89959 1 0.881538 1 0.881238 -0.440511 
0.899612 1 0.881524 1 0.881257 -0.440539 
0.899634 1 0.88151 1 0.881276 -0.440568 
0.899657 1 0.881495 1 0.881295 -0.440596 
0.899679 1 0.88148 1 0.881314 -0.440621 
0.899702 1 0.881466 1 0.881334 -0.440646 
0.899698 1 0.881456 1 0.881345 -0.440673 
0.899692 1 0.881448 1 0.881353 -0.440697 
0.899688 1 0.881442 1 0.881359 -0.440722 
0.899687 1 0.881438 1 0.881364 -0.440745 
0.899687 1 0.881435 1 0.881367 -0.440767 
0.899688 1 0.881433 1 0.88137 -0.44079 
0.899691 1 0.881432 1 0.881372 -0.440811 
