0.379274 0 0.496709 0 0.496708 0.500001 
0.379388 0 0.499951 0 0.499397 0.498528 
0.379794 0 0.503388 0 0.50261 0.495634 
0.380486 0 0.507034 0 0.506219 0.490382 
0.381206 0 0.510573 0 0.509995 0.481858 
0.382005 0 0.514171 0 0.513865 0.469705 
0.382574 0 0.517397 0 0.517617 0.454361 
0.383293 0 0.520936 0 0.521301 0.436743 
0.384081 0 0.524557 0 0.524933 0.417774 
0.384888 0 0.528132 0 0.528484 0.39815 
0.385549 0 0.531296 0 0.531945 0.378324 
0.386261 0 0.534508 0 0.535216 0.358574 
0.386908 0 0.537511 0 0.538296 0.339058 
0.387546 0 0.540372 0 0.541186 0.319869 
0.38814 0 0.543016 0 0.543861 0.301057 
0.388713 0 0.545466 0 0.546318 0.282648 
0.389088 0 0.547627 0 0.548302 0.264654 
0.389278 0 0.549466 0 0.54985 0.247081 
0.389347 0 0.551002 0 0.551043 0.229926 
0.389323 0 0.552241 0 0.551924 0.213185 
0.38924 0 0.5532 0 0.552534 0.196852 
0.389112 0 0.553889 0 0.552891 0.18092 
0.388955 0 0.554322 0 0.553011 0.16538 
0.388946 0 0.554605 0 0.553128 0.150226 
0.389011 0 0.554738 0 0.553131 0.135448 
0.389094 0 0.554675 0 0.552957 0.121038 
0.389165 0 0.554389 0 0.55258 0.106987 
0.389222 0 0.553877 0 0.551995 0.0932897 
0.389309 0 0.553194 0 0.551227 0.0799372 
0.38944 0 0.552365 0 0.550288 0.0669233 
0.389589 0 0.551365 0 0.549189 0.054243 
0.389742 0 0.5502 0 0.547945 0.0418928 
0.389886 0 0.548886 0 0.546577 0.0298728 
0.390009 0 0.547447 0 0.545114 0.0181873 
0.39011 0 0.545916 0 0.54359 0.00684801 
0.390198 0 0.544337 0 0.542039 -0.00412235 
0.390271 0 0.542737 0 0.540487 -0.0146842 
0.390325 0 0.541139 0 0.538957 -0.0247739 
0.390365 0 0.539577 0 0.537481 -0.0342929 
0.390398 0 0.538098 0 0.536098 -0.0430966 
0.390425 0 0.536748 0 0.534855 -0.0509833 
0.390441 0 0.53558 0 0.533805 -0.0576917 
0.390449 0 0.534663 0 0.533015 -0.0629132 
0.390455 0 0.534077 0 0.53256 -0.0663295 
0.390461 0 0.533882 0 0.5325 -0.0676734 
0.390459 0 0.534111 0 0.53287 -0.0667955 
0.390453 0 0.534772 0 0.533678 -0.0637097 
0.390451 0 0.535849 0 0.534905 -0.0585892 
0.390451 0 0.537292 0 0.536499 -0.0517206 
0.390415 0 0.538995 0 0.538339 -0.0434437 
0.390354 0 0.540904 0 0.540372 -0.0340936 
0.390236 0 0.54297 0 0.542513 -0.0239697 
0.390109 0 0.545163 0 0.544739 -0.0133203 
0.38997 0 0.547434 0 0.547024 -0.0023417 
0.389877 0 0.549719 0 0.549418 0.00881539 
0.389757 0 0.552085 0 0.551833 0.0200379 
0.389666 0 0.55446 0 0.554271 0.0312421 
0.389584 0 0.556824 0 0.556709 0.0423668 
0.38951 0 0.55916 0 0.55914 0.0533677 
0.389446 0 0.561474 0 0.561555 0.0642129 
0.38939 0 0.563762 0 0.563947 0.0748799 
0.389334 0 0.566013 0 0.566306 0.0853531 
0.389279 0 0.568225 0 0.568632 0.0956219 
0.389231 0 0.570406 0 0.570925 0.10568 
0.389189 0 0.572552 0 0.573185 0.115522 
0.389146 0 0.574656 0 0.575406 0.125148 
0.389103 0 0.57672 0 0.577592 0.134557 
0.389066 0 0.578753 0 0.579747 0.14375 
0.389036 0 0.580757 0 0.581873 0.152729 
0.389004 0 0.582726 0 0.583967 0.161495 
0.388973 0 0.584662 0 0.586033 0.170053 
0.388937 0 0.586567 0 0.588049 0.178406 
0.388897 0 0.588443 0 0.590022 0.186557 
0.388849 0 0.590285 0 0.591957 0.194509 
0.388797 0 0.5921 0 0.59386 0.202268 
0.38875 0 0.593897 0 0.595739 0.209836 
0.388706 0 0.595675 0 0.597595 0.217218 
0.38866 0 0.597426 0 0.599426 0.224418 
0.388614 0 0.59915 0 0.601234 0.231439 
0.388576 0 0.600856 0 0.603024 0.238286 
0.388543 0 0.60254 0 0.604793 0.244963 
0.388509 0 0.604195 0 0.606537 0.251474 
0.388476 0 0.605821 0 0.608256 0.257822 
0.388451 0 0.607425 0 0.609952 0.264011 
0.388431 0 0.609005 0 0.611624 0.270045 
0.388411 0 0.610551 0 0.613265 0.275928 
0.388392 0 0.612065 0 0.614876 0.281663 
0.388382 0 0.613554 0 0.616462 0.287255 
0.388378 0 0.615016 0 0.618019 0.292705 
0.388375 0 0.616443 0 0.619544 0.298019 
0.388375 0 0.617834 0 0.621038 0.303199 
0.388385 0 0.619198 0 0.622504 0.308248 
0.388403 0 0.620534 0 0.623942 0.313171 
0.388425 0 0.621832 0 0.625347 0.31797 
0.388451 0 0.623094 0 0.626722 0.322648 
0.388489 0 0.624328 0 0.628069 0.327209 
0.388538 0 0.625532 0 0.629389 0.331656 
0.388593 0 0.626699 0 0.630678 0.335991 
0.388655 0 0.627828 0 0.631938 0.340219 
0.388733 0 0.62893 0 0.633174 0.344342 
0.388826 0 0.630003 0 0.634386 0.348364 
0.38893 0 0.631038 0 0.635571 0.352287 
0.389048 0 0.632036 0 0.636732 0.356114 
0.389189 0 0.633007 0 0.637876 0.359849 
0.389353 0 0.633949 0 0.639003 0.363494 
0.389538 0 0.634853 0 0.640112 0.367051 
0.389748 0 0.63572 0 0.641206 0.370525 
0.389993 0 0.636559 0 0.642293 0.373917 
0.390334 0 0.637407 0 0.643416 0.37723 
0.390752 0 0.638252 0 0.644566 0.380465 
0.39124 0 0.639089 0 0.645739 0.383625 
0.391801 0 0.639922 0 0.646932 0.386711 
0.392428 0 0.640744 0 0.648139 0.389724 
0.393111 0 0.641546 0 0.649353 0.392665 
0.393843 0 0.642329 0 0.65057 0.395536 
0.394623 0 0.6431 0 0.651788 0.398338 
0.39544 0 0.643857 0 0.653002 0.401072 
0.39628 0 0.644593 0 0.6542 0.403738 
0.397135 0 0.645305 0 0.655381 0.406339 
0.398006 0 0.646005 0 0.656545 0.408875 
0.398886 0 0.646689 0 0.657689 0.411349 
0.399764 0 0.647352 0 0.658809 0.413761 
0.40064 0 0.647994 0 0.659905 0.416113 
0.401518 0 0.648626 0 0.660983 0.418406 
0.402396 0 0.649248 0 0.66204 0.420642 
0.403266 0 0.649853 0 0.663075 0.422822 
0.40413 0 0.650443 0 0.664089 0.424947 
0.404995 0 0.65103 0 0.665087 0.42702 
0.405858 0 0.651612 0 0.666068 0.429041 
0.406713 0 0.652183 0 0.66703 0.431011 
0.407562 0 0.652745 0 0.667975 0.432932 
0.408412 0 0.653307 0 0.668908 0.434805 
0.409261 0 0.653869 0 0.669827 0.436631 
0.410102 0 0.654423 0 0.67073 0.438412 
0.410937 0 0.65497 0 0.671618 0.440148 
0.411773 0 0.65552 0 0.672497 0.44184 
0.412607 0 0.656071 0 0.673365 0.44349 
0.413434 0 0.656614 0 0.674219 0.4451 
0.414254 0 0.657152 0 0.675061 0.446668 
0.415074 0 0.657691 0 0.675895 0.448198 
0.415892 0 0.658231 0 0.67672 0.449689 
0.416702 0 0.658763 0 0.677534 0.451143 
0.417504 0 0.659288 0 0.678337 0.452561 
0.418305 0 0.659813 0 0.679135 0.453943 
0.419103 0 0.660337 0 0.679926 0.455291 
0.419892 0 0.660852 0 0.680706 0.456605 
0.420671 0 0.661356 0 0.681478 0.457886 
0.421449 0 0.66186 0 0.682246 0.459135 
0.422224 0 0.66236 0 0.683009 0.460353 
0.422988 0 0.662849 0 0.683763 0.461541 
0.423742 0 0.663326 0 0.684509 0.462698 
0.424495 0 0.6638 0 0.685254 0.463827 
0.425243 0 0.66427 0 0.685994 0.464928 
0.42598 0 0.664725 0 0.686727 0.466001 
0.426708 0 0.665168 0 0.687455 0.467047 
0.427433 0 0.665606 0 0.688181 0.468067 
0.428153 0 0.666038 0 0.688905 0.469062 
0.428863 0 0.666454 0 0.689623 0.470031 
0.429564 0 0.666856 0 0.690337 0.470977 
0.430261 0 0.667252 0 0.69105 0.471899 
0.430955 0 0.667641 0 0.691763 0.472798 
0.431638 0 0.668014 0 0.692471 0.473674 
0.432312 0 0.66837 0 0.693175 0.474528 
0.432983 0 0.66872 0 0.693881 0.475361 
0.433651 0 0.669061 0 0.694587 0.476174 
0.434309 0 0.669385 0 0.695289 0.476966 
0.434958 0 0.669691 0 0.695989 0.477738 
0.435604 0 0.66999 0 0.696691 0.478491 
0.436248 0 0.670279 0 0.697394 0.479225 
0.436882 0 0.67055 0 0.698094 0.47994 
0.437507 0 0.670802 0 0.698793 0.480638 
0.438131 0 0.671046 0 0.699495 0.481318 
0.438753 0 0.671279 0 0.700198 0.481982 
0.439365 0 0.671492 0 0.7009 0.482628 
0.439969 0 0.671686 0 0.701601 0.483259 
0.440572 0 0.67187 0 0.702305 0.483874 
0.441173 0 0.672043 0 0.703012 0.484473 
0.441765 0 0.672194 0 0.703717 0.485058 
0.442349 0 0.672325 0 0.704422 0.485628 
0.442933 0 0.672444 0 0.705131 0.486183 
0.443515 0 0.67255 0 0.705842 0.486725 
0.444089 0 0.672634 0 0.706553 0.487253 
0.444655 0 0.672696 0 0.707263 0.487768 
0.445221 0 0.672745 0 0.707978 0.48827 
0.445786 0 0.67278 0 0.708696 0.48876 
0.446343 0 0.672791 0 0.709412 0.489237 
0.446892 0 0.672778 0 0.710129 0.489702 
0.447441 0 0.67275 0 0.71085 0.490156 
0.44799 0 0.672707 0 0.711574 0.490598 
0.44853 0 0.672637 0 0.712297 0.49103 
0.449063 0 0.672542 0 0.71302 0.49145 
0.449596 0 0.672431 0 0.713747 0.49186 
0.450129 0 0.672301 0 0.714477 0.49226 
0.450653 0 0.672144 0 0.715205 0.49265 
0.45117 0 0.671959 0 0.715933 0.49303 
0.451687 0 0.671755 0 0.716665 0.4934 
0.452203 0 0.671532 0 0.717399 0.493762 
0.452711 0 0.671278 0 0.718131 0.494114 
0.453211 0 0.670995 0 0.718862 0.494457 
0.453712 0 0.67069 0 0.719596 0.494792 
0.453978 0 0.670439 0 0.720057 0.495119 
0.454067 0 0.670222 0 0.720311 0.495437 
0.454061 0 0.670026 0 0.720426 0.495747 
0.454027 0 0.669838 0 0.720481 0.49605 
0.454044 0 0.669698 0 0.720576 0.496345 
0.454092 0 0.669574 0 0.720702 0.496633 
0.454166 0 0.669456 0 0.720855 0.496913 
0.454267 0 0.669347 0 0.721038 0.497187 
0.454393 0 0.669242 0 0.721245 0.497453 
0.454531 0 0.669129 0 0.72147 0.497713 
0.454683 0 0.669008 0 0.721712 0.497967 
0.454855 0 0.668887 0 0.721976 0.498214 
0.455043 0 0.668763 0 0.722259 0.498455 
0.455154 0 0.668661 0 0.722432 0.49869 
0.455216 0 0.66858 0 0.722532 0.498919 
0.455261 0 0.668519 0 0.722594 0.499142 
0.455304 0 0.668473 0 0.72264 0.49936 
0.455346 0 0.66843 0 0.722677 0.499572 
0.455392 0 0.668392 0 0.722714 0.499779 
0.455449 0 0.668372 0 0.722755 0.499981 
0.455517 0 0.66837 0 0.7228 0.500178 
0.455589 0 0.668379 0 0.722845 0.50037 
0.455666 0 0.668401 0 0.72289 0.500556 
0.455756 0 0.668446 0 0.722941 0.500739 
0.455859 0 0.668512 0 0.722997 0.500917 
0.455967 0 0.668591 0 0.723055 0.50109 
0.456083 0 0.668684 0 0.723116 0.501259 
0.456215 0 0.668802 0 0.723186 0.501424 
0.456361 0 0.668944 0 0.723263 0.501585 
0.456515 0 0.669102 0 0.723345 0.501741 
0.456679 0 0.669278 0 0.723433 0.501894 
0.456861 0 0.669482 0 0.723533 0.502043 
0.45706 0 0.669714 0 0.723643 0.502188 
0.45727 0 0.669967 0 0.723762 0.50233 
0.457492 0 0.670243 0 0.723891 0.502468 
0.457736 0 0.670553 0 0.724036 0.502602 
0.457932 0 0.670876 0 0.72414 0.502734 
0.458093 0 0.67118 0 0.724243 0.502862 
0.458199 0 0.671447 0 0.724304 0.502986 
0.458283 0 0.671691 0 0.724361 0.503108 
0.458421 0 0.671994 0 0.724488 0.503226 
0.458588 0 0.672337 0 0.724651 0.503342 
0.458774 0 0.672724 0 0.72484 0.503455 
0.458981 0 0.673169 0 0.725056 0.503565 
0.459205 0 0.673673 0 0.725299 0.503672 
0.459437 0 0.674233 0 0.725568 0.503776 
0.459679 0 0.674857 0 0.725871 0.503878 
0.459941 0 0.675562 0 0.72622 0.503978 
0.460219 0 0.676357 0 0.726621 0.504075 
0.460508 0 0.677247 0 0.727078 0.504169 
0.460809 0 0.678245 0 0.727602 0.504261 
0.461129 0 0.679372 0 0.728203 0.504351 
0.461467 0 0.680637 0 0.728886 0.504438 
0.461814 0 0.682038 0 0.72965 0.504524 
0.462173 0 0.683578 0 0.730495 0.504607 
0.462548 0 0.685262 0 0.73142 0.504688 
0.463097 0 0.687103 0 0.732663 0.504767 
0.463582 0 0.689059 0 0.733821 0.504844 
0.464031 0 0.691099 0 0.734961 0.504919 
0.464468 0 0.693214 0 0.736097 0.504993 
0.465089 0 0.695413 0 0.737518 0.505064 
0.46572 0 0.697538 0 0.739011 0.505134 
0.466261 0 0.699755 0 0.740272 0.505202 
0.467055 0 0.702184 0 0.741703 0.505268 
0.467985 0 0.704723 0 0.743232 0.505333 
0.468956 0 0.707297 0 0.74476 0.505396 
0.470043 0 0.70989 0 0.7464 0.505457 
0.471133 0 0.712434 0 0.748003 0.505517 
0.472227 0 0.714926 0 0.749567 0.505575 
0.473316 0 0.717354 0 0.751085 0.505632 
0.474187 0 0.719585 0 0.752301 0.505688 
0.475064 0 0.721766 0 0.753477 0.505742 
0.475946 0 0.723896 0 0.754613 0.505795 
0.476826 0 0.725964 0 0.755705 0.505846 
0.477707 0 0.727972 0 0.756755 0.505896 
0.478594 0 0.729931 0 0.757768 0.505945 
0.479488 0 0.73184 0 0.758744 0.505993 
0.480381 0 0.733691 0 0.759679 0.506039 
0.481275 0 0.735488 0 0.760578 0.506084 
0.482178 0 0.737241 0 0.761446 0.506129 
0.483087 0 0.738952 0 0.762284 0.506171 
0.484179 0 0.740798 0 0.763238 0.506213 
0.485273 0 0.742596 0 0.764163 0.506254 
0.486374 0 0.744358 0 0.765064 0.506294 
0.487406 0 0.746053 0 0.765859 0.506333 
0.488398 0 0.747704 0 0.766578 0.506371 
0.48944 0 0.749238 0 0.767417 0.506408 
0.490532 0 0.750737 0 0.768324 0.506444 
0.491673 0 0.752222 0 0.769291 0.506479 
0.492752 0 0.753652 0 0.770176 0.506513 
0.493915 0 0.755117 0 0.771141 0.506546 
0.495039 0 0.756536 0 0.772066 0.506578 
0.496151 0 0.757939 0 0.772974 0.506609 
0.497264 0 0.759332 0 0.773882 0.506639 
0.498379 0 0.760719 0 0.774795 0.506668 
0.49956 0 0.762129 0 0.775789 0.506697 
0.500823 0 0.763529 0 0.776938 0.506724 
0.502135 0 0.764919 0 0.778181 0.506751 
0.503477 0 0.7663 0 0.779484 0.506776 
0.504849 0 0.767682 0 0.78084 0.506801 
0.506251 0 0.769068 0 0.78225 0.506824 
0.507679 0 0.77045 0 0.783712 0.506847 
0.509135 0 0.771828 0 0.785231 0.506868 
0.510628 0 0.773213 0 0.786813 0.506889 
0.512158 0 0.774601 0 0.788456 0.506908 
0.513716 0 0.775983 0 0.790155 0.506926 
0.515242 0 0.777349 0 0.791819 0.506943 
0.516658 0 0.778622 0 0.793393 0.506958 
0.517986 0 0.779825 0 0.794879 0.506972 
0.519234 0 0.780971 0 0.796282 0.506985 
0.52042 0 0.782072 0 0.797618 0.506996 
0.521564 0 0.783147 0 0.798909 0.507006 
0.522673 0 0.784198 0 0.800164 0.507014 
0.523748 0 0.785222 0 0.801385 0.50702 
0.524791 0 0.786221 0 0.802577 0.507025 
0.525813 0 0.787207 0 0.803741 0.507028 
0.526811 0 0.78818 0 0.804878 0.50703 
0.52778 0 0.789132 0 0.805981 0.507029 
0.528723 0 0.790066 0 0.807054 0.507027 
0.529646 0 0.790991 0 0.808099 0.507023 
0.530548 0 0.791906 0 0.809117 0.507017 
0.531425 0 0.792803 0 0.810103 0.507008 
0.532277 0 0.793684 0 0.81106 0.506998 
0.533111 0 0.794558 0 0.811991 0.506985 
0.533927 0 0.795424 0 0.812894 0.506971 
0.534719 0 0.796274 0 0.813767 0.506954 
0.535487 0 0.797108 0 0.814611 0.506935 
0.53624 0 0.797938 0 0.81543 0.506914 
0.536975 0 0.798761 0 0.816222 0.50689 
0.537687 0 0.799569 0 0.816985 0.506864 
0.538377 0 0.800364 0 0.817718 0.506836 
0.539052 0 0.801154 0 0.818428 0.506805 
0.539712 0 0.801939 0 0.819111 0.506772 
0.540349 0 0.802711 0 0.819765 0.506737 
0.540964 0 0.803469 0 0.820391 0.5067 
0.541566 0 0.804225 0 0.820992 0.50666 
0.542153 0 0.804977 0 0.821569 0.506618 
0.542719 0 0.805716 0 0.822116 0.506573 
0.543264 0 0.806443 0 0.822636 0.506527 
0.543796 0 0.807168 0 0.823132 0.506478 
0.544314 0 0.807889 0 0.823604 0.506427 
0.544811 0 0.808599 0 0.824046 0.506374 
0.544966 0 0.808853 0 0.824211 0.50632 
0.544878 0 0.808798 0 0.824175 0.506263 
0.544657 0 0.808574 0 0.824039 0.506204 
0.544437 0 0.808345 0 0.823898 0.506143 
0.544218 0 0.80811 0 0.823754 0.50608 
0.544008 0 0.807882 0 0.823612 0.506016 
0.543805 0 0.807658 0 0.823471 0.505949 
0.543603 0 0.807431 0 0.823329 0.50588 
0.543403 0 0.807203 0 0.823187 0.50581 
0.543212 0 0.806982 0 0.82305 0.505738 
0.543029 0 0.806769 0 0.822918 0.505664 
0.542846 0 0.806555 0 0.822786 0.505588 
0.542665 0 0.806342 0 0.822658 0.50551 
0.542493 0 0.806138 0 0.822536 0.505431 
0.542329 0 0.805943 0 0.822421 0.50535 
0.542165 0 0.805748 0 0.82231 0.505267 
0.542003 0 0.805555 0 0.822202 0.505182 
0.541849 0 0.805373 0 0.822103 0.505095 
0.541698 0 0.805171 0 0.821957 0.505007 
0.541421 0 0.804899 0 0.821603 0.504917 
0.541055 0 0.804537 0 0.821126 0.504826 
0.540607 0 0.804083 0 0.820561 0.504732 
0.540106 0 0.803561 0 0.819946 0.504637 
0.539565 0 0.802988 0 0.819299 0.504539 
0.538999 0 0.80238 0 0.81863 0.50444 
0.538418 0 0.801749 0 0.817948 0.504339 
0.537824 0 0.801092 0 0.817251 0.504236 
0.53721 0 0.800398 0 0.816536 0.50413 
0.536578 0 0.799668 0 0.815802 0.504023 
0.535935 0 0.798911 0 0.815056 0.503913 
0.535693 0 0.798711 0 0.81475 0.5038 
0.535637 0 0.798536 0 0.814675 0.503686 
0.535653 0 0.798359 0 0.814656 0.503568 
0.535702 0 0.798197 0 0.814652 0.503449 
0.535759 0 0.798046 0 0.814657 0.503326 
0.535817 0 0.7979 0 0.814668 0.503201 
0.535877 0 0.797758 0 0.814687 0.503073 
0.536001 0 0.79768 0 0.814771 0.502943 
0.536177 0 0.797667 0 0.814913 0.50281 
0.536387 0 0.797696 0 0.815098 0.502674 
0.536622 0 0.79776 0 0.815315 0.502535 
0.536802 0 0.797758 0 0.815482 0.502393 
0.536949 0 0.797727 0 0.815601 0.502248 
0.537073 0 0.797686 0 0.815686 0.502101 
0.537186 0 0.797646 0 0.815757 0.50195 
0.537301 0 0.797622 0 0.815828 0.501797 
0.537467 0 0.797676 0 0.816125 0.501639 
0.537624 0 0.797724 0 0.816439 0.50148 
0.537785 0 0.79778 0 0.816764 0.501316 
0.537954 0 0.797853 0 0.817105 0.50115 
0.538122 0 0.798004 0 0.81734 0.50098 
0.538265 0 0.79816 0 0.817491 0.500807 
0.538381 0 0.79831 0 0.817578 0.50063 
0.538491 0 0.798481 0 0.817679 0.50045 
0.53853 0 0.798588 0 0.81767 0.500267 
0.538519 0 0.798618 0 0.817599 0.50008 
0.538466 0 0.798593 0 0.817487 0.499889 
0.5384 0 0.798547 0 0.817371 0.499694 
0.538332 0 0.798498 0 0.817266 0.499496 
0.538262 0 0.79845 0 0.817172 0.499293 
0.538194 0 0.798405 0 0.817089 0.499086 
0.538134 0 0.798371 0 0.81702 0.498874 
0.538081 0 0.798343 0 0.816961 0.498657 
0.538026 0 0.798309 0 0.816906 0.498436 
0.537972 0 0.79827 0 0.816856 0.498209 
0.537924 0 0.798234 0 0.816817 0.497977 
0.537892 0 0.798203 0 0.816775 0.497739 
0.537858 0 0.798166 0 0.816722 0.497495 
0.537821 0 0.798128 0 0.816661 0.497245 
0.537787 0 0.798096 0 0.8166 0.496988 
0.537754 0 0.798069 0 0.816537 0.496725 
0.537717 0 0.798037 0 0.81647 0.496454 
0.537674 0 0.797998 0 0.816398 0.496175 
0.537634 0 0.79796 0 0.816327 0.495889 
0.537595 0 0.797921 0 0.816254 0.495593 
0.53755 0 0.797874 0 0.816176 0.495288 
0.537499 0 0.797819 0 0.816094 0.494974 
0.537451 0 0.797766 0 0.816011 0.494649 
0.537402 0 0.797711 0 0.815925 0.494313 
0.537347 0 0.797649 0 0.815832 0.493966 
0.537286 0 0.797577 0 0.815733 0.493605 
0.537227 0 0.797507 0 0.815632 0.493231 
0.537167 0 0.797436 0 0.815527 0.492843 
0.537099 0 0.797355 0 0.815414 0.492439 
0.537026 0 0.797265 0 0.815294 0.492017 
0.536954 0 0.797175 0 0.815172 0.491578 
0.53688 0 0.797082 0 0.815044 0.491119 
0.536798 0 0.796979 0 0.814907 0.490638 
0.53671 0 0.796865 0 0.814761 0.490134 
0.536622 0 0.79675 0 0.81461 0.489605 
0.536531 0 0.796631 0 0.814453 0.489048 
0.536432 0 0.796499 0 0.814284 0.488461 
0.536324 0 0.796354 0 0.814103 0.48784 
0.536216 0 0.796205 0 0.813914 0.487182 
0.536104 0 0.79605 0 0.813716 0.486484 
0.535981 0 0.795879 0 0.813502 0.485741 
0.535849 0 0.795693 0 0.813273 0.484947 
0.535714 0 0.795498 0 0.813031 0.484098 
0.535573 0 0.795293 0 0.812775 0.483186 
0.53542 0 0.795067 0 0.812497 0.482205 
0.535255 0 0.79482 0 0.812198 0.481144 
0.535085 0 0.794558 0 0.811879 0.479995 
0.534906 0 0.794279 0 0.811536 0.478744 
0.534712 0 0.793971 0 0.811163 0.477378 
0.534503 0 0.793633 0 0.810757 0.475882 
0.534286 0 0.793269 0 0.810319 0.474237 
0.534057 0 0.792875 0 0.809843 0.472421 
0.533809 0 0.792439 0 0.809321 0.47041 
0.533544 0 0.791956 0 0.808748 0.468175 
0.533267 0 0.791431 0 0.808123 0.465684 
0.532977 0 0.790854 0 0.807438 0.462904 
0.532666 0 0.790213 0 0.806681 0.459794 
0.532337 0 0.7895 0 0.805846 0.456313 
0.531996 0 0.788717 0 0.804931 0.452421 
0.531644 0 0.787854 0 0.803924 0.448075 
0.531275 0 0.786895 0 0.802815 0.443239 
0.530892 0 0.785835 0 0.801597 0.437881 
0.530504 0 0.784675 0 0.800268 0.43198 
0.530113 0 0.783408 0 0.798822 0.425526 
0.529713 0 0.782024 0 0.797253 0.418522 
0.529309 0 0.780521 0 0.795561 0.410986 
0.528909 0 0.778908 0 0.793751 0.402948 
0.528514 0 0.777187 0 0.791827 0.39445 
0.528119 0 0.775355 0 0.78979 0.385542 
0.527726 0 0.773419 0 0.787649 0.376282 
0.527344 0 0.771397 0 0.785419 0.366727 
0.526972 0 0.769295 0 0.783107 0.356939 
0.526603 0 0.767117 0 0.780723 0.346977 
0.526238 0 0.764873 0 0.778277 0.336897 
0.525885 0 0.762584 0 0.775787 0.32675 
0.525542 0 0.760258 0 0.773263 0.316587 
0.525202 0 0.757899 0 0.770711 0.30645 
0.524864 0 0.755517 0 0.768143 0.296379 
0.524536 0 0.75313 0 0.765573 0.28641 
0.524215 0 0.750746 0 0.76301 0.276573 
0.523894 0 0.748365 0 0.760456 0.266897 
0.523572 0 0.745995 0 0.757921 0.257406 
0.523255 0 0.743652 0 0.755416 0.248121 
0.522941 0 0.741339 0 0.752945 0.239063 
0.522621 0 0.739055 0 0.750509 0.230249 
0.522295 0 0.736805 0 0.748114 0.221694 
0.521968 0 0.734601 0 0.745768 0.213414 
0.521636 0 0.732446 0 0.743472 0.205421 
0.521291 0 0.730334 0 0.741227 0.197729 
0.520931 0 0.728269 0 0.739034 0.190352 
0.52056 0 0.726262 0 0.736901 0.183304 
0.520175 0 0.724313 0 0.734829 0.1766 
0.519765 0 0.722418 0 0.732816 0.170257 
0.519327 0 0.72058 0 0.730865 0.164297 
0.518867 0 0.718811 0 0.728987 0.158742 
0.518379 0 0.717114 0 0.727184 0.153622 
0.517853 0 0.715489 0 0.725459 0.148973 
0.517288 0 0.713945 0 0.723825 0.14484 
0.516688 0 0.712502 0 0.7223 0.141275 
0.516052 0 0.711174 0 0.720899 0.138343 
0.515373 0 0.709974 0 0.719642 0.136118 
0.514654 0 0.708926 0 0.718554 0.13468 
0.513905 0 0.708062 0 0.717668 0.134107 
0.51313 0 0.707404 0 0.717007 0.134464 
0.512328 0 0.706964 0 0.716587 0.13579 
0.511506 0 0.706751 0 0.716418 0.13809 
0.510678 0 0.706773 0 0.716503 0.141325 
0.509848 0 0.707014 0 0.716827 0.14542 
0.509057 0 0.707479 0 0.717373 0.150272 
0.508343 0 0.708156 0 0.71813 0.155759 
0.507684 0 0.709014 0 0.719068 0.161759 
0.507058 0 0.709997 0 0.720136 0.168152 
0.506448 0 0.711054 0 0.721284 0.174833 
0.505846 0 0.712152 0 0.722479 0.18171 
0.505258 0 0.713274 0 0.723701 0.188706 
0.504681 0 0.7144 0 0.724928 0.195759 
0.504108 0 0.715508 0 0.726143 0.202821 
0.503539 0 0.716587 0 0.727332 0.209851 
0.502983 0 0.717637 0 0.728492 0.216822 
0.502437 0 0.71865 0 0.729615 0.22371 
0.501895 0 0.719615 0 0.730691 0.230498 
0.501359 0 0.72053 0 0.73172 0.237174 
0.500835 0 0.7214 0 0.732702 0.24373 
0.500323 0 0.722224 0 0.733634 0.250159 
0.499815 0 0.722994 0 0.734514 0.256456 
0.499314 0 0.72371 0 0.735341 0.262621 
0.498826 0 0.724382 0 0.73612 0.26865 
0.498349 0 0.725008 0 0.736851 0.274545 
0.497878 0 0.725584 0 0.737532 0.280305 
0.497413 0 0.72611 0 0.738164 0.285932 
0.496962 0 0.726597 0 0.738753 0.291427 
0.496523 0 0.727045 0 0.7393 0.296793 
0.49609 0 0.727448 0 0.739804 0.30203 
0.495664 0 0.727809 0 0.740266 0.307141 
0.495252 0 0.728138 0 0.740693 0.312129 
0.494853 0 0.728436 0 0.741086 0.316996 
0.494461 0 0.728696 0 0.741442 0.321744 
0.494077 0 0.72892 0 0.741766 0.326377 
0.493708 0 0.72912 0 0.742064 0.330896 
0.493354 0 0.729296 0 0.742335 0.335303 
0.493009 0 0.729442 0 0.742579 0.339603 
0.492673 0 0.729559 0 0.7428 0.343796 
0.492356 0 0.729658 0 0.743003 0.347886 
0.492056 0 0.72974 0 0.743188 0.351875 
0.491769 0 0.729799 0 0.743357 0.355765 
0.491496 0 0.729835 0 0.743511 0.359559 
0.491246 0 0.72986 0 0.743658 0.363259 
0.491019 0 0.729873 0 0.743799 0.366867 
0.490812 0 0.72987 0 0.743935 0.370386 
0.490627 0 0.72985 0 0.744069 0.373818 
0.490476 0 0.729826 0 0.74421 0.377164 
0.490359 0 0.729798 0 0.74436 0.380427 
0.490275 0 0.729759 0 0.744523 0.38361 
0.490229 0 0.729714 0 0.744704 0.386713 
0.490235 0 0.729673 0 0.744914 0.389739 
0.490295 0 0.72964 0 0.745159 0.392689 
0.49041 0 0.729609 0 0.745442 0.395567 
0.490585 0 0.729585 0 0.745773 0.398373 
0.490831 0 0.729582 0 0.746159 0.401109 
0.491146 0 0.729602 0 0.746601 0.403776 
0.491522 0 0.729639 0 0.747098 0.406378 
0.491956 0 0.729696 0 0.747645 0.408914 
0.492446 0 0.729779 0 0.748239 0.411387 
0.492981 0 0.729887 0 0.74887 0.413798 
0.493545 0 0.730006 0 0.749526 0.41615 
0.49413 0 0.730135 0 0.750199 0.418442 
0.494734 0 0.730276 0 0.750884 0.420677 
0.49535 0 0.730427 0 0.751574 0.422856 
0.495966 0 0.730575 0 0.752263 0.424981 
0.496579 0 0.73072 0 0.752946 0.427053 
0.497194 0 0.730868 0 0.753625 0.429073 
0.497806 0 0.731018 0 0.754297 0.431042 
0.498408 0 0.73116 0 0.754959 0.432963 
0.499 0 0.731295 0 0.75561 0.434835 
0.499588 0 0.731431 0 0.756252 0.43666 
0.50017 0 0.731566 0 0.756885 0.43844 
0.500739 0 0.731693 0 0.757505 0.440175 
0.501297 0 0.731812 0 0.758114 0.441867 
0.501851 0 0.731932 0 0.758715 0.443517 
0.502398 0 0.732051 0 0.759305 0.445125 
0.502932 0 0.732162 0 0.759884 0.446693 
0.503455 0 0.732265 0 0.760452 0.448222 
0.503973 0 0.732369 0 0.761011 0.449713 
0.504485 0 0.732474 0 0.761562 0.451166 
0.504985 0 0.73257 0 0.762102 0.452584 
0.505474 0 0.732659 0 0.762632 0.453965 
0.505959 0 0.73275 0 0.763155 0.455312 
0.506439 0 0.732841 0 0.76367 0.456626 
0.506907 0 0.732925 0 0.764174 0.457907 
0.507365 0 0.733002 0 0.76467 0.459155 
0.50782 0 0.733081 0 0.765161 0.460373 
0.50827 0 0.733161 0 0.765644 0.46156 
0.508709 0 0.733234 0 0.766118 0.462717 
0.509139 0 0.7333 0 0.766585 0.463845 
0.509567 0 0.733369 0 0.767047 0.464945 
0.50999 0 0.733439 0 0.767503 0.466018 
0.510404 0 0.733502 0 0.767951 0.467064 
0.510808 0 0.733559 0 0.768393 0.468084 
0.511211 0 0.733619 0 0.768831 0.469078 
0.511611 0 0.733681 0 0.769264 0.470047 
0.512001 0 0.733736 0 0.76969 0.470992 
0.512384 0 0.733785 0 0.770111 0.471914 
0.512765 0 0.733838 0 0.770529 0.472812 
0.513144 0 0.733892 0 0.770943 0.473688 
0.513514 0 0.73394 0 0.771351 0.474542 
0.513877 0 0.733982 0 0.771755 0.475375 
0.514239 0 0.734027 0 0.772157 0.476187 
0.5146 0 0.734075 0 0.772556 0.476978 
0.514953 0 0.734116 0 0.77295 0.47775 
0.515299 0 0.734151 0 0.77334 0.478503 
0.515645 0 0.73419 0 0.773729 0.479237 
0.51599 0 0.734231 0 0.774117 0.479952 
0.516328 0 0.734266 0 0.7745 0.480649 
0.51666 0 0.734295 0 0.77488 0.481329 
0.516992 0 0.734328 0 0.775261 0.481992 
0.517325 0 0.734363 0 0.77564 0.482639 
0.51765 0 0.734391 0 0.776015 0.483269 
0.51797 0 0.734414 0 0.776389 0.483884 
0.518291 0 0.73444 0 0.776763 0.484483 
0.518612 0 0.734469 0 0.777137 0.485067 
0.518927 0 0.734491 0 0.777508 0.485637 
0.519237 0 0.734507 0 0.777877 0.486192 
0.519549 0 0.734526 0 0.778248 0.486734 
0.519862 0 0.734548 0 0.778619 0.487262 
0.520169 0 0.734563 0 0.778988 0.487776 
0.520471 0 0.734572 0 0.779356 0.488278 
0.520776 0 0.734584 0 0.779726 0.488768 
0.521082 0 0.734599 0 0.780097 0.489245 
0.521382 0 0.734606 0 0.780467 0.48971 
0.521679 0 0.734607 0 0.780836 0.490163 
0.521978 0 0.734611 0 0.781207 0.490605 
0.522279 0 0.734617 0 0.78158 0.491037 
0.522574 0 0.734615 0 0.781952 0.491457 
0.522867 0 0.734607 0 0.782325 0.491867 
0.523162 0 0.734602 0 0.7827 0.492266 
0.523346 0 0.734562 0 0.782894 0.492657 
0.523423 0 0.734487 0 0.78294 0.493037 
0.523438 0 0.734401 0 0.782905 0.493407 
0.523465 0 0.734331 0 0.782879 0.493768 
0.523501 0 0.734275 0 0.782862 0.49412 
0.52354 0 0.734225 0 0.78285 0.494464 
0.523584 0 0.734137 0 0.782895 0.494798 
0.523643 0 0.734052 0 0.782969 0.495124 
0.523687 0 0.734029 0 0.782966 0.495443 
0.523704 0 0.733999 0 0.782924 0.495753 
0.523702 0 0.733974 0 0.782851 0.496055 
0.5237 0 0.73397 0 0.78276 0.49635 
0.523701 0 0.733992 0 0.782658 0.496638 
0.523704 0 0.73403 0 0.782549 0.496918 
0.523722 0 0.734044 0 0.78248 0.497191 
0.523756 0 0.734051 0 0.782437 0.497458 
0.523796 0 0.734053 0 0.782407 0.497718 
0.523834 0 0.734043 0 0.782386 0.497971 
0.523872 0 0.734028 0 0.782372 0.498218 
0.523918 0 0.734021 0 0.782367 0.498459 
0.523972 0 0.734021 0 0.782369 0.498694 
0.524025 0 0.734021 0 0.782375 0.498923 
0.524078 0 0.734019 0 0.782384 0.499146 
0.524136 0 0.734022 0 0.782399 0.499364 
0.524199 0 0.73403 0 0.782419 0.499576 
0.524258 0 0.734031 0 0.78244 0.499783 
0.524315 0 0.734027 0 0.782466 0.499984 
0.524378 0 0.734028 0 0.782497 0.500181 
0.524445 0 0.734033 0 0.782533 0.500373 
0.524509 0 0.734034 0 0.782573 0.50056 
0.524573 0 0.73403 0 0.782616 0.500742 
0.524643 0 0.734031 0 0.782665 0.50092 
0.524718 0 0.734037 0 0.78272 0.501093 
0.52479 0 0.734038 0 0.782777 0.501262 
0.524861 0 0.734034 0 0.782838 0.501427 
0.524938 0 0.734035 0 0.782905 0.501587 
0.52502 0 0.73404 0 0.782978 0.501744 
0.5251 0 0.734041 0 0.783053 0.501897 
0.525179 0 0.734036 0 0.783133 0.502045 
0.525264 0 0.734037 0 0.783219 0.502191 
0.525354 0 0.734041 0 0.78331 0.502332 
0.525411 0 0.73402 0 0.783371 0.50247 
0.525444 0 0.733987 0 0.783403 0.502604 
0.52547 0 0.733963 0 0.783416 0.502736 
0.525496 0 0.733955 0 0.78342 0.502863 
0.525518 0 0.733949 0 0.783416 0.502988 
0.525538 0 0.733945 0 0.78341 0.50311 
0.525563 0 0.733946 0 0.783406 0.503228 
0.525589 0 0.73395 0 0.783404 0.503344 
0.525612 0 0.733947 0 0.783403 0.503457 
0.525631 0 0.733936 0 0.783404 0.503566 
0.525654 0 0.73393 0 0.783409 0.503673 
0.525679 0 0.733926 0 0.783416 0.503778 
0.525701 0 0.733918 0 0.783421 0.50388 
0.525718 0 0.733905 0 0.783424 0.503979 
0.525739 0 0.733899 0 0.783429 0.504076 
0.525762 0 0.733897 0 0.783434 0.50417 
0.525781 0 0.733891 0 0.783436 0.504262 
0.525796 0 0.733882 0 0.783437 0.504352 
0.525815 0 0.733877 0 0.783439 0.504439 
0.525836 0 0.733877 0 0.783443 0.504525 
0.525852 0 0.733873 0 0.783444 0.504608 
0.525866 0 0.733863 0 0.783445 0.504689 
0.525883 0 0.733859 0 0.783448 0.504768 
0.525903 0 0.733859 0 0.783452 0.504845 
0.525918 0 0.733854 0 0.783453 0.50492 
0.52593 0 0.733845 0 0.783455 0.504994 
0.525945 0 0.733841 0 0.783458 0.505065 
0.525963 0 0.733841 0 0.783462 0.505135 
0.525977 0 0.733836 0 0.783464 0.505203 
0.525987 0 0.733826 0 0.783465 0.505269 
0.526001 0 0.733821 0 0.783469 0.505334 
0.526017 0 0.73382 0 0.783474 0.505397 
0.526029 0 0.733812 0 0.783477 0.505458 
0.526037 0 0.7338 0 0.78348 0.505518 
0.526048 0 0.733791 0 0.783485 0.505576 
0.526062 0 0.733784 0 0.783492 0.505633 
0.52607 0 0.73377 0 0.783498 0.505688 
0.526075 0 0.733749 0 0.783505 0.505742 
0.526082 0 0.733729 0 0.783516 0.505795 
0.52609 0 0.733707 0 0.783529 0.505847 
0.526092 0 0.733675 0 0.783543 0.505897 
0.526088 0 0.73363 0 0.783559 0.505945 
0.526106 0 0.733611 0 0.783586 0.505993 
0.526138 0 0.733608 0 0.783624 0.50604 
0.526175 0 0.733607 0 0.783668 0.506085 
0.526216 0 0.733607 0 0.783718 0.506129 
0.526267 0 0.733614 0 0.783777 0.506172 
0.526324 0 0.733626 0 0.783842 0.506214 
0.526381 0 0.733634 0 0.78391 0.506255 
0.526439 0 0.733638 0 0.783984 0.506295 
0.526505 0 0.733647 0 0.784066 0.506334 
0.526577 0 0.733661 0 0.784155 0.506372 
0.52665 0 0.73367 0 0.784247 0.506409 
0.526724 0 0.733675 0 0.784345 0.506445 
0.526806 0 0.733686 0 0.784451 0.50648 
0.526895 0 0.733703 0 0.784564 0.506514 
0.526985 0 0.733715 0 0.784681 0.506548 
0.527076 0 0.733724 0 0.784803 0.50658 
0.527177 0 0.73374 0 0.784933 0.506612 
0.527284 0 0.733761 0 0.78507 0.506643 
0.527393 0 0.733779 0 0.78521 0.506673 
0.527503 0 0.733795 0 0.785356 0.506703 
0.527623 0 0.733818 0 0.785509 0.506731 
0.527751 0 0.733848 0 0.785669 0.506759 
0.52788 0 0.733875 0 0.785833 0.506787 
0.528011 0 0.7339 0 0.786001 0.506813 
0.528152 0 0.733934 0 0.786178 0.506839 
0.528302 0 0.733976 0 0.786361 0.506865 
0.528453 0 0.734015 0 0.786547 0.506889 
0.528608 0 0.734054 0 0.786739 0.506913 
0.528773 0 0.734102 0 0.786938 0.506937 
0.528946 0 0.734158 0 0.787144 0.506959 
0.529122 0 0.734213 0 0.787354 0.506982 
0.529301 0 0.734267 0 0.787569 0.507004 
0.529491 0 0.734331 0 0.787792 0.507025 
0.52969 0 0.734403 0 0.788022 0.507046 
0.529892 0 0.734474 0 0.788256 0.507066 
0.530097 0 0.734545 0 0.788495 0.507085 
0.530313 0 0.734625 0 0.788743 0.507104 
0.530538 0 0.734713 0 0.788997 0.507123 
0.530766 0 0.734799 0 0.789256 0.507141 
0.530996 0 0.734883 0 0.789521 0.507159 
0.531238 0 0.734976 0 0.789793 0.507176 
0.531487 0 0.735076 0 0.790073 0.507193 
0.531739 0 0.735172 0 0.790358 0.50721 
0.531994 0 0.735266 0 0.790648 0.507226 
0.532258 0 0.735366 0 0.790947 0.507241 
0.532531 0 0.735471 0 0.791253 0.507257 
0.532804 0 0.735571 0 0.791564 0.507271 
0.53308 0 0.735666 0 0.791881 0.507286 
0.533364 0 0.735766 0 0.792206 0.5073 
0.533656 0 0.735869 0 0.792539 0.507314 
0.533948 0 0.735964 0 0.792877 0.507327 
0.534242 0 0.736052 0 0.79322 0.50734 
0.534543 0 0.736143 0 0.793573 0.507353 
0.534851 0 0.736234 0 0.793933 0.507365 
0.535158 0 0.736316 0 0.794298 0.507378 
0.535466 0 0.736389 0 0.794669 0.507389 
0.53578 0 0.736461 0 0.795048 0.507401 
0.536101 0 0.736532 0 0.795436 0.507412 
0.53642 0 0.736591 0 0.795828 0.507423 
0.536739 0 0.736639 0 0.796226 0.507434 
0.537064 0 0.736685 0 0.796633 0.507444 
0.537394 0 0.736727 0 0.797048 0.507455 
0.537723 0 0.736756 0 0.797467 0.507465 
0.53805 0 0.736771 0 0.797893 0.507474 
0.538383 0 0.736782 0 0.798327 0.507484 
0.538721 0 0.736787 0 0.798769 0.507493 
0.539056 0 0.736776 0 0.799216 0.507502 
0.539389 0 0.736751 0 0.799668 0.50751 
0.539728 0 0.736719 0 0.80013 0.507519 
0.540071 0 0.73668 0 0.800599 0.507527 
0.540411 0 0.736623 0 0.801072 0.507535 
0.540749 0 0.736549 0 0.801551 0.507543 
0.541093 0 0.736467 0 0.802038 0.507551 
0.541439 0 0.736376 0 0.802533 0.507559 
0.541783 0 0.736265 0 0.803032 0.507566 
0.542123 0 0.736136 0 0.803537 0.507573 
0.542469 0 0.735996 0 0.80405 0.50758 
0.542818 0 0.735846 0 0.804569 0.507587 
0.543163 0 0.735674 0 0.805093 0.507593 
0.543505 0 0.735482 0 0.805621 0.5076 
0.543852 0 0.735278 0 0.806158 0.507606 
0.544201 0 0.73506 0 0.806701 0.507612 
0.544547 0 0.73482 0 0.807247 0.507618 
0.544889 0 0.734557 0 0.807798 0.507624 
0.545235 0 0.734281 0 0.808356 0.50763 
0.545584 0 0.733989 0 0.80892 0.507635 
0.545928 0 0.733672 0 0.809487 0.507641 
0.546268 0 0.733331 0 0.810057 0.507646 
0.546612 0 0.732974 0 0.810634 0.507651 
0.546716 0 0.732702 0 0.81099 0.507655 
0.54669 0 0.732463 0 0.811226 0.507661 
0.546616 0 0.732246 0 0.811375 0.507666 
0.546604 0 0.732074 0 0.811573 0.50767 
0.54664 0 0.731927 0 0.811807 0.507675 
0.546706 0 0.731785 0 0.812067 0.507679 
0.546797 0 0.731644 0 0.812349 0.507683 
0.546916 0 0.731506 0 0.812654 0.507688 
0.547057 0 0.73137 0 0.812978 0.507692 
0.547213 0 0.731223 0 0.813316 0.507696 
0.547383 0 0.731065 0 0.813668 0.5077 
0.547573 0 0.730903 0 0.814038 0.507703 
0.547782 0 0.730736 0 0.814423 0.507707 
0.548002 0 0.730554 0 0.814819 0.507711 
0.548233 0 0.730357 0 0.815227 0.507714 
0.548482 0 0.730154 0 0.81565 0.507717 
0.548651 0 0.730035 0 0.815933 0.507721 
0.548754 0 0.729969 0 0.816115 0.507724 
0.548822 0 0.729937 0 0.816232 0.507728 
0.548883 0 0.72993 0 0.816316 0.507731 
0.548949 0 0.72994 0 0.816384 0.507734 
0.549016 0 0.729955 0 0.816443 0.507737 
0.549088 0 0.729976 0 0.816497 0.507739 
0.549172 0 0.730015 0 0.816552 0.507742 
0.549266 0 0.730074 0 0.816605 0.507745 
0.549363 0 0.730144 0 0.816652 0.507748 
0.549465 0 0.730227 0 0.816694 0.50775 
0.549581 0 0.730331 0 0.816736 0.507753 
0.549707 0 0.730455 0 0.816777 0.507755 
0.549768 0 0.730553 0 0.816806 0.507758 
0.549805 0 0.730658 0 0.816823 0.50776 
0.549841 0 0.730746 0 0.81685 0.507762 
0.549884 0 0.730816 0 0.816889 0.507765 
0.549949 0 0.730889 0 0.816951 0.507767 
0.550037 0 0.73096 0 0.817032 0.507769 
0.550152 0 0.731034 0 0.817134 0.507771 
0.550254 0 0.731099 0 0.817224 0.507773 
0.550331 0 0.731175 0 0.817303 0.507775 
0.550396 0 0.731262 0 0.817368 0.507777 
0.550467 0 0.731365 0 0.817431 0.507779 
0.550549 0 0.731482 0 0.817497 0.50778 
0.550634 0 0.731603 0 0.817564 0.507782 
0.550722 0 0.731731 0 0.817633 0.507784 
0.55082 0 0.731874 0 0.817708 0.507785 
0.550927 0 0.732034 0 0.817786 0.507787 
0.551034 0 0.732202 0 0.817865 0.507789 
0.551145 0 0.732379 0 0.817946 0.50779 
0.551267 0 0.732575 0 0.818032 0.507792 
0.5514 0 0.732791 0 0.818122 0.507793 
0.551535 0 0.733018 0 0.818214 0.507795 
0.551676 0 0.733259 0 0.818308 0.507796 
0.551829 0 0.733522 0 0.818409 0.507798 
0.551994 0 0.733809 0 0.818515 0.507799 
0.552164 0 0.734111 0 0.818625 0.5078 
0.552341 0 0.734431 0 0.818739 0.507801 
0.552533 0 0.734779 0 0.818863 0.507803 
0.552738 0 0.735156 0 0.818995 0.507804 
0.552951 0 0.735555 0 0.819133 0.507805 
0.553172 0 0.735978 0 0.819281 0.507806 
0.55341 0 0.736438 0 0.819443 0.507807 
0.553664 0 0.736937 0 0.81962 0.507808 
0.553927 0 0.73747 0 0.819811 0.507809 
0.5542 0 0.738042 0 0.820022 0.50781 
0.554492 0 0.738667 0 0.820258 0.507812 
0.554801 0 0.739353 0 0.820526 0.507813 
0.55512 0 0.740097 0 0.820827 0.507813 
0.55545 0 0.740909 0 0.821171 0.507814 
0.555799 0 0.741811 0 0.821568 0.507815 
0.556166 0 0.742814 0 0.822028 0.507816 
0.556542 0 0.74392 0 0.822556 0.507817 
0.556929 0 0.745142 0 0.823161 0.507818 
0.557334 0 0.746497 0 0.823851 0.507819 
0.557754 0 0.747993 0 0.824629 0.507819 
0.558183 0 0.749619 0 0.825488 0.50782 
0.558621 0 0.751374 0 0.826425 0.507821 
0.559073 0 0.753258 0 0.827434 0.507822 
0.559539 0 0.755257 0 0.8285 0.507822 
0.560008 0 0.757345 0 0.829609 0.507823 
0.560482 0 0.759506 0 0.830746 0.507824 
0.560965 0 0.76173 0 0.831903 0.507825 
0.561456 0 0.763998 0 0.833065 0.507825 
0.562155 0 0.766453 0 0.834372 0.507826 
0.562982 0 0.768984 0 0.835801 0.507827 
0.563875 0 0.771554 0 0.837273 0.507827 
0.565011 0 0.774281 0 0.838938 0.507828 
0.565914 0 0.77692 0 0.840285 0.507828 
0.566817 0 0.779529 0 0.841604 0.507829 
0.567939 0 0.782226 0 0.843109 0.50783 
0.569068 0 0.78489 0 0.844582 0.50783 
0.570195 0 0.787509 0 0.846019 0.507831 
0.571322 0 0.790084 0 0.847421 0.507831 
0.572457 0 0.792622 0 0.848792 0.507832 
0.573598 0 0.795124 0 0.850131 0.507832 
0.574565 0 0.797536 0 0.851247 0.507833 
0.575534 0 0.799908 0 0.852334 0.507833 
0.576512 0 0.802251 0 0.853398 0.507834 
0.577498 0 0.804563 0 0.854437 0.507834 
0.578605 0 0.806836 0 0.855595 0.507835 
0.579691 0 0.808929 0 0.856816 0.507835 
0.580773 0 0.810922 0 0.858052 0.507836 
0.581848 0 0.812849 0 0.859272 0.507836 
0.582915 0 0.814717 0 0.860471 0.507836 
0.583977 0 0.816528 0 0.86166 0.507836 
0.585054 0 0.818306 0 0.86285 0.507837 
0.586145 0 0.82005 0 0.864044 0.507837 
0.587243 0 0.82175 0 0.865242 0.507838 
0.588349 0 0.823407 0 0.866443 0.507838 
0.58947 0 0.825032 0 0.867652 0.507838 
0.590604 0 0.826626 0 0.868867 0.507838 
0.591746 0 0.82818 0 0.87009 0.507839 
0.592898 0 0.829696 0 0.871324 0.507839 
0.594069 0 0.831184 0 0.872576 0.507839 
0.595258 0 0.832644 0 0.873847 0.507839 
0.59646 0 0.834067 0 0.875136 0.507839 
0.597677 0 0.835454 0 0.876448 0.507839 
0.598918 0 0.836815 0 0.877789 0.507839 
0.599579 0 0.838539 1 0.877757 0.507839 
0.600122 0 0.840405 1 0.877654 0.507838 
0.600807 0 0.842278 1 0.87773 0.507837 
0.601552 0 0.844139 0 0.877863 0.507836 
0.602356 0 0.845981 0 0.878052 0.507834 
0.603226 0 0.847808 0 0.878306 0.507832 
0.60417 0 0.849623 0 0.878632 0.50783 
0.605192 0 0.851426 0 0.879033 0.507827 
0.606335 0 0.853236 0 0.879576 0.507824 
0.607578 0 0.855042 0 0.880227 0.507821 
0.608912 0 0.856838 0 0.880969 0.507817 
0.610334 0 0.858624 0 0.881797 0.507813 
0.611845 0 0.8604 0 0.88271 0.507809 
0.613439 0 0.862166 0 0.883703 0.507804 
0.615111 0 0.86392 0 0.884767 0.507799 
0.616851 0 0.865661 0 0.885889 0.507794 
0.617969 0 0.867288 1 0.886287 0.507788 
0.618985 0 0.868889 1 0.886546 0.507779 
0.620053 0 0.870481 1 0.886853 0.507764 
0.621151 0 0.872071 0 0.887176 0.507741 
0.622271 0 0.873656 0 0.887509 0.507717 
0.623404 0 0.875237 0 0.887844 0.507692 
0.624544 0 0.876814 0 0.888176 0.507666 
0.625687 0 0.878388 0 0.888505 0.507641 
0.626825 0 0.879968 0 0.888819 0.507614 
0.627965 0 0.881547 0 0.88913 0.507588 
0.629086 0 0.883138 0 0.889415 0.507561 
0.630209 0 0.884728 0 0.889697 0.507533 
0.631302 0 0.886339 0 0.889946 0.507506 
0.632398 0 0.887952 0 0.890192 0.507479 
0.632931 0 0.888882 0 0.890454 0.507451 
0.633068 0 0.889484 0 0.890481 0.507424 
0.632933 0 0.889915 0 0.890278 0.507397 
0.632621 0 0.89025 0 0.889927 0.50737 
0.632255 1 0.88982 0 0.890198 0.507344 
0.632474 1 0.889867 1 0.890329 0.507327 
0.632875 1 0.889849 1 0.890393 0.507307 
0.633282 1 0.889835 1 0.890491 0.507284 
0.633676 1 0.889811 1 0.890602 0.507256 
0.634058 1 0.889795 1 0.890718 0.507216 
0.634427 1 0.889784 1 0.890833 0.507178 
0.634784 1 0.889771 1 0.890948 0.507128 
0.635131 1 0.889753 1 0.891063 0.50707 
0.635466 1 0.88973 1 0.891179 0.507008 
0.63579 1 0.889697 1 0.891297 0.506934 
0.636102 1 0.889659 1 0.891417 0.506853 
0.636421 1 0.88956 1 0.89145 0.506765 
0.636749 1 0.889376 1 0.891385 0.506664 
0.637068 1 0.889057 1 0.891259 0.506549 
0.637373 0 0.888619 0 0.891021 0.50642 
0.63766 0 0.888285 0 0.890866 0.506289 
0.63793 0 0.888047 0 0.890778 0.506154 
0.638184 0 0.887899 0 0.890744 0.506012 
0.638421 0 0.88783 0 0.890757 0.50586 
0.638642 0 0.887831 0 0.890809 0.505695 
0.638849 0 0.887894 0 0.890891 0.505514 
0.63904 0 0.88801 0 0.890995 0.505311 
0.639217 0 0.888172 0 0.891116 0.505082 
0.63938 0 0.888374 0 0.891245 0.50482 
0.639528 0 0.888609 0 0.891376 0.504519 
0.639633 1 0.888406 0 0.891929 0.504169 
0.639715 1 0.888192 0 0.892354 0.503863 
0.639532 0 0.888284 1 0.89202 0.503578 
0.639605 1 0.888156 1 0.892155 0.503006 
0.639719 1 0.888159 1 0.892116 0.502176 
0.639857 1 0.888155 1 0.892058 0.500977 
0.640019 1 0.888178 1 0.892029 0.499258 
0.640218 1 0.888228 1 0.892026 0.496845 
0.64048 1 0.888307 1 0.89205 0.493522 
0.640824 1 0.888422 1 0.892108 0.489089 
0.641275 1 0.888589 1 0.892212 0.483355 
0.641857 1 0.888818 1 0.892371 0.476169 
0.642703 1 0.88922 1 0.89255 0.467468 
0.643743 1 0.889668 1 0.892827 0.457305 
0.644968 1 0.890164 1 0.893172 0.445787 
0.646371 1 0.89071 1 0.893565 0.433056 
0.647941 1 0.891296 1 0.893992 0.419315 
0.649452 1 0.891725 1 0.894181 0.404769 
0.650843 1 0.891943 0 0.894199 0.389606 
0.652138 0 0.892124 0 0.894233 0.375549 
0.653357 0 0.892305 0 0.894327 0.36136 
0.654512 0 0.892456 0 0.894456 0.347044 
0.65594 0 0.892982 1 0.894676 0.332631 
0.657307 0 0.893266 1 0.894778 0.31694 
0.659221 1 0.893716 0 0.895459 0.300473 
0.66159 1 0.894791 1 0.895769 0.284863 
0.66405 1 0.895602 1 0.896327 0.269252 
0.666562 1 0.896359 1 0.896924 0.253711 
0.669118 1 0.897102 1 0.897512 0.238295 
0.6717 1 0.897822 1 0.898086 0.223055 
0.674297 1 0.898514 1 0.898644 0.208022 
0.6769 1 0.899179 1 0.899186 0.193224 
0.679502 1 0.899817 1 0.899711 0.178681 
0.682095 1 0.900429 1 0.900219 0.164412 
0.68467 1 0.901018 1 0.900712 0.150427 
0.687223 1 0.901565 1 0.901172 0.136734 
0.689753 1 0.902056 1 0.90158 0.123345 
0.692253 1 0.902486 1 0.901923 0.110263 
0.694717 1 0.902853 1 0.902198 0.0974956 
0.697113 1 0.903126 1 0.90242 0.0850465 
0.699444 0 0.903321 0 0.902568 0.0729211 
0.701712 0 0.90358 0 0.902762 0.0612214 
0.70392 0 0.903887 0 0.902975 0.0499497 
0.706068 0 0.904223 0 0.90319 0.0391156 
0.708156 0 0.904576 0 0.903397 0.0287383 
0.710185 0 0.904934 0 0.903584 0.0188489 
0.712155 0 0.905292 0 0.903745 0.00949429 
0.714068 0 0.905646 0 0.903872 0.000741313 
0.715924 0 0.905997 0 0.903964 -0.00731804 
0.717724 0 0.906345 0 0.904018 -0.0145627 
0.719467 0 0.906692 0 0.904034 -0.0208402 
0.721154 0 0.907038 0 0.904015 -0.02597 
0.722785 0 0.907379 0 0.903957 -0.0297552 
0.724359 0 0.907702 0 0.903852 -0.0320077 
0.725878 0 0.907983 0 0.903678 -0.0325828 
0.727341 0 0.90818 0 0.9034 -0.0314124 
0.72875 0 0.908237 0 0.902967 -0.02853 
0.730104 0 0.908091 0 0.902324 -0.0240677 
0.731406 0 0.90768 0 0.901417 -0.018229 
0.732381 0 0.906883 0 0.901048 -0.011258 
0.733323 0 0.905836 0 0.90048 -0.00339423 
0.734231 0 0.90452 0 0.899689 0.0051377 
0.735463 0 0.903412 0 0.899183 0.0141462 
0.736672 0 0.902065 0 0.898482 0.0234769 
0.737859 0 0.90049 0 0.897587 0.0330054 
0.739022 0 0.898698 0 0.896503 0.0426349 
0.740162 0 0.896706 0 0.895242 0.0522904 
0.741279 0 0.894533 0 0.893815 0.0619145 
0.742372 0 0.892198 0 0.892236 0.0714632 
0.743442 0 0.889721 0 0.89052 0.0809027 
0.744487 0 0.887119 0 0.88868 0.090207 
0.745508 0 0.884412 0 0.886733 0.0993562 
0.746522 0 0.881817 0 0.884666 0.108335 
0.747543 0 0.879349 0 0.882535 0.117131 
0.748563 0 0.87697 0 0.880372 0.125735 
0.749573 0 0.874633 0 0.878192 0.134139 
0.750848 0 0.87405 1 0.878327 0.14236 
0.752107 0 0.873554 0 0.878567 0.149894 
0.753352 0 0.873074 0 0.878825 0.157222 
0.754582 0 0.872614 0 0.879102 0.164341 
0.755796 0 0.872174 0 0.8794 0.17125 
0.757227 0 0.869919 0 0.877894 0.177947 
0.759121 0 0.869016 1 0.877977 0.184417 
0.760995 0 0.868249 1 0.878231 0.189986 
0.76285 0 0.867676 0 0.878723 0.194379 
0.764685 0 0.867116 0 0.879234 0.198535 
0.766501 0 0.866566 0 0.879763 0.202463 
0.768296 0 0.866026 0 0.880308 0.206174 
0.77007 0 0.865491 0 0.880866 0.209677 
0.771823 0 0.864961 0 0.881436 0.212982 
0.773554 0 0.864432 0 0.882016 0.216099 
0.775262 0 0.863903 0 0.882604 0.219036 
0.776949 0 0.863371 0 0.883197 0.221805 
0.778611 0 0.862835 0 0.883794 0.224414 
0.78025 0 0.862291 0 0.884391 0.226872 
0.782114 0 0.861676 0 0.885603 0.229189 
0.784049 0 0.861015 0 0.886965 0.231375 
0.78595 0 0.860319 0 0.888275 0.233437 
0.787818 0 0.859586 0 0.889528 0.235386 
0.78965 0 0.858812 0 0.890721 0.23723 
0.79128 1 0.858653 0 0.892561 0.238976 
0.792859 1 0.858275 0 0.894134 0.241545 
0.794388 0 0.85767 1 0.894823 0.244738 
0.795847 1 0.85743 1 0.895633 0.246455 
0.797566 1 0.857692 1 0.896009 0.247483 
0.799509 1 0.8582 1 0.896126 0.247673 
0.801605 1 0.858868 1 0.896097 0.246922 
0.803815 1 0.859618 1 0.895974 0.245112 
0.80612 1 0.860407 1 0.895781 0.242174 
0.808509 1 0.861205 1 0.895538 0.238072 
0.810403 1 0.861828 1 0.894991 0.232802 
0.811961 1 0.862461 1 0.894544 0.226412 
0.813429 1 0.863027 1 0.894213 0.218986 
0.814966 1 0.863503 1 0.893955 0.210638 
0.816642 1 0.863902 1 0.893735 0.201499 
0.818478 1 0.86424 1 0.893529 0.191687 
0.82046 1 0.864533 1 0.893325 0.181344 
0.822596 1 0.864847 1 0.892952 0.170588 
0.824774 1 0.865139 1 0.892554 0.159527 
0.826959 1 0.865379 1 0.89221 0.148263 
0.829135 1 0.86555 1 0.891933 0.136876 
0.831251 1 0.865755 1 0.891735 0.125443 
0.833351 0 0.865928 0 0.891557 0.114024 
0.835436 0 0.866045 0 0.891344 0.102908 
0.837511 0 0.866093 0 0.891078 0.0921419 
0.839577 0 0.866057 0 0.890746 0.0817787 
0.841636 0 0.865921 0 0.890331 0.0718836 
0.843689 0 0.865666 0 0.889813 0.0625369 
0.845738 0 0.865273 0 0.889169 0.0538352 
0.847782 0 0.864718 0 0.888373 0.0458955 
0.84997 0 0.864256 0 0.887232 0.0388548 
0.852406 0 0.863683 0 0.88526 0.0328662 
0.855139 0 0.86266 0 0.882859 0.0280891 
0.85795 0 0.861274 0 0.880204 0.0246705 
0.860757 0 0.859592 0 0.877295 0.0227228 
0.863556 0 0.857617 0 0.874082 0.0223023 
0.866347 0 0.855352 0 0.870578 0.0233943 
0.866447 0 0.853893 0 0.869003 0.0259111 
0.866157 0 0.852532 0 0.867575 0.0297177 
0.866061 0 0.850854 0 0.8658 0.0346401 
0.866072 0 0.848949 0 0.863782 0.0404872 
0.866122 0 0.846892 0 0.861593 0.0470706 
0.866163 0 0.84474 0 0.859292 0.0542184 
0.866197 0 0.842518 0 0.856911 0.0617819 
0.866223 0 0.840246 0 0.854474 0.0696361 
0.865631 1 0.839345 0 0.85314 0.0776844 
0.865146 0 0.838329 0 0.851642 0.0863425 
0.864643 0 0.837361 0 0.850164 0.0949324 
0.864137 0 0.83643 0 0.848731 0.103425 
0.863732 0 0.835441 0 0.847334 0.111797 
0.86347 0 0.834166 0 0.845604 0.12003 
0.863321 0 0.832883 0 0.843938 0.128109 
0.863237 0 0.831621 0 0.842316 0.136022 
0.863191 0 0.830387 0 0.840733 0.143759 
0.863167 0 0.829185 0 0.839189 0.151313 
0.863164 0 0.828017 0 0.837688 0.158677 
0.863185 0 0.826882 0 0.836234 0.165848 
0.863234 0 0.82578 0 0.834831 0.17282 
0.863315 0 0.824712 0 0.83348 0.179591 
0.863429 0 0.823679 0 0.832183 0.186159 
0.863574 0 0.82268 0 0.83094 0.192524 
0.863622 0 0.821803 0 0.829801 0.198683 
0.863675 0 0.821074 0 0.828761 0.204639 
0.863745 0 0.820494 0 0.827805 0.210392 
0.86382 0 0.820045 0 0.82692 0.215946 
0.863896 0 0.819692 0 0.826098 0.221304 
0.863974 0 0.819412 0 0.825328 0.226473 
0.864053 0 0.819192 0 0.824603 0.231459 
0.864134 0 0.819029 0 0.823917 0.236271 
0.864217 0 0.818924 0 0.823266 0.240922 
0.864301 0 0.818877 0 0.822644 0.245424 
0.864387 0 0.818884 0 0.822045 0.249793 
0.864452 0 0.818977 0 0.821491 0.254048 
0.864532 0 0.819075 0 0.820921 0.258209 
0.864585 0 0.819245 0 0.82038 0.262299 
0.864607 0 0.819476 0 0.819859 0.266343 
0.864685 0 0.819629 0 0.819248 0.270365 
0.864885 0 0.819686 0 0.818677 0.274388 
0.865005 0 0.819742 0 0.818077 0.278433 
0.865067 0 0.81984 0 0.817483 0.282516 
0.865081 0 0.819973 0 0.816884 0.286648 
0.865051 0 0.820137 0 0.816276 0.290833 
0.865149 0 0.820176 0 0.815702 0.29507 
0.865162 0 0.820246 0 0.815149 0.299351 
0.864573 0 0.819963 0 0.813846 0.303665 
0.863941 0 0.819443 0 0.812462 0.307999 
0.863377 0 0.818826 0 0.811074 0.312338 
0.862963 0 0.818158 0 0.809589 0.316667 
0.862636 0 0.817448 0 0.808012 0.320973 
0.862241 0 0.816787 0 0.806452 0.325244 
0.86198 0 0.81606 0 0.804912 0.329469 
0.861635 0 0.815401 0 0.803339 0.33364 
0.861286 0 0.814767 0 0.801781 0.33775 
0.861056 0 0.814086 0 0.800258 0.341794 
0.860749 0 0.81346 0 0.798669 0.345767 
0.860555 0 0.812866 0 0.797156 0.349666 
0.860424 0 0.812308 0 0.795685 0.353489 
0.860125 0 0.811834 0 0.794319 0.357234 
0.859814 0 0.811402 0 0.792992 0.360902 
0.859532 0 0.810996 0 0.791686 0.36449 
0.859277 0 0.810615 0 0.790402 0.368 
0.859052 0 0.81026 0 0.789144 0.371432 
0.858804 0 0.809946 0 0.787927 0.374786 
0.858565 0 0.809656 0 0.786739 0.378064 
0.858343 0 0.809387 0 0.785577 0.381266 
0.858137 0 0.809136 0 0.784439 0.384394 
0.857948 0 0.8089 0 0.783322 0.387449 
0.857777 0 0.808678 0 0.782223 0.390432 
0.857626 0 0.808468 0 0.78114 0.393345 
0.857497 0 0.808268 0 0.78007 0.396188 
0.857392 0 0.808078 0 0.779011 0.398964 
0.857314 0 0.807895 0 0.777959 0.401674 
0.857265 0 0.807717 0 0.776913 0.404318 
0.857246 0 0.807545 0 0.77587 0.406899 
0.857256 0 0.807378 0 0.774829 0.409417 
0.857295 0 0.807217 0 0.773788 0.411873 
0.857359 0 0.807066 0 0.772751 0.414269 
0.857446 0 0.806925 0 0.771718 0.416607 
0.85755 0 0.806798 0 0.770694 0.418886 
0.857668 0 0.806687 0 0.769681 0.421109 
0.857796 0 0.806593 0 0.768682 0.423277 
0.857931 0 0.806516 0 0.7677 0.425391 
0.858071 0 0.806456 0 0.766737 0.427452 
0.858215 0 0.806413 0 0.765793 0.429462 
0.858361 0 0.806386 0 0.764868 0.431421 
0.858508 0 0.806373 0 0.763963 0.433332 
0.858657 0 0.806375 0 0.763078 0.435194 
0.858807 0 0.806391 0 0.762212 0.437011 
0.858957 0 0.80642 0 0.761364 0.438782 
0.859107 0 0.806462 0 0.760535 0.440508 
0.859259 0 0.806515 0 0.759724 0.442192 
0.859411 0 0.80658 0 0.75893 0.443833 
0.859564 0 0.806655 0 0.758153 0.445434 
0.859718 0 0.80674 0 0.757393 0.446994 
0.859874 0 0.806835 0 0.756647 0.448516 
0.86003 0 0.806939 0 0.755918 0.449999 
0.860187 0 0.807052 0 0.755202 0.451446 
0.860346 0 0.807174 0 0.754501 0.452856 
0.860506 0 0.807303 0 0.753814 0.45423 
0.860668 0 0.80744 0 0.75314 0.455571 
0.860831 0 0.807585 0 0.752479 0.456878 
0.860996 0 0.807736 0 0.751831 0.458152 
0.861162 0 0.807895 0 0.751195 0.459395 
0.86133 0 0.80806 0 0.75057 0.460606 
0.861499 0 0.808232 0 0.749957 0.461787 
0.86167 0 0.808409 0 0.749355 0.462939 
0.861842 0 0.808593 0 0.748764 0.464062 
0.862016 0 0.808783 0 0.748183 0.465156 
0.862191 0 0.808979 0 0.747613 0.466224 
0.862367 0 0.80918 0 0.747054 0.467265 
0.862545 0 0.809387 0 0.746504 0.468279 
0.862723 0 0.809599 0 0.745964 0.469269 
0.862903 0 0.809817 0 0.745434 0.470233 
0.863083 0 0.81004 0 0.744914 0.471174 
0.863263 0 0.810269 0 0.744403 0.47209 
0.863444 0 0.810503 0 0.743901 0.472985 
0.863042 0 0.810808 0 0.743444 0.473856 
0.862702 0 0.811133 0 0.74303 0.474706 
0.862403 0 0.811477 0 0.742658 0.475535 
0.862129 0 0.811837 0 0.74232 0.476343 
0.861867 0 0.812208 0 0.742004 0.47713 
0.861616 0 0.812588 0 0.741706 0.477898 
0.861375 0 0.812977 0 0.741425 0.478647 
0.861149 0 0.813375 0 0.741165 0.479377 
0.86094 0 0.813785 0 0.74093 0.480089 
0.860749 0 0.814208 0 0.740722 0.480783 
0.860577 0 0.814644 0 0.740541 0.48146 
0.86037 0 0.814463 0 0.740169 0.48212 
0.860222 0 0.814328 0 0.73988 0.482763 
0.860113 0 0.814225 0 0.739655 0.483391 
0.86003 0 0.81414 0 0.73947 0.484002 
0.859962 0 0.814067 0 0.739307 0.484598 
0.859906 0 0.814001 0 0.739159 0.48518 
0.859863 0 0.813941 0 0.739025 0.485746 
0.859836 0 0.81389 0 0.738909 0.486299 
0.859828 0 0.813849 0 0.738814 0.486838 
0.859841 0 0.81382 0 0.738744 0.487363 
0.859876 0 0.813804 0 0.7387 0.487875 
0.85993 0 0.813802 0 0.738682 0.488375 
0.860004 0 0.813813 0 0.738689 0.488862 
0.860097 0 0.813837 0 0.738719 0.489336 
0.860207 0 0.813874 0 0.738772 0.489799 
0.860335 0 0.813923 0 0.738847 0.490251 
0.86049 0 0.813854 0 0.738838 0.490691 
0.860682 0 0.813761 0 0.738841 0.49112 
0.860901 0 0.81367 0 0.738868 0.491538 
0.861144 0 0.813579 0 0.738914 0.491946 
0.861407 0 0.813484 0 0.738977 0.492343 
0.86169 0 0.813383 0 0.739055 0.492731 
0.861993 0 0.813277 0 0.739148 0.493109 
0.862315 0 0.813167 0 0.739257 0.493478 
0.862656 0 0.813052 0 0.739381 0.493837 
0.863028 0 0.812912 0 0.73953 0.494187 
0.86342 0 0.812762 0 0.739698 0.494529 
0.863831 0 0.81261 0 0.739882 0.494862 
0.86426 0 0.812456 0 0.740083 0.495187 
0.864705 0 0.812301 0 0.7403 0.495503 
0.864979 0 0.812455 0 0.74066 0.495812 
0.864799 0 0.812751 0 0.740472 0.496113 
0.864692 0 0.812493 0 0.740232 0.496407 
0.864636 0 0.812317 0 0.740054 0.496693 
0.864514 0 0.812193 0 0.739871 0.496972 
0.864391 0 0.812071 0 0.739688 0.497244 
0.864266 0 0.811949 0 0.739505 0.497509 
0.86414 0 0.811829 0 0.739322 0.497768 
0.864013 0 0.811709 0 0.739138 0.49802 
0.863885 0 0.811591 0 0.738955 0.498265 
0.863755 0 0.811473 0 0.738771 0.498505 
0.863624 0 0.811357 0 0.738587 0.498739 
0.863584 0 0.811235 0 0.738519 0.498967 
0.86355 0 0.811233 0 0.738588 0.499189 
0.863505 0 0.811311 0 0.73873 0.499405 
0.863448 0 0.811438 0 0.738915 0.499616 
0.86336 0 0.811613 0 0.73912 0.499822 
0.863285 0 0.811746 0 0.739202 0.500023 
0.863299 0 0.811847 0 0.739269 0.500218 
0.863376 0 0.811949 0 0.739352 0.500409 
0.863489 0 0.812058 0 0.739458 0.500595 
0.863532 0 0.812166 0 0.739554 0.500777 
0.863565 0 0.812294 0 0.739669 0.500954 
0.863616 0 0.812426 0 0.739796 0.501126 
0.863667 0 0.812574 0 0.739942 0.501294 
0.863722 0 0.812736 0 0.740107 0.501458 
0.863784 0 0.812911 0 0.740294 0.501618 
0.863852 0 0.8131 0 0.740503 0.501774 
0.863928 0 0.813301 0 0.740734 0.501926 
0.863909 0 0.813266 0 0.740745 0.502074 
0.863888 0 0.813235 0 0.740744 0.502218 
0.863884 0 0.813215 0 0.740748 0.502359 
0.863891 0 0.8132 0 0.740751 0.502496 
0.86388 0 0.813211 0 0.740764 0.50263 
0.86386 0 0.81324 0 0.74077 0.502761 
0.863831 0 0.813266 0 0.740792 0.502888 
0.863799 0 0.813314 0 0.740778 0.503012 
0.863792 0 0.813308 0 0.740768 0.503133 
0.863836 0 0.813286 0 0.740761 0.503251 
0.863874 0 0.813254 0 0.740723 0.503366 
0.863927 0 0.813227 0 0.740684 0.503478 
0.863994 0 0.813185 0 0.740668 0.503588 
0.864073 0 0.813135 0 0.740641 0.503694 
0.864056 0 0.813105 0 0.74064 0.503798 
0.864068 0 0.81308 0 0.74066 0.503899 
0.864107 0 0.813062 0 0.740701 0.503998 
0.864144 0 0.813043 0 0.740742 0.504094 
0.864144 0 0.813003 0 0.740728 0.504188 
0.864156 0 0.812972 0 0.740715 0.50428 
0.864182 0 0.812948 0 0.74071 0.504369 
0.864217 0 0.812925 0 0.740703 0.504456 
0.86426 0 0.812904 0 0.740691 0.504541 
0.864309 0 0.812883 0 0.740675 0.504624 
0.864365 0 0.812864 0 0.740654 0.504705 
0.864378 0 0.812864 0 0.740658 0.504783 
0.864378 0 0.812831 0 0.740646 0.50486 
0.864393 0 0.812803 0 0.740641 0.504935 
0.864419 0 0.81278 0 0.740638 0.505008 
0.864419 0 0.812777 0 0.740634 0.505079 
0.864424 0 0.812779 0 0.740631 0.505148 
0.864435 0 0.812783 0 0.740625 0.505216 
0.864436 0 0.812774 0 0.740621 0.505281 
0.864447 0 0.812769 0 0.740619 0.505346 
0.864463 0 0.812773 0 0.740637 0.505408 
0.864464 0 0.812768 0 0.740625 0.505469 
0.864483 0 0.812747 0 0.74063 0.505529 
0.864478 0 0.812735 0 0.740624 0.505587 
0.864481 0 0.812729 0 0.740621 0.505644 
0.864493 0 0.812726 0 0.740618 0.505699 
0.864492 0 0.812725 0 0.740615 0.505753 
0.864499 0 0.812726 0 0.740612 0.505805 
0.86451 0 0.812735 0 0.740628 0.505856 
0.864508 0 0.812715 0 0.740617 0.505906 
0.864519 0 0.812699 0 0.740611 0.505955 
0.864521 0 0.812696 0 0.740608 0.506002 
0.864426 0 0.812884 0 0.740609 0.506048 
0.864373 0 0.812886 0 0.740627 0.506094 
0.864341 0 0.81289 0 0.740659 0.506137 
0.86425 0 0.812947 0 0.740647 0.50618 
0.86417 0 0.812975 0 0.740614 0.506222 
0.864093 0 0.813003 0 0.740579 0.506263 
0.864018 0 0.813035 0 0.740544 0.506302 
0.863948 0 0.813067 0 0.740511 0.506341 
0.863887 0 0.813097 0 0.740481 0.506379 
0.863836 0 0.813124 0 0.740456 0.506416 
0.863797 0 0.813146 0 0.740435 0.506452 
0.863769 0 0.813163 0 0.740419 0.506487 
0.863753 0 0.813176 0 0.740407 0.506521 
0.863747 0 0.813186 0 0.7404 0.506554 
0.86382 0 0.813171 0 0.740467 0.506586 
0.863938 0 0.813144 0 0.740585 0.506618 
0.863948 0 0.813095 0 0.740589 0.506649 
0.864035 0 0.813019 0 0.740342 0.506679 
