0.325332 0 0.445944 0 0.445943 0.500001 
0.325095 0 0.448281 0 0.448015 0.499425 
0.324759 0 0.450817 0 0.450187 0.498877 
0.324391 0 0.453619 0 0.452569 0.498347 
0.324046 0 0.456728 0 0.455239 0.497824 
0.323702 0 0.460092 0 0.458167 0.497298 
0.323355 0 0.463676 0 0.461322 0.496754 
0.323012 0 0.467445 0 0.464659 0.496178 
0.322673 0 0.471341 0 0.468127 0.495554 
0.322334 0 0.475304 0 0.471668 0.494864 
0.321993 0 0.479288 0 0.475235 0.494088 
0.32166 0 0.483262 0 0.478796 0.493199 
0.321334 0 0.487198 0 0.482322 0.492168 
0.321008 0 0.491066 0 0.485788 0.49096 
0.320683 0 0.49485 0 0.489181 0.489529 
0.320367 0 0.498548 0 0.492492 0.487822 
0.320057 0 0.50215 0 0.495713 0.485774 
0.319748 0 0.505639 0 0.498833 0.483309 
0.31944 0 0.509012 0 0.501846 0.480333 
0.31914 0 0.51227 0 0.504752 0.476742 
0.318848 0 0.515405 0 0.507541 0.472418 
0.318555 0 0.518401 0 0.510202 0.467235 
0.318265 0 0.52125 0 0.512727 0.461067 
0.318659 0 0.524557 0 0.515787 0.4538 
0.319461 0 0.528041 0 0.519085 0.445341 
0.320488 0 0.531508 0 0.52243 0.435636 
0.321628 0 0.534835 0 0.525692 0.424677 
0.322797 0 0.537945 0 0.528742 0.41251 
0.323976 0 0.540798 0 0.531541 0.399227 
0.325145 0 0.543353 0 0.534056 0.384965 
0.326298 0 0.545591 0 0.536263 0.369883 
0.327477 0 0.547533 0 0.538211 0.354153 
0.328662 0 0.549169 0 0.539866 0.337947 
0.329833 0 0.550485 0 0.541211 0.321421 
0.330986 0 0.551488 0 0.542248 0.304715 
0.332123 0 0.552198 0 0.54299 0.287947 
0.333241 0 0.552628 0 0.54345 0.271213 
0.334331 0 0.55279 0 0.543643 0.254591 
0.335393 0 0.552701 0 0.54359 0.238144 
0.336429 0 0.552388 0 0.543314 0.221916 
0.337434 0 0.551869 0 0.542837 0.205944 
0.338396 0 0.551152 0 0.542176 0.190253 
0.339376 0 0.55033 0 0.541378 0.174861 
0.340392 0 0.549435 0 0.540486 0.159783 
0.34143 0 0.54848 0 0.539512 0.145026 
0.342477 0 0.547466 0 0.53846 0.130595 
0.343528 0 0.546403 0 0.537341 0.116492 
0.344585 0 0.54531 0 0.53617 0.102717 
0.345644 0 0.544195 0 0.534955 0.0892681 
0.346699 0 0.54306 0 0.533702 0.0761407 
0.347747 0 0.541915 0 0.532421 0.0633301 
0.348796 0 0.540773 0 0.531122 0.0508309 
0.349842 0 0.539641 0 0.529811 0.0386375 
0.350878 0 0.538515 0 0.528489 0.0267438 
0.351904 0 0.537401 0 0.52716 0.0151444 
0.352925 0 0.536311 0 0.525833 0.00383342 
0.35394 0 0.535248 0 0.52451 -0.00719408 
0.354942 0 0.534208 0 0.523189 -0.0179431 
0.355932 0 0.533195 0 0.521874 -0.0284177 
0.356916 0 0.532222 0 0.520576 -0.0386216 
0.357893 0 0.53129 0 0.519296 -0.0485573 
0.358857 0 0.530399 0 0.518038 -0.0582265 
0.359811 0 0.529554 0 0.51681 -0.0676294 
0.36076 0 0.528769 0 0.515623 -0.0767638 
0.361705 0 0.528049 0 0.514483 -0.0856252 
0.362638 0 0.527392 0 0.513393 -0.0942053 
0.363561 0 0.526806 0 0.512363 -0.102491 
0.36448 0 0.526308 0 0.511407 -0.110463 
0.365323 0 0.524502 0 0.510126 -0.118093 
0.365609 0 0.521862 0 0.508291 -0.125343 
0.365945 0 0.519369 0 0.506463 -0.132162 
0.366697 0 0.517778 0 0.505416 -0.138482 
0.367649 0 0.516682 0 0.504882 -0.144217 
0.368768 0 0.515987 0 0.504611 -0.149261 
0.369881 0 0.515505 0 0.504547 -0.153482 
0.370995 0 0.515284 0 0.504734 -0.156735 
0.372107 0 0.515363 0 0.505214 -0.158857 
0.373211 0 0.515779 0 0.506024 -0.159693 
0.374307 0 0.516569 0 0.507204 -0.159099 
0.375401 0 0.517768 0 0.508787 -0.156973 
0.376493 0 0.519389 0 0.510787 -0.153266 
0.377575 0 0.521422 0 0.513197 -0.147995 
0.378649 0 0.523848 0 0.516 -0.141244 
0.379723 0 0.526639 0 0.519169 -0.133151 
0.380794 0 0.529751 0 0.522658 -0.123895 
0.381859 0 0.533123 0 0.526415 -0.113671 
0.382956 0 0.536841 0 0.530483 -0.102676 
0.384069 0 0.540763 0 0.534743 -0.0910969 
0.385175 0 0.544798 0 0.539118 -0.0790977 
0.386262 0 0.548894 0 0.543568 -0.0668203 
0.387332 0 0.553024 0 0.548069 -0.0543826 
0.38839 0 0.557172 0 0.552603 -0.0418809 
0.389439 0 0.561314 0 0.557146 -0.0293916 
0.390469 0 0.565421 0 0.561673 -0.0169748 
0.391484 0 0.569477 0 0.566171 -0.00467689 
0.39249 0 0.573478 0 0.570634 0.00746623 
0.393485 0 0.577414 0 0.575052 0.0194281 
0.394462 0 0.581271 0 0.579414 0.0311891 
0.395425 0 0.585044 0 0.583717 0.0427348 
0.396379 0 0.588739 0 0.587963 0.0540553 
0.397324 0 0.592351 0 0.592149 0.0651443 
0.398252 0 0.595872 0 0.596268 0.0759977 
0.399167 0 0.5993 0 0.60032 0.0866136 
0.400074 0 0.602643 0 0.60431 0.0969918 
0.400972 0 0.605901 0 0.608238 0.107133 
0.401855 0 0.609065 0 0.612098 0.11704 
0.402725 0 0.612136 0 0.615893 0.126714 
0.403587 0 0.615125 0 0.619628 0.13616 
0.404442 0 0.618031 0 0.623303 0.145379 
0.405281 0 0.620846 0 0.626914 0.154378 
0.406107 0 0.623573 0 0.630463 0.163158 
0.406668 0 0.625847 0 0.633274 0.171725 
0.407035 0 0.627883 0 0.635541 0.180083 
0.407305 0 0.62975 0 0.637612 0.188237 
0.407595 0 0.631581 0 0.639696 0.196191 
0.407905 0 0.633391 0 0.641783 0.203948 
0.40823 0 0.635178 0 0.643864 0.211514 
0.408559 0 0.636931 0 0.64593 0.218893 
0.408891 0 0.63865 0 0.647983 0.22609 
0.409231 0 0.640367 0 0.649882 0.233107 
0.409574 0 0.642061 0 0.651659 0.23995 
0.409916 0 0.643726 0 0.653342 0.246623 
0.410265 0 0.645374 0 0.654961 0.253129 
0.410632 0 0.647015 0 0.656539 0.259473 
0.411017 0 0.64865 0 0.658081 0.265658 
0.411413 0 0.650268 0 0.659585 0.271689 
0.411818 0 0.651868 0 0.661052 0.277568 
0.412237 0 0.653459 0 0.662488 0.283299 
0.412668 0 0.655039 0 0.663892 0.288886 
0.413102 0 0.656601 0 0.665262 0.294331 
0.413538 0 0.658144 0 0.6666 0.299639 
0.413983 0 0.659676 0 0.667912 0.30481 
0.414433 0 0.661197 0 0.669197 0.30985 
0.414881 0 0.662695 0 0.670451 0.314758 
0.415325 0 0.664171 0 0.671675 0.319539 
0.415774 0 0.665631 0 0.672872 0.324193 
0.416224 0 0.667073 0 0.674042 0.328723 
0.416667 0 0.668487 0 0.67518 0.333129 
0.417104 0 0.669873 0 0.676285 0.337413 
0.417542 0 0.671238 0 0.677363 0.341576 
0.417979 0 0.67258 0 0.67841 0.345618 
0.418406 0 0.67389 0 0.679424 0.349539 
0.418826 0 0.675168 0 0.680402 0.353339 
0.419244 0 0.676422 0 0.681352 0.357016 
0.41966 0 0.677651 0 0.682269 0.36057 
0.420066 0 0.678847 0 0.683151 0.363997 
0.420463 0 0.680009 0 0.683996 0.367296 
0.420859 0 0.681146 0 0.68481 0.370463 
0.421252 0 0.682256 0 0.685591 0.373493 
0.421635 0 0.683331 0 0.686333 0.37638 
0.422008 0 0.684371 0 0.687037 0.37912 
0.422381 0 0.685384 0 0.687707 0.381704 
0.422749 0 0.686367 0 0.688341 0.384123 
0.423108 0 0.687312 0 0.688932 0.386368 
0.423457 0 0.688218 0 0.689481 0.388428 
0.423804 0 0.689093 0 0.689991 0.39029 
0.424148 0 0.689933 0 0.690459 0.391941 
0.424481 0 0.690729 0 0.690877 0.393364 
0.424805 0 0.691479 0 0.691246 0.394544 
0.425125 0 0.692189 0 0.691568 0.395461 
0.425441 0 0.692856 0 0.691837 0.396097 
0.425746 0 0.693468 0 0.692047 0.396431 
0.42604 0 0.694023 0 0.692195 0.39644 
0.42633 0 0.694526 0 0.692283 0.3961 
0.426614 0 0.694969 0 0.692303 0.395389 
0.426885 0 0.695342 0 0.692248 0.394282 
0.427143 0 0.69564 0 0.692113 0.392752 
0.427551 0 0.696178 0 0.692139 0.390775 
0.428067 0 0.696789 0 0.692233 0.388325 
0.428618 0 0.697336 0 0.692267 0.385378 
0.429169 0 0.69778 0 0.692194 0.381909 
0.429726 0 0.698141 0 0.692038 0.377895 
0.430288 0 0.698413 0 0.691791 0.373314 
0.430847 0 0.698579 0 0.691441 0.368143 
0.431405 0 0.698634 0 0.690982 0.362362 
0.431969 0 0.698578 0 0.690411 0.355955 
0.432572 0 0.698411 0 0.689714 0.348906 
0.433169 0 0.698137 0 0.688924 0.341203 
0.43375 0 0.697689 0 0.687971 0.332842 
0.434317 0 0.697063 0 0.686838 0.323822 
0.434873 0 0.696262 0 0.685529 0.314153 
0.435418 0 0.695287 0 0.684046 0.303851 
0.435957 0 0.694141 0 0.682396 0.292947 
0.436497 0 0.692831 0 0.680585 0.28148 
0.437036 0 0.691358 0 0.678614 0.2695 
0.437568 0 0.689722 0 0.676486 0.257067 
0.438093 0 0.687934 0 0.674212 0.244249 
0.438616 0 0.686013 0 0.67181 0.231116 
0.439135 0 0.683975 0 0.669293 0.217741 
0.439641 0 0.681829 0 0.666675 0.204196 
0.440132 0 0.679594 0 0.663977 0.19055 
0.44061 0 0.677294 0 0.661221 0.176868 
0.441066 0 0.674946 0 0.658426 0.163206 
0.441485 0 0.672556 0 0.655607 0.149616 
0.441893 0 0.670164 0 0.652774 0.136144 
0.4423 0 0.667798 0 0.649952 0.122827 
0.442708 0 0.665473 0 0.647155 0.109698 
0.442893 0 0.662441 0 0.644008 0.0967833 
0.442893 0 0.658925 0 0.640674 0.0841037 
0.442803 0 0.655286 0 0.637162 0.0716723 
0.442746 0 0.651776 0 0.633705 0.059497 
0.442713 0 0.64837 0 0.630324 0.0475814 
0.442698 0 0.645059 0 0.627022 0.0359264 
0.442706 0 0.641851 0 0.623806 0.0245311 
0.442732 0 0.638747 0 0.620679 0.0133931 
0.44277 0 0.635744 0 0.617637 0.00250999 
0.442819 0 0.632843 0 0.614683 -0.00812157 
0.442885 0 0.630051 0 0.61182 -0.0185048 
0.442965 0 0.627366 0 0.609047 -0.0286433 
0.443053 0 0.624783 0 0.60636 -0.0385402 
0.443151 0 0.622301 0 0.603759 -0.0481991 
0.443262 0 0.619928 0 0.601246 -0.057623 
0.443387 0 0.61766 0 0.59882 -0.0668149 
0.443472 0 0.615261 0 0.596399 -0.0757771 
0.443526 0 0.612786 0 0.593981 -0.0845118 
0.443572 0 0.61031 0 0.591602 -0.0930204 
0.443624 0 0.607878 0 0.589284 -0.101304 
0.443686 0 0.605507 0 0.587031 -0.109361 
0.443766 0 0.603197 0 0.58484 -0.117191 
0.443871 0 0.600949 0 0.582708 -0.12479 
0.444003 0 0.598755 0 0.580631 -0.132152 
0.444156 0 0.596608 0 0.578604 -0.139269 
0.444331 0 0.594513 0 0.576633 -0.146128 
0.444536 0 0.592484 0 0.57473 -0.15271 
0.444767 0 0.59053 0 0.572903 -0.158993 
0.445019 0 0.588659 0 0.571161 -0.164941 
0.44529 0 0.586886 0 0.56952 -0.170513 
0.445585 0 0.585239 0 0.568003 -0.175651 
0.445901 0 0.583739 0 0.56663 -0.180282 
0.446228 0 0.582406 0 0.565425 -0.184317 
0.446567 0 0.581275 0 0.564419 -0.187644 
0.44692 0 0.580389 0 0.563655 -0.190136 
0.447284 0 0.579787 0 0.56317 -0.191649 
0.447652 0 0.579506 0 0.563003 -0.192031 
0.448022 0 0.579588 0 0.563194 -0.19114 
0.448401 0 0.580074 0 0.563785 -0.188856 
0.448785 0 0.580986 0 0.564796 -0.185098 
0.449167 0 0.582329 0 0.566235 -0.179844 
0.449547 0 0.584094 0 0.568096 -0.173132 
0.449932 0 0.586267 0 0.570362 -0.16506 
0.450319 0 0.588808 0 0.572998 -0.155774 
0.450702 0 0.591665 0 0.575955 -0.145449 
0.451082 0 0.594786 0 0.579186 -0.134274 
0.451464 0 0.598129 0 0.582646 -0.122433 
0.451848 0 0.601641 0 0.586288 -0.110097 
0.452544 0 0.60582 0 0.590573 -0.0974183 
0.453399 0 0.610253 0 0.595097 -0.0845246 
0.454312 0 0.614725 0 0.59967 -0.0715224 
0.455271 0 0.619221 0 0.604297 -0.0584982 
0.456227 0 0.623712 0 0.608935 -0.045521 
0.457181 0 0.628179 0 0.613566 -0.0326446 
0.45814 0 0.632615 0 0.618181 -0.0199113 
0.459102 0 0.637007 0 0.622767 -0.00735269 
0.460063 0 0.641337 0 0.627313 0.00500725 
0.461022 0 0.6456 0 0.631811 0.017151 
0.461942 0 0.649818 0 0.636303 0.0290661 
0.462829 0 0.653948 0 0.640742 0.0407436 
0.463714 0 0.657994 0 0.645123 0.0521785 
0.464602 0 0.661892 0 0.649373 0.0633675 
0.465477 0 0.665724 0 0.653562 0.0743094 
0.466342 0 0.669462 0 0.65768 0.0850044 
0.46719 0 0.673089 0 0.661719 0.0954541 
0.468024 0 0.676611 0 0.665685 0.105661 
0.468853 0 0.680043 0 0.669589 0.115627 
0.469677 0 0.683387 0 0.673432 0.125357 
0.47049 0 0.686637 0 0.67721 0.134853 
0.471293 0 0.68979 0 0.680924 0.144122 
0.472093 0 0.692857 0 0.684578 0.153165 
0.47289 0 0.695834 0 0.688172 0.161989 
0.473675 0 0.698715 0 0.691702 0.170597 
0.47445 0 0.701503 0 0.695173 0.178995 
0.475223 0 0.704207 0 0.698588 0.187186 
0.47599 0 0.706827 0 0.701948 0.195175 
0.476746 0 0.709356 0 0.705249 0.202968 
0.477492 0 0.711795 0 0.708494 0.210567 
0.478234 0 0.714155 0 0.711688 0.217979 
0.478971 0 0.716435 0 0.714829 0.225207 
0.479694 0 0.718627 0 0.717914 0.232256 
0.480407 0 0.720734 0 0.720945 0.23913 
0.481113 0 0.722764 0 0.723925 0.245833 
0.481812 0 0.724717 0 0.726855 0.252369 
0.482496 0 0.726586 0 0.729728 0.258742 
0.48295 0 0.728171 0 0.731386 0.264958 
0.483256 0 0.729607 0 0.73238 0.271017 
0.483452 0 0.730687 0 0.733361 0.276926 
0.483588 0 0.731616 0 0.734399 0.282687 
0.483683 0 0.732464 0 0.735427 0.288304 
0.483782 0 0.733293 0 0.736441 0.29378 
0.483883 0 0.734105 0 0.737441 0.299119 
0.483958 0 0.734863 0 0.738439 0.304325 
0.484018 0 0.735582 0 0.739431 0.309399 
0.484077 0 0.736281 0 0.740423 0.314346 
0.484331 0 0.737291 0 0.741294 0.319169 
0.484618 0 0.738271 0 0.742165 0.323869 
0.484929 0 0.739251 0 0.74301 0.328451 
0.48526 0 0.740237 0 0.743832 0.332915 
0.485638 0 0.741261 0 0.744659 0.337266 
0.486009 0 0.742265 0 0.745474 0.341505 
0.486387 0 0.743263 0 0.746276 0.345633 
0.486763 0 0.744246 0 0.74706 0.349654 
0.487137 0 0.745214 0 0.74782 0.353569 
0.487502 0 0.74616 0 0.748553 0.357379 
0.48786 0 0.747087 0 0.749261 0.361086 
0.48822 0 0.748005 0 0.749951 0.364691 
0.488579 0 0.748912 0 0.750623 0.368194 
0.488931 0 0.7498 0 0.751272 0.371598 
0.489276 0 0.750669 0 0.7519 0.374901 
0.489622 0 0.751529 0 0.75251 0.378104 
0.489967 0 0.752377 0 0.753101 0.381207 
0.490303 0 0.753206 0 0.753669 0.384208 
0.490633 0 0.754015 0 0.754214 0.387108 
0.490962 0 0.754813 0 0.754741 0.389904 
0.49129 0 0.7556 0 0.755247 0.392594 
0.491609 0 0.756365 0 0.755729 0.395175 
0.491922 0 0.757111 0 0.756186 0.397644 
0.492233 0 0.757845 0 0.756623 0.399998 
0.492543 0 0.758565 0 0.757037 0.40223 
0.492844 0 0.759263 0 0.757424 0.404337 
0.493138 0 0.759938 0 0.757783 0.406311 
0.493431 0 0.760599 0 0.758118 0.408145 
0.493722 0 0.761242 0 0.758426 0.409831 
0.494003 0 0.761858 0 0.758701 0.411359 
0.494277 0 0.762448 0 0.758944 0.41272 
0.494549 0 0.763017 0 0.759157 0.4139 
0.494819 0 0.763563 0 0.759336 0.414889 
0.495078 0 0.764074 0 0.759474 0.415671 
0.495328 0 0.764551 0 0.759572 0.416232 
0.495576 0 0.764998 0 0.759629 0.416554 
0.49582 0 0.765411 0 0.759642 0.416621 
0.496052 0 0.765779 0 0.759604 0.416412 
0.496273 0 0.766098 0 0.75951 0.415907 
0.49649 0 0.766373 0 0.759363 0.415085 
0.4967 0 0.766597 0 0.759155 0.413923 
0.496896 0 0.766758 0 0.758877 0.412396 
0.497078 0 0.76685 0 0.758525 0.41048 
0.497252 0 0.766875 0 0.758097 0.408147 
0.497415 0 0.766824 0 0.757584 0.40537 
0.49756 0 0.766682 0 0.756975 0.40212 
0.498001 0 0.767041 0 0.756777 0.39837 
0.498529 0 0.767344 0 0.756539 0.39409 
0.499108 0 0.767545 0 0.756144 0.389252 
0.499685 0 0.767641 0 0.755647 0.383828 
0.500261 0 0.767622 0 0.755041 0.377791 
0.500843 0 0.767488 0 0.754321 0.371119 
0.50143 0 0.767226 0 0.753477 0.363791 
0.502014 0 0.76682 0 0.752496 0.355793 
0.502598 0 0.766262 0 0.751373 0.347117 
0.503188 0 0.765551 0 0.750102 0.337765 
0.503781 0 0.764681 0 0.748678 0.327749 
0.504372 0 0.763641 0 0.747095 0.317093 
0.504954 0 0.762366 0 0.745268 0.305829 
0.505524 0 0.760881 0 0.743218 0.294007 
0.506083 0 0.759205 0 0.740976 0.28168 
0.506623 0 0.757349 0 0.738563 0.268915 
0.507144 0 0.755324 0 0.735996 0.255782 
0.50765 0 0.753149 0 0.733293 0.242355 
0.508168 0 0.750979 0 0.730657 0.228706 
0.508658 0 0.748665 0 0.727916 0.214908 
0.509109 0 0.746217 0 0.725063 0.20103 
0.509552 0 0.743717 0 0.722166 0.187133 
0.509995 0 0.741194 0 0.719242 0.173274 
0.51043 0 0.738662 0 0.716307 0.159504 
0.510859 0 0.73614 0 0.713381 0.145868 
0.511288 0 0.733655 0 0.710482 0.132403 
0.511714 0 0.731218 0 0.707624 0.119141 
0.512122 0 0.728879 0 0.704817 0.106106 
0.512517 0 0.726605 0 0.702054 0.0933175 
0.512905 0 0.724402 0 0.699344 0.0807856 
0.51329 0 0.722276 0 0.696693 0.0685163 
0.513461 0 0.719237 0 0.693692 0.056513 
0.513452 0 0.715719 0 0.69035 0.0447741 
0.513381 0 0.712148 0 0.687036 0.0332985 
0.513321 0 0.708704 0 0.683797 0.0220843 
0.513264 0 0.705356 0 0.680627 0.0111287 
0.513212 0 0.702106 0 0.677535 0.000429269 
0.513173 0 0.698969 0 0.67453 -0.0100169 
0.513146 0 0.695948 0 0.671614 -0.0202121 
0.513125 0 0.693039 0 0.668786 -0.0301587 
0.513113 0 0.690241 0 0.666045 -0.0398582 
0.513116 0 0.68756 0 0.663394 -0.0493119 
0.513131 0 0.684995 0 0.660831 -0.0585201 
0.513153 0 0.682539 0 0.658353 -0.0674821 
0.513183 0 0.680193 0 0.65596 -0.0761956 
0.513228 0 0.677965 0 0.653655 -0.084657 
0.513285 0 0.675853 0 0.651437 -0.0928602 
0.513418 0 0.673661 0 0.649293 -0.100796 
0.513583 0 0.671395 0 0.647166 -0.108452 
0.513773 0 0.669121 0 0.645086 -0.115811 
0.513989 0 0.666907 0 0.643088 -0.12285 
0.514227 0 0.664797 0 0.641195 -0.129536 
0.514489 0 0.662814 0 0.639421 -0.13583 
0.514779 0 0.660977 0 0.637778 -0.14168 
0.515092 0 0.659294 0 0.636274 -0.147017 
0.515419 0 0.657777 0 0.634927 -0.151761 
0.515757 0 0.656454 0 0.633763 -0.15581 
0.516111 0 0.655366 0 0.632818 -0.159047 
0.516478 0 0.654548 0 0.63213 -0.161341 
0.516849 0 0.654036 0 0.631732 -0.162552 
0.517225 0 0.653868 0 0.631664 -0.162545 
0.51761 0 0.654085 0 0.631963 -0.1612 
0.518002 0 0.654711 0 0.632652 -0.158431 
0.518393 0 0.655752 0 0.633742 -0.154201 
0.518785 0 0.657207 0 0.635234 -0.14853 
0.519182 0 0.659068 0 0.637117 -0.141493 
0.519583 0 0.661301 0 0.639362 -0.133213 
0.519981 0 0.66386 0 0.64193 -0.123851 
0.520376 0 0.666701 0 0.64478 -0.113582 
0.520776 0 0.669781 0 0.647869 -0.102586 
0.521178 0 0.673053 0 0.651155 -0.0910333 
0.521575 0 0.676465 0 0.654592 -0.0790766 
0.52227 0 0.68049 0 0.658602 -0.0668491 
0.523124 0 0.68474 0 0.662812 -0.0544628 
0.524032 0 0.689011 0 0.667051 -0.0420098 
0.52498 0 0.693292 0 0.671333 -0.0295643 
0.525927 0 0.697568 0 0.675625 -0.0171853 
0.526878 0 0.701832 0 0.679916 -0.00491917 
0.527833 0 0.706068 0 0.684194 0.0071985 
0.528787 0 0.710261 0 0.688446 0.0191404 
0.529739 0 0.714401 0 0.692667 0.0308866 
0.530648 0 0.718498 0 0.696874 0.042422 
0.531526 0 0.722526 0 0.701047 0.0537362 
0.532401 0 0.726484 0 0.705177 0.0648221 
0.533288 0 0.730321 0 0.709209 0.0756753 
0.534173 0 0.734128 0 0.713219 0.0862934 
0.535051 0 0.737843 0 0.717165 0.0966759 
0.535911 0 0.741447 0 0.721037 0.106823 
0.536757 0 0.74495 0 0.724849 0.116737 
0.537598 0 0.748373 0 0.728612 0.12642 
0.538434 0 0.751716 0 0.732327 0.135874 
0.53926 0 0.754973 0 0.735993 0.145104 
0.540078 0 0.75814 0 0.739607 0.154112 
0.540893 0 0.761226 0 0.743173 0.162904 
0.541706 0 0.764227 0 0.746692 0.171482 
0.542509 0 0.767135 0 0.75016 0.179852 
0.543303 0 0.769953 0 0.75358 0.188017 
0.544095 0 0.77269 0 0.756957 0.195983 
0.544883 0 0.775344 0 0.76029 0.203752 
0.545661 0 0.777908 0 0.763578 0.211331 
0.546431 0 0.780382 0 0.766822 0.218722 
0.547198 0 0.782776 0 0.770025 0.225931 
0.547961 0 0.785089 0 0.773189 0.232962 
0.548714 0 0.787311 0 0.776309 0.239818 
0.549458 0 0.789445 0 0.779388 0.246505 
0.550198 0 0.791498 0 0.782429 0.253025 
0.550934 0 0.793471 0 0.785432 0.259384 
0.551658 0 0.795353 0 0.788393 0.265584 
0.552372 0 0.797147 0 0.791314 0.27163 
0.553081 0 0.79886 0 0.794198 0.277526 
0.553784 0 0.800492 0 0.797043 0.283275 
0.554229 0 0.801767 0 0.798671 0.288882 
0.554491 0 0.802812 0 0.799621 0.294348 
0.554649 0 0.803631 0 0.800475 0.299677 
0.554773 0 0.804356 0 0.801387 0.304874 
0.554869 0 0.805021 0 0.802298 0.309941 
0.554944 0 0.805645 0 0.803203 0.314881 
0.555024 0 0.806256 0 0.804102 0.319698 
0.555103 0 0.806851 0 0.805024 0.324395 
0.555176 0 0.807422 0 0.805954 0.328974 
0.555247 0 0.807972 0 0.806889 0.333438 
0.555325 0 0.808514 0 0.807836 0.337791 
0.555546 0 0.809317 0 0.808509 0.342034 
0.555782 0 0.810067 0 0.809138 0.346171 
0.556038 0 0.810821 0 0.809727 0.350204 
0.556317 0 0.811596 0 0.810297 0.354136 
0.556621 0 0.812394 0 0.810861 0.357968 
0.556935 0 0.813193 0 0.811416 0.361704 
0.557255 0 0.813988 0 0.811958 0.365345 
0.557586 0 0.814785 0 0.812486 0.368893 
0.557923 0 0.815583 0 0.812995 0.372351 
0.558258 0 0.816373 0 0.813483 0.37572 
0.558592 0 0.817156 0 0.813954 0.379002 
0.558931 0 0.81794 0 0.814413 0.382198 
0.559273 0 0.818726 0 0.81486 0.385311 
0.559609 0 0.819502 0 0.815292 0.388341 
0.559942 0 0.82027 0 0.81571 0.39129 
0.560276 0 0.821038 0 0.816117 0.394158 
0.56061 0 0.821804 0 0.816512 0.396947 
0.560937 0 0.822559 0 0.816891 0.399657 
0.561258 0 0.823304 0 0.817255 0.402289 
0.561579 0 0.824048 0 0.817606 0.404844 
0.561899 0 0.824789 0 0.817944 0.40732 
0.56221 0 0.82552 0 0.818265 0.409719 
0.562515 0 0.826239 0 0.81857 0.412039 
0.562819 0 0.826958 0 0.81886 0.41428 
0.563122 0 0.827672 0 0.819135 0.416441 
0.563416 0 0.828375 0 0.819392 0.41852 
0.563703 0 0.829067 0 0.819629 0.420515 
0.563989 0 0.829756 0 0.819851 0.422424 
0.564273 0 0.830439 0 0.820054 0.424244 
0.564547 0 0.83111 0 0.820236 0.425972 
0.564814 0 0.831766 0 0.820396 0.427604 
0.56508 0 0.832417 0 0.820537 0.429135 
0.565343 0 0.833061 0 0.820655 0.43056 
0.565597 0 0.833687 0 0.820747 0.431873 
0.565842 0 0.834296 0 0.820813 0.433068 
0.566085 0 0.834895 0 0.820855 0.434137 
0.566324 0 0.835481 0 0.820868 0.435072 
0.566553 0 0.836044 0 0.820849 0.435864 
0.566772 0 0.836583 0 0.820797 0.436502 
0.566988 0 0.837105 0 0.820713 0.436975 
0.567199 0 0.837606 0 0.820592 0.437271 
0.567398 0 0.838075 0 0.820431 0.437376 
0.567585 0 0.838509 0 0.820228 0.437276 
0.567768 0 0.838915 0 0.819981 0.436955 
0.567943 0 0.839286 0 0.819687 0.436395 
0.568261 0 0.83995 0 0.819568 0.435578 
0.568681 0 0.840708 0 0.81953 0.434484 
0.569141 0 0.841432 0 0.819454 0.433092 
0.569607 0 0.842088 0 0.819301 0.431379 
0.57007 0 0.842693 0 0.8191 0.429321 
0.570532 0 0.843243 0 0.818848 0.426892 
0.570998 0 0.84374 0 0.818541 0.424065 
0.571469 0 0.844177 0 0.818173 0.420811 
0.571937 0 0.844539 0 0.817738 0.417102 
0.572402 0 0.844812 0 0.817228 0.412905 
0.572869 0 0.844987 0 0.816625 0.408192 
0.573334 0 0.845053 0 0.815915 0.40293 
0.573792 0 0.844993 0 0.815091 0.397091 
0.574244 0 0.844801 0 0.81415 0.390647 
0.574698 0 0.844476 0 0.813088 0.383574 
0.575152 0 0.844004 0 0.811896 0.375852 
0.5756 0 0.843368 0 0.810565 0.367469 
0.576044 0 0.842557 0 0.809087 0.358419 
0.576488 0 0.841571 0 0.807457 0.348709 
0.576932 0 0.8404 0 0.80567 0.338353 
0.577368 0 0.839037 0 0.803722 0.327377 
0.577798 0 0.837484 0 0.801616 0.315821 
0.578227 0 0.835752 0 0.799359 0.303733 
0.578653 0 0.833848 0 0.796955 0.291169 
0.57907 0 0.831779 0 0.794415 0.278195 
0.579476 0 0.82956 0 0.791753 0.264879 
0.579877 0 0.827218 0 0.788987 0.251292 
0.580269 0 0.824771 0 0.786133 0.237505 
0.58064 0 0.822236 0 0.783211 0.223587 
0.580988 0 0.819636 0 0.780245 0.209602 
0.58131 0 0.817003 0 0.777259 0.195611 
0.581623 0 0.814367 0 0.774253 0.181669 
0.581725 0 0.810779 0 0.770953 0.167825 
0.581652 0 0.806653 0 0.767499 0.154124 
0.581506 0 0.802411 0 0.763882 0.140603 
0.581383 0 0.798298 0 0.760282 0.127293 
0.581278 0 0.794291 0 0.756733 0.114218 
0.581188 0 0.790391 0 0.753249 0.101393 
0.581118 0 0.786611 0 0.749841 0.0888288 
0.581067 0 0.782956 0 0.746515 0.0765299 
0.581028 0 0.779425 0 0.743274 0.0644983 
0.581001 0 0.776021 0 0.740121 0.0527342 
0.580991 0 0.772748 0 0.73706 0.041237 
0.580997 0 0.769606 0 0.734091 0.0300057 
0.581011 0 0.766589 0 0.731214 0.0190391 
0.581035 0 0.763698 0 0.728428 0.00833638 
0.581074 0 0.760939 0 0.725737 -0.00210259 
0.581127 0 0.758308 0 0.723139 -0.0122774 
0.581186 0 0.755802 0 0.720631 -0.0221862 
0.581253 0 0.753419 0 0.718214 -0.0318262 
0.581332 0 0.750725 0 0.715743 -0.0411921 
0.581422 0 0.747925 0 0.713295 -0.0502773 
0.581531 0 0.745166 0 0.71094 -0.0590713 
0.581673 0 0.74252 0 0.708701 -0.0675606 
0.581853 0 0.740008 0 0.706575 -0.0757269 
0.58207 0 0.737618 0 0.704548 -0.0835459 
0.582312 0 0.735339 0 0.702614 -0.0909865 
0.582578 0 0.733172 0 0.70078 -0.0980084 
0.58287 0 0.731138 0 0.69906 -0.104561 
0.583183 0 0.729256 0 0.697473 -0.110581 
0.583511 0 0.727547 0 0.696038 -0.115991 
0.583852 0 0.72604 0 0.694781 -0.1207 
0.584209 0 0.724771 0 0.69373 -0.1246 
0.584581 0 0.723767 0 0.692912 -0.127575 
0.584958 0 0.723058 0 0.692356 -0.1295 
0.585342 0 0.722674 0 0.692093 -0.130252 
0.585735 0 0.722651 0 0.692153 -0.129725 
0.586136 0 0.723008 0 0.692556 -0.127839 
0.586538 0 0.723754 0 0.693313 -0.124555 
0.586942 0 0.724888 0 0.694427 -0.119881 
0.587352 0 0.726407 0 0.695892 -0.113876 
0.587767 0 0.728285 0 0.697686 -0.106643 
0.588181 0 0.730484 0 0.699779 -0.0983204 
0.588595 0 0.732966 0 0.702139 -0.0890653 
0.589013 0 0.735698 0 0.704731 -0.0790429 
0.589435 0 0.738634 0 0.707518 -0.0684141 
0.589855 0 0.741732 0 0.710463 -0.0573277 
0.590272 0 0.744955 0 0.713536 -0.0459155 
0.590693 0 0.748277 0 0.716712 -0.0342911 
0.591117 0 0.75167 0 0.719965 -0.0225495 
0.591536 0 0.755103 0 0.723272 -0.0107691 
0.591953 0 0.758556 0 0.726619 0.000986748 
0.592372 0 0.762019 0 0.729993 0.012668 
0.592793 0 0.765476 0 0.733381 0.0242348 
0.593491 0 0.769411 0 0.737188 0.0356568 
0.594327 0 0.773429 0 0.741056 0.0469098 
0.595212 0 0.777359 0 0.744859 0.0579767 
0.596141 0 0.781235 0 0.748647 0.0688445 
0.597069 0 0.785062 0 0.752407 0.0795039 
0.597997 0 0.788838 0 0.756139 0.0899489 
0.598931 0 0.792567 0 0.759842 0.100175 
0.599869 0 0.796245 0 0.763514 0.110181 
0.600806 0 0.799863 0 0.767153 0.119966 
0.601695 0 0.80343 0 0.770778 0.12953 
0.602556 0 0.806939 0 0.774384 0.138874 
0.603421 0 0.81039 0 0.77796 0.148002 
0.604287 0 0.81365 0 0.781411 0.156915 
0.605159 0 0.816925 0 0.784883 0.165617 
0.606031 0 0.820119 0 0.788308 0.174111 
0.606892 0 0.823212 0 0.791678 0.182402 
0.607774 0 0.826238 0 0.795029 0.190492 
0.608611 0 0.82919 0 0.79836 0.198385 
0.609471 0 0.832053 0 0.801646 0.206086 
0.610319 0 0.834867 0 0.804912 0.213599 
0.611152 0 0.837596 0 0.808143 0.220928 
0.611972 0 0.840231 0 0.811338 0.228077 
0.612788 0 0.842783 0 0.814505 0.235049 
0.613599 0 0.845253 0 0.817645 0.24185 
0.6144 0 0.847637 0 0.82076 0.248483 
0.615192 0 0.849933 0 0.823852 0.254951 
0.615983 0 0.85215 0 0.826922 0.261259 
0.61677 0 0.854283 0 0.82997 0.267411 
0.617548 0 0.856324 0 0.832996 0.273411 
0.618316 0 0.858271 0 0.836 0.279261 
0.619083 0 0.860132 0 0.838985 0.284966 
0.619845 0 0.861905 0 0.841949 0.290529 
0.620596 0 0.863578 0 0.844892 0.295953 
0.621338 0 0.865152 0 0.847815 0.301243 
0.622076 0 0.866633 0 0.850719 0.306401 
0.622808 0 0.868019 0 0.853603 0.31143 
0.623528 0 0.869299 0 0.856465 0.316334 
0.623948 0 0.870096 0 0.858003 0.321116 
0.624161 0 0.870556 0 0.858828 0.325779 
0.624286 0 0.870987 0 0.859394 0.330325 
0.624369 0 0.871353 0 0.860007 0.334757 
0.624424 0 0.871677 0 0.860637 0.339079 
0.624483 0 0.871996 0 0.861273 0.343293 
0.624546 0 0.872309 0 0.861912 0.347402 
0.624593 0 0.8726 0 0.862594 0.351408 
0.624633 0 0.872872 0 0.863302 0.355314 
0.624675 0 0.873138 0 0.864033 0.359122 
0.624721 0 0.873401 0 0.864787 0.362835 
0.624767 0 0.873655 0 0.865567 0.366455 
0.624818 0 0.873903 0 0.866374 0.369984 
0.62488 0 0.874156 0 0.867211 0.373425 
0.625087 0 0.874718 0 0.867545 0.376779 
0.625301 0 0.875214 0 0.867797 0.38005 
0.625533 0 0.875729 0 0.867998 0.383238 
0.62579 0 0.876284 0 0.86819 0.386345 
0.625979 0 0.876804 0 0.868368 0.389375 
0.626307 0 0.87746 0 0.868463 0.392327 
0.626516 0 0.877974 0 0.868722 0.395205 
0.626889 0 0.878707 0 0.868879 0.398009 
0.627241 0 0.879377 0 0.869084 0.400742 
0.627591 0 0.88003 0 0.869271 0.403405 
0.627925 0 0.880665 0 0.869434 0.405998 
0.62825 0 0.881299 0 0.869577 0.408524 
0.62857 0 0.881937 0 0.869703 0.410984 
0.628881 0 0.882574 0 0.869817 0.413378 
0.629186 0 0.883211 0 0.869922 0.415708 
0.629493 0 0.883858 0 0.87002 0.417974 
0.629798 0 0.884513 0 0.870109 0.420178 
0.629869 1 0.884193 0 0.87075 0.422307 
0.629958 1 0.884044 0 0.871667 0.42438 
0.630209 1 0.88417 0 0.872456 0.42638 
0.630121 0 0.884515 1 0.872204 0.428309 
0.630239 1 0.883853 1 0.872275 0.430142 
0.630378 1 0.883597 1 0.8723 0.431852 
0.630528 1 0.883394 1 0.872314 0.433406 
0.630648 1 0.883178 1 0.872322 0.434758 
0.630789 1 0.882977 1 0.872331 0.43584 
0.630961 1 0.882802 1 0.872349 0.436575 
0.631152 1 0.882643 1 0.87238 0.436881 
0.631395 1 0.882518 1 0.872431 0.43666 
0.631699 1 0.88243 1 0.872511 0.435831 
0.632075 1 0.882384 1 0.872629 0.434315 
0.632533 1 0.882383 1 0.872788 0.432032 
0.633082 1 0.882434 1 0.872993 0.428927 
0.633725 1 0.882537 1 0.873245 0.424978 
0.634465 1 0.882693 1 0.873543 0.420205 
0.635299 1 0.882898 1 0.873886 0.414643 
0.636222 1 0.883147 1 0.874271 0.408334 
0.637231 1 0.883436 1 0.874694 0.401328 
0.638322 1 0.883761 1 0.875151 0.393672 
0.639493 1 0.884118 1 0.875638 0.385407 
0.640742 1 0.884503 1 0.876148 0.376567 
0.642064 1 0.884914 1 0.87668 0.367201 
0.643457 1 0.885346 1 0.877232 0.357344 
0.644919 1 0.885796 1 0.877797 0.347039 
0.646445 1 0.886259 1 0.878375 0.336333 
0.648033 1 0.886732 1 0.87896 0.325269 
0.649943 1 0.887152 1 0.87953 0.313881 
0.652127 1 0.88761 1 0.880362 0.302229 
0.654453 1 0.888241 1 0.881391 0.290354 
0.656848 1 0.889069 1 0.882423 0.278282 
0.65929 1 0.889867 1 0.8834 0.266053 
0.661768 1 0.890632 1 0.884345 0.253708 
0.664271 1 0.891384 1 0.885268 0.241284 
0.666795 1 0.892126 1 0.886171 0.228806 
0.669335 1 0.892854 1 0.887052 0.216304 
0.671886 1 0.893561 1 0.88791 0.203803 
0.674444 1 0.894246 1 0.888745 0.191329 
0.676909 1 0.894861 1 0.889531 0.178905 
0.679318 1 0.895425 1 0.890215 0.166548 
0.681726 1 0.895976 1 0.890894 0.15427 
0.684082 1 0.896482 1 0.891518 0.142095 
0.686433 1 0.896968 1 0.892115 0.130036 
0.688775 1 0.897436 1 0.892684 0.1181 
0.691058 1 0.897853 1 0.893222 0.106299 
0.6933 1 0.898231 1 0.893724 0.0946442 
0.695506 1 0.898579 1 0.894191 0.0831428 
0.697678 1 0.898902 1 0.894627 0.0718012 
0.699817 1 0.899201 1 0.895035 0.0606259 
0.701923 1 0.899477 1 0.895416 0.0496218 
0.703998 1 0.899732 1 0.895775 0.0387928 
0.706041 1 0.899967 1 0.89611 0.028143 
0.708053 1 0.900184 1 0.896422 0.0176749 
0.710033 1 0.900385 1 0.896714 0.00739087 
0.711982 1 0.900569 1 0.896988 -0.00270929 
0.713899 1 0.900738 1 0.897242 -0.0126223 
0.715785 1 0.900893 1 0.897479 -0.0223489 
0.717639 1 0.901035 1 0.897699 -0.0318901 
0.719569 1 0.901275 1 0.897888 -0.0412429 
0.721511 1 0.901522 1 0.898106 -0.050412 
0.723437 1 0.901745 1 0.898341 -0.0594004 
0.72528 1 0.901907 1 0.898558 -0.0682033 
0.727096 1 0.902053 1 0.898767 -0.0768252 
0.728881 1 0.902186 1 0.898969 -0.0852672 
0.730635 1 0.902309 1 0.899163 -0.0935318 
0.732358 1 0.902422 1 0.899348 -0.101621 
0.734015 1 0.902503 1 0.899522 -0.109538 
0.73569 1 0.902621 1 0.899681 -0.117285 
0.73735 1 0.902745 1 0.899842 -0.12486 
0.738984 1 0.902862 1 0.899998 -0.132271 
0.74059 1 0.90297 1 0.900149 -0.139515 
0.742167 1 0.903071 1 0.900295 -0.146602 
0.743715 1 0.903165 1 0.900436 -0.153527 
0.745237 1 0.903254 1 0.900573 -0.160298 
0.746733 1 0.903338 1 0.900707 -0.166916 
0.748203 1 0.903418 1 0.900838 -0.173384 
0.749649 1 0.903495 1 0.900968 -0.179704 
0.751071 1 0.903569 1 0.901094 -0.185878 
0.752468 1 0.903641 1 0.901218 -0.191909 
0.753841 1 0.903711 1 0.901341 -0.197801 
0.755192 1 0.90378 1 0.90146 -0.203558 
0.756559 1 0.903894 1 0.901516 -0.209178 
0.757932 1 0.904052 1 0.901568 -0.214668 
0.759315 1 0.904237 1 0.901656 -0.220028 
0.760705 1 0.904432 1 0.901779 -0.225262 
0.76206 1 0.904607 1 0.901913 -0.230372 
0.76338 1 0.904758 1 0.902052 -0.23536 
0.764669 1 0.904891 1 0.90219 -0.240229 
0.765933 1 0.905013 1 0.902328 -0.24498 
0.767177 1 0.905133 1 0.902464 -0.249618 
0.768406 1 0.905255 1 0.902603 -0.254144 
0.769622 1 0.905383 1 0.902744 -0.25856 
0.770828 1 0.905516 1 0.902889 -0.262869 
0.772022 1 0.905654 1 0.903038 -0.267072 
0.773204 1 0.905796 1 0.90319 -0.271173 
0.774374 1 0.90594 1 0.903345 -0.275173 
0.775532 1 0.906088 1 0.903504 -0.279076 
0.776678 1 0.906238 1 0.903665 -0.28288 
0.777813 1 0.906391 1 0.90383 -0.286592 
0.778938 1 0.906548 1 0.903997 -0.29021 
0.780052 1 0.906709 1 0.904168 -0.29374 
0.781157 1 0.906874 1 0.904342 -0.297179 
0.782254 1 0.907043 1 0.904519 -0.300532 
0.783342 1 0.907216 1 0.9047 -0.303802 
0.784422 1 0.907393 1 0.904885 -0.306989 
0.785495 1 0.907575 1 0.905074 -0.310095 
0.78656 1 0.90776 1 0.905266 -0.313121 
0.787619 1 0.907949 1 0.905462 -0.31607 
0.788671 1 0.908142 1 0.905662 -0.318944 
0.789717 1 0.908339 1 0.905865 -0.321741 
0.790757 1 0.908539 1 0.906072 -0.324468 
0.791791 1 0.908744 1 0.906283 -0.327122 
0.792821 1 0.908953 1 0.906498 -0.329706 
0.793847 1 0.909166 1 0.906716 -0.332225 
0.794868 1 0.909382 1 0.906938 -0.334675 
0.795937 1 0.909608 1 0.907202 -0.337061 
0.797035 1 0.909844 1 0.907488 -0.33938 
0.798144 1 0.910085 1 0.907788 -0.341638 
0.799262 1 0.910337 1 0.908094 -0.343834 
0.800375 1 0.910592 1 0.908402 -0.34597 
0.801481 1 0.910847 1 0.908709 -0.34805 
0.80258 1 0.911107 1 0.909009 -0.35007 
0.803683 1 0.911377 1 0.909307 -0.352035 
0.80479 1 0.911657 1 0.909607 -0.353944 
0.805901 1 0.911942 1 0.909911 -0.355798 
0.807015 1 0.91223 1 0.910218 -0.3576 
0.808131 1 0.91252 1 0.910529 -0.35935 
0.80925 1 0.912812 1 0.910844 -0.361051 
0.810372 1 0.913106 1 0.911161 -0.362702 
0.811499 1 0.913403 1 0.91148 -0.364304 
0.812631 1 0.913703 1 0.911801 -0.365857 
0.813768 1 0.914004 1 0.912123 -0.367366 
0.814909 1 0.914308 1 0.912446 -0.368827 
0.816057 1 0.914614 1 0.912768 -0.370245 
0.817211 1 0.914922 1 0.913089 -0.371618 
0.817453 1 0.914788 1 0.913159 -0.372945 
0.817611 1 0.914721 1 0.913173 -0.374233 
0.817798 1 0.914704 1 0.913185 -0.375482 
0.817993 1 0.91469 1 0.913192 -0.376692 
0.818188 1 0.914679 1 0.913202 -0.377861 
0.818384 1 0.91467 1 0.913215 -0.378993 
0.818583 1 0.914666 1 0.913229 -0.380088 
0.818788 1 0.914669 1 0.913246 -0.381148 
0.819002 1 0.914678 1 0.913267 -0.382173 
0.819223 1 0.914696 1 0.913293 -0.383164 
0.819453 1 0.91472 1 0.913322 -0.384122 
0.819691 1 0.914751 1 0.913358 -0.385047 
0.819936 1 0.914786 1 0.913398 -0.385942 
0.820189 1 0.914828 1 0.913443 -0.386807 
0.82045 1 0.914873 1 0.913494 -0.387642 
0.820633 1 0.914876 1 0.913528 -0.388448 
0.820794 1 0.914877 1 0.913556 -0.389229 
0.820952 1 0.914883 1 0.913581 -0.389981 
0.821108 1 0.914892 1 0.913605 -0.390709 
0.82126 1 0.914901 1 0.91363 -0.391411 
0.821408 1 0.914909 1 0.913653 -0.392089 
0.82155 1 0.914918 1 0.913676 -0.392745 
0.821687 1 0.914925 1 0.9137 -0.393377 
0.82182 1 0.914933 1 0.913722 -0.393991 
0.821949 1 0.91494 1 0.913744 -0.394582 
0.822073 1 0.914947 1 0.913764 -0.395156 
0.822194 1 0.914954 1 0.913783 -0.39571 
0.822311 1 0.91496 1 0.913803 -0.396245 
0.822424 1 0.914966 1 0.91382 -0.396763 
0.822533 1 0.914972 1 0.913838 -0.397264 
0.82264 1 0.914978 1 0.913854 -0.397747 
0.822743 1 0.914983 1 0.91387 -0.398219 
0.822844 1 0.914988 1 0.913884 -0.398674 
0.822941 1 0.914993 1 0.913899 -0.399114 
0.823036 1 0.914997 1 0.913912 -0.399542 
0.823128 1 0.915001 1 0.913924 -0.399957 
0.823218 1 0.915005 1 0.913936 -0.40036 
0.823306 1 0.915008 1 0.913946 -0.400751 
0.823391 1 0.915012 1 0.913955 -0.401129 
0.823474 1 0.915015 1 0.913965 -0.401497 
0.823555 1 0.915017 1 0.913972 -0.401856 
0.823634 1 0.91502 1 0.913979 -0.402206 
0.823712 1 0.915022 1 0.913986 -0.402546 
0.823787 1 0.915024 1 0.913991 -0.402878 
0.823861 1 0.915025 1 0.913997 -0.403198 
0.823934 1 0.915027 1 0.914 -0.403515 
0.824005 1 0.915028 1 0.914003 -0.403821 
0.824074 1 0.915029 1 0.914005 -0.404121 
0.824142 1 0.91503 1 0.914007 -0.404413 
0.824209 1 0.91503 1 0.914008 -0.404699 
0.824275 1 0.91503 1 0.91401 -0.404978 
0.824339 1 0.91503 1 0.91401 -0.40525 
0.824402 1 0.91503 1 0.914009 -0.405517 
0.824465 1 0.915029 1 0.914008 -0.405778 
0.824525 1 0.915029 1 0.914006 -0.406034 
0.824586 1 0.915028 1 0.914004 -0.406284 
0.824644 1 0.915027 1 0.914002 -0.406531 
0.824703 1 0.915026 1 0.913998 -0.406772 
0.82476 1 0.915024 1 0.913995 -0.407009 
0.824817 1 0.915023 1 0.91399 -0.407242 
0.824872 1 0.915021 1 0.913984 -0.407469 
0.824927 1 0.91502 1 0.91398 -0.407694 
0.824981 1 0.915018 1 0.913975 -0.407913 
0.825035 1 0.915016 1 0.913969 -0.408132 
0.825088 1 0.915014 1 0.913963 -0.408345 
0.82514 1 0.915011 1 0.913956 -0.408556 
0.825191 1 0.915009 1 0.913949 -0.408763 
0.825242 1 0.915006 1 0.913942 -0.408967 
0.825292 1 0.915004 1 0.913934 -0.409168 
0.825342 1 0.915001 1 0.913927 -0.409365 
0.825391 1 0.914998 1 0.913919 -0.409559 
0.82544 1 0.914995 1 0.913911 -0.409753 
0.825488 1 0.914993 1 0.913901 -0.409943 
0.825536 1 0.91499 1 0.913893 -0.410129 
0.825583 1 0.914986 1 0.913884 -0.410313 
0.825629 1 0.914983 1 0.913875 -0.410493 
0.825676 1 0.91498 1 0.913866 -0.410674 
0.825721 1 0.914977 1 0.913857 -0.410852 
0.825766 1 0.914973 1 0.913847 -0.411029 
0.825764 1 0.914955 1 0.913835 -0.411203 
0.825773 1 0.91494 1 0.913803 -0.411375 
0.825807 1 0.914943 1 0.913758 -0.411546 
0.825857 1 0.914956 1 0.913732 -0.411713 
0.825943 1 0.914978 1 0.913732 -0.411878 
0.826015 1 0.914981 1 0.913746 -0.412043 
0.82609 1 0.914983 1 0.913752 -0.412207 
0.826119 1 0.914963 1 0.913744 -0.412368 
0.82615 1 0.914954 1 0.913728 -0.412525 
0.826189 1 0.914951 1 0.913715 -0.412682 
0.82623 1 0.914949 1 0.913703 -0.412838 
0.82627 1 0.914946 1 0.913692 -0.412991 
0.826309 1 0.914943 1 0.913683 -0.413143 
0.826348 1 0.914939 1 0.913672 -0.413295 
0.826387 1 0.914936 1 0.913661 -0.413444 
0.826426 1 0.914933 1 0.91365 -0.41359 
0.826464 1 0.914929 1 0.91364 -0.413736 
0.826502 1 0.914925 1 0.913629 -0.413881 
0.82654 1 0.914921 1 0.913619 -0.414025 
0.826578 1 0.914918 1 0.913608 -0.414165 
0.826615 1 0.914914 1 0.913598 -0.414307 
0.826651 1 0.914911 1 0.913588 -0.414446 
0.826688 1 0.914907 1 0.913577 -0.414584 
0.826724 1 0.914903 1 0.913567 -0.41472 
0.82676 1 0.9149 1 0.913556 -0.414856 
0.826795 1 0.914896 1 0.913545 -0.414991 
0.826842 1 0.914888 1 0.913547 -0.415124 
0.826882 1 0.914878 1 0.913545 -0.415253 
0.826919 1 0.914869 1 0.913541 -0.415385 
0.826956 1 0.914863 1 0.913535 -0.415513 
0.826992 1 0.914857 1 0.913528 -0.415641 
0.827029 1 0.914851 1 0.91352 -0.415768 
0.827065 1 0.914846 1 0.913513 -0.415893 
0.8271 1 0.914841 1 0.913505 -0.416017 
0.827133 1 0.914836 1 0.913497 -0.416138 
0.827166 1 0.914831 1 0.913486 -0.41626 
0.827198 1 0.914827 1 0.913477 -0.416378 
0.82723 1 0.914823 1 0.913467 -0.416498 
0.82726 1 0.914819 1 0.913457 -0.416615 
0.827291 1 0.914815 1 0.913448 -0.416733 
0.827322 1 0.914811 1 0.91344 -0.416847 
0.827352 1 0.914807 1 0.91343 -0.416961 
0.827382 1 0.914803 1 0.913421 -0.417073 
0.827412 1 0.914799 1 0.913413 -0.417184 
0.827441 1 0.914795 1 0.913404 -0.417295 
0.82747 1 0.914791 1 0.913395 -0.417406 
0.8275 1 0.914787 1 0.913386 -0.417515 
0.827528 1 0.914784 1 0.913377 -0.417622 
0.827556 1 0.91478 1 0.913369 -0.417727 
0.827584 1 0.914776 1 0.913361 -0.417831 
0.827612 1 0.914772 1 0.913353 -0.417936 
0.827639 1 0.914769 1 0.913345 -0.418039 
0.827666 1 0.914765 1 0.913337 -0.418142 
0.827693 1 0.914761 1 0.913329 -0.418243 
0.82772 1 0.914758 1 0.913321 -0.418343 
0.827746 1 0.914754 1 0.913312 -0.418442 
0.827772 1 0.91475 1 0.913305 -0.418541 
0.827798 1 0.914747 1 0.913297 -0.418639 
0.827823 1 0.914743 1 0.913289 -0.418738 
0.827849 1 0.91474 1 0.913281 -0.418833 
0.827874 1 0.914737 1 0.913274 -0.418928 
0.827899 1 0.914733 1 0.913266 -0.419021 
0.827924 1 0.91473 1 0.91326 -0.419112 
0.827948 1 0.914727 1 0.913252 -0.419203 
0.827972 1 0.914723 1 0.913246 -0.419294 
0.827996 1 0.91472 1 0.913238 -0.419384 
0.82802 1 0.914717 1 0.913231 -0.419473 
0.828043 1 0.914713 1 0.913225 -0.419561 
0.828066 1 0.91471 1 0.913219 -0.419648 
0.828089 1 0.914707 1 0.913211 -0.419733 
0.828112 1 0.914703 1 0.913204 -0.419817 
0.828135 1 0.914701 1 0.913197 -0.4199 
0.828157 1 0.914698 1 0.913191 -0.419984 
0.828178 1 0.914694 1 0.913185 -0.420064 
0.8282 1 0.914691 1 0.913179 -0.420145 
0.828222 1 0.914688 1 0.913173 -0.420226 
0.828243 1 0.914685 1 0.913167 -0.420304 
0.828263 1 0.914682 1 0.913161 -0.420384 
0.828284 1 0.914679 1 0.913155 -0.420461 
0.828305 1 0.914676 1 0.913149 -0.42054 
0.828325 1 0.914673 1 0.913143 -0.420617 
0.828345 1 0.91467 1 0.913138 -0.420693 
0.828365 1 0.914667 1 0.913132 -0.420768 
0.828385 1 0.914665 1 0.913127 -0.42084 
0.828404 1 0.914662 1 0.913121 -0.420913 
0.828424 1 0.914659 1 0.913115 -0.420985 
0.828443 1 0.914656 1 0.91311 -0.421056 
0.828461 1 0.914654 1 0.913105 -0.421127 
0.82848 1 0.914651 1 0.9131 -0.421197 
0.828499 1 0.914648 1 0.913094 -0.421268 
0.828517 1 0.914645 1 0.913089 -0.421336 
0.828535 1 0.914643 1 0.913085 -0.421406 
0.828553 1 0.91464 1 0.91308 -0.421473 
0.828571 1 0.914637 1 0.913075 -0.421539 
0.828588 1 0.914635 1 0.91307 -0.421604 
0.828606 1 0.914632 1 0.913066 -0.421668 
0.828623 1 0.91463 1 0.913061 -0.421733 
0.82864 1 0.914627 1 0.913056 -0.421797 
0.828657 1 0.914625 1 0.913052 -0.42186 
0.828673 1 0.914622 1 0.913047 -0.42192 
0.82869 1 0.914619 1 0.913044 -0.421981 
0.828706 1 0.914617 1 0.913039 -0.42204 
0.828722 1 0.914614 1 0.913035 -0.4221 
0.828738 1 0.914612 1 0.913031 -0.422159 
0.828753 1 0.91461 1 0.913027 -0.422217 
0.828769 1 0.914607 1 0.913023 -0.422275 
0.828784 1 0.914605 1 0.91302 -0.422332 
0.828799 1 0.914602 1 0.913015 -0.422389 
0.828814 1 0.9146 1 0.913012 -0.422445 
0.828829 1 0.914597 1 0.913008 -0.422497 
0.828843 1 0.914595 1 0.913003 -0.42255 
0.828858 1 0.914593 1 0.913 -0.422605 
0.828872 1 0.914591 1 0.912996 -0.422657 
0.828886 1 0.914588 1 0.912993 -0.422709 
0.8289 1 0.914586 1 0.91299 -0.422762 
0.828913 1 0.914584 1 0.912985 -0.422814 
0.828927 1 0.914581 1 0.912981 -0.422865 
0.82894 1 0.914579 1 0.912978 -0.422915 
0.828953 1 0.914577 1 0.912975 -0.422966 
0.828967 1 0.914575 1 0.912972 -0.423014 
0.82898 1 0.914573 1 0.912969 -0.423063 
0.828993 1 0.914571 1 0.912965 -0.42311 
0.829005 1 0.914569 1 0.912963 -0.423156 
0.829018 1 0.914567 1 0.912959 -0.423203 
0.829031 1 0.914565 1 0.912956 -0.423251 
0.829043 1 0.914562 1 0.912954 -0.423296 
0.829055 1 0.91456 1 0.91295 -0.42334 
0.829067 1 0.914558 1 0.912948 -0.423385 
0.829079 1 0.914556 1 0.912945 -0.423429 
0.829091 1 0.914554 1 0.912943 -0.423471 
0.829103 1 0.914552 1 0.91294 -0.423515 
0.829115 1 0.91455 1 0.912937 -0.423558 
0.829126 1 0.914548 1 0.912934 -0.4236 
0.829137 1 0.914546 1 0.912932 -0.42364 
0.829148 1 0.914544 1 0.912928 -0.423681 
0.82916 1 0.914542 1 0.912926 -0.423719 
0.82917 1 0.91454 1 0.912924 -0.423759 
0.829181 1 0.914538 1 0.912921 -0.423799 
0.829192 1 0.914536 1 0.912918 -0.423839 
0.829202 1 0.914534 1 0.912916 -0.423877 
0.829213 1 0.914532 1 0.912915 -0.423912 
0.829223 1 0.91453 1 0.912912 -0.423949 
0.829233 1 0.914528 1 0.91291 -0.423987 
0.829243 1 0.914526 1 0.912908 -0.424023 
0.829252 1 0.914525 1 0.912906 -0.424058 
0.829262 1 0.914523 1 0.912904 -0.424093 
0.829272 1 0.914521 1 0.912902 -0.424127 
0.829281 1 0.914519 1 0.9129 -0.424162 
0.829291 1 0.914517 1 0.912898 -0.424195 
0.8293 1 0.914515 1 0.912895 -0.42423 
0.829309 1 0.914514 1 0.912892 -0.424263 
0.829319 1 0.914512 1 0.912891 -0.424296 
0.829327 1 0.91451 1 0.912889 -0.424329 
0.829336 1 0.914509 1 0.912887 -0.424361 
0.829345 1 0.914507 1 0.912886 -0.424393 
0.829354 1 0.914505 1 0.912883 -0.424422 
0.829362 1 0.914503 1 0.912882 -0.424453 
0.829371 1 0.914501 1 0.91288 -0.424484 
0.829379 1 0.9145 1 0.912879 -0.424512 
0.829387 1 0.914498 1 0.912877 -0.424542 
0.829396 1 0.914496 1 0.912874 -0.424573 
0.829404 1 0.914495 1 0.912874 -0.424603 
0.829412 1 0.914493 1 0.912873 -0.424631 
0.82942 1 0.914491 1 0.912871 -0.424661 
0.829428 1 0.914489 1 0.91287 -0.424689 
0.829436 1 0.914488 1 0.912867 -0.424718 
0.829444 1 0.914486 1 0.912866 -0.424745 
0.829452 1 0.914484 1 0.912864 -0.424771 
0.829459 1 0.914483 1 0.912863 -0.424797 
0.829466 1 0.914481 1 0.912862 -0.424823 
0.829473 1 0.914479 1 0.91286 -0.424847 
0.82948 1 0.914478 1 0.912859 -0.424873 
0.829488 1 0.914476 1 0.912858 -0.424897 
0.829495 1 0.914474 1 0.912856 -0.424922 
0.829502 1 0.914473 1 0.912854 -0.424947 
0.829509 1 0.914471 1 0.912854 -0.42497 
0.829515 1 0.91447 1 0.912852 -0.424993 
0.829522 1 0.914468 1 0.912851 -0.425018 
0.829529 1 0.914467 1 0.91285 -0.425041 
0.829535 1 0.914465 1 0.912849 -0.425064 
0.829542 1 0.914463 1 0.912848 -0.425085 
0.829548 1 0.914462 1 0.912846 -0.425108 
0.829554 1 0.91446 1 0.912846 -0.42513 
0.829561 1 0.914459 1 0.912844 -0.425152 
0.829567 1 0.914457 1 0.912843 -0.425173 
0.829573 1 0.914456 1 0.912842 -0.425194 
0.829579 1 0.914454 1 0.912841 -0.425214 
0.829585 1 0.914452 1 0.91284 -0.425234 
0.829591 1 0.914451 1 0.912838 -0.425254 
0.829597 1 0.914449 1 0.912838 -0.425276 
0.829602 1 0.914448 1 0.912835 -0.425294 
0.829608 1 0.914446 1 0.912835 -0.425314 
0.829614 1 0.914445 1 0.912834 -0.425332 
0.82962 1 0.914443 1 0.912833 -0.425351 
0.829625 1 0.914442 1 0.912832 -0.425367 
0.829631 1 0.91444 1 0.912831 -0.425386 
0.829636 1 0.914439 1 0.91283 -0.425403 
0.829641 1 0.914437 1 0.912829 -0.425421 
0.829647 1 0.914436 1 0.912828 -0.425439 
0.829652 1 0.914435 1 0.912828 -0.425456 
0.829657 1 0.914433 1 0.912826 -0.425474 
0.829663 1 0.914432 1 0.912825 -0.42549 
0.829667 1 0.914431 1 0.912824 -0.425506 
0.829672 1 0.914429 1 0.912825 -0.425526 
0.829677 1 0.914427 1 0.912824 -0.425543 
0.829682 1 0.914426 1 0.912823 -0.425561 
0.829688 1 0.914424 1 0.912821 -0.425576 
0.829693 1 0.914423 1 0.91282 -0.425593 
0.829698 1 0.914422 1 0.91282 -0.425609 
0.829703 1 0.91442 1 0.912819 -0.425623 
0.829708 1 0.914419 1 0.912819 -0.425639 
0.829712 1 0.914418 1 0.912817 -0.425654 
0.829717 1 0.914416 1 0.912816 -0.425669 
0.829722 1 0.914415 1 0.912815 -0.425683 
0.829727 1 0.914414 1 0.912815 -0.425698 
0.829731 1 0.914412 1 0.912815 -0.425713 
0.829736 1 0.914411 1 0.912814 -0.425728 
0.82974 1 0.914409 1 0.912814 -0.425742 
0.829745 1 0.914408 1 0.912812 -0.425756 
0.829749 1 0.914406 1 0.912812 -0.42577 
0.829754 1 0.914405 1 0.912811 -0.425784 
0.829758 1 0.914404 1 0.912811 -0.425796 
0.829763 1 0.914402 1 0.91281 -0.425811 
0.829767 1 0.914401 1 0.91281 -0.425824 
0.829771 1 0.9144 1 0.912809 -0.425837 
0.829775 1 0.914398 1 0.912809 -0.425849 
0.829779 1 0.914397 1 0.912808 -0.425861 
0.829783 1 0.914396 1 0.912807 -0.425874 
0.829788 1 0.914394 1 0.912807 -0.425885 
0.829792 1 0.914393 1 0.912806 -0.425896 
0.829796 1 0.914391 1 0.912806 -0.425908 
0.8298 1 0.91439 1 0.912805 -0.42592 
0.829803 1 0.914389 1 0.912804 -0.42593 
0.829806 1 0.914388 1 0.912804 -0.425942 
0.82981 1 0.914386 1 0.912804 -0.425954 
0.829814 1 0.914385 1 0.912803 -0.425965 
0.829817 1 0.914384 1 0.912803 -0.425976 
0.829821 1 0.914382 1 0.912802 -0.425988 
0.829825 1 0.914381 1 0.912801 -0.425998 
0.829828 1 0.91438 1 0.912801 -0.426007 
0.829832 1 0.914378 1 0.912801 -0.426018 
0.829835 1 0.914377 1 0.9128 -0.426028 
0.829839 1 0.914376 1 0.9128 -0.426038 
0.829842 1 0.914374 1 0.912799 -0.426049 
0.829846 1 0.914373 1 0.912799 -0.426059 
0.829849 1 0.914372 1 0.912798 -0.426068 
0.829852 1 0.914371 1 0.912797 -0.426077 
0.829856 1 0.914369 1 0.912797 -0.426088 
0.829859 1 0.914368 1 0.912797 -0.426099 
0.829862 1 0.914367 1 0.912797 -0.426108 
0.829866 1 0.914365 1 0.912796 -0.426116 
0.829869 1 0.914364 1 0.912796 -0.426125 
0.829872 1 0.914363 1 0.912795 -0.426135 
0.829875 1 0.914362 1 0.912795 -0.426145 
0.829878 1 0.91436 1 0.912795 -0.426155 
0.829881 1 0.914359 1 0.912795 -0.426165 
0.829884 1 0.914358 1 0.912794 -0.426175 
0.829887 1 0.914356 1 0.912793 -0.426182 
0.82989 1 0.914355 1 0.912793 -0.426191 
0.829893 1 0.914354 1 0.912793 -0.426199 
0.829896 1 0.914353 1 0.912792 -0.426205 
0.829899 1 0.914351 1 0.912792 -0.426214 
0.829902 1 0.91435 1 0.912791 -0.42622 
0.829905 1 0.914349 1 0.912791 -0.426229 
0.829907 1 0.914348 1 0.912792 -0.426238 
0.82991 1 0.914346 1 0.91279 -0.426245 
0.829913 1 0.914345 1 0.91279 -0.426254 
0.829916 1 0.914344 1 0.91279 -0.426262 
0.829919 1 0.914343 1 0.912789 -0.426269 
0.829922 1 0.914341 1 0.912789 -0.426277 
0.829924 1 0.91434 1 0.912789 -0.426284 
0.829926 1 0.914339 1 0.912789 -0.426293 
0.829929 1 0.914338 1 0.912787 -0.4263 
0.829932 1 0.914336 1 0.912788 -0.426306 
0.829935 1 0.914335 1 0.912788 -0.426313 
0.829938 1 0.914334 1 0.912788 -0.42632 
0.82994 1 0.914333 1 0.912786 -0.426326 
0.829943 1 0.914332 1 0.912787 -0.426332 
0.829945 1 0.91433 1 0.912787 -0.426338 
0.829947 1 0.914329 1 0.912786 -0.426342 
0.82995 1 0.914328 1 0.912786 -0.426349 
0.829953 1 0.914327 1 0.912785 -0.426355 
0.829955 1 0.914326 1 0.912785 -0.426361 
0.829958 1 0.914325 1 0.912784 -0.426367 
0.82996 1 0.914323 1 0.912784 -0.426375 
0.829963 1 0.914322 1 0.912784 -0.426382 
0.829965 1 0.914321 1 0.912784 -0.426388 
0.829968 1 0.914319 1 0.912783 -0.426395 
0.82997 1 0.914318 1 0.912783 -0.4264 
0.829973 1 0.914317 1 0.912783 -0.426406 
0.829975 1 0.914316 1 0.912783 -0.426412 
0.829977 1 0.914315 1 0.912783 -0.426418 
0.829979 1 0.914313 1 0.912782 -0.426424 
0.829982 1 0.914312 1 0.912782 -0.426429 
0.829984 1 0.914311 1 0.912782 -0.426435 
0.829986 1 0.91431 1 0.912781 -0.426439 
0.829988 1 0.914309 1 0.912781 -0.426444 
0.82999 1 0.914308 1 0.912781 -0.426449 
0.829992 1 0.914307 1 0.91278 -0.426453 
0.829994 1 0.914305 1 0.91278 -0.426459 
0.829997 1 0.914304 1 0.912779 -0.426464 
0.829999 1 0.914303 1 0.91278 -0.426467 
0.830001 1 0.914302 1 0.912779 -0.426471 
0.830003 1 0.914301 1 0.912779 -0.426477 
0.830005 1 0.9143 1 0.912778 -0.426483 
0.830007 1 0.914298 1 0.912778 -0.426486 
0.830009 1 0.914297 1 0.912777 -0.426491 
0.830011 1 0.914296 1 0.912778 -0.426496 
0.830013 1 0.914295 1 0.912778 -0.426501 
0.830015 1 0.914293 1 0.912777 -0.426504 
0.830017 1 0.914292 1 0.912777 -0.426508 
0.830019 1 0.914291 1 0.912777 -0.426512 
0.830021 1 0.91429 1 0.912776 -0.426518 
0.830023 1 0.914289 1 0.912776 -0.426523 
0.830025 1 0.914288 1 0.912776 -0.426528 
0.830027 1 0.914286 1 0.912777 -0.426533 
0.830029 1 0.914285 1 0.912776 -0.426535 
0.830031 1 0.914284 1 0.912776 -0.42654 
0.830032 1 0.914283 1 0.912775 -0.426545 
0.830034 1 0.914282 1 0.912775 -0.426546 
0.830036 1 0.914281 1 0.912774 -0.426548 
0.830038 1 0.91428 1 0.912774 -0.426553 
0.83004 1 0.914278 1 0.912774 -0.426556 
0.830041 1 0.914277 1 0.912773 -0.42656 
0.830043 1 0.914276 1 0.912774 -0.426563 
0.830044 1 0.914275 1 0.912773 -0.426568 
0.830046 1 0.914274 1 0.912773 -0.42657 
0.830048 1 0.914273 1 0.912772 -0.426575 
0.83005 1 0.914272 1 0.912773 -0.426578 
0.830052 1 0.914271 1 0.912772 -0.426583 
0.830054 1 0.91427 1 0.912771 -0.426587 
0.830056 1 0.914268 1 0.912772 -0.42659 
0.830058 1 0.914267 1 0.912771 -0.426594 
0.83006 1 0.914266 1 0.91277 -0.426597 
0.830061 1 0.914265 1 0.91277 -0.426601 
0.830063 1 0.914264 1 0.912771 -0.426605 
0.830065 1 0.914263 1 0.912771 -0.426608 
0.830066 1 0.914261 1 0.912771 -0.426611 
0.830068 1 0.91426 1 0.91277 -0.426613 
0.830069 1 0.914259 1 0.91277 -0.426616 
0.830071 1 0.914258 1 0.91277 -0.426619 
0.830072 1 0.914257 1 0.91277 -0.42662 
0.830074 1 0.914256 1 0.912769 -0.426624 
0.830075 1 0.914255 1 0.912769 -0.426628 
0.830077 1 0.914253 1 0.912769 -0.42663 
0.830078 1 0.914252 1 0.912768 -0.426632 
0.83008 1 0.914251 1 0.912768 -0.426635 
0.830081 1 0.91425 1 0.912769 -0.426637 
0.830083 1 0.914249 1 0.912767 -0.42664 
0.830084 1 0.914248 1 0.912767 -0.426643 
0.830086 1 0.914247 1 0.912766 -0.426646 
0.830087 1 0.914246 1 0.912766 -0.42665 
0.830089 1 0.914245 1 0.912766 -0.426653 
0.83009 1 0.914244 1 0.912766 -0.426655 
0.830092 1 0.914243 1 0.912765 -0.426658 
0.830093 1 0.914242 1 0.912765 -0.426662 
0.830095 1 0.91424 1 0.912765 -0.426665 
0.830096 1 0.914239 1 0.912765 -0.426667 
0.830098 1 0.914238 1 0.912765 -0.426669 
0.830099 1 0.914237 1 0.912765 -0.426671 
0.830101 1 0.914235 1 0.912765 -0.426672 
0.830102 1 0.914234 1 0.912764 -0.426675 
0.830103 1 0.914233 1 0.912764 -0.426677 
0.830105 1 0.914232 1 0.912764 -0.42668 
0.830106 1 0.914231 1 0.912763 -0.426682 
0.830107 1 0.91423 1 0.912763 -0.426686 
0.830109 1 0.914229 1 0.912763 -0.426688 
0.83011 1 0.914228 1 0.912763 -0.426692 
0.830112 1 0.914227 1 0.912762 -0.426696 
0.830114 1 0.914226 1 0.912762 -0.426698 
0.830115 1 0.914224 1 0.912762 -0.426701 
0.830117 1 0.914223 1 0.912762 -0.426704 
0.830118 1 0.914222 1 0.912761 -0.426706 
0.83012 1 0.914221 1 0.912762 -0.426708 
0.830121 1 0.91422 1 0.912761 -0.42671 
0.830122 1 0.914219 1 0.912761 -0.426713 
0.830123 1 0.914218 1 0.912761 -0.426716 
0.830125 1 0.914217 1 0.912761 -0.426719 
0.830126 1 0.914216 1 0.91276 -0.426719 
0.830127 1 0.914215 1 0.912759 -0.42672 
0.830129 1 0.914214 1 0.91276 -0.426721 
0.83013 1 0.914212 1 0.912759 -0.426722 
0.830131 1 0.914211 1 0.912759 -0.426723 
0.830132 1 0.91421 1 0.912758 -0.426723 
0.830134 1 0.914209 1 0.912758 -0.426724 
0.830135 1 0.914208 1 0.912757 -0.426726 
0.830136 1 0.914207 1 0.912758 -0.426729 
0.830137 1 0.914206 1 0.912757 -0.426733 
0.830138 1 0.914205 1 0.912757 -0.426734 
0.830139 1 0.914204 1 0.912757 -0.426737 
0.830141 1 0.914203 1 0.912756 -0.426739 
0.830143 1 0.914202 1 0.912756 -0.426742 
0.830144 1 0.914201 1 0.912756 -0.426744 
0.830145 1 0.9142 1 0.912755 -0.426745 
0.830146 1 0.914199 1 0.912755 -0.426746 
0.830148 1 0.914198 1 0.912754 -0.426748 
0.830149 1 0.914197 1 0.912755 -0.426751 
0.830151 1 0.914195 1 0.912754 -0.426754 
0.830152 1 0.914194 1 0.912753 -0.426755 
0.830153 1 0.914193 1 0.912753 -0.426756 
0.830155 1 0.914192 1 0.912753 -0.426758 
0.830156 1 0.914191 1 0.912752 -0.426759 
0.830157 1 0.91419 1 0.912752 -0.426761 
0.830158 1 0.914189 1 0.912751 -0.426763 
0.830159 1 0.914188 1 0.912752 -0.426763 
0.83016 1 0.914187 1 0.912751 -0.426764 
0.830162 1 0.914186 1 0.912752 -0.426765 
0.830163 1 0.914185 1 0.912751 -0.426767 
0.830164 1 0.914184 1 0.91275 -0.426768 
0.830165 1 0.914183 1 0.91275 -0.426769 
0.830166 1 0.914182 1 0.91275 -0.426772 
0.830167 1 0.914181 1 0.91275 -0.426772 
0.830169 1 0.914179 1 0.912749 -0.426774 
0.83017 1 0.914178 1 0.912749 -0.426775 
0.830172 1 0.914177 1 0.912749 -0.426777 
0.830173 1 0.914176 1 0.912749 -0.426777 
0.830174 1 0.914175 1 0.912749 -0.426777 
0.830175 1 0.914174 1 0.912748 -0.426778 
0.830176 1 0.914173 1 0.912748 -0.42678 
0.830177 1 0.914172 1 0.912747 -0.426781 
0.830178 1 0.914171 1 0.912748 -0.426781 
0.830179 1 0.914169 1 0.912748 -0.426782 
