0.275378 0 0.398437 0 0.398436 0.500001 
0.27514 0 0.402854 0 0.403066 0.498921 
0.274906 0 0.407229 0 0.407654 0.497106 
0.27467 0 0.411532 0 0.412165 0.494179 
0.274481 0 0.416088 0 0.416442 0.489678 
0.274331 0 0.420755 0 0.420507 0.48317 
0.274235 0 0.425209 0 0.424548 0.474413 
0.274179 0 0.429483 0 0.428459 0.463455 
0.274141 0 0.433518 0 0.43215 0.450601 
0.274157 0 0.437312 0 0.435566 0.436291 
0.274167 0 0.440722 0 0.438629 0.420972 
0.274186 0 0.443749 0 0.441313 0.40503 
0.274214 0 0.446391 0 0.443615 0.388768 
0.274238 0 0.448635 0 0.445559 0.37241 
0.274253 0 0.4505 0 0.44719 0.356118 
0.274272 0 0.452059 0 0.448538 0.340003 
0.2743 0 0.453357 0 0.449639 0.324143 
0.274331 0 0.454422 0 0.450522 0.30859 
0.274368 0 0.455284 0 0.451218 0.293381 
0.274418 0 0.455976 0 0.451753 0.278541 
0.274481 0 0.456516 0 0.452146 0.264085 
0.274552 0 0.456912 0 0.452409 0.250023 
0.274631 0 0.45718 0 0.452557 0.236362 
0.274727 0 0.457341 0 0.452606 0.223102 
0.274839 0 0.457407 0 0.452566 0.210245 
0.274961 0 0.457379 0 0.452443 0.197787 
0.275095 0 0.45727 0 0.452249 0.185724 
0.275248 0 0.457098 0 0.451998 0.174051 
0.275419 0 0.45687 0 0.451696 0.16276 
0.275602 0 0.456587 0 0.451347 0.151845 
0.275798 0 0.456257 0 0.45096 0.141294 
0.276014 0 0.455896 0 0.450545 0.1311 
0.276248 0 0.455509 0 0.450106 0.121251 
0.276494 0 0.455095 0 0.449646 0.111737 
0.276753 0 0.454658 0 0.44917 0.102546 
0.277032 0 0.454214 0 0.448687 0.093666 
0.277328 0 0.453764 0 0.448199 0.0850858 
0.277635 0 0.453305 0 0.447706 0.0767932 
0.277953 0 0.45284 0 0.44721 0.0687763 
0.27829 0 0.452383 0 0.44672 0.0610235 
0.278642 0 0.451932 0 0.446236 0.0535232 
0.279003 0 0.451484 0 0.445755 0.046264 
0.279375 0 0.451042 0 0.44528 0.0392353 
0.279762 0 0.450615 0 0.444818 0.0324265 
0.280163 0 0.450203 0 0.444366 0.0258278 
0.28057 0 0.4498 0 0.443924 0.01943 
0.280986 0 0.449408 0 0.443491 0.0132242 
0.281414 0 0.449037 0 0.443074 0.00720279 
0.281854 0 0.448686 0 0.442672 0.00135846 
0.282298 0 0.448349 0 0.442282 -0.00431512 
0.282747 0 0.448028 0 0.441904 -0.00982347 
0.283206 0 0.447731 0 0.441546 -0.0151709 
0.283674 0 0.447458 0 0.441205 -0.0203608 
0.284143 0 0.447203 0 0.44088 -0.0253954 
0.284613 0 0.446968 0 0.440572 -0.0302758 
0.285091 0 0.446763 0 0.440288 -0.0350017 
0.285573 0 0.446587 0 0.440028 -0.0395712 
0.286053 0 0.446436 0 0.43979 -0.0439812 
0.286531 0 0.446312 0 0.439577 -0.048227 
0.287011 0 0.446226 0 0.439397 -0.0523021 
0.287493 0 0.446179 0 0.439251 -0.0561984 
0.287968 0 0.446167 0 0.439139 -0.059906 
0.288436 0 0.446194 0 0.439066 -0.063414 
0.288904 0 0.446272 0 0.43904 -0.0667093 
0.289369 0 0.446405 0 0.439063 -0.069778 
0.289825 0 0.446588 0 0.439136 -0.0726049 
0.290272 0 0.446828 0 0.439265 -0.0751744 
0.290717 0 0.447138 0 0.439458 -0.07747 
0.291158 0 0.447521 0 0.439719 -0.0794758 
0.29159 0 0.447975 0 0.440047 -0.0811762 
0.292015 0 0.448507 0 0.440448 -0.0825566 
0.292441 0 0.449129 0 0.44093 -0.0836045 
0.292866 0 0.449844 0 0.441493 -0.0843092 
0.293287 0 0.450649 0 0.442138 -0.0846632 
0.293707 0 0.451549 0 0.442865 -0.0846615 
0.294134 0 0.452553 0 0.443682 -0.0843031 
0.294569 0 0.453662 0 0.444585 -0.0835906 
0.295008 0 0.454871 0 0.44557 -0.0825302 
0.295454 0 0.456179 0 0.446637 -0.0811316 
0.295655 0 0.456808 0 0.447363 -0.0794068 
0.295816 0 0.457218 0 0.447917 -0.0773738 
0.295978 0 0.457652 0 0.448523 -0.075051 
0.296225 0 0.458248 0 0.449264 -0.0724583 
0.296534 0 0.458975 0 0.450119 -0.0696143 
0.296886 0 0.459811 0 0.451064 -0.066536 
0.297262 0 0.460737 0 0.452084 -0.0632377 
0.297654 0 0.461748 0 0.453169 -0.0597305 
0.298064 0 0.462846 0 0.454317 -0.056021 
0.298488 0 0.464028 0 0.455522 -0.0521113 
0.298915 0 0.465283 0 0.45678 -0.0479993 
0.299345 0 0.466613 0 0.45809 -0.043678 
0.299784 0 0.468027 0 0.459459 -0.0391372 
0.300229 0 0.469526 0 0.460887 -0.0343635 
0.300674 0 0.471104 0 0.462373 -0.0293421 
0.301119 0 0.472766 0 0.463921 -0.024059 
0.301386 0 0.474054 0 0.465282 -0.0185019 
0.301526 0 0.475127 0 0.466565 -0.0126635 
0.301589 0 0.476132 0 0.467863 -0.00654222 
0.301614 0 0.477161 0 0.469221 -0.000143282 
0.30167 0 0.478286 0 0.470664 0.00652225 
0.301748 0 0.479503 0 0.472177 0.0134375 
0.301837 0 0.480796 0 0.473744 0.020581 
0.301934 0 0.482155 0 0.475357 0.0279279 
0.301963 0 0.483461 0 0.476963 0.0354519 
0.301934 0 0.484696 0 0.478539 0.0431263 
0.301854 0 0.485864 0 0.480083 0.0509248 
0.301738 0 0.48698 0 0.481603 0.058823 
0.301603 0 0.488062 0 0.483105 0.0667987 
0.301453 0 0.489107 0 0.484582 0.074832 
0.301285 0 0.4901 0 0.486021 0.0829059 
0.301102 0 0.49103 0 0.487409 0.0910058 
0.300911 0 0.491892 0 0.488739 0.0991191 
0.300711 0 0.492672 0 0.489997 0.107235 
0.300497 0 0.493351 0 0.491168 0.115345 
0.30027 0 0.493916 0 0.492241 0.123439 
0.300037 0 0.494365 0 0.49321 0.13151 
0.299993 0 0.495167 0 0.494435 0.139549 
0.300025 0 0.495939 0 0.495575 0.147547 
0.300059 0 0.496516 0 0.496519 0.155496 
0.300066 0 0.496911 0 0.497304 0.163388 
0.300078 0 0.497166 0 0.497955 0.171214 
0.300089 0 0.497276 0 0.498472 0.178967 
0.300102 0 0.49725 0 0.498864 0.186643 
0.300123 0 0.49711 0 0.499147 0.194236 
0.300152 0 0.496869 0 0.499334 0.201741 
0.300181 0 0.496532 0 0.499434 0.209146 
0.300213 0 0.496111 0 0.49946 0.216439 
0.300251 0 0.495622 0 0.499424 0.223603 
0.300295 0 0.495069 0 0.499332 0.230626 
0.300337 0 0.494449 0 0.499186 0.2375 
0.300377 0 0.493767 0 0.498991 0.24422 
0.300424 0 0.493035 0 0.498756 0.250783 
0.300474 0 0.492258 0 0.498484 0.257191 
0.3005 0 0.491345 0 0.498156 0.263444 
0.300512 0 0.490342 0 0.497799 0.269544 
0.300963 0 0.489886 0 0.497661 0.275495 
0.301674 0 0.489723 0 0.497701 0.281298 
0.30268 0 0.489829 0 0.497968 0.286958 
0.30388 0 0.490112 0 0.498392 0.292478 
0.305209 0 0.490512 0 0.498924 0.29786 
0.306617 0 0.490984 0 0.499527 0.303108 
0.308065 0 0.491492 0 0.500178 0.308225 
0.309531 0 0.492021 0 0.500871 0.313214 
0.31101 0 0.492571 0 0.501607 0.318079 
0.312491 0 0.493141 0 0.502387 0.322823 
0.31396 0 0.493723 0 0.503212 0.327448 
0.315417 0 0.494325 0 0.504092 0.331958 
0.316879 0 0.494986 0 0.505041 0.336355 
0.318329 0 0.495686 0 0.506079 0.340642 
0.319757 0 0.49643 0 0.507204 0.344822 
0.321183 0 0.49726 0 0.508432 0.348897 
0.322437 0 0.498099 0 0.509462 0.352871 
0.323517 0 0.499039 0 0.510257 0.356745 
0.324468 0 0.500086 0 0.510946 0.360523 
0.325332 0 0.501041 0 0.511844 0.364206 
0.326172 0 0.502047 0 0.512945 0.367797 
0.326994 0 0.503162 0 0.514212 0.371298 
0.327794 0 0.504396 0 0.51563 0.374711 
0.328591 0 0.505778 0 0.517205 0.37804 
0.3294 0 0.507384 0 0.518886 0.381285 
0.330204 0 0.509165 0 0.520682 0.384449 
0.330989 0 0.511088 0 0.522587 0.387534 
0.331754 0 0.513144 0 0.524601 0.390541 
0.332509 0 0.515331 0 0.526725 0.393474 
0.333254 0 0.517638 0 0.528953 0.396333 
0.333984 0 0.520046 0 0.53127 0.39912 
0.334699 0 0.522542 0 0.533667 0.401838 
0.335405 0 0.525122 0 0.536133 0.404488 
0.336103 0 0.52777 0 0.538652 0.407072 
0.336783 0 0.530464 0 0.541207 0.40959 
0.337448 0 0.533191 0 0.543784 0.412046 
0.338105 0 0.535948 0 0.546377 0.41444 
0.338753 0 0.538722 0 0.548971 0.416774 
0.339385 0 0.541492 0 0.551552 0.41905 
0.340002 0 0.544251 0 0.554111 0.421268 
0.340612 0 0.546998 0 0.556645 0.423431 
0.341213 0 0.549724 0 0.559145 0.425539 
0.341799 0 0.552416 0 0.5616 0.427594 
0.342371 0 0.555068 0 0.564007 0.429596 
0.342947 0 0.55766 0 0.566374 0.431548 
0.343508 0 0.560179 0 0.568695 0.433451 
0.344054 0 0.562623 0 0.570972 0.435305 
0.344589 0 0.565 0 0.573206 0.437111 
0.345122 0 0.567326 0 0.575398 0.438871 
0.345651 0 0.569602 0 0.577546 0.440585 
0.346169 0 0.571821 0 0.579641 0.442255 
0.346676 0 0.573984 0 0.581682 0.44388 
0.347176 0 0.576097 0 0.583671 0.445463 
0.347665 0 0.578159 0 0.585603 0.447003 
0.348132 0 0.580161 0 0.587469 0.448501 
0.348575 0 0.582102 0 0.589266 0.449958 
0.348995 0 0.583994 0 0.590995 0.451373 
0.349439 0 0.585876 0 0.592644 0.452747 
0.349866 0 0.587668 0 0.594248 0.45408 
0.350276 0 0.589395 0 0.595778 0.45537 
0.350702 0 0.591099 0 0.597252 0.456618 
0.351114 0 0.592745 0 0.598662 0.45782 
0.351512 0 0.594333 0 0.600003 0.458974 
0.3519 0 0.595863 0 0.601278 0.460077 
0.352286 0 0.597344 0 0.602491 0.461125 
0.352669 0 0.598774 0 0.60364 0.462111 
0.353042 0 0.600144 0 0.604721 0.46303 
0.353433 0 0.601655 0 0.605772 0.463873 
0.353795 0 0.603097 0 0.606717 0.464632 
0.354239 0 0.604565 0 0.607624 0.465299 
0.354683 0 0.605977 0 0.608478 0.465863 
0.355127 0 0.607334 0 0.609282 0.466315 
0.355578 0 0.608646 0 0.610039 0.466646 
0.356036 0 0.609913 0 0.61075 0.466847 
0.356492 0 0.611128 0 0.61141 0.466909 
0.356822 0 0.612211 0 0.611918 0.466826 
0.357213 0 0.613281 0 0.612391 0.466593 
0.35764 0 0.614346 0 0.612813 0.466207 
0.35803 0 0.615324 0 0.613219 0.465666 
0.358381 0 0.616204 0 0.613553 0.46497 
0.358704 0 0.61701 0 0.613809 0.464121 
0.359095 0 0.617849 0 0.614056 0.463125 
0.359451 0 0.618622 0 0.614255 0.461985 
0.359783 0 0.619332 0 0.614398 0.46071 
0.360104 0 0.619999 0 0.614492 0.459305 
0.360421 0 0.620631 0 0.614542 0.457781 
0.360732 0 0.621232 0 0.614552 0.456144 
0.361042 0 0.621805 0 0.61453 0.454403 
0.36136 0 0.622364 0 0.614483 0.452564 
0.361686 0 0.622908 0 0.614413 0.450635 
0.362012 0 0.623431 0 0.614316 0.448618 
0.36234 0 0.623936 0 0.614195 0.446519 
0.362677 0 0.624432 0 0.614056 0.444336 
0.363022 0 0.624918 0 0.613898 0.442068 
0.363368 0 0.625386 0 0.613716 0.439711 
0.363716 0 0.625839 0 0.613512 0.437254 
0.364074 0 0.626285 0 0.61329 0.434686 
0.36444 0 0.62672 0 0.613046 0.431988 
0.364808 0 0.627135 0 0.612777 0.429138 
0.365178 0 0.62753 0 0.612479 0.426104 
0.365559 0 0.62791 0 0.612156 0.42285 
0.365948 0 0.62827 0 0.6118 0.419331 
0.366341 0 0.628596 0 0.611405 0.415493 
0.366737 0 0.628883 0 0.610964 0.411275 
0.367145 0 0.629133 0 0.610476 0.406608 
0.367564 0 0.629334 0 0.60993 0.401422 
0.367987 0 0.629471 0 0.609314 0.395646 
0.368416 0 0.629535 0 0.608622 0.389221 
0.36886 0 0.629523 0 0.607848 0.382103 
0.369317 0 0.629427 0 0.606984 0.374269 
0.369782 0 0.629232 0 0.606022 0.365722 
0.370256 0 0.628935 0 0.604959 0.35649 
0.370748 0 0.628543 0 0.6038 0.346621 
0.371257 0 0.628052 0 0.602544 0.336178 
0.371778 0 0.62746 0 0.601191 0.32523 
0.372312 0 0.626769 0 0.599749 0.313853 
0.372867 0 0.625995 0 0.598227 0.302117 
0.373443 0 0.625141 0 0.596631 0.290092 
0.373812 0 0.623746 0 0.59476 0.277839 
0.373991 0 0.62186 0 0.592687 0.265415 
0.374046 0 0.619673 0 0.590461 0.252868 
0.374107 0 0.617407 0 0.588158 0.240241 
0.374167 0 0.615063 0 0.585781 0.227572 
0.374227 0 0.612653 0 0.583342 0.214895 
0.374486 0 0.610378 0 0.581004 0.202239 
0.374911 0 0.608225 0 0.578771 0.189631 
0.375463 0 0.606153 0 0.576625 0.177095 
0.37612 0 0.604141 0 0.574549 0.16465 
0.376868 0 0.602188 0 0.572539 0.152315 
0.377693 0 0.600291 0 0.570588 0.140108 
0.378581 0 0.598448 0 0.568692 0.128043 
0.379524 0 0.596663 0 0.566853 0.116133 
0.380522 0 0.594947 0 0.565073 0.104389 
0.38157 0 0.5933 0 0.563353 0.0928221 
0.382654 0 0.591719 0 0.56169 0.08144 
0.383772 0 0.590207 0 0.560085 0.0702506 
0.384925 0 0.588775 0 0.558543 0.0592601 
0.386108 0 0.587422 0 0.557062 0.0484737 
0.387015 0 0.585837 0 0.555327 0.0378958 
0.387639 0 0.584031 0 0.553355 0.0275297 
0.387851 0 0.581756 0 0.551086 0.0173774 
0.387833 0 0.579261 0 0.548633 0.00744106 
0.387682 0 0.576689 0 0.546122 -0.00227888 
0.387444 0 0.574104 0 0.5436 -0.0117818 
0.387149 0 0.571535 0 0.541087 -0.021068 
0.38681 0 0.568986 0 0.538586 -0.0301376 
0.386427 0 0.566451 0 0.536091 -0.0389913 
0.386007 0 0.563934 0 0.533604 -0.0476301 
0.385559 0 0.561448 0 0.53113 -0.0560552 
0.385086 0 0.558994 0 0.528671 -0.0642679 
0.384642 0 0.556497 0 0.526343 -0.0722695 
0.384206 0 0.553992 0 0.524121 -0.080062 
0.383772 0 0.55151 0 0.521988 -0.0876467 
0.383334 0 0.549054 0 0.519919 -0.0950255 
0.382856 0 0.546619 0 0.517858 -0.1022 
0.382375 0 0.544199 0 0.515854 -0.109173 
0.38189 0 0.541801 0 0.513907 -0.115944 
0.381397 0 0.539425 0 0.512013 -0.122517 
0.38089 0 0.537064 0 0.510166 -0.128893 
0.380368 0 0.534719 0 0.508364 -0.135074 
0.379839 0 0.532398 0 0.506611 -0.14106 
0.3793 0 0.530099 0 0.504903 -0.146853 
0.378745 0 0.527816 0 0.503236 -0.152455 
0.378177 0 0.52555 0 0.501612 -0.157866 
0.3776 0 0.523309 0 0.500033 -0.163087 
0.377015 0 0.521091 0 0.4985 -0.168118 
0.376415 0 0.51889 0 0.497009 -0.172959 
0.3758 0 0.516706 0 0.495562 -0.177608 
0.375178 0 0.514548 0 0.494163 -0.182065 
0.374547 0 0.512414 0 0.492813 -0.186328 
0.373899 0 0.510297 0 0.491509 -0.190393 
0.373524 0 0.508862 0 0.49028 -0.194258 
0.373424 0 0.507837 0 0.489257 -0.197918 
0.373468 0 0.506987 0 0.488372 -0.201366 
0.373448 0 0.506146 0 0.487487 -0.204598 
0.373387 0 0.505328 0 0.486626 -0.207607 
0.3733 0 0.504542 0 0.485803 -0.210384 
0.373193 0 0.503786 0 0.485024 -0.212925 
0.373061 0 0.503054 0 0.48429 -0.21522 
0.372909 0 0.502347 0 0.483605 -0.217266 
0.372744 0 0.501676 0 0.482975 -0.219055 
0.372565 0 0.501041 0 0.482399 -0.220584 
0.372368 0 0.500437 0 0.481875 -0.221851 
0.372152 0 0.499864 0 0.481405 -0.222855 
0.372088 0 0.499544 0 0.481127 -0.223597 
0.372117 0 0.49941 0 0.481004 -0.224079 
0.37219 0 0.499383 0 0.480985 -0.224306 
0.372279 0 0.499424 0 0.481039 -0.224285 
0.372377 0 0.499526 0 0.481158 -0.224022 
0.372477 0 0.499685 0 0.481335 -0.223526 
0.372571 0 0.499888 0 0.481566 -0.222806 
0.372659 0 0.500134 0 0.481847 -0.221871 
0.372746 0 0.500424 0 0.482181 -0.22073 
0.37283 0 0.500754 0 0.482561 -0.219392 
0.372904 0 0.501115 0 0.482985 -0.217862 
0.372971 0 0.501505 0 0.483449 -0.216148 
0.373037 0 0.50193 0 0.483959 -0.214253 
0.3731 0 0.502387 0 0.48451 -0.212179 
0.373153 0 0.502869 0 0.4851 -0.209924 
0.3732 0 0.503377 0 0.48573 -0.207484 
0.373245 0 0.503918 0 0.486405 -0.204853 
0.373288 0 0.504492 0 0.487125 -0.202019 
0.373323 0 0.505094 0 0.487891 -0.198968 
0.373351 0 0.505728 0 0.488706 -0.195681 
0.373377 0 0.506406 0 0.489579 -0.192135 
0.373402 0 0.507129 0 0.490515 -0.188304 
0.373418 0 0.507897 0 0.491515 -0.184157 
0.373427 0 0.508717 0 0.492588 -0.179659 
0.373434 0 0.509603 0 0.493746 -0.174776 
0.373437 0 0.510562 0 0.494994 -0.16947 
0.37343 0 0.511592 0 0.496338 -0.163709 
0.373414 0 0.512703 0 0.497785 -0.157462 
0.373392 0 0.513907 0 0.499344 -0.150707 
0.373365 0 0.515206 0 0.501018 -0.143434 
0.373323 0 0.516595 0 0.502802 -0.135644 
0.373268 0 0.518073 0 0.504697 -0.127353 
0.373205 0 0.519644 0 0.5067 -0.118588 
0.373132 0 0.521297 0 0.5088 -0.109386 
0.373043 0 0.523016 0 0.510984 -0.0997951 
0.372939 0 0.524789 0 0.513239 -0.0898647 
0.372826 0 0.526611 0 0.515556 -0.0796471 
0.372704 0 0.528465 0 0.517917 -0.0691932 
0.372567 0 0.530328 0 0.520303 -0.0585513 
0.372416 0 0.532186 0 0.5227 -0.0477656 
0.372258 0 0.534029 0 0.525096 -0.0368759 
0.372094 0 0.53584 0 0.527473 -0.0259173 
0.371916 0 0.537595 0 0.529811 -0.014921 
0.371727 0 0.539276 0 0.532096 -0.00391434 
0.371533 0 0.540877 0 0.534316 0.00707827 
0.371336 0 0.542378 0 0.536454 0.0180349 
0.371287 0 0.544208 0 0.538847 0.0289359 
0.37135 0 0.546092 0 0.54124 0.0397632 
0.371464 0 0.547842 0 0.543488 0.0505011 
0.371604 0 0.549427 0 0.545575 0.0611359 
0.371743 0 0.550853 0 0.547516 0.0716561 
0.371884 0 0.552121 0 0.549316 0.0820515 
0.372032 0 0.553244 0 0.550982 0.0923119 
0.372188 0 0.554229 0 0.552521 0.102424 
0.372345 0 0.555076 0 0.553939 0.11237 
0.372502 0 0.555792 0 0.555243 0.12213 
0.372667 0 0.556389 0 0.556444 0.131691 
0.372835 0 0.556871 0 0.557545 0.141041 
0.373002 0 0.557234 0 0.558547 0.150176 
0.373168 0 0.557485 0 0.559458 0.159094 
0.37384 0 0.558219 0 0.560511 0.167797 
0.374868 0 0.559241 0 0.561747 0.176288 
0.376127 0 0.560412 0 0.563099 0.18457 
0.377533 0 0.561644 0 0.564495 0.192647 
0.379031 0 0.562893 0 0.565897 0.200524 
0.380581 0 0.564124 0 0.567284 0.208205 
0.382153 0 0.565311 0 0.568642 0.215694 
0.383732 0 0.566443 0 0.56997 0.222996 
0.385315 0 0.567521 0 0.571271 0.230117 
0.386892 0 0.568543 0 0.572543 0.23706 
0.388468 0 0.56952 0 0.573786 0.243829 
0.390025 0 0.570431 0 0.57502 0.250429 
0.391567 0 0.571294 0 0.576245 0.256864 
0.393113 0 0.572144 0 0.577472 0.263138 
0.39463 0 0.572949 0 0.578711 0.269256 
0.396145 0 0.573763 0 0.57998 0.275221 
0.397637 0 0.574573 0 0.581308 0.281036 
0.399108 0 0.575405 0 0.582708 0.286706 
0.400575 0 0.576309 0 0.584204 0.292235 
0.402038 0 0.577306 0 0.585817 0.297625 
0.403476 0 0.578373 0 0.587578 0.302881 
0.404889 0 0.579529 0 0.58948 0.308005 
0.406296 0 0.580801 0 0.591527 0.313001 
0.407699 0 0.582186 0 0.593713 0.317872 
0.408562 0 0.583269 0 0.595333 0.322622 
0.4091 0 0.584275 0 0.596575 0.327253 
0.409493 0 0.585305 0 0.597683 0.331768 
0.409811 0 0.58637 0 0.598784 0.33617 
0.410134 0 0.587508 0 0.59996 0.340462 
0.41046 0 0.588707 0 0.601197 0.344647 
0.410783 0 0.589947 0 0.602483 0.348727 
0.411212 0 0.591265 0 0.603972 0.352705 
0.411722 0 0.592673 0 0.605595 0.356584 
0.412284 0 0.594151 0 0.607303 0.360365 
0.412872 0 0.595672 0 0.60907 0.364052 
0.413411 0 0.59719 0 0.610776 0.367647 
0.413914 0 0.598723 0 0.612429 0.371152 
0.414396 0 0.600279 0 0.614051 0.37457 
0.414862 0 0.601854 0 0.615658 0.377902 
0.41532 0 0.603449 0 0.617267 0.38115 
0.41578 0 0.605073 0 0.618886 0.384318 
0.416241 0 0.606723 0 0.620513 0.387406 
0.416696 0 0.608392 0 0.622142 0.390417 
0.417145 0 0.610079 0 0.623775 0.393352 
0.417595 0 0.611795 0 0.625416 0.396215 
0.418046 0 0.613539 0 0.627064 0.399005 
0.41849 0 0.615304 0 0.628716 0.401726 
0.418929 0 0.617091 0 0.630376 0.404379 
0.419371 0 0.61891 0 0.632049 0.406966 
0.419813 0 0.62076 0 0.633733 0.409487 
0.420249 0 0.622632 0 0.635427 0.411946 
0.420681 0 0.624527 0 0.63713 0.414343 
0.421115 0 0.626454 0 0.638848 0.41668 
0.42155 0 0.628411 0 0.640577 0.418959 
0.421978 0 0.630387 0 0.642314 0.42118 
0.422401 0 0.632382 0 0.644058 0.423346 
0.422826 0 0.634402 0 0.645811 0.425458 
0.42325 0 0.636444 0 0.647569 0.427516 
0.423669 0 0.638494 0 0.649325 0.429523 
0.424081 0 0.64055 0 0.651077 0.431479 
0.424495 0 0.642618 0 0.652826 0.433386 
0.42489 0 0.644642 0 0.654526 0.435245 
0.425259 0 0.646607 0 0.656209 0.437057 
0.425625 0 0.648534 0 0.6579 0.438823 
0.426002 0 0.650444 0 0.659603 0.440544 
0.426324 0 0.652283 0 0.661254 0.442221 
0.426724 0 0.654135 0 0.662964 0.443855 
0.427065 0 0.655912 0 0.664633 0.445447 
0.427447 0 0.657704 0 0.666295 0.446998 
0.427857 0 0.659491 0 0.667955 0.448509 
0.428282 0 0.661255 0 0.669605 0.449979 
0.428717 0 0.66299 0 0.67124 0.451411 
0.429165 0 0.6647 0 0.67286 0.452804 
0.429622 0 0.666383 0 0.674461 0.454159 
0.430081 0 0.668027 0 0.676036 0.455477 
0.430541 0 0.669634 0 0.677586 0.456758 
0.431008 0 0.671211 0 0.679114 0.458003 
0.43148 0 0.672756 0 0.680617 0.459211 
0.431949 0 0.674261 0 0.682091 0.460383 
0.432416 0 0.675728 0 0.683537 0.46152 
0.432887 0 0.677165 0 0.684959 0.46262 
0.43335 0 0.678574 0 0.686309 0.463685 
0.433791 0 0.679941 0 0.687583 0.464714 
0.434163 0 0.68123 0 0.688748 0.465706 
0.434553 0 0.682533 0 0.689859 0.466662 
0.434902 0 0.683771 0 0.690921 0.467581 
0.435219 0 0.684957 0 0.691924 0.468461 
0.435514 0 0.686101 0 0.692873 0.469302 
0.435822 0 0.687247 0 0.693791 0.470102 
0.436119 0 0.688358 0 0.694672 0.470858 
0.436402 0 0.689435 0 0.695511 0.471566 
0.436676 0 0.690485 0 0.696314 0.472222 
0.436953 0 0.691518 0 0.697086 0.47282 
0.437231 0 0.692535 0 0.697829 0.47335 
0.437505 0 0.693529 0 0.698537 0.4738 
0.437776 0 0.694499 0 0.699212 0.474153 
0.438052 0 0.695452 0 0.699857 0.47439 
0.438329 0 0.696386 0 0.700469 0.474485 
0.438603 0 0.697288 0 0.70104 0.474405 
0.438872 0 0.698156 0 0.70157 0.474114 
0.439144 0 0.698995 0 0.702059 0.47357 
0.439417 0 0.699798 0 0.702501 0.472726 
0.439683 0 0.700551 0 0.702887 0.471533 
0.439954 0 0.701418 0 0.703247 0.469938 
0.440242 0 0.702271 0 0.703568 0.467895 
0.440521 0 0.703045 0 0.703797 0.465358 
0.440781 0 0.703725 0 0.703924 0.462293 
0.441142 0 0.704426 0 0.704048 0.458674 
0.441401 0 0.705 0 0.704028 0.454488 
0.44176 0 0.705554 0 0.704 0.449736 
0.442118 0 0.706025 0 0.703893 0.444431 
0.442392 0 0.706359 0 0.703655 0.438599 
0.442734 0 0.706623 0 0.703342 0.432274 
0.44309 0 0.706811 0 0.703008 0.425498 
0.443449 0 0.7069 0 0.702602 0.41832 
0.443808 0 0.706891 0 0.702113 0.410788 
0.444179 0 0.706805 0 0.70155 0.402954 
0.444563 0 0.70665 0 0.700924 0.394866 
0.44496 0 0.706428 0 0.70024 0.386571 
0.445371 0 0.706143 0 0.699502 0.378109 
0.445804 0 0.705808 0 0.698719 0.369517 
0.446258 0 0.705424 0 0.697889 0.360824 
0.446728 0 0.704986 0 0.697011 0.35205 
0.447214 0 0.704498 0 0.696086 0.343206 
0.447724 0 0.703968 0 0.69512 0.334291 
0.448258 0 0.703393 0 0.694106 0.325294 
0.44881 0 0.70276 0 0.693035 0.316189 
0.449381 0 0.702061 0 0.6919 0.30694 
0.449979 0 0.701295 0 0.690693 0.2975 
0.450603 0 0.700445 0 0.689397 0.287817 
0.451247 0 0.699491 0 0.687996 0.277843 
0.451912 0 0.698422 0 0.686478 0.267538 
0.452605 0 0.697237 0 0.684838 0.256881 
0.453325 0 0.69593 0 0.683071 0.245874 
0.454064 0 0.694497 0 0.681177 0.234542 
0.454825 0 0.692945 0 0.679165 0.222926 
0.455611 0 0.691294 0 0.677049 0.211077 
0.45642 0 0.689556 0 0.674843 0.199052 
0.457244 0 0.687739 0 0.672559 0.186903 
0.458083 0 0.685861 0 0.670213 0.174682 
0.458941 0 0.683944 0 0.667823 0.162435 
0.459815 0 0.682001 0 0.6654 0.150199 
0.460696 0 0.680038 0 0.662955 0.13801 
0.461582 0 0.678068 0 0.660498 0.125897 
0.46248 0 0.676111 0 0.658044 0.113883 
0.463383 0 0.674175 0 0.655598 0.10199 
0.464285 0 0.672261 0 0.653166 0.0902354 
0.465185 0 0.670378 0 0.650754 0.0786332 
0.466087 0 0.66854 0 0.64837 0.0671956 
0.466987 0 0.666752 0 0.646018 0.0559325 
0.467878 0 0.665012 0 0.643698 0.0448519 
0.46876 0 0.663325 0 0.641414 0.0339604 
0.469269 0 0.660886 0 0.638576 0.0232635 
0.469448 0 0.657977 0 0.635427 0.0127637 
0.46941 0 0.6549 0 0.632173 0.00246371 
0.46937 0 0.651895 0 0.628987 -0.00763459 
0.469335 0 0.648971 0 0.625875 -0.0175306 
0.469302 0 0.646128 0 0.622836 -0.0272238 
0.469266 0 0.643362 0 0.61987 -0.0367142 
0.469229 0 0.640675 0 0.616979 -0.0460027 
0.469196 0 0.638075 0 0.614165 -0.0550901 
0.469165 0 0.635561 0 0.611428 -0.0639773 
0.469131 0 0.633126 0 0.608766 -0.0726658 
0.469095 0 0.630771 0 0.606178 -0.0811574 
0.469063 0 0.628504 0 0.603667 -0.0894536 
0.469034 0 0.62632 0 0.601232 -0.0975565 
0.469001 0 0.624215 0 0.598868 -0.105468 
0.468966 0 0.622187 0 0.596576 -0.11319 
0.469201 0 0.620586 0 0.594646 -0.120725 
0.469335 0 0.618764 0 0.592675 -0.128074 
0.469383 0 0.616787 0 0.590645 -0.135239 
0.469384 0 0.614791 0 0.588625 -0.142223 
0.469469 0 0.612909 0 0.586773 -0.149027 
0.4696 0 0.611151 0 0.585051 -0.155652 
0.469748 0 0.609488 0 0.583426 -0.162101 
0.469899 0 0.6079 0 0.581873 -0.168375 
0.47005 0 0.60638 0 0.580377 -0.174474 
0.470091 0 0.60481 0 0.578783 -0.180401 
0.470064 0 0.603194 0 0.577158 -0.186154 
0.47 0 0.601578 0 0.575551 -0.191735 
0.469923 0 0.599997 0 0.573989 -0.197143 
0.469838 0 0.598459 0 0.572477 -0.202379 
0.469741 0 0.596956 0 0.571011 -0.20744 
0.469633 0 0.595484 0 0.569589 -0.212325 
0.46952 0 0.59405 0 0.568215 -0.217033 
0.469399 0 0.592651 0 0.566886 -0.221559 
0.469266 0 0.59128 0 0.565602 -0.2259 
0.46912 0 0.589939 0 0.564364 -0.230051 
0.468967 0 0.588636 0 0.563178 -0.234004 
0.468805 0 0.587368 0 0.562042 -0.237751 
0.468628 0 0.586131 0 0.560958 -0.241282 
0.468436 0 0.584926 0 0.559929 -0.244584 
0.468233 0 0.583762 0 0.558963 -0.247639 
0.468017 0 0.58264 0 0.558062 -0.250427 
0.46778 0 0.581555 0 0.557229 -0.252921 
0.467687 0 0.580679 0 0.556515 -0.255088 
0.467696 0 0.580017 0 0.555962 -0.256887 
0.467767 0 0.57953 0 0.555558 -0.258266 
0.467868 0 0.579179 0 0.555287 -0.259162 
0.467981 0 0.578954 0 0.55515 -0.259497 
0.468103 0 0.578867 0 0.55516 -0.259183 
0.468226 0 0.578933 0 0.555334 -0.258118 
0.468342 0 0.579167 0 0.555693 -0.256194 
0.468449 0 0.579592 0 0.556258 -0.253304 
0.468552 0 0.580235 0 0.557054 -0.249351 
0.468647 0 0.581112 0 0.558094 -0.244263 
0.468726 0 0.582226 0 0.559385 -0.238006 
0.468789 0 0.58358 0 0.560929 -0.230589 
0.468841 0 0.585172 0 0.56272 -0.222066 
0.46888 0 0.586985 0 0.564738 -0.212534 
0.4689 0 0.588989 0 0.56696 -0.202113 
0.468901 0 0.591159 0 0.569358 -0.190943 
0.46889 0 0.593473 0 0.571908 -0.179162 
0.468867 0 0.595903 0 0.57458 -0.166903 
0.468827 0 0.598416 0 0.577347 -0.154288 
0.46877 0 0.600988 0 0.580184 -0.141422 
0.468706 0 0.603606 0 0.583076 -0.128394 
0.468633 0 0.606248 0 0.586 -0.11528 
0.468547 0 0.608891 0 0.588939 -0.102141 
0.46845 0 0.61152 0 0.591878 -0.089027 
0.468349 0 0.614131 0 0.594807 -0.0759793 
0.468244 0 0.616707 0 0.597712 -0.0630295 
0.468129 0 0.619231 0 0.600579 -0.050203 
0.468007 0 0.621691 0 0.603397 -0.0375191 
0.467885 0 0.624083 0 0.606159 -0.0249928 
0.467762 0 0.626395 0 0.608852 -0.0126351 
0.467633 0 0.628608 0 0.611464 -0.000453407 
0.4675 0 0.630713 0 0.613986 0.0115476 
0.46737 0 0.632709 0 0.616416 0.0233653 
0.467243 0 0.634589 0 0.618746 0.0349982 
0.467114 0 0.636342 0 0.620975 0.0464446 
0.467426 0 0.638795 0 0.6236 0.0576996 
0.468006 0 0.64139 0 0.626178 0.0687526 
0.468734 0 0.643924 0 0.628609 0.0795921 
0.469463 0 0.646346 0 0.630933 0.0902056 
0.470194 0 0.648657 0 0.633157 0.100585 
0.470933 0 0.65087 0 0.635286 0.110725 
0.471679 0 0.652986 0 0.637324 0.120626 
0.472425 0 0.655001 0 0.639274 0.130288 
0.473173 0 0.65692 0 0.641141 0.139714 
0.473928 0 0.658756 0 0.642933 0.148909 
0.47469 0 0.660513 0 0.644656 0.157876 
0.475453 0 0.66219 0 0.646314 0.166621 
0.476217 0 0.663793 0 0.647915 0.175149 
0.476988 0 0.665339 0 0.64947 0.183464 
0.477766 0 0.666836 0 0.650988 0.191572 
0.478544 0 0.668288 0 0.652479 0.199478 
0.479323 0 0.669708 0 0.653958 0.207186 
0.480109 0 0.671122 0 0.655445 0.214702 
0.480775 0 0.67237 0 0.656864 0.22203 
0.481336 0 0.673478 0 0.658239 0.229175 
0.481821 0 0.674511 0 0.659619 0.236142 
0.482259 0 0.675545 0 0.661051 0.242934 
0.482666 0 0.676624 0 0.662558 0.249557 
0.483045 0 0.677761 0 0.664153 0.256014 
0.483402 0 0.678963 0 0.665841 0.262309 
0.483746 0 0.680239 0 0.667624 0.268448 
0.484075 0 0.681581 0 0.669495 0.274433 
0.484385 0 0.682972 0 0.671444 0.280268 
0.484678 0 0.684404 0 0.673462 0.285957 
0.48496 0 0.685876 0 0.675541 0.291504 
0.485231 0 0.687378 0 0.67767 0.296913 
0.485485 0 0.688891 0 0.679835 0.302186 
0.485723 0 0.690406 0 0.682028 0.307328 
0.486221 0 0.692201 0 0.684578 0.31234 
0.486847 0 0.694131 0 0.687254 0.317228 
0.487514 0 0.696092 0 0.689957 0.321993 
0.488102 0 0.697988 0 0.692616 0.32664 
0.488638 0 0.699829 0 0.69524 0.33117 
0.489136 0 0.701614 0 0.697832 0.335586 
0.489598 0 0.703336 0 0.700395 0.339893 
0.490033 0 0.705002 0 0.702935 0.344092 
0.490454 0 0.706624 0 0.705454 0.348185 
0.490863 0 0.708202 0 0.707952 0.352177 
0.491255 0 0.709726 0 0.710424 0.356068 
0.491633 0 0.711198 0 0.712871 0.359863 
0.492004 0 0.712625 0 0.715295 0.363562 
0.492368 0 0.714005 0 0.717693 0.367169 
0.492854 0 0.715447 0 0.720213 0.370686 
0.493418 0 0.716926 0 0.722796 0.374114 
0.494027 0 0.718411 0 0.725394 0.377457 
0.494656 0 0.719876 0 0.727982 0.380717 
0.495287 0 0.721298 0 0.730549 0.383895 
0.495917 0 0.722674 0 0.733095 0.386993 
0.496268 0 0.723911 0 0.734896 0.390013 
0.496482 0 0.725042 0 0.736316 0.392958 
0.496639 0 0.726157 0 0.737586 0.395829 
0.496826 0 0.727262 0 0.738882 0.398629 
0.497041 0 0.728365 0 0.74019 0.401359 
0.497274 0 0.729458 0 0.741503 0.40402 
0.497515 0 0.730529 0 0.742818 0.406615 
0.497765 0 0.731578 0 0.744135 0.409144 
0.498027 0 0.732613 0 0.745459 0.411611 
0.498301 0 0.733631 0 0.746788 0.414015 
0.498578 0 0.734624 0 0.748119 0.41636 
0.49886 0 0.735593 0 0.749452 0.418645 
0.499154 0 0.736548 0 0.750793 0.420873 
0.499458 0 0.737487 0 0.75214 0.423045 
0.499766 0 0.738402 0 0.75349 0.425163 
0.50008 0 0.739295 0 0.754843 0.427228 
0.500405 0 0.740174 0 0.756206 0.42924 
0.500742 0 0.74104 0 0.757576 0.431203 
0.501084 0 0.741884 0 0.75895 0.433115 
0.501431 0 0.742706 0 0.760329 0.43498 
0.501791 0 0.743516 0 0.761717 0.436798 
0.502163 0 0.744314 0 0.763113 0.438569 
0.502481 0 0.745172 0 0.76428 0.440296 
0.502734 0 0.746029 0 0.765248 0.44198 
0.502946 0 0.746887 0 0.766081 0.443621 
0.503136 0 0.747747 0 0.766842 0.44522 
0.503316 0 0.748599 0 0.767571 0.446779 
0.503495 0 0.749443 0 0.76829 0.448298 
0.503683 0 0.750286 0 0.769006 0.449778 
0.503877 0 0.751125 0 0.769711 0.45122 
0.504069 0 0.751949 0 0.770395 0.452626 
0.504257 0 0.752761 0 0.771056 0.453996 
0.50445 0 0.753571 0 0.771699 0.45533 
0.504646 0 0.754379 0 0.772323 0.45663 
0.504839 0 0.755176 0 0.772926 0.457896 
0.505031 0 0.755964 0 0.77351 0.459129 
0.505228 0 0.756751 0 0.774081 0.460331 
0.505431 0 0.757538 0 0.774638 0.4615 
0.50563 0 0.758315 0 0.775176 0.462639 
0.505829 0 0.759083 0 0.775697 0.463748 
0.506034 0 0.759853 0 0.776206 0.464827 
0.506243 0 0.760623 0 0.776702 0.465877 
0.506451 0 0.761385 0 0.77718 0.466899 
0.506657 0 0.76214 0 0.777642 0.467894 
0.50687 0 0.762897 0 0.778094 0.46886 
0.507087 0 0.763655 0 0.778533 0.469801 
0.507302 0 0.764406 0 0.778956 0.470714 
0.507517 0 0.765152 0 0.779363 0.471602 
0.507688 0 0.765802 0 0.77966 0.472465 
0.507836 0 0.766396 0 0.779919 0.473303 
0.507978 0 0.766949 0 0.780184 0.474116 
0.50808 0 0.767457 0 0.780421 0.474905 
0.508189 0 0.767961 0 0.780665 0.47567 
0.508305 0 0.768461 0 0.780913 0.476412 
0.50842 0 0.768949 0 0.781162 0.47713 
0.508515 0 0.769401 0 0.781414 0.477825 
0.50865 0 0.769861 0 0.781692 0.478497 
0.508816 0 0.770331 0 0.781998 0.479147 
0.508999 0 0.770798 0 0.782323 0.479775 
0.509193 0 0.771259 0 0.782661 0.48038 
0.509402 0 0.771722 0 0.783012 0.480964 
0.509622 0 0.772184 0 0.783374 0.481525 
0.509846 0 0.772637 0 0.783742 0.482065 
0.510089 0 0.773104 0 0.784093 0.482583 
0.51034 0 0.77358 0 0.784421 0.483079 
0.510594 0 0.774062 0 0.78473 0.483554 
0.510844 0 0.774539 0 0.785021 0.484007 
0.511092 0 0.77501 0 0.785303 0.484438 
0.511346 0 0.775483 0 0.785584 0.484848 
0.511605 0 0.775954 0 0.785862 0.485236 
0.511862 0 0.776414 0 0.786134 0.485603 
0.512116 0 0.776863 0 0.7864 0.485947 
0.512375 0 0.77731 0 0.786663 0.48627 
0.512637 0 0.777755 0 0.786921 0.48657 
0.512893 0 0.778188 0 0.787169 0.486847 
0.513146 0 0.778613 0 0.787406 0.487102 
0.5134 0 0.779037 0 0.787637 0.487333 
0.513655 0 0.779459 0 0.78786 0.487541 
0.513903 0 0.779872 0 0.788069 0.487724 
0.514144 0 0.780276 0 0.788264 0.487883 
0.514385 0 0.78068 0 0.78845 0.488015 
0.514623 0 0.781084 0 0.788622 0.48812 
0.51485 0 0.781479 0 0.788775 0.488196 
0.515066 0 0.781866 0 0.788907 0.488241 
0.515276 0 0.782255 0 0.78902 0.488253 
0.515475 0 0.782644 0 0.789107 0.488229 
0.515674 0 0.78301 0 0.789198 0.488165 
0.515876 0 0.783373 0 0.789288 0.488055 
0.51609 0 0.783745 0 0.789382 0.487894 
0.516313 0 0.784126 0 0.789473 0.487671 
0.516537 0 0.784505 0 0.789552 0.487378 
0.516763 0 0.784882 0 0.789617 0.486999 
0.516997 0 0.785263 0 0.78967 0.486518 
0.517237 0 0.785644 0 0.789706 0.485912 
0.517477 0 0.786015 0 0.789719 0.485156 
0.517717 0 0.786373 0 0.789706 0.484216 
0.517964 0 0.786722 0 0.789666 0.483057 
0.518215 0 0.787053 0 0.789595 0.481635 
0.518464 0 0.787354 0 0.78948 0.479906 
0.51871 0 0.787616 0 0.789316 0.477821 
0.51896 0 0.78784 0 0.789101 0.475333 
0.519212 0 0.788017 0 0.788824 0.472396 
0.519458 0 0.788129 0 0.788474 0.468971 
0.519699 0 0.788169 0 0.788044 0.465026 
0.520024 0 0.788389 0 0.787688 0.460538 
0.520414 0 0.788617 0 0.787332 0.455496 
0.520818 0 0.788747 0 0.78688 0.449899 
0.521222 0 0.788765 0 0.786313 0.443756 
0.521633 0 0.7887 0 0.785665 0.437086 
0.522052 0 0.788547 0 0.784931 0.429913 
0.52247 0 0.788297 0 0.784107 0.422268 
0.522889 0 0.78795 0 0.783193 0.414183 
0.523316 0 0.787514 0 0.782191 0.405691 
0.523806 0 0.787009 0 0.781103 0.396824 
0.524345 0 0.786455 0 0.780033 0.387611 
0.524907 0 0.785794 0 0.778894 0.378077 
0.525488 0 0.785021 0 0.77766 0.368243 
0.526085 0 0.784146 0 0.776336 0.358119 
0.526697 0 0.783171 0 0.774927 0.347709 
0.527329 0 0.782099 0 0.773439 0.337009 
0.527987 0 0.780931 0 0.771869 0.326003 
0.52867 0 0.779657 0 0.770207 0.314664 
0.529371 0 0.778257 0 0.768438 0.302961 
0.530091 0 0.776722 0 0.76655 0.290857 
0.530835 0 0.775048 0 0.764535 0.278322 
0.531602 0 0.773227 0 0.762385 0.265345 
0.532384 0 0.771253 0 0.760096 0.25194 
0.533181 0 0.769137 0 0.757676 0.238159 
0.533999 0 0.766903 0 0.755142 0.224081 
0.534833 0 0.764573 0 0.752513 0.209802 
0.535675 0 0.762166 0 0.749808 0.195421 
0.536526 0 0.759708 0 0.747047 0.181031 
0.537387 0 0.757229 0 0.744254 0.166708 
0.538257 0 0.754748 0 0.74144 0.152514 
0.539126 0 0.752272 0 0.738615 0.138498 
0.539995 0 0.749816 0 0.735788 0.124694 
0.540866 0 0.747396 0 0.732969 0.111129 
0.541739 0 0.745018 0 0.730162 0.0978199 
0.542604 0 0.742682 0 0.727367 0.084779 
0.543462 0 0.740394 0 0.724589 0.0720137 
0.544318 0 0.738164 0 0.721834 0.0595277 
0.545169 0 0.735996 0 0.719104 0.0473228 
0.546009 0 0.733887 0 0.716401 0.0353983 
0.546837 0 0.73184 0 0.713727 0.0237526 
0.54766 0 0.729867 0 0.71109 0.0123829 
0.548475 0 0.727969 0 0.708491 0.0012857 
0.548935 0 0.725593 0 0.70546 -0.00954287 
0.54901 0 0.722733 0 0.702053 -0.0201074 
0.548829 0 0.719578 0 0.698463 -0.030413 
0.548486 0 0.716328 0 0.694828 -0.0404642 
0.548045 0 0.713095 0 0.69122 -0.0502662 
0.547576 0 0.709927 0 0.687689 -0.0598239 
0.547072 0 0.706827 0 0.684215 -0.0691426 
0.546547 0 0.703775 0 0.680798 -0.0782272 
0.546006 0 0.700753 0 0.677441 -0.0870826 
0.545455 0 0.697765 0 0.674149 -0.0957135 
0.544907 0 0.694823 0 0.670931 -0.104125 
0.544363 0 0.691929 0 0.667791 -0.112321 
0.543822 0 0.689082 0 0.664729 -0.120306 
0.543285 0 0.68628 0 0.661745 -0.128085 
0.542759 0 0.683528 0 0.658843 -0.135662 
0.542245 0 0.680823 0 0.656019 -0.143039 
0.541735 0 0.678155 0 0.65327 -0.150222 
0.541231 0 0.675524 0 0.650597 -0.157213 
0.54074 0 0.672933 0 0.648 -0.164015 
0.540259 0 0.670378 0 0.645477 -0.170631 
0.539782 0 0.667851 0 0.643023 -0.177064 
0.539618 0 0.665933 0 0.641055 -0.183313 
0.539624 0 0.66423 0 0.639303 -0.189382 
0.539604 0 0.662507 0 0.637586 -0.195271 
0.539561 0 0.660773 0 0.635911 -0.200978 
0.539507 0 0.659039 0 0.634288 -0.206504 
0.539453 0 0.65732 0 0.632723 -0.211845 
0.539401 0 0.655615 0 0.631216 -0.216998 
0.539231 0 0.653682 0 0.629533 -0.221957 
0.539119 0 0.651929 0 0.627949 -0.226715 
0.539036 0 0.650266 0 0.626447 -0.231261 
0.538948 0 0.648633 0 0.625 -0.235581 
0.538907 0 0.647065 0 0.623639 -0.239657 
0.538933 0 0.645634 0 0.622341 -0.243463 
0.539014 0 0.644341 0 0.621159 -0.246968 
0.53913 0 0.643162 0 0.620094 -0.250126 
0.53926 0 0.642081 0 0.619142 -0.252879 
0.539395 0 0.641106 0 0.618315 -0.255146 
0.539535 0 0.640265 0 0.617637 -0.256823 
0.539676 0 0.63959 0 0.617136 -0.257769 
0.539809 0 0.639112 0 0.616846 -0.257816 
0.539931 0 0.638876 0 0.616807 -0.25677 
0.540046 0 0.638934 0 0.617066 -0.254436 
0.54015 0 0.639324 0 0.617655 -0.250649 
0.540236 0 0.640062 0 0.618594 -0.245318 
0.540306 0 0.641154 0 0.619887 -0.238438 
0.540365 0 0.642591 0 0.621522 -0.2301 
0.540412 0 0.644341 0 0.623466 -0.220461 
0.540443 0 0.646356 0 0.625678 -0.209721 
0.540459 0 0.648592 0 0.628116 -0.198091 
0.540469 0 0.651013 0 0.630743 -0.185767 
0.540471 0 0.653577 0 0.633518 -0.172928 
0.540461 0 0.656244 0 0.636406 -0.159725 
0.54044 0 0.658984 0 0.63938 -0.146282 
0.540417 0 0.661778 0 0.642419 -0.132701 
0.54039 0 0.664603 0 0.645499 -0.119063 
0.540354 0 0.667434 0 0.648602 -0.105432 
0.540311 0 0.670254 0 0.651712 -0.0918568 
0.540269 0 0.673058 0 0.65482 -0.0783765 
0.540226 0 0.67583 0 0.65791 -0.0650197 
0.540176 0 0.678553 0 0.660972 -0.0518071 
0.540124 0 0.681217 0 0.663997 -0.0387529 
0.540225 0 0.684219 0 0.667278 -0.0258668 
0.540456 0 0.687288 0 0.67054 -0.0131549 
0.54079 0 0.690308 0 0.673691 -0.000623823 
0.541127 0 0.693216 0 0.67676 0.0117169 
0.541475 0 0.696046 0 0.679755 0.0238524 
0.541831 0 0.698795 0 0.682673 0.0357655 
0.542189 0 0.70145 0 0.685511 0.0474398 
0.542549 0 0.704011 0 0.688273 0.0588633 
0.542918 0 0.706488 0 0.690962 0.0700292 
0.543295 0 0.708882 0 0.693583 0.0809346 
0.543672 0 0.711192 0 0.696141 0.0915799 
0.544052 0 0.713425 0 0.698644 0.101967 
0.544439 0 0.715599 0 0.701105 0.112101 
0.544834 0 0.717723 0 0.703536 0.121984 
0.545198 0 0.719697 0 0.705909 0.131624 
0.545807 0 0.721864 0 0.708301 0.141024 
0.546566 0 0.724174 0 0.710775 0.150191 
0.547402 0 0.726566 0 0.713311 0.159129 
0.548267 0 0.728993 0 0.715894 0.167844 
0.549122 0 0.731427 0 0.718524 0.176342 
0.549986 0 0.733896 0 0.721203 0.184628 
0.550848 0 0.736396 0 0.723935 0.192707 
0.551699 0 0.738915 0 0.726717 0.200584 
0.552536 0 0.741445 0 0.729546 0.208265 
0.553366 0 0.743991 0 0.732417 0.215753 
0.554185 0 0.746544 0 0.735324 0.223055 
0.554989 0 0.749093 0 0.738261 0.230174 
0.555777 0 0.751632 0 0.741221 0.237115 
0.556558 0 0.754166 0 0.744202 0.243882 
0.55733 0 0.756686 0 0.747195 0.250481 
0.558088 0 0.75918 0 0.750194 0.256914 
0.558833 0 0.761644 0 0.753195 0.263187 
0.559571 0 0.764082 0 0.756196 0.269303 
0.560304 0 0.766488 0 0.75919 0.275265 
0.561023 0 0.768853 0 0.762173 0.281079 
0.561731 0 0.771171 0 0.765144 0.286748 
0.562436 0 0.773452 0 0.768102 0.292275 
0.563136 0 0.77569 0 0.771043 0.297663 
0.563824 0 0.777876 0 0.773964 0.302917 
0.564503 0 0.780008 0 0.776864 0.30804 
0.56518 0 0.782094 0 0.779744 0.313035 
0.565853 0 0.784131 0 0.782601 0.317904 
0.566516 0 0.78611 0 0.785433 0.322652 
0.567171 0 0.788029 0 0.78824 0.327281 
0.567824 0 0.789898 0 0.791024 0.331795 
0.568476 0 0.791715 0 0.793783 0.336195 
0.569118 0 0.793469 0 0.796514 0.340486 
0.569752 0 0.79516 0 0.799218 0.344669 
0.570386 0 0.796798 0 0.801898 0.348747 
0.571018 0 0.798381 0 0.804551 0.352724 
0.571641 0 0.799899 0 0.807176 0.356601 
0.572258 0 0.801353 0 0.809773 0.360381 
0.572874 0 0.802751 0 0.812345 0.364067 
0.573488 0 0.804092 0 0.814891 0.36766 
0.574094 0 0.805366 0 0.817407 0.371164 
0.574693 0 0.806573 0 0.819896 0.37458 
0.575292 0 0.807723 0 0.82236 0.37791 
0.575889 0 0.808814 0 0.824796 0.381157 
0.576477 0 0.809837 0 0.827204 0.384323 
0.577059 0 0.810791 0 0.829582 0.38741 
0.577639 0 0.811686 0 0.831935 0.390419 
0.577917 0 0.812419 0 0.833318 0.393354 
0.578036 0 0.813031 0 0.834207 0.396214 
0.578097 0 0.813645 0 0.834946 0.399003 
0.578201 0 0.814267 0 0.835718 0.401722 
0.578337 0 0.814892 0 0.836509 0.404373 
0.578489 0 0.815503 0 0.837315 0.406958 
0.578654 0 0.8161 0 0.838135 0.409478 
0.578837 0 0.816688 0 0.838974 0.411935 
0.579035 0 0.817268 0 0.839831 0.414331 
0.579239 0 0.817828 0 0.840702 0.416666 
0.579451 0 0.818368 0 0.841589 0.418943 
0.579677 0 0.8189 0 0.842496 0.421162 
0.579915 0 0.819421 0 0.843422 0.423327 
0.580158 0 0.819923 0 0.844365 0.425436 
0.580409 0 0.820407 0 0.845325 0.427493 
0.580673 0 0.820882 0 0.846307 0.429499 
0.580951 0 0.821348 0 0.84731 0.431454 
0.581234 0 0.821795 0 0.848331 0.43336 
0.581524 0 0.822225 0 0.849371 0.435218 
0.581829 0 0.822646 0 0.850433 0.437029 
0.582147 0 0.823057 0 0.851517 0.438795 
0.582471 0 0.823449 0 0.852618 0.440517 
0.582802 0 0.823823 0 0.853737 0.442195 
0.583148 0 0.824187 0 0.854878 0.443831 
0.583418 0 0.824634 0 0.855713 0.445426 
0.583611 0 0.825107 0 0.856306 0.446981 
0.583753 0 0.825599 0 0.856755 0.448497 
0.58388 0 0.826112 0 0.857152 0.449974 
0.584007 0 0.826641 0 0.857545 0.451414 
0.584145 0 0.827162 0 0.857961 0.452818 
0.584295 0 0.827674 0 0.858405 0.454186 
0.584445 0 0.828197 0 0.858834 0.45552 
0.584595 0 0.828726 0 0.85924 0.45682 
0.584736 0 0.829252 0 0.85962 0.458087 
0.584872 0 0.829776 0 0.859977 0.459322 
0.585012 0 0.830309 0 0.860323 0.460526 
0.585156 0 0.83085 0 0.860659 0.461699 
0.585298 0 0.831389 0 0.860984 0.462843 
0.585439 0 0.831928 0 0.861298 0.463957 
0.585586 0 0.832477 0 0.861606 0.465043 
0.585738 0 0.833034 0 0.861905 0.466102 
0.585887 0 0.83359 0 0.862192 0.467133 
0.585987 0 0.834077 0 0.862376 0.468138 
0.586059 0 0.834493 0 0.862507 0.469118 
0.586121 0 0.834882 0 0.862618 0.470072 
0.586177 0 0.835239 0 0.862735 0.471002 
0.586232 0 0.835575 0 0.862864 0.471908 
0.586296 0 0.835906 0 0.863013 0.47279 
0.586368 0 0.836234 0 0.863176 0.47365 
0.586442 0 0.836549 0 0.863349 0.474488 
0.586518 0 0.83685 0 0.863532 0.475304 
0.586604 0 0.837145 0 0.863729 0.476099 
0.586699 0 0.837434 0 0.863939 0.476873 
0.586794 0 0.837707 0 0.864157 0.477627 
0.586892 0 0.837964 0 0.864386 0.478361 
0.586986 0 0.838224 0 0.864564 0.479076 
0.587076 0 0.838495 0 0.864705 0.479772 
0.58716 0 0.838769 0 0.864829 0.48045 
0.587243 0 0.839044 0 0.864946 0.48111 
0.587333 0 0.839323 0 0.865068 0.481752 
0.587429 0 0.839603 0 0.865192 0.482377 
0.587522 0 0.839873 0 0.865314 0.482986 
0.587615 0 0.840134 0 0.865432 0.483578 
0.587713 0 0.840395 0 0.865551 0.484154 
0.587815 0 0.840658 0 0.865668 0.484714 
0.587915 0 0.840913 0 0.865779 0.485259 
0.588012 0 0.841162 0 0.865884 0.485789 
0.588115 0 0.841415 0 0.865989 0.486305 
0.588221 0 0.841671 0 0.866091 0.486806 
0.588325 0 0.84192 0 0.866188 0.487293 
0.588428 0 0.842163 0 0.86628 0.487766 
0.588536 0 0.84241 0 0.866372 0.488226 
0.588648 0 0.84266 0 0.866463 0.488673 
0.588758 0 0.842904 0 0.866548 0.489107 
0.588867 0 0.843142 0 0.86663 0.489528 
0.588982 0 0.843384 0 0.866713 0.489937 
0.589101 0 0.843629 0 0.866795 0.490334 
0.589218 0 0.843868 0 0.866872 0.490718 
0.589333 0 0.844102 0 0.866945 0.491092 
0.589455 0 0.844341 0 0.867018 0.491453 
0.589581 0 0.844583 0 0.867092 0.491803 
0.589705 0 0.844819 0 0.867161 0.492143 
0.589828 0 0.84505 0 0.867226 0.492471 
0.589957 0 0.845286 0 0.867292 0.492789 
0.590091 0 0.845525 0 0.867358 0.493096 
0.590223 0 0.845759 0 0.86742 0.493393 
0.590354 0 0.845988 0 0.867479 0.493679 
0.590491 0 0.846222 0 0.867538 0.493956 
0.590633 0 0.84646 0 0.867598 0.494223 
0.590773 0 0.846692 0 0.867654 0.49448 
0.590911 0 0.846919 0 0.867706 0.494727 
0.591057 0 0.847152 0 0.86776 0.494965 
0.591207 0 0.847388 0 0.867814 0.495194 
0.591354 0 0.847619 0 0.867864 0.495413 
0.591501 0 0.847845 0 0.867911 0.495623 
0.591654 0 0.848076 0 0.867959 0.495824 
0.591813 0 0.848311 0 0.868008 0.496016 
0.591968 0 0.84854 0 0.868052 0.4962 
0.592123 0 0.848765 0 0.868094 0.496374 
0.592284 0 0.848995 0 0.868138 0.49654 
0.59245 0 0.849228 0 0.868181 0.496697 
0.592613 0 0.849456 0 0.86822 0.496846 
0.592776 0 0.849679 0 0.868257 0.496986 
0.592944 0 0.849907 0 0.868296 0.497118 
0.593117 0 0.850138 0 0.868334 0.497241 
0.593288 0 0.850364 0 0.868368 0.497356 
0.593457 0 0.850585 0 0.8684 0.497463 
0.593632 0 0.850811 0 0.868433 0.497561 
0.593812 0 0.85104 0 0.868466 0.497651 
0.593875 0 0.851153 1 0.868463 0.49773 
0.593907 0 0.851246 1 0.868432 0.497748 
0.593878 0 0.851292 0 0.868299 0.497691 
0.593827 0 0.851311 0 0.868128 0.497629 
0.593772 0 0.85132 0 0.867945 0.497559 
0.593723 0 0.851323 0 0.867759 0.497484 
0.593703 0 0.851362 0 0.867615 0.497403 
0.593713 0 0.85143 0 0.867501 0.497315 
0.59374 0 0.851514 0 0.867398 0.497221 
0.593781 0 0.851608 0 0.867298 0.497121 
0.593836 0 0.851713 0 0.867205 0.497015 
0.593899 0 0.851825 0 0.867118 0.496902 
0.593976 0 0.851942 0 0.867043 0.496784 
0.594066 0 0.852064 0 0.866978 0.496659 
0.594169 0 0.852191 0 0.866924 0.496529 
0.594285 0 0.852325 0 0.866881 0.496392 
0.594414 0 0.852466 0 0.866847 0.49625 
0.594554 0 0.852615 0 0.866822 0.496101 
0.594707 0 0.852773 0 0.866803 0.495946 
0.594871 0 0.852938 0 0.866792 0.495785 
0.595046 0 0.853113 0 0.866786 0.495618 
0.595231 0 0.853295 0 0.866786 0.495444 
0.595427 0 0.853485 0 0.866791 0.495264 
0.595448 0 0.853516 1 0.866741 0.495078 
0.595422 0 0.853498 1 0.86658 0.494735 
0.595341 0 0.85342 0 0.866317 0.494198 
0.59524 0 0.853314 0 0.86602 0.493665 
0.595166 0 0.85324 0 0.86576 0.493136 
0.59512 0 0.853197 0 0.865533 0.492609 
0.595094 0 0.853175 0 0.865325 0.492085 
0.595085 0 0.853167 0 0.865126 0.491563 
0.59509 0 0.853173 0 0.864933 0.491042 
0.595109 0 0.853194 0 0.864745 0.490522 
0.595141 0 0.85323 0 0.864562 0.490002 
0.595186 0 0.853282 0 0.864384 0.489481 
0.595243 0 0.853348 0 0.864219 0.488958 
0.59531 0 0.853419 0 0.864063 0.488432 
0.595384 0 0.853495 0 0.863911 0.487902 
0.595466 0 0.853575 0 0.863763 0.487366 
0.595555 0 0.853661 0 0.863618 0.486822 
0.595653 0 0.853761 0 0.863477 0.486269 
0.595757 0 0.853874 0 0.863333 0.485703 
0.595865 0 0.854002 0 0.863182 0.485121 
0.595977 0 0.854146 0 0.863021 0.484521 
0.59609 0 0.854307 0 0.862848 0.483896 
0.596204 0 0.854483 0 0.862657 0.483242 
0.596345 0 0.854658 0 0.862491 0.482553 
0.596512 0 0.854851 0 0.862345 0.48182 
0.596702 0 0.855064 0 0.862212 0.481033 
0.596911 0 0.855294 0 0.862083 0.480183 
0.597137 0 0.855536 0 0.86195 0.479255 
0.597377 0 0.855785 0 0.861807 0.478232 
0.597632 0 0.856039 0 0.861648 0.477095 
0.597899 0 0.856295 0 0.861468 0.47582 
0.59818 0 0.85655 0 0.861263 0.474382 
0.598474 0 0.856797 0 0.861029 0.472749 
0.598728 0 0.856913 1 0.861104 0.470881 
0.599013 0 0.856905 1 0.86087 0.468012 
0.599312 0 0.856715 0 0.860355 0.463917 
0.599618 0 0.856477 0 0.859743 0.459548 
0.599851 0 0.85609 0 0.859186 0.454875 
0.600138 0 0.855737 0 0.858497 0.449873 
0.600622 0 0.855721 0 0.858153 0.444518 
0.601149 0 0.855589 0 0.857712 0.438792 
0.6017 0 0.855327 0 0.857063 0.432681 
0.602278 0 0.854996 0 0.856305 0.426178 
0.60293 0 0.854723 0 0.85558 0.419281 
0.603621 0 0.854432 0 0.854821 0.411992 
0.604324 0 0.854066 0 0.853981 0.40432 
0.605034 0 0.853611 0 0.853049 0.396275 
0.605754 0 0.853072 0 0.852032 0.387871 
0.606487 0 0.852459 0 0.850936 0.379123 
0.607234 0 0.851773 0 0.849764 0.370043 
0.607967 0 0.850936 0 0.848397 0.360642 
0.608683 0 0.849967 0 0.846858 0.350926 
0.60939 0 0.848883 0 0.84518 0.340897 
0.610173 0 0.847702 0 0.843559 0.330548 
0.611011 0 0.846423 0 0.841898 0.319867 
0.611885 0 0.845028 0 0.840147 0.308832 
0.612788 0 0.843516 0 0.838287 0.297414 
0.613716 0 0.841883 0 0.836315 0.285585 
0.614668 0 0.840128 0 0.834226 0.273318 
0.615643 0 0.838246 0 0.832015 0.260602 
0.616639 0 0.836236 0 0.829682 0.247451 
0.617655 0 0.834108 0 0.827234 0.233908 
0.618688 0 0.831879 0 0.824686 0.220046 
0.619737 0 0.829576 0 0.822062 0.205955 
0.6208 0 0.827228 0 0.81939 0.191732 
0.621875 0 0.824861 0 0.816695 0.177468 
0.62296 0 0.822502 0 0.814001 0.163242 
0.624055 0 0.820172 0 0.811326 0.149119 
0.625157 0 0.817888 0 0.808688 0.13515 
0.626266 0 0.815663 0 0.806096 0.121374 
0.62738 0 0.813508 0 0.80356 0.107819 
0.628498 0 0.811429 0 0.801085 0.0945063 
0.629619 0 0.809432 0 0.798675 0.0814499 
0.630743 0 0.80752 0 0.79633 0.0686595 
0.631828 0 0.805775 0 0.794081 0.0561408 
0.632888 0 0.804121 0 0.791888 0.0438967 
0.63393 0 0.802525 0 0.789731 0.0319281 
0.634956 0 0.800985 0 0.787606 0.0202344 
0.635964 0 0.799506 0 0.785514 0.00881314 
0.636952 0 0.798093 0 0.783453 -0.00233815 
0.637556 0 0.796189 0 0.780945 -0.0132229 
0.637741 0 0.793809 0 0.778045 -0.0238458 
0.637642 0 0.79112 0 0.774932 -0.0342108 
0.637363 0 0.788307 0 0.771738 -0.0443227 
0.636975 0 0.785478 0 0.768527 -0.0541863 
0.636524 0 0.782664 0 0.765321 -0.0638065 
0.636036 0 0.77986 0 0.762119 -0.0731882 
0.635526 0 0.777052 0 0.75892 -0.0823364 
0.635004 0 0.774236 0 0.755726 -0.0912559 
0.634479 0 0.771414 0 0.752543 -0.0999516 
0.633956 0 0.76859 0 0.749379 -0.108428 
0.633439 0 0.765767 0 0.746239 -0.11669 
0.632932 0 0.762947 0 0.743129 -0.124741 
0.632437 0 0.76013 0 0.74005 -0.132586 
0.631955 0 0.757312 0 0.737006 -0.140228 
0.631487 0 0.754491 0 0.733999 -0.147672 
0.631033 0 0.751665 0 0.731029 -0.15492 
0.630592 0 0.748831 0 0.728099 -0.161976 
0.630165 0 0.745988 0 0.725208 -0.168841 
0.62975 0 0.743135 0 0.722358 -0.175518 
0.629651 0 0.740957 0 0.720009 -0.182007 
0.629703 0 0.738894 0 0.717797 -0.188309 
0.629756 0 0.736744 0 0.71561 -0.194422 
0.62981 0 0.73457 0 0.713467 -0.200345 
0.629839 0 0.732467 0 0.711445 -0.206072 
0.629864 0 0.730393 0 0.709501 -0.211599 
0.62989 0 0.728326 0 0.707613 -0.216915 
0.629941 0 0.726407 0 0.705751 -0.222008 
0.630009 0 0.724552 0 0.703961 -0.22686 
0.630077 0 0.72274 0 0.702246 -0.231448 
0.630136 0 0.720988 0 0.700621 -0.235738 
0.630187 0 0.719322 0 0.699106 -0.239683 
0.630228 0 0.717766 0 0.697717 -0.24322 
0.63026 0 0.716338 0 0.696474 -0.246264 
0.630279 0 0.715059 0 0.695395 -0.248697 
0.630284 0 0.713958 0 0.694507 -0.250372 
0.630273 0 0.713069 0 0.693844 -0.251112 
0.630245 0 0.712432 0 0.693443 -0.250722 
0.630199 0 0.712085 0 0.69334 -0.249012 
0.630136 0 0.712058 0 0.693564 -0.245831 
0.630056 0 0.712369 0 0.694131 -0.241095 
0.629959 0 0.713018 0 0.695044 -0.234805 
0.629846 0 0.71399 0 0.696287 -0.227046 
0.629718 0 0.715256 0 0.697836 -0.217965 
0.629575 0 0.716781 0 0.699658 -0.207748 
0.629419 0 0.718525 0 0.701716 -0.19659 
0.629248 0 0.720451 0 0.703976 -0.184683 
0.629065 0 0.722523 0 0.706404 -0.172201 
0.628996 0 0.725186 0 0.709443 -0.159293 
0.62896 0 0.727932 0 0.712583 -0.146084 
0.628905 0 0.730594 0 0.715684 -0.132677 
0.628907 0 0.73328 0 0.718852 -0.119155 
0.628917 0 0.736002 0 0.722075 -0.10558 
0.628938 0 0.738751 0 0.725346 -0.092 
0.628971 0 0.741515 0 0.728657 -0.0784517 
0.629017 0 0.744283 0 0.731997 -0.0649626 
0.629076 0 0.747044 0 0.735358 -0.0515581 
0.629147 0 0.74979 0 0.738733 -0.0382671 
0.629529 0 0.752734 0 0.742062 -0.0251233 
0.630194 0 0.75585 0 0.745443 -0.0121636 
0.631095 0 0.759086 0 0.748875 0.000578968 
0.632177 0 0.762392 0 0.752333 0.0130788 
0.633392 0 0.765733 0 0.755802 0.0253187 
0.6347 0 0.769086 0 0.759281 0.0372888 
0.636072 0 0.772439 0 0.762772 0.0489844 
0.637485 0 0.775784 0 0.766279 0.060405 
0.638923 0 0.779118 0 0.769807 0.071552 
0.640376 0 0.782439 0 0.773361 0.082429 
0.641837 0 0.785743 0 0.776944 0.0930402 
0.643298 0 0.789032 0 0.780559 0.103391 
0.644773 0 0.792305 0 0.784189 0.113486 
0.646243 0 0.795566 0 0.787876 0.123331 
0.647706 0 0.798804 0 0.791599 0.132933 
0.649181 0 0.802021 0 0.795335 0.142295 
0.650643 0 0.80521 0 0.799115 0.151426 
0.652095 0 0.808367 0 0.802928 0.160328 
0.653559 0 0.811492 0 0.806747 0.169009 
0.655009 0 0.814581 0 0.810609 0.177474 
0.656448 0 0.817626 0 0.814499 0.185728 
0.657898 0 0.820629 0 0.81839 0.193775 
0.659336 0 0.823587 0 0.822324 0.201622 
0.6605 0 0.826224 0 0.825891 0.209274 
0.66155 0 0.828688 0 0.829357 0.216734 
0.662527 0 0.831004 0 0.832767 0.224008 
0.66346 0 0.833221 0 0.836153 0.2311 
0.664396 0 0.835383 0 0.839509 0.238015 
0.66534 0 0.837499 0 0.842845 0.244758 
0.666365 0 0.839597 0 0.846201 0.251332 
0.667451 0 0.841682 0 0.849587 0.257742 
0.66858 0 0.843739 0 0.852989 0.263992 
0.669739 0 0.845757 0 0.856397 0.270085 
0.670919 0 0.847729 0 0.85981 0.276027 
0.671968 0 0.84959 0 0.863114 0.28182 
0.672938 0 0.851308 0 0.866332 0.287468 
0.673865 0 0.85291 0 0.869504 0.292975 
0.674746 0 0.854486 0 0.872723 0.298344 
0.675597 0 0.855993 0 0.875934 0.303579 
0.675411 0 0.85755 1 0.876257 0.30868 
0.675551 0 0.859632 1 0.877384 0.313657 
0.675899 0 0.861844 0 0.879023 0.318508 
0.676298 0 0.864052 0 0.880784 0.323238 
0.676696 0 0.866215 0 0.882503 0.327849 
0.677094 0 0.868335 0 0.884181 0.332346 
0.677491 0 0.870412 0 0.885818 0.33673 
0.677888 0 0.872446 0 0.887415 0.341005 
0.678313 0 0.87445 0 0.889064 0.345172 
0.678757 0 0.876415 0 0.890709 0.349236 
0.679233 0 0.878358 0 0.892414 0.353198 
0.679733 0 0.880271 0 0.894163 0.357061 
0.680249 0 0.882145 0 0.895933 0.360828 
0.680774 0 0.883977 0 0.897716 0.3645 
0.681309 0 0.885764 0 0.899509 0.36808 
0.681853 0 0.887504 0 0.901316 0.371572 
0.682407 0 0.889194 0 0.903137 0.374975 
0.68297 0 0.89083 0 0.904971 0.378294 
0.683542 0 0.89241 0 0.906816 0.38153 
0.684122 0 0.893928 0 0.908668 0.384684 
0.68471 0 0.895382 0 0.910526 0.38776 
0.684785 0 0.89664 1 0.910676 0.390754 
0.68475 0 0.897824 1 0.910599 0.393678 
0.684723 0 0.898943 1 0.910431 0.39652 
0.684679 0 0.899977 1 0.910177 0.3993 
0.684618 0 0.900933 1 0.909846 0.402007 
0.684553 0 0.901865 1 0.909496 0.404642 
0.684487 0 0.902773 0 0.909126 0.407207 
0.684417 0 0.903655 0 0.908736 0.409709 
0.684345 0 0.904511 0 0.908326 0.412149 
0.684262 0 0.905327 0 0.90796 0.414528 
0.684173 0 0.906112 0 0.907609 0.416848 
0.684079 0 0.906869 0 0.907263 0.41911 
0.683984 0 0.907602 0 0.90692 0.421315 
0.683889 0 0.908312 0 0.906583 0.423466 
0.683796 0 0.909 0 0.906253 0.425563 
0.68378 0 0.909732 0 0.906175 0.427607 
0.683795 0 0.910465 0 0.906175 0.429601 
0.683815 0 0.911185 0 0.906181 0.431545 
0.683841 0 0.911891 0 0.906195 0.43344 
0.683875 0 0.912584 0 0.906216 0.435288 
0.684124 1 0.912667 0 0.906799 0.437087 
0.684435 1 0.912575 0 0.907514 0.438842 
0.684606 1 0.912649 1 0.907306 0.440549 
0.684751 1 0.912546 1 0.907274 0.44221 
0.684898 1 0.91236 1 0.907265 0.443819 
0.685047 1 0.912155 1 0.90726 0.445356 
0.685195 1 0.911957 1 0.907259 0.446832 
0.685346 1 0.911767 1 0.907262 0.448213 
0.685502 1 0.911585 1 0.90727 0.449475 
0.685666 1 0.911413 1 0.907282 0.450572 
0.685846 1 0.911252 1 0.907302 0.451436 
0.686049 1 0.911111 1 0.907329 0.451966 
0.686288 1 0.910994 1 0.907367 0.452004 
0.686564 1 0.910918 1 0.907403 0.451356 
0.686887 1 0.910878 1 0.907453 0.44977 
0.687275 1 0.910876 1 0.907528 0.446949 
0.687745 1 0.91092 1 0.907639 0.442639 
0.688311 1 0.911012 1 0.907793 0.436626 
0.688986 1 0.911154 1 0.907991 0.428817 
0.689776 1 0.911343 1 0.908231 0.419262 
0.690682 1 0.911573 1 0.908506 0.408112 
0.691563 1 0.911589 1 0.908496 0.395599 
0.692357 1 0.911657 1 0.908317 0.381952 
0.693122 1 0.911779 1 0.908236 0.367476 
0.693952 1 0.9119 1 0.908308 0.352361 
0.694847 1 0.911986 1 0.908406 0.336809 
0.695808 1 0.91204 1 0.908472 0.32098 
0.696824 1 0.912072 1 0.908515 0.304999 
0.697885 1 0.91208 1 0.908542 0.288971 
0.698982 1 0.912063 1 0.90855 0.272977 
0.700107 1 0.912021 1 0.908537 0.257073 
0.701252 1 0.911952 1 0.908502 0.241312 
0.702411 1 0.911857 1 0.908443 0.225727 
0.703576 1 0.911735 1 0.908361 0.210346 
0.704744 1 0.911587 1 0.908255 0.195187 
0.705908 1 0.911412 1 0.908125 0.180261 
0.707064 1 0.911211 1 0.907971 0.165571 
0.708208 1 0.910986 1 0.907793 0.151125 
0.709338 1 0.910735 1 0.907592 0.13692 
0.71045 1 0.910459 1 0.907367 0.12296 
0.71154 1 0.910158 1 0.907118 0.109248 
0.712605 1 0.909832 1 0.906845 0.0957892 
0.713642 1 0.909482 1 0.906548 0.0825901 
0.714648 1 0.909109 1 0.906226 0.069663 
0.715618 1 0.90871 1 0.90588 0.05701 
0.71655 1 0.908287 1 0.905511 0.0446371 
0.717442 1 0.90784 1 0.905116 0.0325481 
0.718292 1 0.907369 1 0.904697 0.0207415 
0.719099 1 0.906873 1 0.904254 0.00921516 
0.719862 1 0.906352 1 0.903788 -0.00203434 
0.72058 1 0.905808 1 0.903295 -0.0130102 
0.721252 1 0.905239 1 0.902779 -0.0237192 
0.721524 1 0.90439 1 0.902186 -0.0341618 
0.721603 1 0.903499 1 0.901339 -0.0443484 
0.721611 1 0.902528 1 0.900453 -0.0542831 
0.721586 1 0.901539 1 0.899562 -0.0639701 
0.721611 1 0.900568 1 0.8987 -0.073419 
0.721512 1 0.899553 1 0.897758 -0.0826305 
0.721475 1 0.898523 1 0.896833 -0.0916145 
0.721409 1 0.897485 1 0.895886 -0.100373 
0.721229 1 0.896368 1 0.894864 -0.108914 
0.721169 1 0.895265 1 0.89389 -0.117241 
0.721087 1 0.894197 1 0.892897 -0.125362 
0.721007 1 0.893107 1 0.891886 -0.13328 
0.720932 1 0.892005 1 0.890865 -0.140999 
0.720863 1 0.890894 1 0.889833 -0.148525 
0.7208 1 0.889776 1 0.888792 -0.155864 
0.720748 1 0.888652 1 0.887741 -0.163021 
0.720709 1 0.887523 1 0.886684 -0.169998 
0.720688 1 0.886391 1 0.885623 -0.176801 
0.720686 1 0.885258 1 0.88456 -0.183433 
0.720706 1 0.884123 1 0.883497 -0.189901 
0.720749 1 0.882992 1 0.882433 -0.196206 
0.720818 1 0.881862 1 0.881369 -0.202354 
0.721055 1 0.880854 1 0.88042 -0.208353 
0.721373 1 0.879931 1 0.879502 -0.214193 
0.721728 1 0.879046 1 0.878605 -0.219889 
0.722082 1 0.878139 1 0.877733 -0.225445 
0.722451 1 0.877222 1 0.876852 -0.230861 
0.722832 1 0.876301 1 0.875962 -0.236142 
0.723223 1 0.875375 1 0.875069 -0.24129 
0.723628 1 0.874448 1 0.874174 -0.24631 
0.724048 1 0.873521 1 0.873277 -0.251205 
0.724487 1 0.872593 1 0.872382 -0.255977 
0.724946 1 0.871668 1 0.871487 -0.260629 
0.725428 1 0.870747 1 0.870596 -0.265166 
0.725935 1 0.869831 1 0.869709 -0.269589 
0.72647 1 0.868921 1 0.868827 -0.273901 
0.727034 1 0.86802 1 0.867953 -0.278104 
0.727631 1 0.867128 1 0.867087 -0.282202 
0.728261 1 0.866248 1 0.866232 -0.286198 
0.728927 1 0.865381 1 0.865389 -0.290094 
0.729631 1 0.864527 1 0.864559 -0.293892 
0.730374 1 0.86369 1 0.863743 -0.297595 
0.731158 1 0.86287 1 0.862943 -0.301204 
0.731985 1 0.862068 1 0.862162 -0.304725 
0.732855 1 0.861287 1 0.861398 -0.308155 
0.73377 1 0.860527 1 0.860655 -0.311499 
0.73473 1 0.859789 1 0.859934 -0.31476 
0.735737 1 0.859074 1 0.859236 -0.317938 
0.736791 1 0.858384 1 0.858559 -0.321035 
0.737916 1 0.85776 1 0.857945 -0.324055 
0.739072 1 0.857168 1 0.857359 -0.326998 
0.740259 1 0.856593 1 0.85679 -0.329866 
0.741483 1 0.856036 1 0.856241 -0.33266 
0.74275 1 0.855503 1 0.855717 -0.335383 
0.744118 1 0.854974 1 0.855036 -0.338037 
0.745611 1 0.854477 1 0.854591 -0.340625 
0.747159 1 0.854006 1 0.854137 -0.343146 
0.74874 1 0.853551 1 0.853697 -0.345602 
0.75037 1 0.853122 1 0.853282 -0.347995 
0.752058 1 0.852729 1 0.852903 -0.350326 
0.753805 1 0.852375 1 0.852562 -0.352598 
0.755609 1 0.852056 1 0.852256 -0.354811 
0.757475 1 0.851776 1 0.851989 -0.356967 
0.759405 1 0.851538 1 0.851761 -0.359067 
0.761398 1 0.851339 1 0.851574 -0.361113 
0.763458 1 0.851186 1 0.851417 -0.363106 
0.765585 1 0.851077 1 0.851301 -0.365047 
0.767781 1 0.851011 1 0.851225 -0.366938 
0.770046 1 0.85099 1 0.851192 -0.36878 
0.772381 1 0.851014 1 0.851202 -0.370574 
0.774786 1 0.851081 1 0.851258 -0.372323 
0.777263 1 0.851195 1 0.851358 -0.374026 
0.779811 1 0.851355 1 0.851506 -0.375687 
0.782431 1 0.851562 1 0.851703 -0.377304 
0.785122 1 0.851818 1 0.851947 -0.378877 
0.787913 1 0.852115 1 0.85227 -0.380409 
0.790792 1 0.852458 1 0.852636 -0.381905 
0.79375 1 0.852853 1 0.853054 -0.383362 
0.796773 1 0.853306 1 0.853524 -0.384781 
0.799856 1 0.853816 1 0.854045 -0.386162 
0.803009 1 0.854376 1 0.854621 -0.387509 
0.806225 1 0.854996 1 0.855234 -0.38882 
0.809514 1 0.855671 1 0.855914 -0.390098 
0.812874 1 0.856402 1 0.856645 -0.391344 
0.8163 1 0.857192 1 0.857432 -0.392557 
0.819789 1 0.85804 1 0.858278 -0.393742 
0.823336 1 0.858946 1 0.85918 -0.394895 
0.826939 1 0.859908 1 0.86014 -0.396021 
0.830592 1 0.860926 1 0.861158 -0.397119 
0.834292 1 0.862 1 0.862232 -0.398185 
0.838035 1 0.86313 1 0.863362 -0.399228 
0.841813 1 0.864315 1 0.864549 -0.400243 
0.845621 1 0.865554 1 0.865792 -0.401235 
0.849451 1 0.866847 1 0.867088 -0.402196 
0.853294 1 0.868193 1 0.86844 -0.403137 
0.857142 1 0.869588 1 0.869844 -0.404061 
0.860984 1 0.871035 1 0.871297 -0.404955 
0.864809 1 0.872529 1 0.8728 -0.405827 
0.868603 1 0.874068 1 0.874351 -0.406679 
0.872352 1 0.875652 1 0.875946 -0.407511 
0.876041 1 0.877276 1 0.877583 -0.40832 
0.875368 1 0.87698 1 0.877719 -0.409132 
0.874518 1 0.876856 1 0.877667 -0.409901 
0.874119 1 0.876718 1 0.877429 -0.410655 
0.873801 1 0.876536 1 0.87718 -0.411389 
0.87348 1 0.876309 1 0.876915 -0.412106 
0.873152 1 0.876065 1 0.876645 -0.412805 
0.872815 1 0.875823 1 0.876376 -0.413488 
0.87247 1 0.875583 1 0.87611 -0.414154 
0.872116 1 0.875342 1 0.87585 -0.414804 
0.871755 1 0.875104 1 0.875592 -0.415438 
0.871387 1 0.874867 1 0.875336 -0.416057 
0.871011 1 0.874633 1 0.875083 -0.416661 
0.870694 1 0.874415 1 0.874859 -0.41725 
0.870414 1 0.874219 1 0.874667 -0.417825 
0.870155 1 0.874046 1 0.874495 -0.418384 
0.869906 1 0.873886 1 0.874334 -0.418931 
0.869661 1 0.873735 1 0.874178 -0.419465 
0.86942 1 0.873588 1 0.874028 -0.419987 
0.869185 1 0.873448 1 0.873887 -0.420495 
0.868962 1 0.873316 1 0.873755 -0.420992 
0.868754 1 0.873196 1 0.873636 -0.421474 
0.868561 1 0.873085 1 0.873529 -0.421945 
0.868385 1 0.872987 1 0.873434 -0.422406 
0.868224 1 0.8729 1 0.873351 -0.422855 
0.868077 1 0.872824 1 0.873279 -0.423293 
0.867944 1 0.872757 1 0.873218 -0.42372 
0.867825 1 0.872701 1 0.873168 -0.424137 
0.867721 1 0.872656 1 0.873127 -0.424544 
0.867631 1 0.872621 1 0.873097 -0.424939 
0.867557 1 0.872596 1 0.873078 -0.425324 
0.867498 1 0.872581 1 0.873069 -0.4257 
0.867454 1 0.872577 1 0.873072 -0.426067 
0.867426 1 0.872584 1 0.873085 -0.426424 
0.867413 1 0.8726 1 0.873109 -0.426771 
0.867416 1 0.872627 1 0.873143 -0.427111 
0.867435 1 0.872665 1 0.873188 -0.427442 
0.867469 1 0.872714 1 0.873242 -0.427763 
0.867519 1 0.872772 1 0.873308 -0.428076 
0.867585 1 0.872841 1 0.873384 -0.428381 
0.867667 1 0.872921 1 0.87347 -0.428678 
0.867765 1 0.87301 1 0.873567 -0.428967 
0.867878 1 0.873111 1 0.873675 -0.429247 
0.868008 1 0.873221 1 0.873788 -0.42952 
0.868154 1 0.873336 1 0.873902 -0.429786 
0.868317 1 0.873453 1 0.874021 -0.430044 
0.868498 1 0.873573 1 0.87414 -0.430295 
0.868694 1 0.873696 1 0.874263 -0.43054 
0.868907 1 0.873823 1 0.874391 -0.430777 
0.869136 1 0.873953 1 0.874523 -0.431008 
0.869382 1 0.874085 1 0.874659 -0.431232 
0.869644 1 0.874221 1 0.874801 -0.431449 
0.869957 1 0.874348 1 0.874949 -0.43166 
0.870315 0 0.874466 0 0.875099 -0.431865 
0.870709 0 0.874533 0 0.875229 -0.432038 
0.871143 0 0.874549 0 0.875333 -0.432165 
0.871621 0 0.874509 0 0.875409 -0.432224 
0.872144 0 0.874411 0 0.875449 -0.432182 
0.872714 0 0.874245 0 0.875442 -0.43199 
0.873329 0 0.874002 0 0.875375 -0.431573 
0.873989 0 0.873662 0 0.875228 -0.430828 
0.874694 0 0.873202 0 0.874974 -0.429612 
0.875443 0 0.872588 0 0.874578 -0.42774 
0.875456 0 0.871924 0 0.873782 -0.424989 
0.875363 0 0.871123 0 0.872792 -0.421117 
0.875254 0 0.869937 0 0.871528 -0.415899 
0.875199 0 0.868431 0 0.869968 -0.409164 
0.87518 0 0.866581 0 0.868068 -0.400833 
0.875172 0 0.864373 0 0.865811 -0.390935 
0.87517 0 0.861809 0 0.863204 -0.379593 
0.875174 0 0.858904 0 0.860272 -0.36699 
0.875189 0 0.85569 0 0.857052 -0.35334 
0.875215 0 0.852205 0 0.853586 -0.338864 
0.875252 0 0.848492 0 0.849918 -0.323765 
0.8753 0 0.844594 0 0.84609 -0.308224 
0.875358 0 0.840555 0 0.84214 -0.292394 
0.875425 0 0.836413 0 0.838104 -0.276402 
0.875502 0 0.832203 0 0.834016 -0.260354 
0.875588 0 0.827955 0 0.829904 -0.244333 
0.875683 0 0.823695 0 0.825795 -0.228404 
0.875787 0 0.819445 0 0.821708 -0.21262 
0.875898 0 0.815222 0 0.81766 -0.197021 
0.876015 0 0.81104 0 0.813662 -0.181632 
0.876134 0 0.806906 0 0.80972 -0.166472 
0.87625 0 0.802826 0 0.805832 -0.151547 
0.876356 0 0.798797 0 0.801989 -0.136853 
0.876443 0 0.794813 0 0.798179 -0.122375 
0.8765 0 0.790863 0 0.794383 -0.108092 
0.876516 0 0.78694 0 0.79059 -0.0939863 
0.876486 0 0.78304 0 0.786795 -0.0800478 
0.876411 0 0.77917 0 0.783012 -0.0662811 
0.876302 0 0.775342 0 0.779262 -0.0527026 
0.876172 0 0.771572 0 0.775571 -0.0393329 
0.876034 0 0.767875 0 0.771959 -0.0261917 
0.8759 0 0.764262 0 0.768442 -0.0132952 
0.875778 0 0.760741 0 0.765033 -0.000654757 
0.875672 0 0.757317 0 0.761736 0.0117222 
0.875585 0 0.753992 0 0.758557 0.0238315 
0.875518 0 0.750766 0 0.755495 0.0356714 
0.875472 0 0.74764 0 0.75255 0.0472424 
0.875447 0 0.744612 0 0.749721 0.0585461 
0.875443 0 0.741681 0 0.747006 0.0695851 
0.875459 0 0.738846 0 0.744401 0.080363 
0.875496 0 0.736104 0 0.741905 0.0908835 
0.875552 0 0.733453 0 0.739515 0.101151 
0.875628 0 0.730891 0 0.737228 0.11117 
0.875724 0 0.728416 0 0.735041 0.120946 
0.875838 0 0.726026 0 0.732952 0.130482 
0.875754 0 0.723835 0 0.731038 0.139785 
0.875602 0 0.721776 0 0.729247 0.148858 
0.875463 0 0.719813 0 0.727557 0.157707 
0.87535 0 0.717934 0 0.725956 0.166337 
0.875253 0 0.716135 0 0.724437 0.174753 
0.875166 0 0.714412 0 0.722997 0.182959 
0.875087 0 0.712764 0 0.721634 0.190959 
0.875016 0 0.711189 0 0.720347 0.19876 
0.874955 0 0.709685 0 0.719135 0.206364 
0.874902 0 0.708251 0 0.717996 0.213776 
0.874857 0 0.706886 0 0.716931 0.221001 
0.874821 0 0.705588 0 0.715937 0.228042 
0.874791 0 0.704354 0 0.715011 0.234904 
0.87477 0 0.703183 0 0.714152 0.241591 
0.874755 0 0.702073 0 0.713357 0.248105 
0.874747 0 0.70102 0 0.712624 0.254452 
0.874746 0 0.700025 0 0.711953 0.260634 
0.874751 0 0.699084 0 0.711341 0.266655 
0.874763 0 0.698197 0 0.710787 0.272518 
0.87478 0 0.697361 0 0.71029 0.278226 
0.874803 0 0.696576 0 0.709848 0.283782 
0.874831 0 0.695839 0 0.709459 0.289189 
0.874864 0 0.69515 0 0.709123 0.294449 
0.874903 0 0.694507 0 0.708838 0.299565 
0.874945 0 0.693908 0 0.708603 0.30454 
0.874993 0 0.693353 0 0.708417 0.309375 
0.875044 0 0.69284 0 0.708279 0.314072 
0.875099 0 0.692368 0 0.708187 0.318633 
0.875158 0 0.691935 0 0.708142 0.32306 
0.87522 0 0.691541 0 0.70814 0.327353 
0.875286 0 0.691186 0 0.708183 0.331515 
0.875355 0 0.690866 0 0.708269 0.335546 
0.875426 0 0.690583 0 0.708397 0.339447 
0.8755 0 0.690335 0 0.708567 0.343219 
0.875576 0 0.690121 0 0.708778 0.346861 
0.875654 0 0.689941 0 0.709029 0.350374 
0.875735 0 0.689793 0 0.709319 0.353757 
0.875816 0 0.689678 0 0.709649 0.357011 
0.8759 0 0.689595 0 0.710018 0.360134 
0.875984 0 0.689542 0 0.710424 0.363126 
0.87607 0 0.68952 0 0.710869 0.365986 
0.876156 0 0.689528 0 0.711351 0.368712 
0.876243 0 0.689565 0 0.71187 0.371302 
0.876331 0 0.689632 0 0.712425 0.373756 
0.876418 0 0.689727 0 0.713017 0.37607 
0.876506 0 0.689851 0 0.713645 0.378244 
0.876594 0 0.690003 0 0.714309 0.380274 
0.876681 0 0.690182 0 0.715009 0.382159 
0.876768 0 0.690389 0 0.715744 0.383897 
0.876854 0 0.690623 0 0.716513 0.385484 
0.876939 0 0.690884 0 0.717317 0.386919 
0.877024 0 0.69117 0 0.718155 0.388199 
0.877107 0 0.691483 0 0.719027 0.389323 
0.87719 0 0.691821 0 0.719932 0.390288 
0.877271 0 0.692185 0 0.72087 0.391093 
0.87735 0 0.692572 0 0.721841 0.391736 
0.877428 0 0.692984 0 0.722842 0.392217 
0.877822 0 0.693804 0 0.723957 0.392535 
0.878308 0 0.695002 0 0.725356 0.392689 
0.878757 0 0.696389 0 0.726938 0.39268 
0.879138 0 0.697815 0 0.728588 0.392511 
0.87949 0 0.699246 0 0.730249 0.392184 
0.879819 0 0.700694 0 0.731931 0.391702 
0.880124 0 0.702153 0 0.73363 0.391068 
0.880407 0 0.70362 0 0.735336 0.390288 
0.880668 0 0.70509 0 0.737046 0.389366 
0.880908 0 0.706561 0 0.738756 0.388308 
0.881128 0 0.708033 0 0.740466 0.387121 
0.881329 0 0.709504 0 0.742175 0.38581 
0.881512 0 0.710972 0 0.743882 0.384384 
0.881676 0 0.712436 0 0.745584 0.382849 
0.881823 0 0.713896 0 0.74728 0.381214 
0.881953 0 0.715348 0 0.748969 0.379487 
0.882066 0 0.716793 0 0.75065 0.377677 
0.882163 0 0.718229 0 0.752321 0.375792 
0.882244 0 0.719655 0 0.753981 0.373842 
0.882497 0 0.721232 0 0.75572 0.371836 
0.882915 0 0.722971 0 0.75754 0.369782 
0.883435 0 0.724819 0 0.759416 0.367689 
0.883992 0 0.726718 0 0.761316 0.365569 
0.884546 0 0.728629 0 0.763218 0.363429 
0.885087 0 0.730538 0 0.765111 0.361279 
0.885618 0 0.732448 0 0.766994 0.359128 
0.886151 0 0.734366 0 0.768868 0.356985 
0.886693 0 0.736299 0 0.770737 0.354859 
0.887244 0 0.738247 0 0.772599 0.352758 
0.887802 0 0.74021 0 0.774453 0.35069 
0.888365 0 0.742183 0 0.776295 0.348663 
0.888929 0 0.744163 0 0.778124 0.346684 
0.88949 0 0.746149 0 0.779937 0.344761 
0.890047 0 0.748137 0 0.781732 0.3429 
0.890598 0 0.750127 0 0.783506 0.341106 
0.890884 0 0.751813 0 0.785105 0.339387 
0.890884 0 0.751568 0 0.784677 0.337737 
0.891198 0 0.751413 0 0.784134 0.336174 
0.891626 0 0.75144 0 0.783696 0.33469 
0.892071 0 0.751528 0 0.783305 0.333281 
0.892512 0 0.751605 0 0.7829 0.331948 
0.893018 0 0.751724 0 0.78272 0.33069 
0.893557 0 0.751888 0 0.782719 0.329506 
0.89363 0 0.751956 0 0.782853 0.328394 
0.893628 0 0.752017 0 0.783027 0.327356 
0.89361 0 0.75209 0 0.783222 0.326391 
0.893583 0 0.752167 0 0.783428 0.325498 
0.89355 0 0.752246 0 0.783648 0.324677 
0.893517 0 0.752323 0 0.783881 0.323928 
0.893482 0 0.752398 0 0.784128 0.32325 
0.893448 0 0.75247 0 0.784386 0.322642 
0.893412 0 0.752539 0 0.784656 0.322102 
0.893497 0 0.752494 0 0.78475 0.32163 
0.893686 0 0.752375 0 0.784771 0.321224 
0.893936 0 0.752225 0 0.784773 0.320882 
0.893999 0 0.752026 0 0.784774 0.320601 
0.89408 0 0.751815 0 0.784767 0.320379 
0.894172 0 0.751588 0 0.784747 0.320214 
0.894279 0 0.751343 0 0.78471 0.320103 
0.894268 0 0.75104 0 0.784578 0.320044 
0.894117 0 0.750651 0 0.784343 0.320034 
