0.259391 0 0.383152 0 0.38315 0.500001 
0.259262 0 0.386198 0 0.385969 0.499199 
0.259277 0 0.389364 0 0.388892 0.498047 
0.259353 0 0.392553 0 0.391816 0.496315 
0.259275 0 0.3956 0 0.39446 0.493666 
0.259447 0 0.398995 0 0.397129 0.489643 
0.259233 0 0.401592 0 0.399626 0.483725 
0.259307 0 0.404653 0 0.402113 0.47548 
0.259385 0 0.407627 0 0.404517 0.464763 
0.259462 0 0.410495 0 0.406825 0.451774 
0.259538 0 0.413247 0 0.409023 0.436947 
0.25962 0 0.415879 0 0.411104 0.420776 
0.259253 0 0.417599 0 0.41289 0.403702 
0.259125 0 0.41971 0 0.414518 0.386077 
0.259116 0 0.421904 0 0.416011 0.368164 
0.259174 0 0.424042 0 0.417368 0.350155 
0.259238 0 0.426018 0 0.418566 0.332186 
0.259301 0 0.42782 0 0.419599 0.314354 
0.258945 0 0.428732 0 0.420388 0.296729 
0.258711 0 0.429802 0 0.420933 0.279358 
0.258535 0 0.430847 0 0.421282 0.262276 
0.258357 0 0.431723 0 0.421473 0.245506 
0.258179 0 0.432435 0 0.421513 0.229063 
0.258007 0 0.432997 0 0.421409 0.212957 
0.25753 0 0.432911 0 0.421143 0.197193 
0.257157 0 0.432921 0 0.420674 0.181774 
0.256829 0 0.432888 0 0.420047 0.166701 
0.256526 0 0.43277 0 0.419291 0.151971 
0.256236 0 0.432544 0 0.418422 0.137582 
0.256179 0 0.432409 0 0.417764 0.12353 
0.25624 0 0.432246 0 0.417164 0.10981 
0.25635 0 0.432005 0 0.416535 0.0964182 
0.256416 0 0.431637 0 0.415784 0.0833476 
0.256445 0 0.431153 0 0.414927 0.0705931 
0.256444 0 0.430568 0 0.413974 0.0581484 
0.256425 0 0.429898 0 0.412937 0.0460075 
0.256389 0 0.429151 0 0.411821 0.0341641 
0.256331 0 0.428327 0 0.410629 0.0226119 
0.256255 0 0.427436 0 0.409369 0.0113447 
0.256168 0 0.426491 0 0.408051 0.000356056 
0.256254 0 0.425668 0 0.406875 -0.01036 
0.256457 0 0.424932 0 0.405798 -0.0208099 
0.256735 0 0.42424 0 0.404782 -0.0309993 
0.257067 0 0.42357 0 0.403804 -0.0409343 
0.257436 0 0.422913 0 0.402847 -0.0506205 
0.257829 0 0.422261 0 0.401903 -0.0600635 
0.258245 0 0.421619 0 0.400975 -0.0692686 
0.258688 0 0.420999 0 0.400067 -0.0782411 
0.259157 0 0.420401 0 0.399179 -0.0869859 
0.259643 0 0.41982 0 0.398309 -0.0955078 
0.260148 0 0.419259 0 0.397458 -0.103811 
0.260675 0 0.418729 0 0.396632 -0.111901 
0.261224 0 0.418229 0 0.39583 -0.11978 
0.261787 0 0.417755 0 0.39505 -0.127452 
0.262168 0 0.416893 0 0.394087 -0.134922 
0.262547 0 0.415919 0 0.393077 -0.142192 
0.262947 0 0.414964 0 0.392103 -0.149265 
0.263503 0 0.414147 0 0.391302 -0.156142 
0.264175 0 0.413458 0 0.39063 -0.162827 
0.26494 0 0.412884 0 0.390061 -0.169321 
0.265773 0 0.412405 0 0.389572 -0.175624 
0.266653 0 0.412 0 0.389146 -0.181737 
0.26757 0 0.411666 0 0.388775 -0.187659 
0.268521 0 0.411406 0 0.388457 -0.193391 
0.269499 0 0.411218 0 0.388187 -0.19893 
0.270494 0 0.411093 0 0.387959 -0.204273 
0.271503 0 0.411032 0 0.387773 -0.209418 
0.27253 0 0.411043 0 0.387632 -0.21436 
0.27357 0 0.411124 0 0.387535 -0.219094 
0.274616 0 0.411271 0 0.387478 -0.223614 
0.275666 0 0.411484 0 0.387464 -0.227911 
0.276726 0 0.411775 0 0.387497 -0.231979 
0.277792 0 0.412142 0 0.387579 -0.235806 
0.278857 0 0.412582 0 0.387708 -0.239383 
0.279921 0 0.413097 0 0.387886 -0.242698 
0.280723 0 0.413289 0 0.387872 -0.245737 
0.281286 0 0.413233 0 0.387702 -0.248489 
0.281679 0 0.413048 0 0.387451 -0.250941 
0.281963 0 0.412834 0 0.387171 -0.253079 
0.282182 0 0.412647 0 0.386901 -0.254892 
0.282357 0 0.412504 0 0.38666 -0.256369 
0.282494 0 0.412397 0 0.386459 -0.2575 
0.2826 0 0.412328 0 0.386307 -0.258278 
0.282686 0 0.412303 0 0.386217 -0.258698 
0.282754 0 0.412325 0 0.38619 -0.258757 
0.282706 0 0.412246 0 0.386082 -0.258456 
0.282586 0 0.412148 0 0.385955 -0.257798 
0.282414 0 0.412087 0 0.385847 -0.25679 
0.282211 0 0.412087 0 0.385779 -0.255441 
0.28222 0 0.412355 0 0.386093 -0.253765 
0.282352 0 0.412822 0 0.38663 -0.251776 
0.282551 0 0.413424 0 0.387306 -0.24949 
0.282782 0 0.414122 0 0.388075 -0.246924 
0.283021 0 0.414896 0 0.388912 -0.244098 
0.283263 0 0.415744 0 0.38981 -0.241031 
0.283512 0 0.416667 0 0.390765 -0.237743 
0.283763 0 0.417659 0 0.39177 -0.234252 
0.284011 0 0.418708 0 0.392816 -0.23058 
0.28419 0 0.419711 0 0.393814 -0.226742 
0.284333 0 0.420697 0 0.394813 -0.222757 
0.284458 0 0.421696 0 0.395832 -0.218639 
0.284568 0 0.422715 0 0.396878 -0.214402 
0.284668 0 0.423761 0 0.397951 -0.210057 
0.284766 0 0.424836 0 0.399053 -0.205612 
0.284859 0 0.425936 0 0.400181 -0.201074 
0.284939 0 0.42705 0 0.401329 -0.196444 
0.285007 0 0.428178 0 0.402501 -0.191724 
0.285067 0 0.429324 0 0.403701 -0.186909 
0.285117 0 0.430488 0 0.40493 -0.181994 
0.285149 0 0.431663 0 0.406188 -0.17697 
0.285246 0 0.43294 0 0.407501 -0.171826 
0.285391 0 0.434321 0 0.408887 -0.16655 
0.285565 0 0.435785 0 0.41034 -0.161127 
0.285749 0 0.437308 0 0.411848 -0.155545 
0.285936 0 0.438882 0 0.413408 -0.149789 
0.286129 0 0.440512 0 0.415025 -0.143847 
0.286325 0 0.442195 0 0.416699 -0.13771 
0.286516 0 0.443928 0 0.418428 -0.131369 
0.286704 0 0.445711 0 0.420215 -0.12482 
0.286895 0 0.447553 0 0.422062 -0.118061 
0.287088 0 0.449451 0 0.42397 -0.111093 
0.287277 0 0.451396 0 0.425931 -0.103921 
0.287463 0 0.453387 0 0.427946 -0.0965522 
0.287653 0 0.455428 0 0.430015 -0.0889968 
0.287845 0 0.457513 0 0.432133 -0.0812671 
0.288035 0 0.45963 0 0.434294 -0.0733778 
0.288223 0 0.461776 0 0.436492 -0.0653447 
0.288416 0 0.463951 0 0.438729 -0.057185 
0.288615 0 0.466149 0 0.440996 -0.0489174 
0.288812 0 0.468355 0 0.443285 -0.0405604 
0.28901 0 0.470565 0 0.445593 -0.0321335 
0.289217 0 0.472779 0 0.447916 -0.0236563 
0.289432 0 0.474988 0 0.45025 -0.0151477 
0.289649 0 0.47718 0 0.452585 -0.00662672 
0.289873 0 0.479347 0 0.454917 0.0018885 
0.290109 0 0.481493 0 0.457247 0.010381 
0.29036 0 0.483609 0 0.459569 0.0188353 
0.29062 0 0.485683 0 0.461877 0.0272377 
0.290892 0 0.487713 0 0.464169 0.0355767 
0.291185 0 0.489701 0 0.466449 0.043843 
0.291499 0 0.491645 0 0.468714 0.0520296 
0.291829 0 0.493537 0 0.470962 0.0601315 
0.292177 0 0.495377 0 0.473193 0.0681446 
0.29255 0 0.497175 0 0.475412 0.0760654 
0.292946 0 0.49893 0 0.47762 0.0838896 
0.293357 0 0.500637 0 0.479811 0.0916119 
0.293784 0 0.502298 0 0.481988 0.0992248 
0.294229 0 0.503922 0 0.484151 0.106719 
0.29469 0 0.505507 0 0.486298 0.114085 
0.295157 0 0.507045 0 0.488421 0.12131 
0.295629 0 0.508534 0 0.490519 0.128382 
0.29611 0 0.50998 0 0.492591 0.135288 
0.296596 0 0.511378 0 0.494632 0.142017 
0.297335 0 0.513244 0 0.497159 0.148554 
0.298192 0 0.51517 0 0.499762 0.154888 
0.299067 0 0.516964 0 0.502286 0.161009 
0.300085 0 0.518748 0 0.504883 0.166903 
0.301098 0 0.520462 0 0.507422 0.17256 
0.302108 0 0.522107 0 0.509902 0.177969 
0.303122 0 0.523688 0 0.512326 0.183117 
0.304138 0 0.525204 0 0.514693 0.187992 
0.30515 0 0.526644 0 0.516996 0.192583 
0.306159 0 0.528008 0 0.519235 0.196877 
0.307172 0 0.529304 0 0.521415 0.20086 
0.307984 0 0.530388 0 0.523421 0.204519 
0.308793 0 0.531388 0 0.525359 0.207838 
0.309598 0 0.532302 0 0.527229 0.210804 
0.310407 0 0.533138 0 0.529033 0.213399 
0.311219 0 0.533893 0 0.530768 0.215606 
0.312026 0 0.534556 0 0.532429 0.217407 
0.312831 0 0.535127 0 0.534014 0.218784 
0.31364 0 0.535612 0 0.535526 0.219717 
0.314451 0 0.536008 0 0.536962 0.220185 
0.315257 0 0.536304 0 0.538314 0.220166 
0.315906 0 0.536361 0 0.539561 0.21964 
0.316559 0 0.536318 0 0.540723 0.218582 
0.317212 0 0.536174 0 0.541796 0.216972 
0.317934 0 0.536093 0 0.542334 0.214787 
0.318561 0 0.535866 0 0.542617 0.212007 
0.319059 0 0.535453 0 0.542595 0.208613 
0.319668 0 0.535126 0 0.542409 0.20459 
0.32018 0 0.534534 0 0.542122 0.199929 
0.320813 0 0.534003 0 0.541709 0.194629 
0.321323 0 0.533208 0 0.541133 0.188696 
0.321882 0 0.532348 0 0.540422 0.182147 
0.322337 0 0.531256 0 0.539497 0.175008 
0.322953 0 0.53029 0 0.538447 0.167318 
0.323442 0 0.529035 0 0.537262 0.159123 
0.324094 0 0.527911 0 0.535982 0.150478 
0.324594 0 0.526477 0 0.534576 0.141446 
0.325241 0 0.525166 0 0.53308 0.132092 
0.325728 0 0.523565 0 0.531476 0.122485 
0.326352 0 0.522094 0 0.529803 0.112692 
0.326801 0 0.520352 0 0.528035 0.10278 
0.327346 0 0.518694 0 0.526195 0.0928112 
0.327729 0 0.516836 0 0.524303 0.0828469 
0.328195 0 0.515094 0 0.522381 0.0729429 
0.32849 0 0.513171 0 0.520407 0.063152 
0.328824 0 0.511318 0 0.518404 0.0535241 
0.329155 0 0.5095 0 0.516415 0.0441064 
0.329452 0 0.507693 0 0.514455 0.0349451 
0.329687 0 0.505882 0 0.512523 0.0260858 
0.329847 0 0.504064 0 0.510619 0.0175753 
0.329931 0 0.502256 0 0.508752 0.00946229 
0.329934 0 0.500467 0 0.506935 0.00179853 
0.329848 0 0.498708 0 0.505179 -0.00536025 
0.329679 0 0.496997 0 0.503507 -0.0119534 
0.329437 0 0.495367 0 0.501948 -0.017916 
0.329124 0 0.493838 0 0.500523 -0.0231793 
0.32874 0 0.492424 0 0.499252 -0.027672 
0.328299 0 0.491159 0 0.498159 -0.031324 
0.327861 0 0.490116 0 0.49729 -0.0340701 
0.327425 0 0.489306 0 0.496657 -0.0358543 
0.326984 0 0.488731 0 0.496264 -0.0366366 
0.326658 0 0.48815 0 0.496154 -0.0363964 
0.326397 0 0.487703 0 0.496342 -0.0351369 
0.326138 0 0.487494 0 0.496771 -0.0328856 
0.325874 0 0.487505 0 0.497425 -0.0296945 
0.325692 0 0.488052 0 0.498357 -0.0256356 
0.325604 0 0.48893 0 0.499407 -0.0207954 
0.325561 0 0.490019 0 0.500591 -0.0152709 
0.325539 0 0.491263 0 0.501907 -0.00916371 
0.32553 0 0.492635 0 0.503349 -0.00257511 
0.325498 0 0.494088 0 0.504873 0.00439812 
0.325516 0 0.495621 0 0.506495 0.0116652 
0.32552 0 0.497224 0 0.5082 0.0191436 
0.325549 0 0.498877 0 0.509925 0.0267593 
0.325603 0 0.50057 0 0.511673 0.034447 
0.32568 0 0.502287 0 0.513435 0.0421497 
0.325774 0 0.504011 0 0.515199 0.0498184 
0.325887 0 0.505735 0 0.516955 0.0574115 
0.32603 0 0.507467 0 0.518704 0.0648949 
0.326206 0 0.509204 0 0.520439 0.0722416 
0.326414 0 0.510941 0 0.522157 0.0794319 
0.326663 0 0.512687 0 0.523858 0.0864543 
0.326966 0 0.514459 0 0.525552 0.0933054 
0.327331 0 0.51627 0 0.527245 0.09999 
0.327758 0 0.518125 0 0.528941 0.106521 
0.328255 0 0.520038 0 0.530648 0.112918 
0.32883 0 0.522025 0 0.532378 0.119201 
0.329481 0 0.524089 0 0.534133 0.125392 
0.330193 0 0.526216 0 0.535909 0.131508 
0.330958 0 0.528396 0 0.537702 0.137555 
0.331771 0 0.530622 0 0.539511 0.143536 
0.332616 0 0.532875 0 0.541325 0.149443 
0.333476 0 0.53513 0 0.543131 0.155265 
0.334342 0 0.537371 0 0.544923 0.160985 
0.335212 0 0.539595 0 0.546697 0.166587 
0.336078 0 0.541788 0 0.548447 0.17205 
0.336929 0 0.543934 0 0.550163 0.177355 
0.337763 0 0.546028 0 0.551845 0.18248 
0.338585 0 0.548073 0 0.553493 0.187403 
0.339392 0 0.550066 0 0.555104 0.192104 
0.340176 0 0.551995 0 0.556673 0.196559 
0.340939 0 0.553858 0 0.558198 0.200745 
0.341686 0 0.555664 0 0.559684 0.204638 
0.342418 0 0.557408 0 0.561126 0.208212 
0.343126 0 0.55908 0 0.562519 0.211442 
0.343814 0 0.560679 0 0.563861 0.2143 
0.344488 0 0.562209 0 0.565152 0.216759 
0.345147 0 0.563667 0 0.566387 0.218792 
0.345783 0 0.565039 0 0.567557 0.220372 
0.3464 0 0.566321 0 0.568656 0.221472 
0.347003 0 0.567515 0 0.569682 0.222067 
0.347589 0 0.568615 0 0.570625 0.222135 
0.348153 0 0.569604 0 0.571472 0.221654 
0.348692 0 0.570476 0 0.572214 0.220605 
0.349212 0 0.571233 0 0.572846 0.21897 
0.349708 0 0.571865 0 0.573352 0.216736 
0.350169 0 0.572354 0 0.573715 0.213889 
0.350592 0 0.572695 0 0.573923 0.210416 
0.350979 0 0.572889 0 0.573966 0.206309 
0.35124 0 0.572899 0 0.573749 0.201559 
0.351378 0 0.572704 0 0.573258 0.196164 
0.351397 0 0.572298 0 0.572493 0.19013 
0.351308 0 0.571696 0 0.571464 0.18347 
0.351116 0 0.570905 0 0.570175 0.176214 
0.350821 0 0.569926 0 0.568637 0.168403 
0.350433 0 0.568771 0 0.56687 0.16009 
0.350273 0 0.567981 0 0.564323 0.151337 
0.350352 0 0.567274 0 0.561406 0.142209 
0.350566 0 0.56658 0 0.558314 0.13277 
0.350774 0 0.565748 0 0.555116 0.123083 
0.350983 0 0.564802 0 0.551834 0.113205 
0.351191 0 0.563755 0 0.54848 0.10319 
0.351391 0 0.562612 0 0.545065 0.0930815 
0.351585 0 0.561389 0 0.541603 0.0829208 
0.35178 0 0.560104 0 0.538108 0.0727416 
0.351973 0 0.558767 0 0.53459 0.0625724 
0.352159 0 0.557379 0 0.531053 0.0524374 
0.352338 0 0.555949 0 0.527505 0.0423561 
0.352517 0 0.554493 0 0.523959 0.0323443 
0.352694 0 0.553015 0 0.520416 0.0224145 
0.352863 0 0.551513 0 0.516879 0.0125765 
0.353025 0 0.549994 0 0.513353 0.00283717 
0.353186 0 0.548468 0 0.509844 -0.00679815 
0.353345 0 0.546939 0 0.506355 -0.0163258 
0.353495 0 0.545402 0 0.502883 -0.0257434 
0.353637 0 0.543861 0 0.499432 -0.035049 
0.353727 0 0.542157 0 0.497064 -0.0442412 
0.353798 0 0.54048 0 0.495059 -0.0533177 
0.353932 0 0.538564 0 0.49257 -0.0622756 
0.354076 0 0.536575 0 0.489827 -0.0711121 
0.354242 0 0.534649 0 0.487069 -0.0798226 
0.354156 0 0.532415 0 0.484687 -0.0884024 
0.3542 0 0.530307 0 0.482259 -0.0968454 
0.353996 0 0.527975 0 0.479995 -0.105146 
0.353959 0 0.525823 0 0.477655 -0.113297 
0.354017 0 0.523791 0 0.475325 -0.121295 
0.353794 0 0.521588 0 0.473171 -0.129133 
0.353704 0 0.519506 0 0.470903 -0.13681 
0.35369 0 0.517522 0 0.468626 -0.144322 
0.353401 0 0.515324 0 0.466507 -0.151668 
0.353233 0 0.513277 0 0.464301 -0.158847 
0.352938 0 0.511159 0 0.462115 -0.165861 
0.352727 0 0.509138 0 0.459892 -0.172711 
0.352386 0 0.507057 0 0.457706 -0.179398 
0.352097 0 0.505053 0 0.455491 -0.185924 
0.351816 0 0.5031 0 0.453284 -0.192291 
0.351496 0 0.501141 0 0.451105 -0.198504 
0.351134 0 0.499169 0 0.448914 -0.204563 
0.350702 0 0.497157 0 0.446697 -0.210473 
0.350185 0 0.49509 0 0.444445 -0.216236 
0.349583 0 0.492968 0 0.442157 -0.221855 
0.348809 0 0.490607 0 0.439757 -0.227332 
0.347913 0 0.488075 0 0.437326 -0.232672 
0.346936 0 0.485457 0 0.434913 -0.237875 
0.34591 0 0.482816 0 0.432533 -0.242946 
0.344824 0 0.480159 0 0.430135 -0.247885 
0.343669 0 0.477466 0 0.427706 -0.252696 
0.342451 0 0.474741 0 0.42525 -0.25738 
0.341184 0 0.472003 0 0.42278 -0.261938 
0.339874 0 0.469262 0 0.420305 -0.266372 
0.338523 0 0.466519 0 0.41783 -0.270681 
0.337223 0 0.463749 0 0.415507 -0.274867 
0.335986 0 0.460992 0 0.413299 -0.278928 
0.334786 0 0.458269 0 0.411173 -0.282862 
0.333606 0 0.45558 0 0.40911 -0.286668 
0.333014 0 0.454221 0 0.407777 -0.290341 
0.332631 0 0.453172 0 0.406703 -0.293877 
0.332278 0 0.452087 0 0.405624 -0.297269 
0.33182 0 0.450926 0 0.404559 -0.300508 
0.331255 0 0.449728 0 0.403459 -0.303585 
0.330623 0 0.448521 0 0.402338 -0.306486 
0.329947 0 0.447324 0 0.401212 -0.309197 
0.329335 0 0.446157 0 0.400248 -0.311699 
0.32876 0 0.445037 0 0.399419 -0.313972 
0.328212 0 0.443969 0 0.398705 -0.315994 
0.327677 0 0.442951 0 0.398086 -0.317738 
0.327143 0 0.441976 0 0.397548 -0.319178 
0.326609 0 0.441051 0 0.397094 -0.320284 
0.326078 0 0.440191 0 0.396729 -0.321026 
0.325548 0 0.439401 0 0.396457 -0.321377 
0.325014 0 0.438683 0 0.39628 -0.321308 
0.324476 0 0.438041 0 0.396201 -0.320795 
0.323939 0 0.437489 0 0.396228 -0.319819 
0.3234 0 0.437029 0 0.396363 -0.318362 
0.322854 0 0.436656 0 0.396602 -0.316416 
0.322299 0 0.436373 0 0.39695 -0.313974 
0.321742 0 0.436187 0 0.397411 -0.311037 
0.321338 0 0.436568 0 0.397832 -0.307608 
0.321113 0 0.437288 0 0.398427 -0.303693 
0.320979 0 0.438186 0 0.399178 -0.299301 
0.320836 0 0.439169 0 0.400037 -0.294438 
0.320685 0 0.440257 0 0.401004 -0.289111 
0.320524 0 0.441448 0 0.402079 -0.283323 
0.320355 0 0.442741 0 0.403262 -0.277074 
0.320254 0 0.444234 0 0.404595 -0.270362 
0.3202 0 0.445906 0 0.406084 -0.263184 
0.320168 0 0.447727 0 0.407711 -0.255536 
0.320149 0 0.449682 0 0.40947 -0.247414 
0.320143 0 0.451776 0 0.411362 -0.23882 
0.320148 0 0.454006 0 0.413384 -0.229758 
0.320156 0 0.456364 0 0.41553 -0.22024 
0.320168 0 0.458845 0 0.417799 -0.210284 
0.320192 0 0.461453 0 0.420188 -0.199915 
0.320225 0 0.464175 0 0.42269 -0.189163 
0.320263 0 0.466998 0 0.425291 -0.178065 
0.320306 0 0.46991 0 0.427983 -0.16666 
0.320363 0 0.472906 0 0.43076 -0.15499 
0.320433 0 0.475973 0 0.433607 -0.1431 
0.320512 0 0.479089 0 0.43651 -0.131033 
0.320601 0 0.482242 0 0.439458 -0.118833 
0.320709 0 0.485425 0 0.442443 -0.10654 
0.320837 0 0.488623 0 0.445452 -0.0941943 
0.320981 0 0.491815 0 0.448471 -0.0818329 
0.321143 0 0.494991 0 0.451492 -0.0694899 
0.321333 0 0.498147 0 0.454509 -0.0571965 
0.321552 0 0.501271 0 0.457513 -0.0449816 
0.321793 0 0.504349 0 0.460495 -0.032871 
0.32206 0 0.507376 0 0.463452 -0.0208883 
0.322359 0 0.510356 0 0.466381 -0.00905415 
0.322687 0 0.513284 0 0.46928 0.00261233 
0.323035 0 0.516152 0 0.472142 0.0140949 
0.323404 0 0.518962 0 0.474966 0.0253793 
0.323797 0 0.521718 0 0.477752 0.0364539 
0.324208 0 0.52442 0 0.480498 0.0473085 
0.324629 0 0.52706 0 0.483197 0.0579353 
0.325059 0 0.529637 0 0.485849 0.068328 
0.325502 0 0.532157 0 0.488455 0.0784815 
0.325954 0 0.534618 0 0.491012 0.0883922 
0.326406 0 0.537011 0 0.493517 0.0980571 
0.32686 0 0.539335 0 0.495968 0.107474 
0.327319 0 0.541599 0 0.498368 0.116641 
0.327782 0 0.543799 0 0.500717 0.125557 
0.328242 0 0.545929 0 0.50301 0.13422 
0.328699 0 0.547988 0 0.505248 0.142629 
0.32916 0 0.549984 0 0.507435 0.150782 
0.329622 0 0.551914 0 0.509569 0.158678 
0.330078 0 0.553772 0 0.511648 0.166314 
0.330531 0 0.555558 0 0.513671 0.173687 
0.330985 0 0.55728 0 0.515642 0.180795 
0.33144 0 0.558934 0 0.517561 0.187633 
0.331889 0 0.560514 0 0.519423 0.194197 
0.332333 0 0.562019 0 0.521229 0.200482 
0.332778 0 0.563457 0 0.522982 0.20648 
0.333222 0 0.564825 0 0.524681 0.212186 
0.33366 0 0.566115 0 0.526321 0.217591 
0.334093 0 0.567326 0 0.527902 0.222686 
0.334754 0 0.568933 0 0.52993 0.22746 
0.335491 0 0.570528 0 0.531943 0.231904 
0.336332 0 0.572032 0 0.533951 0.236006 
0.337173 0 0.573454 0 0.535894 0.239754 
0.338019 0 0.574801 0 0.537775 0.243135 
0.338871 0 0.576071 0 0.539593 0.246137 
0.33972 0 0.577256 0 0.541343 0.248747 
0.340569 0 0.578355 0 0.543026 0.250952 
0.341424 0 0.579376 0 0.544646 0.252742 
0.342283 0 0.580318 0 0.546202 0.254108 
0.343141 0 0.581173 0 0.547689 0.255043 
0.343998 0 0.581943 0 0.54911 0.255543 
0.344862 0 0.582636 0 0.550471 0.255608 
0.34573 0 0.583254 0 0.551771 0.255244 
0.34647 0 0.583713 0 0.552954 0.254461 
0.347143 0 0.584042 0 0.55406 0.253275 
0.347886 0 0.584301 0 0.555091 0.251709 
0.348668 0 0.584617 0 0.556068 0.249793 
0.349478 0 0.584921 0 0.556989 0.247561 
0.350313 0 0.585203 0 0.557865 0.245055 
0.351185 0 0.585492 0 0.558722 0.24232 
0.352061 0 0.585766 0 0.559557 0.239406 
0.352965 0 0.586052 0 0.560399 0.236362 
0.353936 0 0.58642 0 0.561262 0.233238 
0.354977 0 0.586882 0 0.562168 0.230079 
0.356077 0 0.58743 0 0.563117 0.226926 
0.357221 0 0.588048 0 0.564104 0.22381 
0.358402 0 0.588729 0 0.56513 0.220756 
0.359618 0 0.589474 0 0.566198 0.21778 
0.360861 0 0.590275 0 0.567307 0.214887 
0.362117 0 0.591114 0 0.568449 0.212078 
0.363382 0 0.591982 0 0.569622 0.209346 
0.364657 0 0.592879 0 0.570826 0.20668 
0.365935 0 0.593794 0 0.572055 0.204066 
0.367205 0 0.59471 0 0.573302 0.201488 
0.368466 0 0.595621 0 0.574563 0.198929 
0.369723 0 0.596529 0 0.575839 0.196371 
0.37097 0 0.597426 0 0.577126 0.193799 
0.372202 0 0.5983 0 0.578416 0.191197 
0.373416 0 0.599147 0 0.579708 0.188551 
0.37462 0 0.599972 0 0.581005 0.185848 
0.375644 0 0.600684 0 0.581498 0.183078 
0.376546 0 0.601261 0 0.581472 0.180229 
0.377366 0 0.60178 0 0.581202 0.177293 
0.37813 0 0.601937 0 0.58127 0.174263 
0.378873 0 0.601992 0 0.581446 0.171134 
0.379593 0 0.60199 0 0.581639 0.167902 
0.380391 0 0.60209 0 0.581821 0.164567 
0.381198 0 0.60219 0 0.582006 0.16113 
0.382001 0 0.602272 0 0.582167 0.157592 
0.382787 0 0.602319 0 0.582289 0.153959 
0.383553 0 0.602328 0 0.582369 0.150234 
0.384306 0 0.60231 0 0.582414 0.146425 
0.385046 0 0.602268 0 0.582424 0.142538 
0.385768 0 0.602193 0 0.582398 0.138582 
0.386472 0 0.602089 0 0.582338 0.134564 
0.387165 0 0.601964 0 0.582248 0.130492 
0.387848 0 0.601817 0 0.582128 0.126377 
0.388513 0 0.601642 0 0.581974 0.122225 
0.389162 0 0.601439 0 0.581788 0.118044 
0.389802 0 0.60122 0 0.581576 0.113843 
0.390432 0 0.600983 0 0.581337 0.109626 
0.391047 0 0.600722 0 0.581067 0.1054 
0.391647 0 0.600437 0 0.580768 0.101168 
0.392241 0 0.600137 0 0.580444 0.096933 
0.392827 0 0.599822 0 0.580092 0.0926945 
0.393399 0 0.599482 0 0.57971 0.0884513 
0.393959 0 0.599117 0 0.579295 0.0841996 
0.394515 0 0.598734 0 0.57885 0.0799332 
0.395066 0 0.59833 0 0.578372 0.0756431 
0.395605 0 0.597894 0 0.577853 0.071318 
0.396135 0 0.597424 0 0.57729 0.066944 
0.396663 0 0.596923 0 0.576685 0.062505 
0.397188 0 0.596387 0 0.57603 0.0579833 
0.397704 0 0.595802 0 0.575318 0.0533602 
0.398213 0 0.595166 0 0.574545 0.0486169 
0.398725 0 0.594487 0 0.573714 0.0437362 
0.399235 0 0.593755 0 0.572819 0.0387032 
0.399755 0 0.59298 0 0.571861 0.0335071 
0.40026 0 0.592137 0 0.570839 0.0281418 
0.400801 0 0.591278 0 0.569766 0.0226069 
0.401322 0 0.590353 0 0.568638 0.0169072 
0.401896 0 0.589431 0 0.567469 0.0110528 
0.402427 0 0.588429 0 0.566255 0.00505788 
0.403016 0 0.58746 0 0.564991 -0.00106011 
0.403556 0 0.586408 0 0.563704 -0.00728151 
0.404133 0 0.585374 0 0.562367 -0.0135856 
0.404652 0 0.58426 0 0.561012 -0.0199516 
0.405205 0 0.583158 0 0.559612 -0.0263588 
0.405713 0 0.582017 0 0.558217 -0.0327875 
0.406245 0 0.580905 0 0.556796 -0.0392194 
0.406728 0 0.579746 0 0.555372 -0.0456372 
0.407232 0 0.578611 0 0.553928 -0.0520255 
0.407694 0 0.577451 0 0.552489 -0.0583702 
0.408168 0 0.576321 0 0.551042 -0.064659 
0.4086 0 0.575171 0 0.549602 -0.0708811 
0.409042 0 0.574047 0 0.548157 -0.077027 
0.409454 0 0.57293 0 0.546734 -0.0830892 
0.409861 0 0.571833 0 0.545314 -0.0890615 
0.410234 0 0.570733 0 0.543898 -0.0949391 
0.410612 0 0.569662 0 0.542485 -0.100719 
0.410961 0 0.568601 0 0.541087 -0.1064 
0.411279 0 0.567541 0 0.539689 -0.111983 
0.411593 0 0.5665 0 0.538287 -0.117468 
0.411879 0 0.565475 0 0.536905 -0.122862 
0.412137 0 0.564455 0 0.53552 -0.128168 
0.412392 0 0.56345 0 0.534125 -0.133396 
0.4126 0 0.562436 0 0.532734 -0.138556 
0.412785 0 0.561424 0 0.531331 -0.143658 
0.412976 0 0.560428 0 0.529912 -0.148716 
0.413098 0 0.559402 0 0.528488 -0.153744 
0.413235 0 0.558404 0 0.527042 -0.158758 
0.41329 0 0.557354 0 0.525577 -0.163772 
0.413372 0 0.55632 0 0.524071 -0.168797 
0.413457 0 0.555283 0 0.52254 -0.173846 
0.413395 0 0.554141 0 0.520979 -0.178924 
0.41338 0 0.553039 0 0.519369 -0.184033 
0.413233 0 0.551842 0 0.517724 -0.189172 
0.413138 0 0.550674 0 0.516016 -0.194333 
0.413067 0 0.549523 0 0.514289 -0.199506 
0.413012 0 0.548391 0 0.512563 -0.204678 
0.412707 0 0.547066 0 0.510896 -0.209837 
0.412273 0 0.545407 0 0.508874 -0.214967 
0.411545 0 0.543369 0 0.506666 -0.220056 
0.410652 0 0.541065 0 0.504325 -0.225091 
0.409668 0 0.538627 0 0.501929 -0.230063 
0.408682 0 0.536218 0 0.499564 -0.234963 
0.407693 0 0.533841 0 0.497231 -0.239782 
0.406708 0 0.531505 0 0.494934 -0.244515 
0.405727 0 0.529209 0 0.492674 -0.249156 
0.404698 0 0.526928 0 0.490414 -0.253702 
0.403667 0 0.524683 0 0.488188 -0.258148 
0.402627 0 0.52248 0 0.485989 -0.262492 
0.40159 0 0.520324 0 0.483825 -0.266731 
0.4006 0 0.518163 0 0.4817 -0.270862 
0.399644 0 0.51602 0 0.479618 -0.274883 
0.399258 0 0.515018 0 0.4785 -0.278791 
0.399115 0 0.514272 0 0.477673 -0.282582 
0.398969 0 0.513527 0 0.476891 -0.286253 
0.398821 0 0.512796 0 0.476144 -0.289797 
0.398676 0 0.512084 0 0.475433 -0.29321 
0.39853 0 0.511386 0 0.474756 -0.296483 
0.398171 0 0.510396 0 0.473884 -0.299607 
0.397648 0 0.509157 0 0.472826 -0.302571 
0.39696 0 0.507776 0 0.471619 -0.30536 
0.396161 0 0.506355 0 0.470349 -0.307957 
0.395286 0 0.504939 0 0.469067 -0.310343 
0.394358 0 0.503549 0 0.467803 -0.312495 
0.393399 0 0.502202 0 0.466571 -0.314387 
0.392414 0 0.500906 0 0.465375 -0.315988 
0.391405 0 0.499666 0 0.464224 -0.317265 
0.390377 0 0.498493 0 0.463127 -0.318184 
0.38934 0 0.49741 0 0.462102 -0.318707 
0.388295 0 0.496424 0 0.461158 -0.318796 
0.387239 0 0.495542 0 0.460303 -0.318414 
0.386315 0 0.494637 0 0.459769 -0.317523 
0.385514 0 0.493845 0 0.459488 -0.31609 
0.384714 0 0.493199 0 0.459337 -0.314084 
0.383911 0 0.4927 0 0.459322 -0.311477 
0.383104 0 0.492356 0 0.459448 -0.308241 
0.3823 0 0.492181 0 0.459728 -0.304353 
0.38158 0 0.492158 0 0.460248 -0.29979 
0.381124 0 0.492832 0 0.460926 -0.294527 
0.380879 0 0.493994 0 0.46193 -0.288542 
0.380753 0 0.495447 0 0.463198 -0.281813 
0.380647 0 0.497067 0 0.464681 -0.27432 
0.380548 0 0.498862 0 0.466367 -0.266054 
0.380455 0 0.500839 0 0.468253 -0.257013 
0.380405 0 0.503073 0 0.470309 -0.24721 
0.380391 0 0.505537 0 0.472565 -0.236674 
0.380399 0 0.508193 0 0.475007 -0.225451 
0.380425 0 0.511015 0 0.477619 -0.2136 
0.380473 0 0.51399 0 0.480386 -0.201196 
0.380544 0 0.517096 0 0.483289 -0.188319 
0.380632 0 0.520303 0 0.486304 -0.175058 
0.38074 0 0.523587 0 0.489409 -0.161502 
0.380878 0 0.526931 0 0.492587 -0.147739 
0.381045 0 0.530309 0 0.495816 -0.133851 
0.381235 0 0.533694 0 0.499072 -0.119915 
0.381451 0 0.537069 0 0.502341 -0.105998 
0.381696 0 0.540429 0 0.505611 -0.0921597 
0.381969 0 0.543761 0 0.508871 -0.0784482 
0.382261 0 0.547051 0 0.512106 -0.0649041 
0.38257 0 0.550292 0 0.51531 -0.0515591 
0.3829 0 0.553488 0 0.51848 -0.0384376 
0.383246 0 0.556632 0 0.521609 -0.0255583 
0.3836 0 0.559715 0 0.524688 -0.0129346 
0.38396 0 0.562734 0 0.527715 -0.000575899 
0.384331 0 0.565693 0 0.530691 0.0115112 
0.384709 0 0.568589 0 0.533611 0.0233227 
0.385087 0 0.571413 0 0.536471 0.0348562 
0.385465 0 0.574164 0 0.539271 0.0461109 
0.385849 0 0.57685 0 0.542013 0.0570865 
0.386235 0 0.579467 0 0.544695 0.0677837 
0.386618 0 0.582008 0 0.547315 0.0782032 
0.386997 0 0.584475 0 0.549873 0.0883464 
0.38738 0 0.586874 0 0.552373 0.0982144 
0.387764 0 0.589204 0 0.554813 0.107809 
0.388144 0 0.591457 0 0.557192 0.11713 
0.388519 0 0.593635 0 0.55951 0.126179 
0.388897 0 0.595746 0 0.561772 0.134956 
0.389275 0 0.597787 0 0.563975 0.143462 
0.389648 0 0.599752 0 0.566118 0.151695 
0.390016 0 0.601642 0 0.568202 0.159655 
0.390386 0 0.603463 0 0.57023 0.16734 
0.390757 0 0.605215 0 0.572202 0.174747 
0.391122 0 0.60689 0 0.574114 0.181874 
0.391482 0 0.608489 0 0.575967 0.188717 
0.391843 0 0.610018 0 0.577765 0.19527 
0.392205 0 0.611476 0 0.579506 0.201531 
0.39256 0 0.612855 0 0.581187 0.207492 
0.39291 0 0.614156 0 0.582809 0.21315 
0.393262 0 0.615386 0 0.584376 0.2185 
0.393614 0 0.616544 0 0.585886 0.223538 
0.394099 0 0.617915 0 0.587712 0.228263 
0.394665 0 0.619322 0 0.589569 0.232676 
0.39526 0 0.620651 0 0.591352 0.236783 
0.395955 0 0.621958 0 0.593154 0.240595 
0.396571 0 0.623166 0 0.594869 0.244133 
0.397267 0 0.624362 0 0.596573 0.247422 
0.39797 0 0.625521 0 0.598248 0.250498 
0.39868 0 0.626652 0 0.599901 0.253406 
0.399439 0 0.627857 0 0.601584 0.256197 
0.400265 0 0.629125 0 0.603294 0.258926 
0.401176 0 0.630526 0 0.604976 0.261646 
0.402167 0 0.632042 0 0.606682 0.264404 
0.403224 0 0.633658 0 0.608429 0.267236 
0.404338 0 0.635364 0 0.610219 0.270162 
0.405502 0 0.637154 0 0.612053 0.273189 
0.406702 0 0.63901 0 0.613923 0.276314 
0.407921 0 0.640906 0 0.615819 0.279524 
0.409148 0 0.642825 0 0.617736 0.282799 
0.410383 0 0.644762 0 0.619669 0.286118 
0.411616 0 0.646703 0 0.621613 0.289461 
0.412836 0 0.64863 0 0.623562 0.292806 
0.414041 0 0.650538 0 0.625514 0.296132 
0.415235 0 0.652433 0 0.627473 0.29942 
0.416414 0 0.654311 0 0.629437 0.302653 
0.417573 0 0.656164 0 0.631407 0.305813 
0.418711 0 0.657995 0 0.633384 0.308884 
0.419835 0 0.659813 0 0.635376 0.31185 
0.420944 0 0.66162 0 0.637386 0.314697 
0.422031 0 0.663412 0 0.639413 0.31741 
0.423099 0 0.665191 0 0.641463 0.319975 
0.424155 0 0.66697 0 0.643541 0.322377 
0.425197 0 0.668747 0 0.645648 0.324604 
0.426221 0 0.670516 0 0.647781 0.326644 
0.427229 0 0.672277 0 0.64994 0.328484 
0.428227 0 0.674036 0 0.652126 0.330115 
0.429215 0 0.675789 0 0.654334 0.331529 
0.430188 0 0.677524 0 0.656557 0.332722 
0.431147 0 0.679238 0 0.658791 0.333689 
0.4321 0 0.680936 0 0.661033 0.334431 
0.433045 0 0.682612 0 0.663279 0.334951 
0.433978 0 0.684253 0 0.665519 0.335256 
0.434899 0 0.685858 0 0.66775 0.335355 
0.435817 0 0.687432 0 0.669973 0.335259 
0.436729 0 0.688972 0 0.672183 0.334984 
0.43763 0 0.690469 0 0.674375 0.334546 
0.438522 0 0.691922 0 0.676547 0.333965 
0.439411 0 0.69334 0 0.678703 0.333259 
0.440296 0 0.694722 0 0.68084 0.33245 
0.441171 0 0.69606 0 0.682956 0.331559 
0.442037 0 0.697356 0 0.685052 0.330607 
0.442901 0 0.69862 0 0.687132 0.329616 
0.443762 0 0.699852 0 0.689195 0.328606 
0.444612 0 0.701044 0 0.691241 0.327597 
0.445455 0 0.7022 0 0.69327 0.326607 
0.446295 0 0.703329 0 0.695288 0.325653 
0.447132 0 0.704431 0 0.697295 0.324753 
0.447771 0 0.70546 0 0.698749 0.323921 
0.448223 0 0.706403 0 0.69972 0.323168 
0.448537 0 0.707284 0 0.700394 0.322506 
0.448768 0 0.708106 0 0.700958 0.321944 
0.448997 0 0.708915 0 0.701521 0.321488 
0.449224 0 0.709715 0 0.702085 0.321146 
0.449456 0 0.710515 0 0.702657 0.32092 
0.449744 0 0.711205 0 0.703477 0.320815 
0.450082 0 0.711906 0 0.704409 0.320833 
0.450459 0 0.712636 0 0.705398 0.320975 
0.450869 0 0.713399 0 0.706424 0.32124 
0.451304 0 0.714187 0 0.707477 0.321628 
0.451654 0 0.714873 0 0.708428 0.322138 
0.451922 0 0.715479 0 0.709279 0.322765 
0.452129 0 0.716038 0 0.71006 0.323508 
0.452294 0 0.716565 0 0.710797 0.32436 
0.452421 0 0.71706 0 0.7115 0.325319 
0.45252 0 0.71753 0 0.712173 0.326378 
0.452599 0 0.717987 0 0.712818 0.327531 
0.452738 0 0.71853 0 0.71349 0.328774 
0.452905 0 0.719106 0 0.714183 0.330099 
0.453085 0 0.719696 0 0.714884 0.331501 
0.453275 0 0.720296 0 0.715586 0.332974 
0.453468 0 0.720898 0 0.716279 0.334512 
0.453654 0 0.721493 0 0.716956 0.336108 
0.453833 0 0.722079 0 0.717617 0.337755 
0.454013 0 0.722666 0 0.718265 0.339449 
0.454192 0 0.723252 0 0.718898 0.341184 
0.454363 0 0.723828 0 0.719511 0.342953 
0.454528 0 0.724393 0 0.720105 0.344751 
0.454693 0 0.724957 0 0.720684 0.346572 
0.454858 0 0.725518 0 0.721246 0.348412 
0.455015 0 0.726067 0 0.721787 0.350265 
0.455166 0 0.726605 0 0.722306 0.352126 
0.455319 0 0.727141 0 0.72281 0.353991 
0.455472 0 0.727672 0 0.723295 0.355855 
0.455618 0 0.728191 0 0.723758 0.357713 
0.45576 0 0.728699 0 0.724198 0.359562 
0.455903 0 0.729203 0 0.724622 0.361396 
0.456047 0 0.729703 0 0.725027 0.363211 
0.456185 0 0.730191 0 0.725408 0.365004 
0.456318 0 0.730667 0 0.725768 0.36677 
0.456454 0 0.73114 0 0.726109 0.368505 
0.456523 0 0.731543 0 0.726349 0.370204 
0.456546 0 0.731873 0 0.726538 0.371862 
0.456545 0 0.732173 0 0.726684 0.373475 
0.456538 0 0.732451 0 0.726819 0.375038 
0.456527 0 0.73271 0 0.726949 0.376544 
0.456507 0 0.732945 0 0.727068 0.377988 
0.45648 0 0.73316 0 0.727175 0.379362 
0.456454 0 0.733368 0 0.727249 0.380658 
0.456419 0 0.733566 0 0.727282 0.381867 
0.456371 0 0.733748 0 0.727276 0.382979 
0.456311 0 0.733914 0 0.727233 0.383979 
0.456245 0 0.734072 0 0.727156 0.384854 
0.45617 0 0.734217 0 0.727038 0.385584 
0.456075 0 0.734339 0 0.726868 0.386146 
0.45596 0 0.734436 0 0.726637 0.386512 
0.455961 0 0.734585 0 0.726525 0.386649 
0.456044 0 0.734773 0 0.726479 0.386512 
0.45618 0 0.734978 0 0.726455 0.38605 
0.456354 0 0.735182 0 0.726425 0.385197 
0.456561 0 0.735377 0 0.726367 0.383877 
0.456793 0 0.735545 0 0.726261 0.382 
0.457041 0 0.735664 0 0.726082 0.379465 
0.457306 0 0.735716 0 0.725815 0.376168 
0.457593 0 0.735691 0 0.725444 0.372014 
0.457908 0 0.735572 0 0.724952 0.366924 
0.458236 0 0.73532 0 0.72431 0.360854 
0.458598 0 0.73494 0 0.723511 0.353802 
0.458964 0 0.734381 0 0.722525 0.345807 
0.459396 0 0.733701 0 0.721373 0.336944 
0.4598 0 0.73279 0 0.720002 0.327315 
0.460281 0 0.731758 0 0.718457 0.317034 
0.460686 0 0.730449 0 0.716666 0.306217 
0.461242 0 0.729128 0 0.714703 0.294974 
0.4616 0 0.727409 0 0.712553 0.283407 
0.462102 0 0.725671 0 0.710184 0.271603 
0.462693 0 0.723854 0 0.707645 0.259638 
0.463081 0 0.721692 0 0.705013 0.247574 
0.463599 0 0.719556 0 0.702208 0.235464 
0.464031 0 0.71721 0 0.699276 0.223353 
0.464562 0 0.714857 0 0.696269 0.211277 
0.46491 0 0.712257 0 0.693195 0.199265 
0.465378 0 0.709713 0 0.689997 0.187343 
0.465894 0 0.707157 0 0.686735 0.175531 
0.466415 0 0.704564 0 0.683443 0.163846 
0.466766 0 0.701847 0 0.680213 0.152303 
0.467217 0 0.699216 0 0.676891 0.140914 
0.467611 0 0.696519 0 0.673553 0.129689 
0.468076 0 0.693891 0 0.67023 0.118636 
0.468396 0 0.691191 0 0.666899 0.107764 
0.468795 0 0.688566 0 0.663545 0.0970788 
0.469235 0 0.685998 0 0.660211 0.086585 
0.469524 0 0.683378 0 0.656981 0.0762874 
0.469535 0 0.680438 0 0.653261 0.0661898 
0.469268 0 0.677238 0 0.649445 0.0562949 
0.468855 0 0.673903 0 0.645593 0.0466049 
0.468362 0 0.670548 0 0.641786 0.0371214 
0.467872 0 0.667265 0 0.638051 0.0278459 
0.467378 0 0.664048 0 0.634386 0.0187791 
0.466882 0 0.660902 0 0.630796 0.00992143 
0.46639 0 0.657835 0 0.627283 0.00127266 
0.4659 0 0.654848 0 0.623848 -0.00716788 
0.465406 0 0.651934 0 0.620487 -0.0154014 
0.464825 0 0.648966 0 0.617147 -0.0234301 
0.464182 0 0.645942 0 0.613822 -0.0312566 
0.463491 0 0.642882 0 0.610525 -0.0388849 
0.462904 0 0.639995 0 0.60735 -0.0463198 
0.462376 0 0.63723 0 0.604283 -0.0535675 
0.461883 0 0.634556 0 0.601302 -0.0606356 
0.461405 0 0.63195 0 0.598396 -0.0675331 
0.460927 0 0.629395 0 0.595555 -0.0742708 
0.460444 0 0.626885 0 0.592774 -0.0808611 
0.459957 0 0.624415 0 0.590049 -0.0873184 
0.459461 0 0.621974 0 0.587373 -0.0936589 
0.458946 0 0.619546 0 0.584735 -0.0999003 
0.458408 0 0.617122 0 0.582132 -0.106061 
0.457852 0 0.614703 0 0.579561 -0.112161 
0.457271 0 0.61228 0 0.577013 -0.118219 
0.456656 0 0.609838 0 0.574482 -0.124253 
0.456007 0 0.607372 0 0.571963 -0.130278 
0.455327 0 0.604884 0 0.569455 -0.136305 
0.454616 0 0.602371 0 0.566953 -0.14234 
0.453867 0 0.599825 0 0.564454 -0.148387 
0.453085 0 0.59725 0 0.561959 -0.154442 
0.452278 0 0.594658 0 0.559473 -0.160496 
0.45145 0 0.592055 0 0.556997 -0.16654 
0.451008 0 0.59002 0 0.555007 -0.172561 
0.450808 0 0.588337 0 0.553301 -0.178546 
0.450769 0 0.586821 0 0.55176 -0.184482 
0.450733 0 0.585352 0 0.550256 -0.190355 
0.450694 0 0.583923 0 0.548788 -0.196157 
0.450611 0 0.582483 0 0.54731 -0.201878 
0.450498 0 0.581022 0 0.545837 -0.20751 
0.450361 0 0.579541 0 0.544375 -0.213047 
0.4502 0 0.578048 0 0.542933 -0.218485 
0.45014 0 0.576713 0 0.541628 -0.223819 
0.450148 0 0.575494 0 0.54043 -0.229049 
0.450192 0 0.574348 0 0.539303 -0.234172 
0.450252 0 0.57325 0 0.538228 -0.239186 
0.45032 0 0.572193 0 0.537202 -0.244091 
0.450399 0 0.571181 0 0.536225 -0.248887 
0.450486 0 0.570212 0 0.535297 -0.253575 
0.450574 0 0.569275 0 0.534413 -0.258154 
0.450595 0 0.568182 0 0.533374 -0.262624 
0.450606 0 0.567044 0 0.532303 -0.266988 
0.450598 0 0.565916 0 0.53122 -0.271245 
0.450556 0 0.5648 0 0.53013 -0.275395 
0.450474 0 0.563695 0 0.529041 -0.279439 
0.450294 0 0.562554 0 0.527933 -0.283377 
0.450013 0 0.561348 0 0.526775 -0.287209 
0.449628 0 0.560063 0 0.525549 -0.290934 
0.449142 0 0.558706 0 0.524256 -0.29455 
0.448566 0 0.557292 0 0.522906 -0.298056 
0.447906 0 0.55583 0 0.521506 -0.301449 
0.447162 0 0.554323 0 0.520062 -0.304722 
0.446342 0 0.552779 0 0.518583 -0.307871 
0.445461 0 0.551217 0 0.517081 -0.310887 
0.444688 0 0.549613 0 0.515791 -0.313758 
0.443958 0 0.547979 0 0.51467 -0.316471 
0.443374 0 0.54669 0 0.513513 -0.319006 
0.443049 0 0.545742 0 0.512532 -0.321341 
0.442882 0 0.545018 0 0.511716 -0.323448 
0.442797 0 0.544436 0 0.511023 -0.32529 
0.442756 0 0.543964 0 0.510432 -0.326825 
0.442746 0 0.543605 0 0.509944 -0.328001 
0.442757 0 0.54336 0 0.509565 -0.328759 
0.442776 0 0.543232 0 0.509303 -0.329027 
0.442803 0 0.543233 0 0.509174 -0.328725 
0.442842 0 0.543388 0 0.509199 -0.327759 
0.442891 0 0.543718 0 0.509398 -0.326023 
0.442945 0 0.544243 0 0.509793 -0.323399 
0.443005 0 0.544994 0 0.510413 -0.319756 
0.44308 0 0.546008 0 0.511292 -0.314957 
0.44317 0 0.547315 0 0.512457 -0.308868 
0.44327 0 0.548936 0 0.513932 -0.301375 
0.443385 0 0.550891 0 0.515738 -0.29241 
0.443524 0 0.553192 0 0.517882 -0.281974 
0.443687 0 0.555824 0 0.520352 -0.270151 
0.44387 0 0.55875 0 0.523117 -0.257102 
0.444077 0 0.561927 0 0.526137 -0.243044 
0.444313 0 0.565313 0 0.529367 -0.228222 
0.444577 0 0.568855 0 0.532757 -0.212874 
0.44486 0 0.572499 0 0.536258 -0.197209 
0.445162 0 0.576209 0 0.539834 -0.181403 
0.445485 0 0.579959 0 0.543454 -0.165591 
0.445827 0 0.583722 0 0.547093 -0.149875 
0.446177 0 0.587472 0 0.550728 -0.134328 
0.446535 0 0.591193 0 0.554344 -0.119004 
0.446904 0 0.594882 0 0.557932 -0.10394 
0.447282 0 0.598526 0 0.561481 -0.0891592 
0.44766 0 0.602113 0 0.564983 -0.0746784 
0.448038 0 0.605636 0 0.568432 -0.0605077 
0.448422 0 0.609099 0 0.571829 -0.0466523 
0.44881 0 0.612496 0 0.575168 -0.0331147 
0.449194 0 0.61582 0 0.578445 -0.0198949 
0.449575 0 0.619068 0 0.581661 -0.00699154 
0.44996 0 0.622246 0 0.584817 0.00559798 
0.450347 0 0.625353 0 0.58791 0.0178771 
0.450728 0 0.628379 0 0.590939 0.0298497 
0.451106 0 0.631327 0 0.593904 0.0415199 
0.451486 0 0.634202 0 0.596809 0.0528916 
0.451867 0 0.637004 0 0.599652 0.0639692 
0.452243 0 0.639725 0 0.602432 0.0747568 
0.452615 0 0.642366 0 0.605151 0.0852584 
0.452989 0 0.644936 0 0.607811 0.0954778 
0.453363 0 0.647431 0 0.610412 0.105419 
0.453732 0 0.649848 0 0.612953 0.115084 
0.454096 0 0.652184 0 0.615434 0.124476 
0.454463 0 0.65445 0 0.617861 0.133599 
0.454829 0 0.656644 0 0.620232 0.142453 
0.45519 0 0.658758 0 0.622545 0.151041 
0.455547 0 0.660794 0 0.624803 0.159365 
0.455905 0 0.66276 0 0.627008 0.167425 
0.456263 0 0.664655 0 0.629161 0.175223 
0.456615 0 0.666473 0 0.631261 0.182762 
0.457128 0 0.668579 0 0.633712 0.190044 
0.457722 0 0.670701 0 0.636162 0.197073 
0.458337 0 0.67271 0 0.638512 0.203856 
0.459026 0 0.674665 0 0.640858 0.210401 
0.459666 0 0.676549 0 0.643132 0.216722 
0.460315 0 0.678388 0 0.645369 0.222835 
0.46097 0 0.680185 0 0.647571 0.228761 
0.461626 0 0.681938 0 0.649743 0.234524 
0.46233 0 0.683672 0 0.65189 0.240151 
0.463189 0 0.685611 0 0.654044 0.245665 
0.464167 0 0.687687 0 0.656212 0.25109 
0.465227 0 0.689838 0 0.658379 0.256442 
0.466346 0 0.692038 0 0.660545 0.261731 
0.467513 0 0.694276 0 0.66271 0.266961 
0.468714 0 0.696538 0 0.664873 0.272133 
0.46993 0 0.698802 0 0.667029 0.277244 
0.471152 0 0.701054 0 0.669175 0.282288 
0.47238 0 0.703292 0 0.67131 0.287261 
0.473604 0 0.705505 0 0.673433 0.292158 
0.474814 0 0.70768 0 0.675543 0.296974 
0.476008 0 0.709815 0 0.67764 0.301704 
0.477191 0 0.711919 0 0.679732 0.306346 
0.478361 0 0.713993 0 0.681821 0.310896 
0.479509 0 0.71603 0 0.683908 0.315352 
0.480637 0 0.718036 0 0.686001 0.319712 
0.481752 0 0.720025 0 0.688109 0.323974 
0.482853 0 0.722001 0 0.690236 0.328138 
0.483932 0 0.723963 0 0.692389 0.332201 
0.484993 0 0.725917 0 0.694575 0.336164 
0.486043 0 0.72788 0 0.696802 0.340024 
0.48708 0 0.729853 0 0.699075 0.343782 
0.488098 0 0.731833 0 0.701396 0.347437 
0.489101 0 0.733821 0 0.703766 0.350989 
0.490094 0 0.735828 0 0.706188 0.354435 
0.491079 0 0.737849 0 0.708658 0.357778 
0.492048 0 0.739873 0 0.711169 0.361016 
0.493004 0 0.741896 0 0.713718 0.36415 
0.493954 0 0.74392 0 0.716301 0.36718 
0.494897 0 0.745939 0 0.718908 0.370106 
0.495828 0 0.747938 0 0.721532 0.37293 
0.496748 0 0.749911 0 0.724166 0.375653 
0.497664 0 0.751861 0 0.726805 0.378277 
0.498575 0 0.753781 0 0.729443 0.380803 
0.499476 0 0.755659 0 0.732072 0.383234 
0.500367 0 0.757489 0 0.734687 0.385573 
0.501257 0 0.759278 0 0.737286 0.387823 
0.502142 0 0.761021 0 0.739865 0.389986 
0.503018 0 0.762706 0 0.742418 0.392067 
0.503886 0 0.764332 0 0.744943 0.394068 
0.504752 0 0.765905 0 0.74744 0.395995 
0.505615 0 0.767423 0 0.749907 0.397851 
0.506468 0 0.768876 0 0.752338 0.39964 
0.507314 0 0.770263 0 0.754735 0.401366 
0.508158 0 0.771592 0 0.757098 0.403033 
0.508999 0 0.772862 0 0.759425 0.404645 
0.509831 0 0.774062 0 0.761714 0.406207 
0.510654 0 0.775193 0 0.763964 0.407721 
0.511476 0 0.776264 0 0.766178 0.409193 
0.512295 0 0.777273 0 0.768354 0.410624 
0.513104 0 0.778211 0 0.770489 0.412019 
0.513904 0 0.779077 0 0.772584 0.41338 
0.514702 0 0.779881 0 0.774642 0.41471 
0.515496 0 0.78062 0 0.77666 0.416013 
0.516279 0 0.781287 0 0.778636 0.41729 
0.516741 0 0.781968 0 0.780001 0.418544 
0.517017 0 0.782627 0 0.781041 0.419777 
0.517207 0 0.783258 0 0.781911 0.42099 
0.51742 0 0.78387 0 0.78279 0.422184 
0.51765 0 0.784467 0 0.783668 0.423362 
0.517899 0 0.785053 0 0.784545 0.424525 
0.518164 0 0.785626 0 0.785418 0.425672 
0.518436 0 0.786174 0 0.786285 0.426806 
0.518715 0 0.7867 0 0.787148 0.427927 
0.519008 0 0.78721 0 0.78801 0.429036 
0.519312 0 0.787705 0 0.78887 0.430133 
0.519621 0 0.788175 0 0.789725 0.431218 
0.519936 0 0.788622 0 0.790578 0.432292 
0.520264 0 0.789055 0 0.791431 0.433356 
0.520603 0 0.789473 0 0.792284 0.434409 
0.520946 0 0.789867 0 0.793134 0.435452 
0.521294 0 0.790237 0 0.793982 0.436484 
0.521655 0 0.790594 0 0.794832 0.437506 
0.522026 0 0.790936 0 0.795682 0.438518 
0.522402 0 0.791254 0 0.796528 0.439519 
0.522782 0 0.791547 0 0.797372 0.44051 
0.523174 0 0.791826 0 0.798216 0.441491 
0.523576 0 0.792088 0 0.799059 0.442461 
0.523982 0 0.792323 0 0.799897 0.44342 
0.524392 0 0.792533 0 0.800728 0.444368 
0.524812 0 0.792724 0 0.801558 0.445305 
0.525132 0 0.792993 0 0.802154 0.446231 
0.525356 0 0.793296 0 0.802569 0.447146 
0.525519 0 0.793607 0 0.802867 0.448049 
0.525657 0 0.793918 0 0.803103 0.44894 
0.525817 0 0.794231 0 0.803353 0.449819 
0.52599 0 0.79453 0 0.803611 0.450685 
0.526173 0 0.794815 0 0.803876 0.45154 
0.526372 0 0.795091 0 0.804151 0.452381 
0.526547 0 0.795364 0 0.80437 0.45321 
0.526696 0 0.79563 0 0.804538 0.454026 
0.526825 0 0.795891 0 0.804667 0.454828 
0.526924 0 0.796136 0 0.804771 0.455617 
0.527005 0 0.796351 0 0.804877 0.456392 
0.527084 0 0.796561 0 0.804985 0.457153 
0.527164 0 0.79675 0 0.8051 0.457901 
0.527252 0 0.796926 0 0.805226 0.458634 
0.527345 0 0.797088 0 0.805357 0.459353 
0.527438 0 0.79723 0 0.805489 0.460057 
0.527532 0 0.797355 0 0.805623 0.460746 
0.527634 0 0.797472 0 0.805764 0.461421 
0.527744 0 0.79758 0 0.805912 0.46208 
0.527831 0 0.797687 0 0.806036 0.462724 
0.5279 0 0.797793 0 0.806135 0.463352 
0.527965 0 0.797904 0 0.806219 0.463964 
0.52803 0 0.798016 0 0.806293 0.46456 
0.52809 0 0.79812 0 0.806359 0.465139 
0.528147 0 0.798217 0 0.80642 0.465701 
0.528208 0 0.798317 0 0.80648 0.466246 
0.52827 0 0.798418 0 0.806538 0.466773 
0.528328 0 0.798513 0 0.80659 0.467281 
0.528381 0 0.798603 0 0.806636 0.46777 
0.528437 0 0.798698 0 0.80668 0.46824 
0.528494 0 0.798798 0 0.806721 0.46869 
0.528546 0 0.798893 0 0.806754 0.469117 
0.528593 0 0.798986 0 0.80678 0.469523 
0.528644 0 0.799085 0 0.806805 0.469906 
0.528696 0 0.79919 0 0.806826 0.470263 
0.528743 0 0.799294 0 0.80684 0.470595 
0.528785 0 0.799396 0 0.806848 0.470899 
0.52883 0 0.799507 0 0.806853 0.471172 
0.528877 0 0.799626 0 0.806855 0.471414 
0.528919 0 0.799745 0 0.806849 0.471621 
0.528955 0 0.799866 0 0.806835 0.471789 
0.528994 0 0.799998 0 0.806817 0.471916 
0.529034 0 0.80014 0 0.806795 0.471997 
0.529068 0 0.800285 0 0.806761 0.472026 
0.529095 0 0.800435 0 0.806718 0.471997 
0.529124 0 0.800598 0 0.806667 0.471902 
0.529151 0 0.800774 0 0.806607 0.471733 
0.529168 0 0.800955 0 0.806529 0.471477 
0.529176 0 0.801143 0 0.806434 0.471122 
0.529181 0 0.801347 0 0.806323 0.470649 
0.529178 0 0.801565 0 0.806188 0.470037 
0.529157 0 0.801789 0 0.806021 0.469259 
0.529116 0 0.802019 0 0.805815 0.468278 
0.52915 0 0.802298 0 0.805717 0.467048 
0.529243 0 0.80262 0 0.805681 0.465509 
0.529375 0 0.802973 0 0.805678 0.463583 
0.529538 0 0.803355 0 0.805693 0.461169 
0.529746 0 0.803782 0 0.805724 0.458139 
0.530002 0 0.80425 0 0.805762 0.45434 
0.530298 0 0.804729 0 0.805785 0.449604 
0.530658 0 0.805222 0 0.805789 0.443769 
0.531047 0 0.805653 0 0.805721 0.43671 
0.531578 0 0.806122 0 0.805627 0.42837 
0.532026 0 0.806315 0 0.805324 0.418769 
0.53267 0 0.806596 0 0.8049 0.408004 
0.533036 0 0.806243 0 0.804186 0.39622 
0.53362 0 0.805987 0 0.80326 0.383588 
0.534326 0 0.805628 0 0.802102 0.370283 
0.535032 0 0.804984 0 0.800679 0.35647 
0.535448 0 0.803694 0 0.79899 0.342296 
0.536045 0 0.802392 0 0.797041 0.327888 
0.536533 0 0.800716 0 0.794829 0.313352 
0.53713 0 0.798921 0 0.792417 0.298773 
0.537589 0 0.79679 0 0.789737 0.284219 
0.538191 0 0.794609 0 0.786844 0.269742 
0.538549 0 0.792036 0 0.783809 0.255385 
0.539065 0 0.789468 0 0.780543 0.241177 
0.539676 0 0.786848 0 0.777124 0.227143 
0.540044 0 0.783921 0 0.773685 0.213299 
0.540558 0 0.781071 0 0.770098 0.19966 
0.540959 0 0.778049 0 0.766443 0.186235 
0.541487 0 0.775115 0 0.762716 0.17303 
0.54181 0 0.771982 0 0.759043 0.160052 
0.542266 0 0.768948 0 0.755265 0.147305 
0.542791 0 0.765958 0 0.751457 0.13479 
0.54332 0 0.762986 0 0.74767 0.12251 
0.543663 0 0.759955 0 0.744057 0.110466 
0.544114 0 0.757051 0 0.740381 0.0986585 
0.544541 0 0.75415 0 0.736753 0.087088 
0.544995 0 0.751311 0 0.733167 0.075754 
0.545368 0 0.748482 0 0.729625 0.0646564 
0.545805 0 0.745747 0 0.726089 0.0537946 
0.546087 0 0.742988 0 0.722684 0.0431677 
0.546458 0 0.74036 0 0.719267 0.0327749 
0.546877 0 0.737834 0 0.715894 0.022615 
0.547288 0 0.735384 0 0.712597 0.012687 
0.547267 0 0.732646 0 0.709059 0.00298986 
0.547109 0 0.729663 0 0.705353 -0.00647815 
0.546762 0 0.726505 0 0.701585 -0.0157187 
0.546316 0 0.723286 0 0.69783 -0.0247336 
0.545829 0 0.720108 0 0.694151 -0.0335245 
0.545347 0 0.717024 0 0.690564 -0.0420934 
0.544867 0 0.714034 0 0.687068 -0.0504427 
0.544383 0 0.711131 0 0.683661 -0.0585746 
0.543897 0 0.708315 0 0.680342 -0.0664919 
0.543426 0 0.705568 0 0.677106 -0.0741977 
0.542963 0 0.702864 0 0.673935 -0.0816956 
0.542497 0 0.700198 0 0.670826 -0.0889898 
0.54203 0 0.697576 0 0.667785 -0.0960855 
0.541566 0 0.695013 0 0.664818 -0.102988 
0.541104 0 0.69251 0 0.661922 -0.109706 
0.540635 0 0.690057 0 0.659094 -0.116245 
0.540158 0 0.687651 0 0.656331 -0.122616 
0.539676 0 0.68529 0 0.65363 -0.12883 
0.539186 0 0.682966 0 0.650984 -0.134899 
0.538676 0 0.680664 0 0.648387 -0.140836 
0.538146 0 0.678377 0 0.645835 -0.146656 
0.537597 0 0.676107 0 0.643326 -0.152375 
0.537026 0 0.673844 0 0.640853 -0.158007 
0.536423 0 0.671577 0 0.638409 -0.16357 
0.535787 0 0.669298 0 0.635992 -0.169076 
0.535122 0 0.667011 0 0.633598 -0.174537 
0.534427 0 0.664711 0 0.631224 -0.179963 
0.533696 0 0.662389 0 0.628865 -0.185359 
0.532931 0 0.660048 0 0.626521 -0.190728 
0.532142 0 0.657696 0 0.624194 -0.196068 
0.531332 0 0.655337 0 0.621884 -0.201376 
0.530499 0 0.65297 0 0.61959 -0.206645 
0.529649 0 0.650602 0 0.617316 -0.211868 
0.528792 0 0.648246 0 0.615067 -0.217039 
0.527933 0 0.645906 0 0.612843 -0.222149 
0.527548 0 0.644358 0 0.611295 -0.227191 
0.527429 0 0.64317 0 0.610069 -0.23216 
0.527312 0 0.642012 0 0.608882 -0.237051 
0.527193 0 0.640867 0 0.607724 -0.241858 
0.527064 0 0.639718 0 0.606591 -0.246579 
0.526926 0 0.638563 0 0.605483 -0.25121 
0.526785 0 0.637413 0 0.604405 -0.255751 
0.52664 0 0.636269 0 0.603355 -0.260199 
0.526486 0 0.635126 0 0.602333 -0.264554 
0.526322 0 0.633986 0 0.601337 -0.268816 
0.526157 0 0.632854 0 0.600372 -0.272984 
0.525988 0 0.63173 0 0.599434 -0.277059 
0.525959 0 0.630853 0 0.598635 -0.28104 
0.526012 0 0.630099 0 0.597938 -0.284929 
0.52611 0 0.629399 0 0.5973 -0.288725 
0.52623 0 0.628733 0 0.596701 -0.29243 
0.526357 0 0.628094 0 0.596139 -0.296043 
0.52649 0 0.627484 0 0.595617 -0.299566 
0.526633 0 0.626909 0 0.595136 -0.302997 
0.526784 0 0.626363 0 0.594693 -0.306337 
0.526936 0 0.625836 0 0.594285 -0.309585 
0.526878 0 0.624916 0 0.593547 -0.31274 
0.526705 0 0.623822 0 0.592668 -0.315801 
0.526457 0 0.622695 0 0.591714 -0.318763 
0.526287 0 0.621676 0 0.590826 -0.321623 
0.526191 0 0.62076 0 0.590038 -0.324376 
0.526159 0 0.619955 0 0.589345 -0.327013 
0.526173 0 0.619251 0 0.588735 -0.329525 
0.526217 0 0.618635 0 0.588196 -0.331896 
0.526283 0 0.618102 0 0.587726 -0.334108 
0.526373 0 0.617663 0 0.587327 -0.336137 
0.526482 0 0.617319 0 0.587001 -0.337951 
0.526312 0 0.61681 0 0.586573 -0.339509 
0.525949 0 0.615913 0 0.586123 -0.340758 
0.525481 0 0.614831 0 0.585769 -0.341632 
0.524831 0 0.613695 0 0.585447 -0.342046 
0.524056 0 0.61259 0 0.585196 -0.34189 
0.523174 0 0.61157 0 0.585071 -0.34103 
0.522552 0 0.610797 0 0.585326 -0.339291 
0.522103 0 0.610296 0 0.585945 -0.336462 
0.521645 0 0.610087 0 0.586838 -0.332294 
0.521178 0 0.610227 0 0.588062 -0.326527 
0.520707 0 0.610776 0 0.589668 -0.318943 
0.520401 0 0.611684 0 0.591814 -0.309432 
0.520202 0 0.612961 0 0.594457 -0.298046 
0.520083 0 0.614591 0 0.59754 -0.285006 
0.520029 0 0.616526 0 0.600989 -0.27064 
0.520163 0 0.619604 0 0.604307 -0.255312 
0.520413 0 0.622985 0 0.607703 -0.239354 
0.520804 0 0.626365 0 0.611364 -0.223042 
0.521296 0 0.629813 0 0.6152 -0.206585 
0.521659 0 0.63338 0 0.618811 -0.190139 
0.522135 0 0.636928 0 0.62253 -0.173812 
0.522441 0 0.640532 0 0.626052 -0.15768 
0.522875 0 0.644019 0 0.629654 -0.141796 
0.523289 0 0.647575 0 0.633224 -0.126194 
0.523674 0 0.651053 0 0.636726 -0.110897 
0.524178 0 0.654477 0 0.640308 -0.0959197 
0.524521 0 0.65791 0 0.643663 -0.0812704 
0.52499 0 0.661215 0 0.647084 -0.0669533 
0.525524 0 0.664431 0 0.650498 -0.0529701 
0.525891 0 0.667696 0 0.653701 -0.0393203 
0.526375 0 0.670842 0 0.656984 -0.0260017 
0.526793 0 0.673908 0 0.660128 -0.0130112 
0.527213 0 0.676869 0 0.663207 -0.000345196 
0.527582 0 0.67973 0 0.666184 0.0120004 
0.52795 0 0.682503 0 0.6691 0.0240297 
0.528294 0 0.685197 0 0.671938 0.0357475 
0.528617 0 0.687802 0 0.674705 0.0471581 
0.528928 0 0.690323 0 0.677405 0.0582659 
0.529235 0 0.692769 0 0.680046 0.0690754 
0.52954 0 0.695143 0 0.682626 0.0795909 
0.529837 0 0.697438 0 0.685147 0.0898169 
0.530128 0 0.699656 0 0.687611 0.0997579 
0.53042 0 0.701806 0 0.690019 0.109418 
0.530712 0 0.703887 0 0.692372 0.118804 
0.530997 0 0.705893 0 0.69467 0.12792 
0.531277 0 0.707826 0 0.696916 0.136773 
0.531558 0 0.709695 0 0.699113 0.145372 
0.531839 0 0.711501 0 0.701262 0.153726 
0.532113 0 0.71324 0 0.703365 0.161848 
0.532574 0 0.71523 0 0.705735 0.169752 
0.53317 0 0.71732 0 0.708137 0.177455 
0.533852 0 0.719414 0 0.710487 0.184974 
0.534599 0 0.72151 0 0.712793 0.192327 
0.535423 0 0.723637 0 0.715077 0.199531 
0.536348 0 0.725828 0 0.717371 0.206598 
0.537378 0 0.72809 0 0.719691 0.213539 
0.538501 0 0.730412 0 0.722041 0.220358 
0.539709 0 0.732784 0 0.724418 0.227058 
0.540991 0 0.735199 0 0.726817 0.233639 
0.54233 0 0.737642 0 0.729231 0.2401 
0.543705 0 0.740093 0 0.731656 0.246438 
0.545104 0 0.74254 0 0.73409 0.252652 
0.546522 0 0.744984 0 0.736531 0.258741 
0.54778 0 0.747317 0 0.738764 0.264703 
0.54893 0 0.74951 0 0.740878 0.270538 
0.550012 0 0.751596 0 0.742934 0.276246 
0.551059 0 0.753621 0 0.744965 0.281827 
0.552081 0 0.755607 0 0.746985 0.287282 
0.553079 0 0.757559 0 0.748999 0.292611 
0.554057 0 0.75948 0 0.751011 0.297817 
0.555022 0 0.76138 0 0.753024 0.3029 
0.555971 0 0.763262 0 0.755043 0.307862 
0.5569 0 0.765123 0 0.757074 0.312705 
0.557809 0 0.76697 0 0.759126 0.317431 
0.558706 0 0.768821 0 0.761208 0.32204 
0.559591 0 0.770684 0 0.763326 0.326536 
0.560458 0 0.772557 0 0.765487 0.330919 
0.561309 0 0.774446 0 0.767696 0.335193 
0.562152 0 0.776364 0 0.769956 0.339358 
0.562985 0 0.77831 0 0.772267 0.343416 
0.563804 0 0.780277 0 0.774627 0.347369 
0.56461 0 0.782261 0 0.777035 0.35122 
0.565411 0 0.784268 0 0.779485 0.35497 
0.566205 0 0.786293 0 0.781973 0.35862 
0.566987 0 0.788321 0 0.784491 0.362174 
0.567759 0 0.790346 0 0.787033 0.365632 
0.568528 0 0.792373 0 0.789594 0.368997 
0.569293 0 0.794393 0 0.792166 0.372272 
0.570048 0 0.796392 0 0.794744 0.375457 
0.570795 0 0.798366 0 0.797321 0.378555 
0.57154 0 0.800319 0 0.799894 0.381569 
0.572283 0 0.802245 0 0.802458 0.3845 
0.573017 0 0.804132 0 0.805007 0.38735 
0.573744 0 0.805976 0 0.80754 0.390122 
0.57447 0 0.807784 0 0.810055 0.392818 
0.575195 0 0.809552 0 0.812547 0.39544 
0.575912 0 0.81127 0 0.815015 0.397991 
0.576622 0 0.812934 0 0.817456 0.400472 
0.577332 0 0.814554 0 0.819872 0.402885 
0.578041 0 0.816126 0 0.82226 0.405234 
0.578742 0 0.81764 0 0.824617 0.407519 
0.579437 0 0.819096 0 0.826945 0.409743 
0.580133 0 0.820503 0 0.829243 0.411907 
0.580827 0 0.821857 0 0.831511 0.414015 
0.581513 0 0.823149 0 0.833746 0.416067 
0.582193 0 0.82438 0 0.835951 0.418066 
0.582874 0 0.825558 0 0.838125 0.420013 
0.583553 0 0.826681 0 0.840268 0.42191 
0.584224 0 0.827741 0 0.842378 0.423759 
0.584889 0 0.828736 0 0.844456 0.425561 
0.585553 0 0.829676 0 0.846504 0.427318 
0.586216 0 0.830559 0 0.848521 0.429032 
0.586871 0 0.831377 0 0.850504 0.430703 
0.587519 0 0.832128 0 0.852455 0.432334 
0.588166 0 0.832822 0 0.854375 0.433924 
0.588812 0 0.833458 0 0.856263 0.435477 
0.589449 0 0.834026 0 0.858116 0.436993 
0.590078 0 0.834526 0 0.859936 0.438472 
0.590706 0 0.834966 0 0.861724 0.439917 
0.591331 0 0.835347 0 0.863478 0.441328 
0.591947 0 0.835657 0 0.865195 0.442706 
0.592554 0 0.835897 0 0.866876 0.444053 
0.59316 0 0.836076 0 0.868521 0.445368 
0.593762 0 0.836192 0 0.87013 0.446653 
0.594354 0 0.836236 0 0.871698 0.447909 
0.594936 0 0.836207 0 0.873226 0.449136 
0.595355 0 0.836798 1 0.873102 0.450341 
0.595675 0 0.837834 1 0.872941 0.451418 
0.595866 0 0.839288 1 0.872737 0.452394 
0.596038 0 0.84084 1 0.872394 0.453232 
0.596247 0 0.842332 1 0.872109 0.453933 
0.596457 0 0.843795 1 0.87181 0.454471 
0.596666 0 0.84523 0 0.871495 0.454829 
0.596875 0 0.846641 0 0.87117 0.455245 
0.597083 0 0.848027 0 0.870836 0.455711 
0.597313 0 0.849376 0 0.870528 0.456221 
0.597558 0 0.85069 0 0.870237 0.456768 
0.59768 0 0.851628 0 0.870093 0.457349 
0.597741 0 0.852404 0 0.869977 0.457956 
0.59781 0 0.85316 0 0.869869 0.458587 
0.59789 0 0.853895 0 0.869768 0.459237 
0.597981 0 0.85461 0 0.869677 0.459903 
0.598082 0 0.855304 0 0.869596 0.460583 
0.598193 0 0.855979 0 0.869524 0.461272 
0.598316 0 0.856635 0 0.869461 0.46197 
0.598449 0 0.857271 0 0.869407 0.462673 
0.59854 0 0.857861 0 0.869318 0.46338 
0.598598 0 0.858445 0 0.869173 0.464089 
0.59863 0 0.859028 0 0.868979 0.464799 
0.598644 0 0.859605 0 0.868747 0.465507 
0.598647 0 0.860173 0 0.868487 0.466214 
0.598641 0 0.860734 0 0.868206 0.466917 
0.598602 0 0.861251 0 0.867891 0.467616 
0.598536 0 0.861742 0 0.867539 0.46831 
0.598445 0 0.862216 0 0.867149 0.468999 
0.598332 0 0.862677 0 0.866721 0.46968 
0.598195 0 0.863126 0 0.866255 0.470355 
0.598151 0 0.863414 0 0.866069 0.471022 
0.598181 0 0.863703 0 0.865979 0.471681 
0.598246 0 0.864022 0 0.865911 0.472332 
0.598318 0 0.864355 0 0.865835 0.472974 
0.598386 0 0.864683 0 0.865747 0.473607 
0.598447 0 0.864998 0 0.865646 0.474231 
0.598501 0 0.865298 0 0.865529 0.474845 
0.598546 0 0.865586 0 0.865395 0.475449 
0.598581 0 0.865865 0 0.865239 0.476044 
0.598605 0 0.866135 0 0.865061 0.476629 
0.598327 1 0.865825 0 0.865056 0.477202 
0.597977 1 0.865446 0 0.865023 0.477702 
0.597726 1 0.865104 0 0.865057 0.478112 
0.597512 0 0.864802 0 0.8651 0.478418 
0.597301 0 0.864526 0 0.865123 0.478739 
0.59709 0 0.864268 0 0.865126 0.479072 
0.596882 0 0.864022 0 0.865115 0.479417 
0.596681 0 0.863786 0 0.865095 0.47977 
0.596488 0 0.863558 0 0.865069 0.480131 
0.596304 0 0.863338 0 0.865037 0.480497 
0.596127 0 0.863127 0 0.864999 0.480868 
0.595957 0 0.862925 0 0.864954 0.481242 
0.595795 0 0.862731 0 0.864903 0.481618 
0.595639 0 0.862547 0 0.864846 0.481995 
0.595491 0 0.862371 0 0.864783 0.482373 
0.595351 0 0.862204 0 0.864714 0.482751 
0.595217 0 0.862045 0 0.864639 0.483127 
0.595091 0 0.861896 0 0.864559 0.483502 
0.594972 0 0.861755 0 0.864473 0.483875 
0.594861 0 0.861622 0 0.864382 0.484245 
0.594757 0 0.861498 0 0.864285 0.484612 
0.59466 0 0.861383 0 0.864183 0.484975 
0.59457 0 0.861276 0 0.864076 0.485335 
0.594488 0 0.861177 0 0.863962 0.48569 
0.594412 0 0.861087 0 0.863844 0.486042 
0.594344 0 0.861004 0 0.86372 0.486389 
0.594283 0 0.86093 0 0.86359 0.486731 
0.59423 0 0.860864 0 0.863455 0.487068 
0.594183 0 0.860806 0 0.863314 0.4874 
0.594143 0 0.860755 0 0.863167 0.487726 
0.59411 0 0.860712 0 0.863014 0.488048 
0.594085 0 0.860677 0 0.862854 0.488363 
0.594066 0 0.86065 0 0.862689 0.488674 
0.594054 0 0.86063 0 0.862517 0.488979 
0.594049 0 0.860617 0 0.862338 0.489278 
0.594051 0 0.860612 0 0.862152 0.489571 
0.593998 0 0.860642 0 0.86212 0.489858 
0.59393 0 0.860698 0 0.862153 0.49014 
0.593863 0 0.860722 0 0.862241 0.490416 
0.593792 0 0.860726 0 0.862314 0.490687 
0.593729 0 0.86072 0 0.862393 0.490952 
0.593676 0 0.860704 0 0.86248 0.49121 
0.59363 0 0.860679 0 0.862574 0.491464 
0.593595 0 0.860612 0 0.862673 0.491711 
0.593569 0 0.860522 0 0.862782 0.491953 
0.593554 0 0.860416 0 0.862901 0.492189 
0.593551 0 0.860294 0 0.863032 0.492419 
0.593548 0 0.860128 0 0.863134 0.492644 
0.59354 0 0.859926 0 0.863229 0.492863 
0.593534 0 0.859707 0 0.863324 0.493077 
0.593534 0 0.859517 0 0.863486 0.493285 
0.593535 0 0.859314 0 0.863688 0.493488 
0.593535 0 0.859083 0 0.863914 0.493685 
0.593531 0 0.85882 0 0.864147 0.493876 
0.593521 0 0.858529 0 0.864381 0.494062 
0.593506 0 0.858211 0 0.864612 0.494243 
0.593486 0 0.85787 0 0.864842 0.494417 
0.593462 0 0.857507 0 0.865072 0.494587 
0.593433 0 0.857121 0 0.865304 0.494751 
0.5934 0 0.856712 0 0.865536 0.49491 
0.593361 0 0.856279 0 0.86577 0.495063 
0.593291 0 0.855946 0 0.865968 0.49521 
0.593186 0 0.855664 0 0.86612 0.495352 
0.593051 0 0.85538 0 0.866234 0.495488 
0.5929 0 0.85508 0 0.866318 0.495619 
0.592739 0 0.854761 0 0.866382 0.495744 
0.59257 0 0.854427 0 0.866429 0.495863 
0.592402 0 0.854097 0 0.866487 0.495976 
0.592228 0 0.853761 0 0.866549 0.496084 
0.592048 0 0.853417 0 0.866609 0.496185 
0.591859 0 0.853063 0 0.866663 0.49628 
0.591667 0 0.852645 0 0.866656 0.496368 
0.59146 0 0.852211 0 0.866612 0.49645 
0.591252 0 0.851795 0 0.866567 0.496525 
0.591041 0 0.851396 0 0.866521 0.496593 
0.590829 0 0.851014 0 0.866474 0.496653 
0.590607 0 0.850632 0 0.866407 0.496705 
0.590378 0 0.850252 0 0.866325 0.496749 
0.590143 0 0.849878 0 0.86623 0.496784 
0.589902 0 0.84951 0 0.866125 0.49681 
0.589656 0 0.84915 0 0.866009 0.496826 
0.589404 0 0.848798 0 0.865882 0.496831 
0.589146 0 0.848453 0 0.865743 0.496825 
0.588882 0 0.848116 0 0.865593 0.496806 
0.588612 0 0.847789 0 0.865432 0.496773 
0.588337 0 0.84747 0 0.86526 0.496726 
0.58809 0 0.847154 0 0.865102 0.496662 
0.587863 0 0.846862 0 0.864956 0.496579 
0.587645 0 0.846594 0 0.864816 0.496476 
0.587434 0 0.846351 0 0.864681 0.49635 
0.587233 0 0.846133 0 0.864553 0.496199 
0.587044 0 0.845942 0 0.864432 0.496018 
0.586868 0 0.845777 0 0.864318 0.495805 
0.586703 0 0.84564 0 0.864212 0.495554 
0.58655 0 0.845532 0 0.864113 0.49526 
0.586409 0 0.845454 0 0.864021 0.494916 
0.586279 0 0.845407 0 0.863935 0.494514 
0.586159 0 0.845391 0 0.863855 0.494046 
0.58605 0 0.845407 0 0.863779 0.493498 
0.585951 0 0.845457 0 0.863707 0.492858 
0.58586 0 0.845542 0 0.863636 0.492108 
0.585777 0 0.845662 0 0.863564 0.491227 
0.585698 0 0.845819 0 0.863487 0.490189 
0.585622 0 0.846013 0 0.8634 0.488961 
0.585544 0 0.846244 0 0.863296 0.487502 
0.58553 0 0.846512 0 0.863293 0.485759 
0.58547 0 0.846819 0 0.863178 0.483665 
0.585605 0 0.847309 0 0.863279 0.481133 
0.585759 0 0.84776 0 0.86342 0.478052 
0.586031 0 0.848334 0 0.863655 0.474287 
0.586297 0 0.848867 0 0.863871 0.469678 
0.586815 0 0.849772 0 0.86416 0.464056 
0.587047 0 0.850141 0 0.86425 0.457269 
0.587552 0 0.850912 0 0.864359 0.449213 
0.588229 0 0.851814 0 0.8644 0.439864 
0.588586 0 0.851928 0 0.864193 0.429276 
0.589207 0 0.852294 0 0.863839 0.417569 
0.589757 0 0.852244 0 0.863255 0.404908 
0.590512 0 0.852225 0 0.862454 0.391468 
0.590961 0 0.851447 0 0.861331 0.377425 
0.591645 0 0.850738 0 0.859933 0.362938 
0.592343 0 0.849739 0 0.858259 0.348148 
0.593057 0 0.848456 0 0.85632 0.333176 
0.593785 0 0.846903 0 0.854129 0.318122 
0.594527 0 0.845095 0 0.851701 0.303067 
0.595284 0 0.843052 0 0.849054 0.288077 
0.595929 0 0.840686 0 0.84618 0.273201 
0.596645 0 0.838196 0 0.843103 0.258478 
0.59727 0 0.835477 0 0.83983 0.243937 
0.598013 0 0.832787 0 0.83638 0.229598 
0.598494 0 0.829801 0 0.832916 0.215476 
0.599135 0 0.826885 0 0.829258 0.201581 
0.599552 0 0.82374 0 0.825626 0.187921 
0.600131 0 0.820704 0 0.821819 0.1745 
0.6005 0 0.817501 0 0.818088 0.161322 
0.601024 0 0.814429 0 0.814212 0.148388 
0.601352 0 0.811239 0 0.810446 0.135698 
0.601827 0 0.80819 0 0.806561 0.123253 
0.602121 0 0.805064 0 0.802816 0.111051 
0.60257 0 0.802168 0 0.799016 0.0990932 
0.602854 0 0.799212 0 0.795368 0.0873767 
0.603269 0 0.796404 0 0.791636 0.0759005 
0.603525 0 0.793557 0 0.788055 0.0646629 
0.6039 0 0.790853 0 0.784405 0.0536622 
0.604128 0 0.788134 0 0.780911 0.0428964 
0.604476 0 0.785623 0 0.777396 0.0323636 
0.604413 0 0.782825 0 0.773644 0.0220617 
0.604242 0 0.7798 0 0.769718 0.0119893 
0.603876 0 0.776617 0 0.765757 0.00214359 
0.603411 0 0.773387 0 0.761818 -0.0074775 
0.602826 0 0.770179 0 0.757913 -0.0168764 
0.602164 0 0.766999 0 0.754051 -0.0260552 
0.601448 0 0.76384 0 0.750237 -0.0350165 
0.600694 0 0.760699 0 0.746475 -0.0437623 
0.599909 0 0.757576 0 0.742772 -0.0522951 
0.599101 0 0.754478 0 0.739131 -0.0606174 
0.598273 0 0.751408 0 0.735555 -0.0687322 
0.59743 0 0.748371 0 0.732045 -0.0766423 
0.596572 0 0.745366 0 0.728602 -0.0843509 
0.595701 0 0.742393 0 0.725223 -0.0918616 
0.594816 0 0.739452 0 0.721909 -0.0991784 
0.593919 0 0.736541 0 0.718656 -0.106306 
0.59301 0 0.733658 0 0.715465 -0.11325 
0.592088 0 0.730802 0 0.712332 -0.120015 
0.591333 0 0.728229 0 0.709318 -0.126609 
0.590665 0 0.725794 0 0.706389 -0.133039 
0.590027 0 0.723415 0 0.703512 -0.139314 
0.58939 0 0.721071 0 0.700682 -0.145443 
0.588742 0 0.718757 0 0.697898 -0.151438 
0.588073 0 0.716469 0 0.695157 -0.15731 
0.587426 0 0.714285 0 0.692518 -0.16307 
0.586774 0 0.712136 0 0.689937 -0.168731 
0.586104 0 0.709982 0 0.687386 -0.174306 
0.585409 0 0.707815 0 0.684862 -0.179804 
0.584692 0 0.705639 0 0.682366 -0.185237 
0.583953 0 0.703458 0 0.679899 -0.190612 
0.583193 0 0.701272 0 0.677461 -0.195935 
0.582413 0 0.699082 0 0.67505 -0.201208 
0.581616 0 0.696887 0 0.672665 -0.206433 
0.580804 0 0.694692 0 0.670306 -0.211607 
0.579983 0 0.692501 0 0.667973 -0.216727 
0.579155 0 0.690317 0 0.665669 -0.221788 
0.578327 0 0.688148 0 0.663394 -0.226786 
0.577502 0 0.685998 0 0.661151 -0.231716 
0.576685 0 0.683872 0 0.658942 -0.236572 
0.575879 0 0.681774 0 0.656768 -0.241351 
0.575086 0 0.679708 0 0.654631 -0.246049 
0.574742 0 0.678322 0 0.653108 -0.250663 
0.574686 0 0.677354 0 0.651957 -0.25519 
0.574779 0 0.676549 0 0.650958 -0.259629 
0.574846 0 0.675764 0 0.649968 -0.263979 
0.574897 0 0.674975 0 0.648992 -0.268238 
0.574937 0 0.674175 0 0.648035 -0.272406 
0.57497 0 0.673368 0 0.647102 -0.276485 
0.575 0 0.672561 0 0.646198 -0.280472 
0.57503 0 0.67176 0 0.645323 -0.28437 
0.575061 0 0.670967 0 0.64448 -0.288178 
0.575096 0 0.670182 0 0.643668 -0.291898 
0.575251 0 0.669558 0 0.642971 -0.29553 
0.575493 0 0.669064 0 0.642385 -0.299075 
0.575788 0 0.668643 0 0.641875 -0.302533 
0.576116 0 0.668265 0 0.641416 -0.305906 
0.576465 0 0.667919 0 0.640999 -0.309194 
0.576832 0 0.667604 0 0.640623 -0.312396 
0.577215 0 0.667321 0 0.640289 -0.315515 
0.577613 0 0.667066 0 0.639996 -0.318548 
0.578003 0 0.666847 0 0.639726 -0.321495 
0.578385 0 0.666651 0 0.639477 -0.324355 
0.578764 0 0.666467 0 0.639251 -0.327125 
0.578912 0 0.665913 0 0.638739 -0.329802 
0.578913 0 0.665139 0 0.637981 -0.33238 
0.578785 0 0.664251 0 0.637107 -0.334853 
0.578571 0 0.663341 0 0.636173 -0.33721 
0.578349 0 0.662472 0 0.635266 -0.339439 
0.578119 0 0.661647 0 0.634388 -0.34152 
0.578016 0 0.660976 0 0.633639 -0.343429 
0.57801 0 0.660467 0 0.633024 -0.345133 
0.578115 0 0.660079 0 0.632447 -0.346586 
0.578287 0 0.659799 0 0.631944 -0.347728 
0.578503 0 0.659636 0 0.631537 -0.348478 
0.578747 0 0.659597 0 0.631242 -0.348724 
0.579012 0 0.659695 0 0.631079 -0.348314 
0.579292 0 0.659954 0 0.631078 -0.34704 
0.579584 0 0.660418 0 0.631284 -0.344629 
0.579888 0 0.661147 0 0.631758 -0.340742 
0.580205 0 0.66221 0 0.632563 -0.335025 
0.580535 0 0.663667 0 0.633754 -0.327199 
0.580826 0 0.665613 0 0.6354 -0.317176 
0.581111 0 0.66797 0 0.63745 -0.305112 
0.581413 0 0.670672 0 0.639842 -0.291355 
0.581729 0 0.673648 0 0.642504 -0.276332 
0.582057 0 0.676828 0 0.645366 -0.260456 
0.582392 0 0.680146 0 0.648366 -0.244067 
0.582774 0 0.683659 0 0.651558 -0.227427 
0.583178 0 0.687263 0 0.654846 -0.210726 
0.583589 0 0.690895 0 0.658169 -0.194098 
0.584005 0 0.694531 0 0.661504 -0.177634 
0.584428 0 0.698161 0 0.664842 -0.1614 
0.584859 0 0.701777 0 0.668178 -0.145436 
0.585298 0 0.70537 0 0.671503 -0.129772 
0.585744 0 0.708931 0 0.674809 -0.114425 
0.586197 0 0.71245 0 0.678091 -0.0994079 
0.586656 0 0.715924 0 0.681343 -0.0847258 
0.587121 0 0.719347 0 0.684563 -0.070382 
0.587592 0 0.722716 0 0.687749 -0.056377 
0.588068 0 0.726028 0 0.690899 -0.0427092 
0.58855 0 0.72928 0 0.694011 -0.0293765 
0.589038 0 0.73247 0 0.697085 -0.0163755 
0.589531 0 0.735597 0 0.70012 -0.0037021 
0.590061 0 0.738751 0 0.703331 0.00864791 
0.590628 0 0.741873 0 0.706549 0.0206791 
0.59121 0 0.744895 0 0.709704 0.0323967 
0.5918 0 0.747816 0 0.712793 0.0438059 
0.592432 0 0.750696 0 0.715826 0.0549122 
0.592974 0 0.75347 0 0.718831 0.0657216 
0.593637 0 0.756181 0 0.721797 0.0762408 
0.594214 0 0.758848 0 0.724755 0.0864774 
0.59483 0 0.761499 0 0.727629 0.0964395 
0.595483 0 0.764127 0 0.730443 0.106137 
0.596176 0 0.766734 0 0.733201 0.115582 
0.596912 0 0.769327 0 0.735905 0.124788 
0.597695 0 0.771916 0 0.738556 0.133768 
0.598532 0 0.774513 0 0.741159 0.142538 
0.599428 0 0.777128 0 0.743715 0.151114 
0.600385 0 0.779768 0 0.746224 0.15951 
0.601401 0 0.782431 0 0.74869 0.167736 
0.602471 0 0.785113 0 0.751111 0.175801 
0.603583 0 0.787803 0 0.753488 0.183709 
0.604726 0 0.79049 0 0.755822 0.191464 
0.605889 0 0.793159 0 0.758114 0.199065 
0.607059 0 0.795798 0 0.760364 0.206512 
0.608228 0 0.798395 0 0.762572 0.213805 
0.609386 0 0.800942 0 0.764741 0.220943 
0.610529 0 0.80343 0 0.766872 0.227926 
0.611651 0 0.805856 0 0.768966 0.234755 
0.612779 0 0.808244 0 0.771067 0.24143 
0.613903 0 0.81058 0 0.773161 0.247952 
0.615019 0 0.812854 0 0.775239 0.254324 
0.616124 0 0.815066 0 0.777302 0.260547 
0.617219 0 0.817218 0 0.779356 0.266623 
0.618305 0 0.819313 0 0.781406 0.272555 
0.619382 0 0.821355 0 0.783458 0.278345 
0.620449 0 0.823348 0 0.785517 0.283995 
0.621509 0 0.825295 0 0.787588 0.289508 
0.62256 0 0.827202 0 0.789679 0.294887 
0.623603 0 0.829075 0 0.791797 0.300135 
0.624639 0 0.830922 0 0.79395 0.305253 
0.625668 0 0.832749 0 0.796146 0.310246 
0.626691 0 0.834565 0 0.798392 0.315115 
0.627708 0 0.836375 0 0.800697 0.319862 
0.628706 0 0.838181 0 0.803062 0.324492 
0.629679 0 0.839986 0 0.805485 0.329005 
0.63063 0 0.841791 0 0.807966 0.333405 
0.631559 0 0.843595 0 0.810504 0.337694 
0.632467 0 0.845397 0 0.813096 0.341875 
0.633355 0 0.847194 0 0.815739 0.345949 
0.634223 0 0.848982 0 0.818431 0.34992 
0.635072 0 0.850756 0 0.821164 0.35379 
0.635901 0 0.85251 0 0.823934 0.35756 
0.636712 0 0.854237 0 0.826733 0.361234 
0.637505 0 0.855931 0 0.829557 0.364814 
0.638293 0 0.85759 0 0.832417 0.368301 
0.639081 0 0.859209 0 0.835304 0.371698 
0.639871 0 0.860782 0 0.838215 0.375008 
0.640661 0 0.862302 0 0.841141 0.378232 
0.641452 0 0.863764 0 0.844078 0.381373 
0.642243 0 0.865162 0 0.847023 0.384432 
0.64303 0 0.86649 0 0.849971 0.387413 
0.643809 0 0.867743 0 0.852915 0.390316 
0.644577 0 0.868916 0 0.85585 0.393144 
0.645331 0 0.870005 0 0.858771 0.395899 
0.646072 0 0.871007 0 0.861675 0.398582 
0.646799 0 0.871918 0 0.864562 0.401197 
0.647513 0 0.872738 0 0.867431 0.403744 
0.648217 0 0.873464 0 0.87028 0.406226 
0.648911 0 0.874094 0 0.87311 0.408643 
0.649595 0 0.874627 0 0.87592 0.410999 
0.650272 0 0.875061 0 0.878709 0.413295 
0.650939 0 0.875395 0 0.881476 0.415531 
0.651597 0 0.875628 0 0.884219 0.417711 
0.652245 0 0.875759 0 0.886937 0.419836 
0.652882 0 0.875787 0 0.889626 0.421906 
0.653506 0 0.875712 0 0.892286 0.423924 
0.654118 0 0.875532 0 0.894913 0.425891 
0.654716 0 0.875249 0 0.897506 0.427808 
0.654964 0 0.875476 0 0.899228 0.429677 
0.655019 0 0.875902 0 0.900543 0.431498 
0.655 0 0.876363 0 0.901696 0.433274 
0.655004 0 0.876789 0 0.902852 0.435006 
0.655023 0 0.877181 0 0.904006 0.436695 
0.655054 0 0.877535 0 0.905157 0.438341 
0.655094 0 0.877849 0 0.906307 0.439947 
0.655141 0 0.878123 0 0.907458 0.441512 
0.655195 0 0.878355 0 0.908611 0.443039 
0.655254 0 0.878546 0 0.909766 0.444528 
0.655319 0 0.878695 0 0.910924 0.44598 
0.655531 0 0.880908 1 0.910229 0.447391 
0.655801 0 0.882794 1 0.909871 0.448735 
0.65609 0 0.884527 1 0.909639 0.449998 
0.656376 0 0.886237 0 0.909384 0.451175 
0.656661 0 0.887926 0 0.909109 0.452332 
0.656954 0 0.889568 0 0.908847 0.453468 
0.657269 0 0.891151 0 0.908625 0.454585 
0.657603 0 0.892683 0 0.908428 0.455682 
0.657951 0 0.89417 0 0.908245 0.456758 
0.658311 0 0.895613 0 0.908073 0.457815 
0.658684 0 0.897009 0 0.907911 0.458851 
0.659069 0 0.898356 0 0.907759 0.459868 
0.659466 0 0.899653 0 0.907617 0.460865 
0.659875 0 0.900896 0 0.907482 0.461843 
0.660297 0 0.902085 0 0.907354 0.462801 
0.660731 0 0.903218 0 0.90723 0.46374 
0.661176 0 0.904293 0 0.907108 0.46466 
0.661634 0 0.905306 0 0.906986 0.465562 
0.662103 0 0.906256 0 0.906863 0.466445 
0.662583 0 0.90714 0 0.906735 0.467309 
0.663075 0 0.907955 0 0.906599 0.468156 
0.663474 0 0.908698 0 0.90654 0.468985 
0.663885 1 0.908536 0 0.907726 0.469794 
0.66432 1 0.908293 0 0.909076 0.470535 
0.664713 1 0.908102 0 0.910304 0.471196 
0.665068 1 0.907987 0 0.911401 0.471767 
0.665388 1 0.907881 0 0.912437 0.472233 
0.665679 0 0.907779 0 0.913435 0.47258 
0.665948 0 0.907682 0 0.914392 0.472956 
0.666199 0 0.90759 0 0.915311 0.473356 
0.666506 0 0.907539 0 0.916209 0.473777 
0.666847 0 0.9075 0 0.917098 0.474215 
0.66709 0 0.908701 1 0.91656 0.474672 
0.667416 1 0.908189 1 0.916448 0.475026 
0.667752 1 0.90815 1 0.916414 0.475099 
0.668101 1 0.908186 1 0.91637 0.474757 
0.668465 1 0.908217 1 0.916339 0.47384 
0.668862 1 0.90825 1 0.916269 0.472146 
0.669299 1 0.908285 1 0.916181 0.469472 
0.669783 1 0.908321 1 0.916083 0.465594 
0.670326 1 0.908342 1 0.915977 0.460382 
0.670942 1 0.908344 1 0.915863 0.453753 
0.671627 1 0.908409 1 0.915739 0.445711 
0.672396 1 0.908464 1 0.915596 0.436372 
0.673256 1 0.908501 1 0.91544 0.425867 
0.674212 1 0.908513 1 0.915272 0.41437 
0.675265 1 0.908502 1 0.915094 0.402033 
0.676416 1 0.908475 1 0.914908 0.389063 
0.677655 1 0.908433 1 0.914714 0.375579 
0.678985 1 0.908382 1 0.914512 0.361716 
0.680403 1 0.908324 1 0.914304 0.347584 
0.681905 1 0.90826 1 0.914091 0.333272 
0.683486 1 0.908189 1 0.913874 0.318846 
0.685141 1 0.908111 1 0.913654 0.304393 
0.686866 1 0.908027 1 0.913432 0.289941 
0.688656 1 0.907937 1 0.913207 0.275542 
0.690505 1 0.907842 1 0.912982 0.261217 
0.69241 1 0.907743 1 0.912756 0.247014 
0.694362 1 0.90764 1 0.912529 0.232943 
0.696362 1 0.907535 1 0.912303 0.219015 
0.698399 1 0.907427 1 0.912076 0.205248 
0.700476 1 0.907319 1 0.911852 0.191656 
0.702581 1 0.907207 1 0.911627 0.178247 
0.704713 1 0.907093 1 0.911403 0.165038 
0.70687 1 0.906978 1 0.91118 0.152025 
0.709045 1 0.906863 1 0.910959 0.139221 
0.711237 1 0.906747 1 0.91074 0.126626 
0.713441 1 0.906631 1 0.910523 0.114243 
0.715653 1 0.906515 1 0.910308 0.102077 
0.717883 1 0.906404 1 0.910099 0.0901302 
0.720104 1 0.906289 1 0.909892 0.0783904 
0.722324 1 0.906173 1 0.909685 0.0668765 
0.724541 1 0.906057 1 0.909481 0.0555835 
0.726752 1 0.905943 1 0.909279 0.0445044 
0.728956 1 0.905829 1 0.90908 0.0336481 
0.731149 1 0.905716 1 0.908884 0.0230064 
0.73333 1 0.905604 1 0.908691 0.012582 
0.735509 1 0.905497 1 0.908505 0.00237616 
0.737669 1 0.905391 1 0.908323 -0.00761681 
0.739801 1 0.905282 1 0.908142 -0.0174002 
0.741913 1 0.905173 1 0.907962 -0.026974 
0.744005 1 0.905066 1 0.907785 -0.0363426 
0.746074 1 0.904961 1 0.90761 -0.045501 
0.748121 1 0.904858 1 0.90744 -0.0544631 
0.750153 1 0.90476 1 0.907276 -0.063228 
0.752157 1 0.904663 1 0.907116 -0.0717928 
0.754132 1 0.904566 1 0.906958 -0.0801642 
0.756074 1 0.904469 1 0.906802 -0.0883493 
0.75799 1 0.904373 1 0.906648 -0.0963432 
0.759883 1 0.904282 1 0.9065 -0.104154 
0.761746 1 0.904193 1 0.906356 -0.111786 
0.763579 1 0.904106 1 0.906214 -0.119237 
0.765382 1 0.90402 1 0.906076 -0.126515 
0.767154 1 0.903936 1 0.905941 -0.133619 
0.768896 1 0.903855 1 0.905809 -0.140553 
0.770608 1 0.903775 1 0.905681 -0.147319 
0.77229 1 0.903698 1 0.905556 -0.15392 
0.77394 1 0.903623 1 0.905435 -0.160361 
0.77556 1 0.90355 1 0.905316 -0.166644 
0.777148 1 0.90348 1 0.905202 -0.17277 
0.778705 1 0.903411 1 0.90509 -0.178745 
0.780232 1 0.903345 1 0.904982 -0.184568 
0.781728 1 0.90328 1 0.904877 -0.190242 
0.783192 1 0.903218 1 0.904775 -0.19577 
0.784626 1 0.903158 1 0.904676 -0.201156 
0.786029 1 0.9031 1 0.904581 -0.2064 
0.787401 1 0.903044 1 0.904489 -0.21151 
0.788743 1 0.90299 1 0.904399 -0.216481 
0.790111 1 0.902927 1 0.904284 -0.221329 
0.791476 1 0.90288 1 0.904191 -0.226022 
0.792797 1 0.902853 1 0.90413 -0.2306 
0.794064 1 0.902836 1 0.904061 -0.235053 
0.795294 1 0.90282 1 0.904014 -0.239379 
0.796488 1 0.902803 1 0.903988 -0.243584 
0.797657 1 0.902791 1 0.903953 -0.247667 
0.798807 1 0.902785 1 0.903918 -0.251632 
0.799927 1 0.902781 1 0.903885 -0.255475 
0.801017 1 0.902779 1 0.903859 -0.259207 
0.802077 1 0.902779 1 0.903837 -0.262828 
0.803109 1 0.902782 1 0.903818 -0.266337 
0.804114 1 0.902788 1 0.903802 -0.269734 
0.805106 1 0.902793 1 0.903787 -0.273025 
0.806071 1 0.902805 1 0.903774 -0.276207 
0.807007 1 0.902824 1 0.903758 -0.279291 
0.807913 1 0.902847 1 0.903748 -0.282267 
0.808793 1 0.902869 1 0.903756 -0.285143 
0.809644 1 0.902891 1 0.903758 -0.287916 
0.810468 1 0.902915 1 0.903757 -0.290592 
0.811267 1 0.902942 1 0.903763 -0.293173 
0.812039 1 0.902976 1 0.903782 -0.295658 
0.812791 1 0.903014 1 0.903807 -0.298049 
0.813519 1 0.903055 1 0.90383 -0.300346 
0.814223 1 0.903099 1 0.903858 -0.302553 
0.814903 1 0.903145 1 0.903886 -0.30467 
0.81556 1 0.903193 1 0.903918 -0.306699 
0.816193 1 0.903244 1 0.903955 -0.30864 
0.816803 1 0.903298 1 0.903994 -0.310494 
0.817391 1 0.903356 1 0.904037 -0.312265 
0.817956 1 0.903416 1 0.904083 -0.313954 
0.818499 1 0.90348 1 0.904133 -0.315562 
0.819019 1 0.903546 1 0.904185 -0.317088 
0.819517 1 0.903615 1 0.904241 -0.318535 
0.819994 1 0.903688 1 0.9043 -0.319905 
0.820449 1 0.903763 1 0.904362 -0.321199 
0.820883 1 0.90384 1 0.904429 -0.322418 
0.821296 1 0.90392 1 0.904496 -0.323564 
0.821688 1 0.904003 1 0.904569 -0.324636 
0.822061 1 0.904089 1 0.904643 -0.32564 
0.822413 1 0.904177 1 0.904721 -0.326576 
0.822745 1 0.904268 1 0.904801 -0.327446 
0.823058 1 0.904362 1 0.904883 -0.32825 
0.823353 1 0.904458 1 0.904969 -0.328988 
0.823628 1 0.904556 1 0.905059 -0.329661 
0.823885 1 0.904657 1 0.905149 -0.330276 
0.824124 1 0.90476 1 0.905242 -0.33083 
0.824345 1 0.904866 1 0.905339 -0.331326 
0.824549 1 0.904973 1 0.905438 -0.331767 
0.824736 1 0.905083 1 0.905538 -0.332151 
0.824907 1 0.905195 1 0.905642 -0.332485 
0.825061 1 0.905309 1 0.905747 -0.332764 
0.8252 1 0.905425 1 0.905854 -0.332993 
0.825324 1 0.905543 1 0.905965 -0.333174 
0.825432 1 0.905663 1 0.906076 -0.333307 
0.825526 1 0.905784 1 0.906191 -0.333397 
0.825605 1 0.905907 1 0.906306 -0.333443 
0.825671 1 0.906032 1 0.906423 -0.333445 
