0.33732 0 0.457279 0 0.457278 0.500001 
0.337756 0 0.460171 0 0.459954 0.49936 
0.338517 0 0.463468 0 0.463053 0.498703 
0.339498 0 0.467019 0 0.466467 0.498046 
0.340571 0 0.470753 0 0.469957 0.497399 
0.341646 0 0.474501 0 0.473467 0.496765 
0.342718 0 0.478245 0 0.476977 0.496142 
0.343794 0 0.481979 0 0.480479 0.495525 
0.344873 0 0.485694 0 0.483962 0.494908 
0.345949 0 0.489368 0 0.487412 0.494283 
0.347023 0 0.492993 0 0.490817 0.493643 
0.348101 0 0.496567 0 0.494172 0.492978 
0.349183 0 0.500081 0 0.497468 0.492278 
0.350262 0 0.503518 0 0.500692 0.491533 
0.35134 0 0.506872 0 0.503839 0.49073 
0.352424 0 0.510145 0 0.506906 0.489859 
0.353513 0 0.513331 0 0.509886 0.488905 
0.354601 0 0.516417 0 0.512771 0.487854 
0.355724 0 0.51942 0 0.515594 0.486694 
0.356863 0 0.522346 0 0.518324 0.485408 
0.358009 0 0.525178 0 0.520958 0.483982 
0.359154 0 0.527908 0 0.523493 0.482402 
0.360281 0 0.530537 0 0.525894 0.480652 
0.361307 0 0.532894 0 0.52819 0.47872 
0.362261 0 0.535075 0 0.530338 0.476591 
0.363155 0 0.53711 0 0.532335 0.474256 
0.364001 0 0.539013 0 0.534194 0.471705 
0.364811 0 0.540799 0 0.535932 0.468931 
0.365563 0 0.542434 0 0.537549 0.465931 
0.366246 0 0.543913 0 0.539038 0.462703 
0.366852 0 0.545236 0 0.540394 0.459251 
0.367383 0 0.546414 0 0.541615 0.45558 
0.367832 0 0.547444 0 0.5427 0.451701 
0.36819 0 0.548318 0 0.543647 0.447626 
0.368455 0 0.54904 0 0.544459 0.44337 
0.368633 0 0.549621 0 0.545144 0.43895 
0.368724 0 0.550062 0 0.545702 0.434382 
0.368721 0 0.550363 0 0.546134 0.429685 
0.368788 0 0.550747 0 0.546524 0.424874 
0.368893 0 0.551143 0 0.5469 0.419963 
0.369005 0 0.551508 0 0.547247 0.414964 
0.369097 0 0.551817 0 0.547547 0.409884 
0.369162 0 0.552067 0 0.547793 0.404726 
0.369206 0 0.55227 0 0.547987 0.399489 
0.369229 0 0.552431 0 0.548129 0.394166 
0.369227 0 0.552546 0 0.548218 0.388744 
0.369205 0 0.552622 0 0.548259 0.383204 
0.369174 0 0.552672 0 0.548259 0.377519 
0.369136 0 0.552697 0 0.548219 0.371654 
0.369086 0 0.552694 0 0.548138 0.365569 
0.369029 0 0.552663 0 0.548019 0.359214 
0.368975 0 0.552616 0 0.547865 0.352536 
0.368925 0 0.552551 0 0.547676 0.345478 
0.368873 0 0.552459 0 0.547447 0.337986 
0.368822 0 0.552341 0 0.547178 0.330013 
0.368782 0 0.552204 0 0.546871 0.321522 
0.368752 0 0.552045 0 0.546523 0.312496 
0.368726 0 0.551853 0 0.546129 0.302931 
0.368706 0 0.55163 0 0.54569 0.292842 
0.368699 0 0.551382 0 0.545207 0.28226 
0.368705 0 0.551107 0 0.544679 0.271226 
0.368716 0 0.550796 0 0.544102 0.25979 
0.368733 0 0.55045 0 0.543477 0.248005 
0.368765 0 0.550077 0 0.542808 0.235927 
0.368808 0 0.549677 0 0.542094 0.223614 
0.368856 0 0.549242 0 0.541332 0.211118 
0.368911 0 0.548773 0 0.540524 0.198492 
0.368978 0 0.548281 0 0.539676 0.185782 
0.369056 0 0.547764 0 0.538788 0.173032 
0.369139 0 0.547217 0 0.537858 0.160281 
0.369227 0 0.546642 0 0.536888 0.147564 
0.369327 0 0.546049 0 0.535885 0.134912 
0.369436 0 0.545439 0 0.534848 0.122352 
0.369549 0 0.544806 0 0.533778 0.109907 
0.369666 0 0.544152 0 0.532678 0.097596 
0.369794 0 0.54349 0 0.531553 0.0854365 
0.36993 0 0.542818 0 0.530405 0.0734422 
0.370068 0 0.542133 0 0.529234 0.0616245 
0.37021 0 0.541438 0 0.528043 0.0499928 
0.37036 0 0.540742 0 0.526837 0.0385544 
0.370518 0 0.540046 0 0.52562 0.027315 
0.370676 0 0.539346 0 0.524388 0.0162789 
0.370837 0 0.538642 0 0.523145 0.00544912 
0.371006 0 0.537945 0 0.521897 -0.00517234 
0.371181 0 0.537254 0 0.520642 -0.0155843 
0.371356 0 0.536562 0 0.519377 -0.0257861 
0.371533 0 0.53587 0 0.518105 -0.0357782 
0.371718 0 0.535186 0 0.516827 -0.0455609 
0.371909 0 0.534508 0 0.515542 -0.0551351 
0.372101 0 0.533829 0 0.514246 -0.0645023 
0.372041 0 0.532224 0 0.512621 -0.0736645 
0.371883 0 0.530105 0 0.510715 -0.0826222 
0.371696 0 0.527789 0 0.508746 -0.0913785 
0.371467 0 0.52549 0 0.506653 -0.099936 
0.371233 0 0.523168 0 0.504517 -0.108297 
0.371 0 0.520835 0 0.502345 -0.116464 
0.370767 0 0.518494 0 0.500142 -0.124441 
0.370529 0 0.516143 0 0.497908 -0.132231 
0.370288 0 0.513789 0 0.495652 -0.139835 
0.370048 0 0.511444 0 0.493381 -0.147259 
0.369794 0 0.509153 0 0.491079 -0.154504 
0.369526 0 0.506894 0 0.488763 -0.161574 
0.369253 0 0.504663 0 0.486442 -0.168472 
0.368983 0 0.502471 0 0.48413 -0.175202 
0.368721 0 0.500327 0 0.481832 -0.181767 
0.368464 0 0.498231 0 0.479554 -0.188169 
0.368214 0 0.496188 0 0.477301 -0.194413 
0.367981 0 0.49421 0 0.475083 -0.2005 
0.367763 0 0.492298 0 0.472901 -0.206435 
0.367556 0 0.490448 0 0.470756 -0.21222 
0.367361 0 0.488663 0 0.468652 -0.217859 
0.367186 0 0.486953 0 0.466596 -0.223354 
0.36703 0 0.485317 0 0.464588 -0.228708 
0.366886 0 0.48375 0 0.462628 -0.233924 
0.366756 0 0.482255 0 0.460718 -0.239006 
0.366647 0 0.480839 0 0.458864 -0.243955 
0.366557 0 0.479502 0 0.457066 -0.248775 
0.36648 0 0.478236 0 0.455321 -0.253467 
0.366419 0 0.477044 0 0.453632 -0.258035 
0.366379 0 0.475933 0 0.452004 -0.262481 
0.366359 0 0.4749 0 0.450436 -0.266807 
0.366352 0 0.47394 0 0.448925 -0.271016 
0.366361 0 0.473053 0 0.447472 -0.275108 
0.366392 0 0.472245 0 0.446082 -0.279088 
0.366442 0 0.471514 0 0.444754 -0.282955 
0.366507 0 0.470854 0 0.443485 -0.286713 
0.366587 0 0.470265 0 0.442275 -0.290362 
0.366688 0 0.469752 0 0.441128 -0.293905 
0.36681 0 0.469314 0 0.440044 -0.297342 
0.366945 0 0.468943 0 0.439019 -0.300676 
0.367096 0 0.468639 0 0.438054 -0.303907 
0.367267 0 0.468409 0 0.437152 -0.307036 
0.367458 0 0.468249 0 0.436313 -0.310065 
0.367663 0 0.468153 0 0.435532 -0.312993 
0.367882 0 0.46812 0 0.43481 -0.315821 
0.368122 0 0.468157 0 0.434153 -0.31855 
0.368367 0 0.46784 0 0.433727 -0.32118 
0.368574 0 0.46734 0 0.433344 -0.323709 
0.368872 0 0.467007 0 0.433245 -0.326139 
0.369208 0 0.466709 0 0.433197 -0.328467 
0.369544 0 0.466395 0 0.433144 -0.330691 
0.36988 0 0.466113 0 0.433123 -0.332811 
0.370215 0 0.465866 0 0.433136 -0.334823 
0.370557 0 0.465662 0 0.433188 -0.336724 
0.370905 0 0.465498 0 0.433278 -0.33851 
0.371251 0 0.46537 0 0.433403 -0.340174 
0.371598 0 0.46528 0 0.433566 -0.341712 
0.371952 0 0.465236 0 0.433773 -0.343115 
0.372312 0 0.465238 0 0.434023 -0.344374 
0.372671 0 0.465282 0 0.434316 -0.345477 
0.373031 0 0.465371 0 0.434654 -0.346413 
0.373398 0 0.465515 0 0.435046 -0.347165 
0.373771 0 0.465718 0 0.435493 -0.347716 
0.374261 0 0.466129 0 0.436148 -0.348046 
0.374803 0 0.466656 0 0.436838 -0.348133 
0.375374 0 0.467251 0 0.437571 -0.347951 
0.375966 0 0.467918 0 0.438368 -0.347473 
0.376574 0 0.468673 0 0.439246 -0.346667 
0.377202 0 0.469534 0 0.440223 -0.345503 
0.377857 0 0.47052 0 0.441311 -0.343946 
0.378537 0 0.471634 0 0.442514 -0.341965 
0.379236 0 0.472874 0 0.443833 -0.339525 
0.379955 0 0.474247 0 0.445275 -0.336597 
0.3807 0 0.475765 0 0.446849 -0.333152 
0.381471 0 0.477436 0 0.448562 -0.329166 
0.382262 0 0.479259 0 0.450416 -0.324618 
0.383075 0 0.48124 0 0.452419 -0.319493 
0.383916 0 0.483394 0 0.454578 -0.31378 
0.384783 0 0.485719 0 0.456896 -0.307476 
0.385669 0 0.488211 0 0.459368 -0.300581 
0.386573 0 0.490868 0 0.461996 -0.293104 
0.387499 0 0.493694 0 0.46478 -0.28506 
0.388443 0 0.496683 0 0.467717 -0.276471 
0.389396 0 0.499819 0 0.470795 -0.267365 
0.390356 0 0.503096 0 0.474009 -0.257779 
0.391327 0 0.506509 0 0.477355 -0.24775 
0.392305 0 0.510047 0 0.480821 -0.237323 
0.393282 0 0.513689 0 0.484394 -0.226542 
0.394258 0 0.517426 0 0.488064 -0.215453 
0.395237 0 0.521251 0 0.491825 -0.204102 
0.396219 0 0.525153 0 0.495667 -0.192531 
0.397199 0 0.529113 0 0.499577 -0.180779 
0.398178 0 0.533123 0 0.503549 -0.168881 
0.399166 0 0.537182 0 0.507582 -0.156868 
0.400167 0 0.541282 0 0.511671 -0.144762 
0.40118 0 0.545413 0 0.515811 -0.132584 
0.402216 0 0.549573 0 0.520006 -0.120343 
0.403292 0 0.553772 0 0.524267 -0.108046 
0.404422 0 0.558013 0 0.5286 -0.0956936 
0.405614 0 0.562293 0 0.533014 -0.0832849 
0.406885 0 0.566619 0 0.537519 -0.070821 
0.40825 0 0.571003 0 0.542122 -0.058311 
0.409709 0 0.575442 0 0.546815 -0.0457771 
0.411241 0 0.579917 0 0.551575 -0.0332531 
0.412712 0 0.584335 0 0.556329 -0.0207807 
0.414332 0 0.588746 0 0.561118 -0.00840234 
0.415878 0 0.593109 0 0.565909 0.0038438 
0.417465 0 0.597445 0 0.570622 0.0159256 
0.419072 0 0.601745 0 0.575299 0.0278178 
0.42069 0 0.606005 0 0.579941 0.0395009 
0.422306 0 0.610206 0 0.58453 0.0509614 
0.423826 0 0.614259 0 0.589065 0.0621894 
0.425423 0 0.61823 0 0.593513 0.0731787 
0.426993 0 0.622156 0 0.597892 0.0839259 
0.428541 0 0.626004 0 0.602196 0.0944297 
0.430058 0 0.629746 0 0.606414 0.10469 
0.431547 0 0.63338 0 0.610544 0.11471 
0.433013 0 0.636913 0 0.614597 0.12449 
0.434457 0 0.640349 0 0.618572 0.134035 
0.435874 0 0.643679 0 0.622471 0.143348 
0.437265 0 0.646907 0 0.626295 0.152433 
0.438638 0 0.650044 0 0.630053 0.161296 
0.439992 0 0.653091 0 0.633748 0.16994 
0.44132 0 0.656045 0 0.637381 0.17837 
0.442626 0 0.65891 0 0.64096 0.186592 
0.443916 0 0.6617 0 0.644495 0.194609 
0.44476 0 0.663743 0 0.646314 0.20243 
0.445479 0 0.665384 0 0.647435 0.210054 
0.44623 0 0.667098 0 0.648546 0.217488 
0.446762 0 0.668529 0 0.649736 0.224738 
0.447292 0 0.669942 0 0.650942 0.231806 
0.447815 0 0.671333 0 0.652164 0.238698 
0.448333 0 0.672709 0 0.65341 0.245419 
0.448852 0 0.674083 0 0.654686 0.251971 
0.449373 0 0.675457 0 0.655994 0.25836 
0.449889 0 0.676826 0 0.657333 0.26459 
0.450401 0 0.678191 0 0.658705 0.270664 
0.450916 0 0.679563 0 0.660113 0.276586 
0.451434 0 0.680939 0 0.661555 0.282359 
0.451949 0 0.682311 0 0.663025 0.287989 
0.452461 0 0.683677 0 0.664522 0.293477 
0.452979 0 0.685044 0 0.666047 0.298828 
0.453501 0 0.68641 0 0.667593 0.304045 
0.454021 0 0.687762 0 0.669155 0.309132 
0.454541 0 0.689101 0 0.670731 0.31409 
0.455067 0 0.690432 0 0.672322 0.318924 
0.455599 0 0.691754 0 0.673922 0.323637 
0.45613 0 0.693056 0 0.675528 0.328232 
0.456662 0 0.694339 0 0.677138 0.332711 
0.457202 0 0.695612 0 0.678756 0.337077 
0.45775 0 0.696872 0 0.68038 0.341333 
0.458298 0 0.698111 0 0.682005 0.345482 
0.45885 0 0.699331 0 0.683632 0.349526 
0.459412 0 0.700538 0 0.685263 0.353469 
0.459909 0 0.701716 0 0.687131 0.357311 
0.460411 0 0.702877 0 0.688994 0.361057 
0.460918 0 0.704021 0 0.69085 0.364707 
0.461437 0 0.705154 0 0.6927 0.368265 
0.462094 0 0.707077 0 0.694843 0.371733 
0.462736 0 0.709008 0 0.696931 0.375112 
0.463382 0 0.710917 0 0.698996 0.378405 
0.464039 0 0.712813 0 0.701042 0.381615 
0.464706 0 0.714694 0 0.703065 0.384742 
0.465375 0 0.716552 0 0.705063 0.387789 
0.466048 0 0.718389 0 0.707035 0.390758 
0.46673 0 0.720212 0 0.708986 0.393651 
0.467422 0 0.722021 0 0.710913 0.396469 
0.468115 0 0.723809 0 0.712814 0.399214 
0.468812 0 0.725575 0 0.71469 0.401888 
0.469518 0 0.727329 0 0.716544 0.404492 
0.470231 0 0.72907 0 0.718374 0.407029 
0.470946 0 0.73079 0 0.720179 0.409499 
0.471662 0 0.73249 0 0.721958 0.411904 
0.472387 0 0.734178 0 0.723715 0.414246 
0.473118 0 0.735854 0 0.725449 0.416526 
0.47385 0 0.73751 0 0.727157 0.418745 
0.474582 0 0.739147 0 0.728839 0.420904 
0.475322 0 0.740772 0 0.7305 0.423005 
0.476066 0 0.742385 0 0.732137 0.425049 
0.47681 0 0.743978 0 0.733747 0.427037 
0.477553 0 0.745551 0 0.73533 0.42897 
0.478301 0 0.747113 0 0.736891 0.430849 
0.479082 0 0.748889 0 0.738454 0.432674 
0.479864 0 0.750691 0 0.739979 0.434447 
0.480642 0 0.752459 0 0.741468 0.436168 
0.481424 0 0.754203 0 0.742925 0.437838 
0.482116 0 0.75564 0 0.74387 0.439458 
0.482848 0 0.757118 0 0.744851 0.441027 
0.483551 0 0.758506 0 0.745708 0.442546 
0.484283 0 0.759905 0 0.746471 0.444014 
0.48502 0 0.761298 0 0.747218 0.445432 
0.485754 0 0.762675 0 0.747946 0.446799 
0.486487 0 0.764038 0 0.748656 0.448115 
0.487224 0 0.765396 0 0.749351 0.449379 
0.487965 0 0.766747 0 0.750028 0.45059 
0.488704 0 0.768083 0 0.750685 0.451747 
0.48944 0 0.769406 0 0.751322 0.452848 
0.490181 0 0.770723 0 0.751941 0.453892 
0.490924 0 0.772032 0 0.75254 0.454875 
0.491595 0 0.773308 0 0.753087 0.455796 
0.49223 0 0.77455 0 0.753585 0.45665 
0.492868 0 0.775781 0 0.75406 0.457436 
0.493508 0 0.777 0 0.754507 0.458147 
0.494144 0 0.778198 0 0.754924 0.458781 
0.494775 0 0.779375 0 0.75531 0.45933 
0.495394 0 0.780469 0 0.755641 0.45979 
0.496021 0 0.781579 0 0.755981 0.460152 
0.496625 0 0.782633 0 0.756261 0.460411 
0.497197 0 0.783628 0 0.756468 0.460557 
0.497795 0 0.784635 0 0.756641 0.460581 
0.498343 0 0.785583 0 0.756747 0.460472 
0.49891 0 0.786527 0 0.756825 0.46022 
0.499458 0 0.787432 0 0.756864 0.459811 
0.499997 0 0.788307 0 0.756857 0.459234 
0.500528 0 0.789151 0 0.7568 0.458473 
0.501046 0 0.789959 0 0.75669 0.457514 
0.501554 0 0.790731 0 0.756527 0.456341 
0.502059 0 0.791476 0 0.756313 0.454936 
0.502341 0 0.791777 0 0.756008 0.453283 
0.502424 0 0.791708 0 0.75561 0.451364 
0.502398 0 0.791421 0 0.755172 0.44916 
0.502335 0 0.791045 0 0.754711 0.446653 
0.502298 0 0.790658 0 0.754227 0.443824 
0.502277 0 0.790249 0 0.753708 0.440655 
0.502273 0 0.789814 0 0.753149 0.437131 
0.502289 0 0.789355 0 0.752545 0.433235 
0.502323 0 0.788865 0 0.751889 0.428954 
0.50237 0 0.788334 0 0.751176 0.424276 
0.502428 0 0.787756 0 0.750402 0.419194 
0.502505 0 0.787134 0 0.749563 0.413702 
0.502598 0 0.786464 0 0.748654 0.407797 
0.502702 0 0.785733 0 0.747669 0.401482 
0.50276 0 0.784821 0 0.746612 0.394762 
0.502786 0 0.783738 0 0.745469 0.387646 
0.502793 0 0.782509 0 0.744239 0.380149 
0.502787 0 0.781154 0 0.742919 0.372287 
0.502778 0 0.779692 0 0.741511 0.364082 
0.502776 0 0.778137 0 0.740014 0.355556 
0.502781 0 0.776488 0 0.738426 0.346738 
0.502786 0 0.77474 0 0.736746 0.337655 
0.502793 0 0.772894 0 0.734977 0.32834 
0.502807 0 0.770961 0 0.733124 0.318824 
0.502826 0 0.768946 0 0.731193 0.30914 
0.502846 0 0.766849 0 0.729186 0.299321 
0.502868 0 0.764679 0 0.727111 0.289399 
0.502896 0 0.762453 0 0.724977 0.279408 
0.50293 0 0.760176 0 0.722792 0.269379 
0.502964 0 0.757852 0 0.720561 0.259341 
0.502999 0 0.755492 0 0.718293 0.249323 
0.503039 0 0.75311 0 0.716 0.239352 
0.503077 0 0.750626 0 0.713577 0.229454 
0.503099 0 0.748072 0 0.711047 0.21965 
0.50314 0 0.74551 0 0.708489 0.209963 
0.503198 0 0.742976 0 0.70592 0.200411 
0.503266 0 0.740482 0 0.703355 0.191009 
0.503336 0 0.738026 0 0.700802 0.181772 
0.503409 0 0.735615 0 0.698271 0.17271 
0.50349 0 0.733257 0 0.695769 0.163829 
0.503577 0 0.730952 0 0.693295 0.155132 
0.503663 0 0.728697 0 0.690851 0.146615 
0.503748 0 0.726492 0 0.688437 0.13827 
0.503839 0 0.724344 0 0.686057 0.130078 
0.503933 0 0.722248 0 0.683708 0.122014 
0.50388 0 0.720002 0 0.681229 0.114041 
0.503721 0 0.717645 0 0.678676 0.106111 
0.50341 0 0.715204 0 0.675892 0.098167 
0.502884 0 0.712624 0 0.672929 0.0901472 
0.502152 0 0.709883 0 0.669794 0.0819937 
0.501349 0 0.707063 0 0.666391 0.0736634 
0.500354 0 0.704081 0 0.662835 0.0651359 
0.499201 0 0.70095 0 0.659155 0.056417 
0.498 0 0.697737 0 0.655238 0.0475344 
0.496716 0 0.694441 0 0.65116 0.0385281 
0.49534 0 0.691062 0 0.646975 0.0294434 
0.49387 0 0.687591 0 0.642725 0.0203224 
0.49231 0 0.684026 0 0.638446 0.0112006 
0.490637 0 0.680376 0 0.634055 0.00210577 
0.488859 0 0.676643 0 0.629588 -0.0069404 
0.486992 0 0.672849 0 0.625077 -0.015922 
0.485051 0 0.669018 0 0.620549 -0.0248268 
0.483055 0 0.665174 0 0.616029 -0.0336451 
0.481028 0 0.661339 0 0.611535 -0.0423691 
0.478981 0 0.657522 0 0.607073 -0.050992 
0.476918 0 0.653722 0 0.602647 -0.0595081 
0.474846 0 0.649945 0 0.598259 -0.0679122 
0.473372 0 0.646552 0 0.59497 -0.0761997 
0.472229 0 0.643452 0 0.592162 -0.0843664 
0.471271 0 0.64055 0 0.589605 -0.0924086 
0.470419 0 0.63778 0 0.587196 -0.100323 
0.469728 0 0.635176 0 0.584933 -0.108106 
0.469229 0 0.632776 0 0.582873 -0.115756 
0.468866 0 0.630556 0 0.580975 -0.12327 
0.468601 0 0.628481 0 0.579201 -0.130647 
0.46841 0 0.626527 0 0.577528 -0.137886 
0.468275 0 0.624678 0 0.575936 -0.144986 
0.468176 0 0.622918 0 0.574411 -0.151947 
0.468105 0 0.621242 0 0.572945 -0.158768 
0.468064 0 0.619654 0 0.571536 -0.165449 
0.468047 0 0.618147 0 0.570176 -0.171991 
0.468044 0 0.616715 0 0.568861 -0.178395 
0.468056 0 0.615357 0 0.567587 -0.184661 
0.468087 0 0.614077 0 0.566356 -0.190791 
0.468135 0 0.612874 0 0.565164 -0.196786 
0.467964 0 0.611458 0 0.563823 -0.202646 
0.46767 0 0.609933 0 0.562363 -0.208375 
0.467318 0 0.608394 0 0.560844 -0.213973 
0.466945 0 0.606888 0 0.559307 -0.219442 
0.466562 0 0.605426 0 0.557771 -0.224784 
0.466181 0 0.604014 0 0.556248 -0.23 
0.465812 0 0.602659 0 0.554742 -0.235093 
0.465455 0 0.601358 0 0.553254 -0.240065 
0.465029 0 0.599873 0 0.551683 -0.244917 
0.464646 0 0.59832 0 0.550097 -0.249652 
0.464307 0 0.596788 0 0.548547 -0.254271 
0.464008 0 0.595305 0 0.54704 -0.258776 
0.463739 0 0.593865 0 0.545562 -0.26317 
0.463497 0 0.592454 0 0.544103 -0.267455 
0.463285 0 0.591062 0 0.542659 -0.271631 
0.463101 0 0.589675 0 0.541227 -0.275702 
0.462941 0 0.588279 0 0.539805 -0.279669 
0.462806 0 0.586872 0 0.538395 -0.283534 
0.462701 0 0.585461 0 0.537004 -0.287299 
0.462626 0 0.584048 0 0.535632 -0.290966 
0.462573 0 0.582632 0 0.534281 -0.294536 
0.462544 0 0.58122 0 0.532956 -0.298011 
0.462542 0 0.579824 0 0.531664 -0.301392 
0.462563 0 0.57845 0 0.530407 -0.30468 
0.462601 0 0.577097 0 0.529184 -0.307876 
0.462655 0 0.575769 0 0.528001 -0.310981 
0.462728 0 0.574478 0 0.52686 -0.313995 
0.462817 0 0.573225 0 0.525762 -0.31692 
0.462916 0 0.572006 0 0.524706 -0.319755 
0.463024 0 0.570824 0 0.523695 -0.3225 
0.463145 0 0.569686 0 0.522731 -0.325156 
0.463278 0 0.568594 0 0.521815 -0.327723 
0.463416 0 0.567541 0 0.520945 -0.330201 
0.46356 0 0.566529 0 0.520123 -0.332589 
0.463715 0 0.565566 0 0.519352 -0.334886 
0.463879 0 0.564649 0 0.518631 -0.337093 
0.464046 0 0.563774 0 0.517957 -0.339207 
0.464217 0 0.562941 0 0.517333 -0.341229 
0.464397 0 0.562156 0 0.516761 -0.343157 
0.464585 0 0.561419 0 0.516241 -0.344989 
0.464775 0 0.560723 0 0.515768 -0.346725 
0.464968 0 0.560068 0 0.515346 -0.348361 
0.46517 0 0.559461 0 0.514976 -0.349897 
0.465378 0 0.558901 0 0.514657 -0.351329 
0.465588 0 0.55838 0 0.514386 -0.352655 
0.465799 0 0.557899 0 0.514164 -0.353872 
0.466018 0 0.557466 0 0.513996 -0.354977 
0.466244 0 0.557079 0 0.513878 -0.355967 
0.46647 0 0.55673 0 0.513809 -0.356838 
0.466697 0 0.556422 0 0.51379 -0.357585 
0.466931 0 0.55616 0 0.513824 -0.358204 
0.467171 0 0.555945 0 0.513911 -0.358688 
0.467411 0 0.555769 0 0.514047 -0.359033 
0.467651 0 0.555635 0 0.514235 -0.359232 
0.467898 0 0.55555 0 0.514479 -0.359275 
0.46815 0 0.555513 0 0.514778 -0.359155 
0.4684 0 0.55552 0 0.515132 -0.358861 
0.468651 0 0.555572 0 0.515542 -0.35838 
0.468908 0 0.55568 0 0.516016 -0.357698 
0.469169 0 0.555844 0 0.516553 -0.356799 
0.469428 0 0.556061 0 0.517154 -0.355663 
0.469686 0 0.556336 0 0.517824 -0.354268 
0.469949 0 0.556681 0 0.518571 -0.352589 
0.470536 0 0.557704 0 0.51989 -0.350595 
0.471238 0 0.558876 0 0.521301 -0.348255 
0.471953 0 0.560037 0 0.522709 -0.345531 
0.472672 0 0.561298 0 0.524215 -0.342383 
0.473394 0 0.562668 0 0.525825 -0.33877 
0.474112 0 0.564149 0 0.527546 -0.334648 
0.474828 0 0.565752 0 0.529389 -0.329974 
0.475547 0 0.567495 0 0.531366 -0.324707 
0.476269 0 0.569385 0 0.533487 -0.318812 
0.476987 0 0.571424 0 0.535754 -0.31226 
0.477702 0 0.57362 0 0.538178 -0.30503 
0.478421 0 0.575986 0 0.540765 -0.297115 
0.479142 0 0.578522 0 0.543518 -0.288519 
0.479858 0 0.581223 0 0.546434 -0.279259 
0.480572 0 0.584085 0 0.549511 -0.269365 
0.481289 0 0.587112 0 0.552749 -0.258879 
0.482009 0 0.590294 0 0.55614 -0.247851 
0.482725 0 0.593615 0 0.559672 -0.236337 
0.483439 0 0.597065 0 0.563335 -0.224401 
0.48432 0 0.60086 0 0.567356 -0.212105 
0.485306 0 0.604869 0 0.571585 -0.199514 
0.486246 0 0.608893 0 0.575689 -0.186688 
0.487163 0 0.61294 0 0.579799 -0.173688 
0.488082 0 0.61705 0 0.583973 -0.160568 
0.489041 0 0.621245 0 0.588224 -0.147381 
0.490024 0 0.625501 0 0.592536 -0.134172 
0.491025 0 0.629802 0 0.596902 -0.120982 
0.492048 0 0.634142 0 0.601315 -0.10785 
0.493089 0 0.638509 0 0.605762 -0.0948067 
0.494139 0 0.642881 0 0.610232 -0.0818802 
0.495199 0 0.647252 0 0.614715 -0.0690942 
0.496273 0 0.651619 0 0.61921 -0.0564689 
0.497288 0 0.655879 0 0.623604 -0.0440209 
0.498262 0 0.660033 0 0.627928 -0.0317638 
0.498816 0 0.663286 0 0.630777 -0.0197091 
0.499168 0 0.665925 0 0.633244 -0.0078653 
0.499484 0 0.66852 0 0.635681 0.0037606 
0.499801 0 0.671079 0 0.63814 0.0151628 
0.500119 0 0.673599 0 0.64058 0.0263378 
0.500444 0 0.676092 0 0.643002 0.0372835 
0.500778 0 0.678562 0 0.645411 0.0479993 
0.501119 0 0.681006 0 0.647811 0.0584862 
0.501469 0 0.683429 0 0.650207 0.068746 
0.501838 0 0.685841 0 0.652603 0.0787824 
0.502224 0 0.688242 0 0.655001 0.0886005 
0.502624 0 0.690628 0 0.657397 0.0982072 
0.503039 0 0.692999 0 0.659795 0.107611 
0.503478 0 0.695367 0 0.662196 0.116822 
0.50394 0 0.697729 0 0.664599 0.125851 
0.50442 0 0.700079 0 0.667 0.134709 
0.50492 0 0.702416 0 0.669399 0.143407 
0.505447 0 0.704749 0 0.671796 0.15195 
0.505999 0 0.707073 0 0.674189 0.160345 
0.506568 0 0.709379 0 0.676575 0.168591 
0.507153 0 0.711665 0 0.678953 0.176688 
0.507759 0 0.713938 0 0.681328 0.184634 
0.508384 0 0.716195 0 0.683697 0.192428 
0.509016 0 0.718425 0 0.686058 0.200066 
0.509657 0 0.720627 0 0.688413 0.207548 
0.51031 0 0.722809 0 0.690764 0.214872 
0.510972 0 0.724967 0 0.69311 0.222038 
0.511635 0 0.727094 0 0.69545 0.229046 
0.5123 0 0.729189 0 0.697785 0.235897 
0.512971 0 0.731262 0 0.700119 0.242592 
0.513649 0 0.733312 0 0.702451 0.249133 
0.514325 0 0.735332 0 0.704781 0.255521 
0.515001 0 0.737324 0 0.707111 0.261758 
0.515687 0 0.7393 0 0.709447 0.267847 
0.516381 0 0.741262 0 0.711789 0.27379 
0.517081 0 0.743209 0 0.714139 0.279589 
0.51779 0 0.745146 0 0.716502 0.285248 
0.518519 0 0.747089 0 0.718886 0.290768 
0.51927 0 0.749044 0 0.721294 0.296153 
0.520038 0 0.75101 0 0.723729 0.301406 
0.520923 0 0.753082 0 0.725509 0.306528 
0.521801 0 0.755001 0 0.727161 0.311524 
0.522703 0 0.756918 0 0.728748 0.316395 
0.523647 0 0.758897 0 0.73035 0.321145 
0.524481 0 0.7608 0 0.732078 0.325777 
0.525325 0 0.76272 0 0.733829 0.330293 
0.526178 0 0.764654 0 0.735602 0.334695 
0.527033 0 0.766594 0 0.737392 0.338987 
0.527892 0 0.768539 0 0.739198 0.343171 
0.52876 0 0.770495 0 0.74102 0.34725 
0.529814 0 0.772603 0 0.742665 0.351226 
0.530869 0 0.774705 0 0.744317 0.355101 
0.531927 0 0.776803 0 0.745974 0.358878 
0.532882 0 0.778837 0 0.74787 0.362559 
0.53377 0 0.780825 0 0.749837 0.366147 
0.53478 0 0.782882 0 0.751462 0.369643 
0.535799 0 0.784984 0 0.75317 0.373051 
0.536818 0 0.787098 0 0.754862 0.376371 
0.537953 0 0.78933 0 0.756486 0.379606 
0.538952 0 0.791446 0 0.758267 0.382758 
0.540042 0 0.793621 0 0.759876 0.385829 
0.541187 0 0.795826 0 0.761418 0.388821 
0.542361 0 0.798045 0 0.762932 0.391736 
0.543382 0 0.800132 0 0.764644 0.394576 
0.544444 0 0.802228 0 0.766138 0.397342 
0.545405 0 0.804199 0 0.767582 0.400036 
0.546418 0 0.80621 0 0.768917 0.40266 
0.547321 0 0.808125 0 0.77025 0.405216 
0.548269 0 0.810043 0 0.771487 0.407704 
0.549112 0 0.811886 0 0.772725 0.410128 
0.550016 0 0.813766 0 0.773875 0.412487 
0.550832 0 0.815558 0 0.775011 0.414784 
0.551716 0 0.817749 0 0.776259 0.417019 
0.552627 0 0.819973 0 0.777485 0.419194 
0.553512 0 0.822094 0 0.778596 0.421311 
0.554463 0 0.824168 0 0.779709 0.42337 
0.555373 0 0.826231 0 0.780786 0.425373 
0.556288 0 0.828284 0 0.781835 0.42732 
0.557206 0 0.830324 0 0.782852 0.429212 
0.558121 0 0.832345 0 0.783836 0.431051 
0.559082 0 0.834332 0 0.7848 0.432837 
0.559967 0 0.836309 0 0.785698 0.434571 
0.560799 0 0.838224 0 0.786515 0.436253 
0.561586 0 0.840068 0 0.787252 0.437884 
0.562341 0 0.841855 0 0.787919 0.439464 
0.56308 0 0.843606 0 0.788529 0.440993 
0.563804 0 0.845324 0 0.789088 0.442473 
0.564513 0 0.847006 0 0.789599 0.443901 
0.565207 0 0.848651 0 0.790064 0.44528 
0.565892 0 0.850265 0 0.790483 0.446607 
0.566569 0 0.851845 0 0.790852 0.447884 
0.56723 0 0.853384 0 0.791172 0.449108 
0.567877 0 0.854882 0 0.791443 0.450279 
0.568515 0 0.856345 0 0.791664 0.451397 
0.568844 0 0.857168 0 0.79169 0.45246 
0.568907 0 0.857541 0 0.791626 0.453466 
0.568807 0 0.85769 0 0.791518 0.454413 
0.568713 0 0.85784 0 0.7914 0.455299 
0.568625 0 0.85799 0 0.791268 0.456122 
0.568535 0 0.858132 0 0.791125 0.456878 
0.568445 0 0.858269 0 0.790969 0.457564 
0.568361 0 0.858405 0 0.7908 0.458176 
0.568346 0 0.858619 0 0.790695 0.458711 
0.568378 0 0.858888 0 0.790613 0.459163 
0.568444 0 0.85919 0 0.790539 0.459527 
0.568542 0 0.859519 0 0.790465 0.459797 
0.568665 0 0.859869 0 0.790385 0.459967 
0.568804 0 0.860232 0 0.790295 0.46003 
0.568858 0 0.860421 0 0.790244 0.459977 
0.568858 0 0.860479 0 0.790212 0.459802 
0.568826 0 0.860457 0 0.790196 0.459493 
0.568779 0 0.860392 0 0.790191 0.459042 
0.568729 0 0.860308 0 0.790192 0.458438 
0.568688 0 0.860218 0 0.790192 0.457669 
0.568656 0 0.860119 0 0.790187 0.456724 
0.568628 0 0.859999 0 0.790175 0.455589 
0.568604 0 0.859857 0 0.790157 0.454251 
0.568591 0 0.859695 0 0.790131 0.452695 
0.568587 0 0.85951 0 0.790095 0.450908 
0.568587 0 0.859295 0 0.790048 0.448874 
0.568591 0 0.85905 0 0.789988 0.446579 
0.568606 0 0.858777 0 0.789914 0.444005 
0.568631 0 0.858472 0 0.789822 0.441139 
0.568659 0 0.858126 0 0.789708 0.437964 
0.568692 0 0.857736 0 0.789573 0.434466 
0.568735 0 0.857305 0 0.789411 0.430632 
0.568788 0 0.856826 0 0.78922 0.426448 
0.568819 0 0.85613 0 0.78882 0.421903 
0.56889 0 0.855352 0 0.788331 0.416987 
0.568996 0 0.854532 0 0.787762 0.411691 
0.569117 0 0.853658 0 0.787121 0.406009 
0.569238 0 0.852707 0 0.78641 0.399936 
0.569343 0 0.851671 0 0.785619 0.393473 
0.569455 0 0.850557 0 0.784754 0.386621 
0.569588 0 0.849351 0 0.783797 0.379384 
0.56973 0 0.848049 0 0.782747 0.37177 
0.569877 0 0.846646 0 0.781601 0.363791 
0.570032 0 0.845145 0 0.780355 0.355459 
0.570191 0 0.843545 0 0.779009 0.346793 
0.570347 0 0.841842 0 0.777563 0.33781 
0.570503 0 0.84004 0 0.776018 0.328534 
0.5706 0 0.838 0 0.774349 0.318987 
0.570668 0 0.83579 0 0.772589 0.309195 
0.570694 0 0.83345 0 0.770751 0.299186 
0.570702 0 0.831022 0 0.768844 0.288985 
0.570708 0 0.828534 0 0.766875 0.278622 
0.57074 0 0.825977 0 0.764804 0.268124 
0.570781 0 0.823363 0 0.762653 0.25752 
0.570826 0 0.820696 0 0.760429 0.246837 
0.570876 0 0.817985 0 0.758139 0.236102 
0.570926 0 0.815236 0 0.755791 0.225341 
0.570972 0 0.812455 0 0.753392 0.214577 
0.571014 0 0.809651 0 0.750952 0.203835 
0.571057 0 0.806839 0 0.748478 0.193135 
0.5711 0 0.804027 0 0.745975 0.182499 
0.571136 0 0.801217 0 0.743447 0.171945 
0.571167 0 0.798418 0 0.740902 0.161489 
0.571197 0 0.795642 0 0.738346 0.151147 
0.571224 0 0.792894 0 0.735782 0.140931 
0.571242 0 0.790173 0 0.733214 0.130852 
0.571249 0 0.787483 0 0.730648 0.120918 
0.57125 0 0.784833 0 0.728085 0.111135 
0.571239 0 0.782221 0 0.725527 0.101503 
0.571208 0 0.779639 0 0.722972 0.0920218 
0.571153 0 0.777086 0 0.720419 0.0826827 
0.571074 0 0.774559 0 0.717865 0.0734732 
0.570961 0 0.772046 0 0.715301 0.0643734 
0.570801 0 0.76953 0 0.712717 0.0553569 
0.570585 0 0.766997 0 0.710103 0.0463912 
0.570311 0 0.764435 0 0.707452 0.0374403 
0.569972 0 0.761832 0 0.704753 0.0284699 
0.569562 0 0.759176 0 0.702006 0.0194532 
0.569091 0 0.756471 0 0.699219 0.0103772 
0.568573 0 0.753733 0 0.696406 0.00124426 
0.568047 0 0.750991 0 0.69361 -0.00793033 
0.567562 0 0.748291 0 0.690891 -0.0171225 
0.567284 0 0.74574 0 0.688375 -0.0263046 
0.567115 0 0.743312 0 0.685997 -0.0354484 
0.566987 0 0.740946 0 0.683697 -0.0445278 
0.566848 0 0.738594 0 0.681434 -0.0535194 
0.566668 0 0.736227 0 0.679181 -0.0624032 
0.566433 0 0.733837 0 0.676923 -0.0711626 
0.56613 0 0.731413 0 0.674647 -0.0797845 
0.565747 0 0.728948 0 0.672347 -0.088259 
0.565286 0 0.726447 0 0.670025 -0.096579 
0.56476 0 0.723927 0 0.667689 -0.10474 
0.564177 0 0.7214 0 0.665345 -0.112738 
0.563541 0 0.718877 0 0.663004 -0.120573 
0.562866 0 0.716372 0 0.660678 -0.128244 
0.562167 0 0.713903 0 0.658378 -0.135751 
0.561453 0 0.711478 0 0.65611 -0.143096 
0.560726 0 0.709101 0 0.653878 -0.15028 
0.559994 0 0.706777 0 0.651687 -0.157305 
0.559268 0 0.704517 0 0.649542 -0.164174 
0.558443 0 0.702171 0 0.647338 -0.170887 
0.55757 0 0.699765 0 0.645132 -0.177449 
0.5568 0 0.69743 0 0.643009 -0.18386 
0.556113 0 0.695225 0 0.640998 -0.190124 
0.555485 0 0.693134 0 0.639079 -0.196244 
0.554892 0 0.691125 0 0.637228 -0.202221 
0.554325 0 0.689185 0 0.635434 -0.208058 
0.553786 0 0.687311 0 0.633693 -0.213759 
0.55327 0 0.685498 0 0.631999 -0.219325 
0.552771 0 0.68374 0 0.63035 -0.224758 
0.552289 0 0.682035 0 0.628744 -0.230063 
0.551829 0 0.680388 0 0.627181 -0.235241 
0.551388 0 0.678797 0 0.625655 -0.240294 
0.550963 0 0.677255 0 0.624163 -0.245226 
0.550553 0 0.675763 0 0.622704 -0.250038 
0.550163 0 0.674324 0 0.621277 -0.254733 
0.549793 0 0.672936 0 0.619878 -0.259313 
0.549437 0 0.671591 0 0.618504 -0.263781 
0.549096 0 0.670288 0 0.617153 -0.268139 
0.548777 0 0.669031 0 0.615826 -0.27239 
0.548477 0 0.667814 0 0.614518 -0.276534 
0.548191 0 0.666631 0 0.613227 -0.280575 
0.547923 0 0.665476 0 0.61195 -0.284515 
0.547528 0 0.664186 0 0.610621 -0.288355 
0.547067 0 0.662798 0 0.609234 -0.292098 
0.546577 0 0.661364 0 0.607833 -0.295745 
0.546115 0 0.659922 0 0.606442 -0.299297 
0.545783 0 0.658579 0 0.605065 -0.302758 
0.54555 0 0.657322 0 0.603732 -0.306128 
0.545384 0 0.656104 0 0.60243 -0.309409 
0.545268 0 0.654891 0 0.601149 -0.312602 
0.545197 0 0.653673 0 0.599885 -0.315708 
0.545164 0 0.652447 0 0.598642 -0.318729 
0.545159 0 0.651215 0 0.597422 -0.321666 
0.545182 0 0.649984 0 0.596232 -0.32452 
0.545235 0 0.648772 0 0.59508 -0.327291 
0.545314 0 0.647586 0 0.59397 -0.329979 
0.54541 0 0.646428 0 0.592902 -0.332586 
0.545523 0 0.645303 0 0.591881 -0.33511 
0.545656 0 0.644223 0 0.59091 -0.337553 
0.545806 0 0.643187 0 0.589992 -0.339913 
0.545965 0 0.642193 0 0.589124 -0.342189 
0.546134 0 0.641243 0 0.588309 -0.344382 
0.546316 0 0.640344 0 0.58755 -0.34649 
0.54651 0 0.639494 0 0.586847 -0.348511 
0.546709 0 0.638689 0 0.586197 -0.350443 
0.546914 0 0.637929 0 0.585603 -0.352285 
0.547131 0 0.637222 0 0.585067 -0.354034 
0.547356 0 0.636565 0 0.584588 -0.355687 
0.547584 0 0.635952 0 0.584165 -0.357241 
0.547817 0 0.635385 0 0.583797 -0.358691 
0.548059 0 0.634869 0 0.583489 -0.360033 
0.548309 0 0.634404 0 0.583238 -0.361262 
0.548561 0 0.633982 0 0.583043 -0.362373 
0.548816 0 0.633606 0 0.582905 -0.363359 
0.54908 0 0.633282 0 0.582828 -0.364213 
0.54935 0 0.633009 0 0.58281 -0.364927 
0.549621 0 0.632782 0 0.58285 -0.36549 
0.549894 0 0.632602 0 0.582951 -0.365893 
0.550175 0 0.632477 0 0.583115 -0.366124 
0.550462 0 0.632408 0 0.583344 -0.36617 
0.550749 0 0.63239 0 0.583636 -0.366014 
0.551038 0 0.632426 0 0.583995 -0.365639 
0.551333 0 0.632527 0 0.584426 -0.365024 
0.551633 0 0.632693 0 0.584932 -0.364147 
0.551932 0 0.632924 0 0.585514 -0.36298 
0.552232 0 0.633223 0 0.586178 -0.361493 
0.552537 0 0.633606 0 0.586933 -0.35965 
0.552847 0 0.634078 0 0.587783 -0.357413 
0.553378 0 0.635053 0 0.589058 -0.354738 
0.554031 0 0.636242 0 0.590483 -0.351577 
0.554734 0 0.637514 0 0.591978 -0.347879 
0.555482 0 0.638914 0 0.593606 -0.343593 
0.556225 0 0.640445 0 0.595361 -0.338665 
0.556965 0 0.642121 0 0.597254 -0.333049 
0.557708 0 0.643959 0 0.599298 -0.326702 
0.558452 0 0.645967 0 0.601499 -0.319593 
0.559192 0 0.648145 0 0.603863 -0.311703 
0.559928 0 0.650498 0 0.606393 -0.303029 
0.560666 0 0.653036 0 0.609096 -0.293585 
0.561487 0 0.655866 0 0.612057 -0.283401 
0.562362 0 0.658927 0 0.615226 -0.272522 
0.563274 0 0.662188 0 0.618574 -0.261008 
0.564224 0 0.665639 0 0.622095 -0.248926 
0.565204 0 0.669268 0 0.62578 -0.236351 
0.566206 0 0.673053 0 0.629617 -0.223359 
0.567228 0 0.676977 0 0.633593 -0.210028 
0.568197 0 0.680986 0 0.637524 -0.196431 
0.56914 0 0.685051 0 0.641481 -0.18264 
0.570068 0 0.689169 0 0.645487 -0.168719 
0.570988 0 0.693338 0 0.649546 -0.154727 
0.571911 0 0.69756 0 0.653654 -0.140716 
0.572834 0 0.70182 0 0.657798 -0.126734 
0.573751 0 0.706093 0 0.661962 -0.112821 
0.574661 0 0.710362 0 0.666135 -0.0990113 
0.575572 0 0.714623 0 0.670308 -0.0853349 
0.576481 0 0.718861 0 0.674472 -0.071817 
0.577383 0 0.723061 0 0.67862 -0.0584783 
0.578277 0 0.727217 0 0.682748 -0.045336 
0.579173 0 0.731331 0 0.686856 -0.0324039 
0.580068 0 0.735398 0 0.690937 -0.0196931 
0.580628 0 0.738424 0 0.693645 -0.00721231 
0.580962 0 0.740908 0 0.695946 0.00503203 
0.581242 0 0.743372 0 0.698189 0.0170352 
0.581501 0 0.745791 0 0.700456 0.0287938 
0.58176 0 0.748174 0 0.7027 0.0403063 
0.582021 0 0.750521 0 0.704924 0.0515722 
0.58229 0 0.752843 0 0.707132 0.0625923 
0.582567 0 0.755139 0 0.709323 0.073368 
0.582834 0 0.757408 0 0.71153 0.0839017 
0.583096 0 0.759646 0 0.713733 0.0941964 
0.583366 0 0.761864 0 0.715928 0.104256 
0.583645 0 0.764063 0 0.718115 0.114084 
0.583935 0 0.766245 0 0.720299 0.123686 
0.58424 0 0.76841 0 0.72248 0.133066 
0.58457 0 0.770568 0 0.724656 0.142231 
0.584924 0 0.772717 0 0.726822 0.151185 
0.585298 0 0.774849 0 0.728975 0.159933 
0.585694 0 0.776963 0 0.731114 0.168481 
0.58612 0 0.779068 0 0.733237 0.176832 
0.586572 0 0.78116 0 0.735343 0.184991 
0.587044 0 0.783232 0 0.73743 0.19296 
0.587535 0 0.785284 0 0.739503 0.200743 
0.588049 0 0.787324 0 0.741563 0.208343 
0.588584 0 0.789351 0 0.743611 0.215763 
0.58913 0 0.791357 0 0.745651 0.223005 
0.589687 0 0.793342 0 0.747685 0.230074 
0.59026 0 0.795315 0 0.749717 0.236972 
0.590846 0 0.797275 0 0.751746 0.243703 
0.591438 0 0.799216 0 0.753776 0.25027 
0.592038 0 0.80114 0 0.755809 0.256676 
0.592502 0 0.802814 0 0.757474 0.262926 
0.59287 0 0.80431 0 0.758864 0.269022 
0.593196 0 0.805741 0 0.76011 0.274968 
0.593532 0 0.807184 0 0.76131 0.280768 
0.593879 0 0.808629 0 0.762539 0.286424 
0.594299 0 0.810138 0 0.763744 0.29194 
0.594722 0 0.81165 0 0.765003 0.29732 
0.595239 0 0.81319 0 0.7662 0.302566 
0.595857 0 0.814793 0 0.767414 0.307681 
0.596573 0 0.816471 0 0.768667 0.312669 
0.59736 0 0.818207 0 0.769965 0.317533 
0.5981 0 0.819933 0 0.771371 0.322276 
0.599005 0 0.821714 0 0.772577 0.3269 
0.599863 0 0.823485 0 0.774062 0.331409 
0.600891 0 0.825408 0 0.775489 0.335805 
0.601844 0 0.827313 0 0.777081 0.340091 
0.602949 0 0.829291 0 0.778478 0.34427 
0.603973 0 0.83123 0 0.780132 0.348344 
0.60515 0 0.833346 0 0.78163 0.352316 
0.606232 0 0.835423 0 0.78335 0.356189 
0.607421 0 0.837527 0 0.784858 0.359964 
0.608583 0 0.839646 0 0.786469 0.363645 
0.609727 0 0.841753 0 0.788074 0.367233 
0.610896 0 0.843867 0 0.789644 0.370731 
0.612034 0 0.845971 0 0.791224 0.37414 
0.613193 0 0.848087 0 0.792768 0.377464 
0.614305 0 0.85018 0 0.794317 0.380704 
0.615427 0 0.852269 0 0.79582 0.383862 
0.616505 0 0.854335 0 0.797316 0.38694 
0.61761 0 0.85641 0 0.79875 0.389941 
0.618656 0 0.858453 0 0.800186 0.392866 
0.619746 0 0.860523 0 0.801526 0.395716 
0.620772 0 0.862561 0 0.802898 0.398494 
0.621828 0 0.864586 0 0.804157 0.401202 
0.622814 0 0.866595 0 0.805455 0.40384 
0.623826 0 0.868608 0 0.806644 0.406412 
0.624295 1 0.868822 0 0.808406 0.40892 
0.624641 1 0.86869 0 0.810571 0.411349 
0.625076 1 0.868853 0 0.812893 0.413717 
0.625511 0 0.869002 0 0.815204 0.416017 
0.625946 0 0.869139 0 0.817505 0.418257 
0.62638 0 0.869263 0 0.819794 0.420438 
0.626815 0 0.869372 0 0.82207 0.422564 
0.627249 0 0.869466 0 0.824332 0.424633 
0.627683 0 0.869545 0 0.826578 0.426649 
0.628116 0 0.869608 0 0.828808 0.428612 
0.62858 0 0.870882 0 0.831193 0.430522 
0.629048 0 0.872538 0 0.833583 0.432383 
0.629512 0 0.874157 0 0.835937 0.434194 
0.629971 0 0.87574 0 0.838254 0.435957 
0.630426 0 0.877286 0 0.840534 0.437672 
0.630971 0 0.879046 0 0.842907 0.439341 
0.631538 0 0.880831 0 0.845268 0.440964 
0.632098 0 0.882572 0 0.847584 0.442543 
0.632652 0 0.884267 0 0.849855 0.444078 
0.633198 0 0.885916 0 0.85208 0.445571 
0.633738 0 0.887518 0 0.854258 0.44702 
0.634293 0 0.88913 0 0.856419 0.448429 
0.634857 0 0.890735 0 0.858552 0.449796 
0.635425 0 0.892314 0 0.860647 0.451123 
0.63569 1 0.892306 0 0.861985 0.452407 
0.635896 1 0.892412 0 0.863135 0.453643 
0.636075 1 0.892458 0 0.864174 0.454789 
0.636186 1 0.892382 0 0.865069 0.455866 
0.6363 1 0.892226 0 0.865886 0.456863 
0.636412 1 0.892043 0 0.866674 0.457771 
0.636523 0 0.891833 0 0.867434 0.458574 
0.636632 0 0.891606 0 0.868175 0.459336 
0.636739 0 0.891362 0 0.868895 0.460056 
0.636845 0 0.891101 0 0.869595 0.460733 
0.636949 0 0.890824 0 0.870275 0.461364 
0.637051 0 0.89053 0 0.870934 0.461947 
0.637151 0 0.890219 0 0.871572 0.462481 
0.637219 0 0.890036 0 0.87218 0.462964 
0.637258 0 0.889862 0 0.872746 0.463392 
0.637294 0 0.889671 0 0.873292 0.463762 
0.63733 0 0.889462 0 0.873817 0.464073 
0.637446 0 0.889428 0 0.874457 0.464318 
0.637597 0 0.88945 0 0.875133 0.464496 
0.637748 0 0.890281 1 0.874841 0.464603 
0.637893 0 0.891092 1 0.874534 0.464438 
0.638045 0 0.891817 1 0.874209 0.463942 
0.638151 1 0.891378 0 0.874866 0.463037 
0.638571 1 0.891611 1 0.873986 0.461722 
0.638984 1 0.891701 1 0.873863 0.459403 
0.639499 1 0.891747 1 0.874002 0.455802 
0.640158 1 0.891847 1 0.874272 0.450636 
0.640992 1 0.892037 1 0.874647 0.44366 
0.64202 1 0.892333 1 0.875118 0.434705 
0.643253 1 0.892738 1 0.875677 0.42377 
0.644689 1 0.893244 1 0.876312 0.410995 
0.646313 1 0.893831 1 0.877005 0.396618 
0.648106 1 0.894475 1 0.877737 0.380961 
0.650208 1 0.895012 1 0.878538 0.364356 
0.652546 1 0.895766 1 0.879312 0.347137 
0.655034 1 0.896682 1 0.880115 0.329545 
0.65761 1 0.897655 1 0.88092 0.311801 
0.660239 1 0.898573 1 0.881742 0.29407 
0.662902 1 0.899429 1 0.88253 0.276471 
0.665581 1 0.90023 1 0.883287 0.259084 
0.668266 1 0.90098 1 0.884015 0.241972 
0.670946 1 0.901677 1 0.884711 0.225178 
0.673615 1 0.902323 1 0.885375 0.208725 
0.676265 1 0.902919 1 0.886008 0.192619 
0.67889 1 0.903466 1 0.886609 0.176876 
0.681485 1 0.903971 1 0.887106 0.161501 
0.684066 1 0.904288 1 0.887653 0.146486 
0.6866 1 0.904617 1 0.888246 0.131829 
0.689061 1 0.90495 1 0.888817 0.11753 
0.691487 1 0.905269 1 0.889327 0.103578 
0.693873 1 0.905529 1 0.889791 0.0899667 
0.696216 1 0.905755 1 0.89022 0.0766903 
0.698516 1 0.905951 1 0.89062 0.0637448 
0.700772 1 0.906116 1 0.890993 0.0511188 
0.702983 1 0.906255 1 0.891341 0.0388116 
0.705148 1 0.906368 1 0.891666 0.0268029 
0.707268 1 0.906456 1 0.891969 0.015096 
0.709341 1 0.906522 1 0.892251 0.00368033 
0.711368 1 0.906564 1 0.892512 -0.00744933 
0.713349 1 0.906586 1 0.892755 -0.018305 
0.715283 1 0.906589 1 0.892979 -0.0288932 
0.71717 1 0.906575 1 0.893186 -0.0392131 
0.719011 1 0.906542 1 0.893376 -0.0492763 
0.720804 1 0.906493 1 0.893549 -0.0590885 
0.722551 1 0.906429 1 0.893708 -0.0686563 
0.724252 1 0.906349 1 0.893851 -0.0779871 
0.725907 1 0.906257 1 0.89398 -0.0870839 
0.727515 1 0.906152 1 0.894096 -0.0959534 
0.729077 1 0.906034 1 0.894198 -0.1046 
0.730594 1 0.905905 1 0.894287 -0.113033 
0.732065 1 0.905765 1 0.894364 -0.121254 
0.733491 1 0.905614 1 0.89443 -0.129271 
0.734872 1 0.905454 1 0.894484 -0.137086 
0.736208 1 0.905285 1 0.894527 -0.144705 
0.7375 1 0.905107 1 0.89456 -0.152136 
0.738748 1 0.904921 1 0.894583 -0.159382 
0.739953 1 0.904728 1 0.894597 -0.166443 
0.741114 1 0.904528 1 0.894601 -0.17333 
0.742232 1 0.904322 1 0.894597 -0.180042 
0.743176 1 0.904051 1 0.894486 -0.186587 
0.744035 1 0.903785 1 0.894345 -0.192966 
0.744842 1 0.90349 1 0.894201 -0.199185 
0.745612 1 0.903161 1 0.894063 -0.20525 
0.746536 1 0.9027 1 0.894165 -0.211171 
0.74758 1 0.902346 1 0.894402 -0.216922 
0.748612 1 0.902104 1 0.894632 -0.222541 
0.74963 1 0.901931 1 0.894836 -0.228016 
0.750643 1 0.901802 1 0.895021 -0.233356 
0.751596 1 0.901697 1 0.895139 -0.238559 
0.752511 1 0.901598 1 0.895231 -0.243631 
0.753391 1 0.901495 1 0.895296 -0.248573 
0.754235 1 0.901376 1 0.895322 -0.253392 
0.755057 1 0.901217 1 0.895346 -0.258086 
0.755869 1 0.901052 1 0.895348 -0.262665 
0.756676 1 0.900805 1 0.895397 -0.267124 
0.757511 0 0.900484 1 0.895536 -0.271468 
0.758345 0 0.90013 0 0.895694 -0.275694 
0.759082 0 0.89973 0 0.895734 -0.279792 
0.759802 0 0.899314 0 0.89573 -0.283751 
0.760507 0 0.898883 0 0.895685 -0.287556 
0.761197 0 0.898442 0 0.895603 -0.291179 
0.761871 0 0.897998 0 0.895494 -0.294578 
0.762486 0 0.897511 0 0.89537 -0.297688 
0.763061 0 0.897028 0 0.895239 -0.300412 
0.763606 0 0.896581 0 0.895129 -0.302608 
0.764131 0 0.896206 0 0.895084 -0.304085 
0.76464 0 0.895943 0 0.89515 -0.304599 
0.765139 0 0.895836 0 0.895375 -0.303864 
0.76563 0 0.895923 0 0.895798 -0.301593 
0.766116 0 0.89622 0 0.896441 -0.297545 
0.766599 0 0.896715 0 0.897295 -0.291585 
0.767079 0 0.897358 0 0.898321 -0.283718 
0.767557 0 0.898071 0 0.899446 -0.274077 
0.768035 0 0.898754 0 0.900579 -0.262895 
0.768511 0 0.899308 0 0.901624 -0.25045 
0.768985 0 0.899638 0 0.902487 -0.237028 
0.769457 0 0.899666 0 0.90309 -0.22289 
0.769927 0 0.899337 0 0.903373 -0.20826 
0.770393 0 0.898615 0 0.903292 -0.193324 
0.770855 0 0.897481 0 0.902824 -0.178228 
0.771311 0 0.895937 0 0.901957 -0.163088 
0.771762 0 0.893993 0 0.900697 -0.147992 
0.772205 0 0.891672 0 0.899056 -0.133007 
0.772642 0 0.889002 0 0.897058 -0.118185 
0.773069 0 0.886014 0 0.894728 -0.103562 
0.773488 0 0.88274 0 0.892097 -0.0891674 
0.773896 0 0.879214 0 0.889194 -0.0750204 
0.774294 0 0.875466 0 0.88605 -0.0611356 
0.774681 0 0.871526 0 0.882694 -0.0475228 
0.775056 0 0.867421 0 0.879155 -0.0341881 
0.775418 0 0.863174 0 0.875456 -0.0211355 
0.775767 0 0.858809 0 0.871623 -0.00836627 
0.776203 0 0.85436 0 0.868151 0.00411961 
0.77675 0 0.849862 0 0.86508 0.0163234 
0.777349 0 0.845356 0 0.862199 0.0282471 
0.777948 0 0.84086 0 0.85932 0.0398939 
0.778549 0 0.83636 0 0.856358 0.0512671 
0.778779 0 0.835131 1 0.856374 0.0623638 
0.779053 0 0.833606 1 0.856336 0.0731456 
0.780008 0 0.833025 0 0.856207 0.083606 
0.78144 0 0.832933 0 0.8561 0.0938193 
0.783082 0 0.833018 0 0.856053 0.10379 
0.784633 0 0.833126 0 0.856084 0.113521 
0.786157 0 0.833273 0 0.856154 0.123018 
0.787651 0 0.833459 0 0.856262 0.132285 
0.789115 0 0.833686 0 0.85641 0.141326 
0.790549 0 0.833953 0 0.856597 0.150145 
0.791951 0 0.834261 0 0.856826 0.158747 
0.793323 0 0.83461 0 0.857094 0.167137 
0.794662 0 0.834999 0 0.857402 0.175318 
0.795968 1 0.835428 0 0.85775 0.183294 
0.797241 0 0.835908 0 0.85815 0.191015 
0.79848 0 0.836427 0 0.858587 0.198541 
0.799684 0 0.836982 0 0.85906 0.205878 
0.800854 0 0.837573 0 0.859568 0.213029 
0.801939 0 0.838126 0 0.86009 0.219997 
0.802962 0 0.8387 0 0.86064 0.226786 
0.803933 0 0.839317 0 0.861225 0.233399 
0.804868 0 0.83997 0 0.861842 0.23984 
0.806001 0 0.840882 0 0.862454 0.246111 
0.806918 1 0.841025 0 0.863671 0.252218 
0.807881 1 0.841101 0 0.864882 0.258092 
0.808827 1 0.841268 0 0.866138 0.263718 
0.809664 1 0.841489 0 0.867456 0.269088 
0.810478 0 0.841748 0 0.868793 0.274191 
0.810883 0 0.841986 0 0.868263 0.279152 
0.811126 1 0.841684 0 0.867571 0.28397 
0.811363 1 0.841429 0 0.866947 0.288505 
0.811794 0 0.841483 0 0.866442 0.292735 
0.812324 0 0.841733 0 0.866007 0.296837 
0.812836 1 0.841712 0 0.865495 0.300813 
0.813385 1 0.841794 0 0.865052 0.304451 
0.813965 1 0.841936 0 0.864666 0.307724 
0.814604 1 0.842076 0 0.864293 0.310601 
0.815257 1 0.842208 0 0.863965 0.313049 
0.815942 1 0.842339 0 0.863671 0.315028 
0.816697 1 0.842462 0 0.863387 0.316499 
0.817488 1 0.842574 0 0.863137 0.317424 
0.818333 1 0.842691 0 0.862919 0.317758 
0.819243 1 0.842799 0 0.862728 0.317459 
0.820245 1 0.842888 0 0.862547 0.316489 
0.821297 1 0.842968 0 0.862406 0.314811 
0.822415 1 0.843047 0 0.862299 0.312398 
0.823629 1 0.843109 0 0.862207 0.309218 
0.824902 1 0.843161 0 0.862153 0.305258 
0.826251 1 0.843206 0 0.86213 0.300512 
0.827701 1 0.84323 0 0.862118 0.294978 
0.829214 1 0.843247 0 0.862144 0.288665 
0.830805 1 0.843254 0 0.862194 0.281599 
0.832494 1 0.843241 0 0.862253 0.273808 
0.834243 1 0.843221 0 0.862341 0.265328 
0.836064 1 0.843195 0 0.86245 0.256206 
0.836674 1 0.84348 0 0.862764 0.246492 
0.837292 1 0.843668 0 0.863115 0.236254 
0.838469 1 0.84316 0 0.863079 0.225546 
0.839767 1 0.842691 0 0.863039 0.214425 
0.841049 1 0.842365 0 0.863106 0.202956 
0.84226 0 0.842159 0 0.863291 0.191203 
0.843424 0 0.841964 0 0.863461 0.179748 
0.844556 0 0.841776 0 0.863607 0.168564 
0.845666 0 0.84159 0 0.863726 0.157629 
0.846756 0 0.841402 0 0.863815 0.146922 
0.847933 0 0.841094 0 0.864429 0.136424 
0.849171 0 0.840668 0 0.865486 0.126121 
0.849128 0 0.841331 0 0.867287 0.116001 
0.849255 1 0.841742 0 0.868739 0.106055 
0.849481 1 0.841844 0 0.870116 0.0957766 
0.849769 1 0.841766 0 0.87144 0.0853051 
0.850072 1 0.841625 0 0.872759 0.0746704 
0.850378 1 0.841457 0 0.874083 0.0639442 
0.851813 1 0.841164 1 0.873845 0.0532057 
0.853305 1 0.841028 1 0.873613 0.0421816 
0.85468 1 0.84089 1 0.873558 0.0310891 
0.855988 1 0.840701 1 0.87352 0.0200424 
0.857246 1 0.840458 1 0.87348 0.00908538 
0.858479 1 0.840218 1 0.873441 -0.00176396 
0.859684 1 0.839973 1 0.873404 -0.0124241 
0.860857 1 0.839724 1 0.873375 -0.0228838 
0.861986 1 0.839463 1 0.873349 -0.0331424 
0.863072 1 0.839194 1 0.873325 -0.0431509 
0.864109 1 0.83892 1 0.8733 -0.0529765 
0.865102 1 0.838637 1 0.873276 -0.0625841 
0.866044 1 0.838343 1 0.873252 -0.0719667 
0.866943 1 0.838044 1 0.873226 -0.0810999 
0.867797 1 0.837734 1 0.873199 -0.0900428 
0.86861 1 0.83742 1 0.873171 -0.0987174 
0.869373 1 0.837106 1 0.873135 -0.107228 
0.870091 1 0.836778 1 0.873106 -0.115506 
0.870734 1 0.836462 1 0.873085 -0.123627 
0.871315 1 0.836141 1 0.873086 -0.131562 
0.871833 1 0.835814 1 0.873097 -0.139246 
0.872325 1 0.835467 1 0.873103 -0.146785 
0.873114 1 0.834244 1 0.872567 -0.154122 
0.873865 1 0.833047 1 0.871975 -0.161278 
0.874558 0 0.831808 1 0.871326 -0.168256 
0.875192 0 0.830528 0 0.87062 -0.175054 
0.875773 0 0.829268 0 0.869834 -0.181664 
0.876337 0 0.827908 0 0.869024 -0.188086 
0.876884 0 0.826439 0 0.868192 -0.194317 
0.877397 0 0.824874 0 0.867321 -0.200352 
0.877862 0 0.823222 0 0.866392 -0.206186 
0.878272 0 0.821483 0 0.865394 -0.211812 
0.878626 0 0.819657 0 0.864322 -0.217219 
0.878924 0 0.817737 0 0.863176 -0.222397 
0.879167 0 0.815717 0 0.861952 -0.22733 
0.879354 0 0.813592 0 0.860647 -0.232004 
0.879481 0 0.811357 0 0.859256 -0.236398 
0.879546 0 0.809007 0 0.857769 -0.24049 
0.879547 0 0.806538 0 0.85618 -0.244252 
0.879481 0 0.803945 0 0.854476 -0.247656 
0.879348 0 0.80122 0 0.852649 -0.250669 
0.879145 0 0.798357 0 0.850686 -0.253255 
0.878871 0 0.795349 0 0.848574 -0.255375 
0.878525 0 0.792188 0 0.846301 -0.256989 
0.878107 0 0.788866 0 0.843853 -0.258057 
0.877614 0 0.785377 0 0.841216 -0.258537 
0.877047 0 0.781714 0 0.838379 -0.258394 
0.876404 0 0.777872 0 0.83533 -0.257592 
0.875685 0 0.773844 0 0.832059 -0.256104 
0.87489 0 0.76963 0 0.82856 -0.253911 
0.874018 0 0.765229 0 0.824828 -0.251002 
0.87307 0 0.760641 0 0.820862 -0.247375 
0.872045 0 0.755871 0 0.816665 -0.243042 
0.870943 0 0.750925 0 0.812242 -0.238021 
0.869765 0 0.745813 0 0.807603 -0.232343 
0.868511 0 0.740544 0 0.80276 -0.226045 
0.867182 0 0.735131 0 0.797726 -0.219173 
0.866322 0 0.729905 0 0.792514 -0.211778 
0.865772 0 0.724689 0 0.787059 -0.203913 
0.865331 0 0.719397 0 0.781407 -0.195635 
0.864839 0 0.714009 0 0.775621 -0.187 
0.864228 0 0.708553 0 0.769748 -0.178064 
0.863498 0 0.703046 0 0.763806 -0.168881 
0.862651 0 0.6975 0 0.757814 -0.159501 
0.86169 0 0.69193 0 0.751788 -0.149973 
0.860616 0 0.686348 0 0.745744 -0.14034 
0.859457 0 0.680787 0 0.739739 -0.130645 
0.858218 0 0.675265 0 0.73378 -0.120925 
0.856878 0 0.669765 0 0.727841 -0.111213 
0.855442 0 0.664294 0 0.721931 -0.101542 
0.853911 0 0.65886 0 0.716061 -0.0919381 
0.852291 0 0.65346 0 0.710241 -0.0824279 
0.850617 0 0.648096 0 0.704404 -0.0730339 
0.848865 0 0.642743 0 0.698563 -0.0637768 
0.847017 0 0.637411 0 0.692748 -0.0546753 
0.84507 0 0.632118 0 0.686982 -0.0457464 
0.844374 0 0.62946 0 0.683953 -0.0370058 
0.843961 0 0.627447 0 0.681657 -0.028464 
0.843491 0 0.625355 0 0.679264 -0.0201302 
0.843013 0 0.623276 0 0.67687 -0.0120128 
0.842535 0 0.62124 0 0.674515 -0.00411958 
0.842056 0 0.619256 0 0.672218 0.00354254 
0.841574 0 0.617329 0 0.669986 0.0109668 
0.841092 0 0.615461 0 0.667821 0.0181472 
0.840612 0 0.613653 0 0.665723 0.025078 
0.840136 0 0.611905 0 0.663694 0.031754 
0.839667 0 0.610219 0 0.661734 0.03817 
0.839204 0 0.608594 0 0.659843 0.0443215 
0.838748 0 0.60703 0 0.658021 0.0502038 
0.838539 0 0.605853 0 0.656565 0.0558127 
0.838324 0 0.604715 0 0.655156 0.0611445 
0.838049 0 0.60352 0 0.653818 0.0661955 
0.837911 0 0.60267 0 0.652912 0.070962 
0.837513 0 0.601767 0 0.652016 0.0754411 
0.837118 0 0.600924 0 0.651195 0.0796297 
0.836707 0 0.600131 0 0.650451 0.0835254 
0.836298 0 0.599397 0 0.64978 0.0871254 
0.835885 0 0.598716 0 0.649173 0.090427 
0.835467 0 0.598083 0 0.648628 0.0934278 
0.83504 0 0.597494 0 0.64814 0.0961256 
0.834603 0 0.596946 0 0.647708 0.0985181 
0.834124 0 0.596404 0 0.647317 0.100603 
0.833608 0 0.595871 0 0.646972 0.102379 
0.833061 0 0.595355 0 0.646676 0.103844 
0.832488 0 0.594863 0 0.646432 0.104997 
0.831892 0 0.594398 0 0.646238 0.105836 
0.831303 0 0.593966 0 0.646075 0.106359 
0.830732 0 0.593576 0 0.645951 0.106568 
0.830164 0 0.593215 0 0.645859 0.10646 
0.8296 0 0.59289 0 0.645809 0.106037 
0.829036 0 0.592606 0 0.64581 0.105299 
0.828646 0 0.592839 0 0.646243 0.104247 
0.828311 0 0.593216 0 0.64683 0.102883 
0.827963 0 0.593621 0 0.647476 0.101212 
0.827602 0 0.594054 0 0.648179 0.0992374 
0.827233 0 0.594518 0 0.648938 0.0969645 
0.82686 0 0.595015 0 0.649753 0.0943993 
0.826483 0 0.595545 0 0.650623 0.0915486 
0.826105 0 0.596105 0 0.651548 0.0884201 
0.825725 0 0.596695 0 0.652527 0.0850225 
0.825343 0 0.597311 0 0.653559 0.0813655 
0.824957 0 0.59795 0 0.654643 0.0774598 
0.824569 0 0.598612 0 0.655778 0.0733171 
0.824176 0 0.599292 0 0.656962 0.0689501 
0.823781 0 0.599988 0 0.658193 0.0643721 
0.823383 0 0.600698 0 0.659471 0.0595977 
0.822981 0 0.601418 0 0.660793 0.0546417 
0.822577 0 0.602143 0 0.662156 0.0495201 
0.82217 0 0.602872 0 0.663559 0.0442489 
0.821759 0 0.603598 0 0.665 0.0388447 
0.821346 0 0.604319 0 0.666474 0.0333247 
0.820929 0 0.60503 0 0.66798 0.0277058 
0.820509 0 0.605726 0 0.669515 0.0220051 
0.820085 0 0.606403 0 0.671076 0.0162395 
0.819657 0 0.607057 0 0.672661 0.0104255 
0.819336 0 0.607964 0 0.674513 0.00457915 
0.819049 0 0.608923 0 0.676459 -0.00128364 
0.818759 0 0.60985 0 0.678425 -0.00714813 
0.818469 0 0.610741 0 0.680407 -0.0130005 
0.818178 0 0.611594 0 0.682405 -0.0188287 
0.817887 0 0.612406 0 0.684417 -0.0246221 
0.817598 0 0.613178 0 0.686442 -0.0303726 
0.817313 0 0.613908 0 0.688481 -0.036075 
0.817032 0 0.614599 0 0.690535 -0.0417272 
0.81676 0 0.615256 0 0.692606 -0.0473316 
0.816535 0 0.615987 0 0.694797 -0.0528959 
0.816342 0 0.616743 0 0.69706 -0.0584335 
0.816174 0 0.617502 0 0.699372 -0.0639643 
0.816033 0 0.618277 0 0.701743 -0.069515 
0.815928 0 0.619091 0 0.704191 -0.075117 
0.815863 0 0.619965 0 0.706731 -0.0808038 
0.815841 0 0.62091 0 0.709368 -0.0866047 
0.815858 0 0.621931 0 0.712098 -0.0925402 
0.815909 0 0.623023 0 0.714909 -0.0986169 
0.815977 0 0.624164 0 0.71777 -0.104828 
0.816032 0 0.625315 0 0.720631 -0.111156 
0.816057 0 0.626448 0 0.723455 -0.117576 
0.816059 0 0.627567 0 0.726245 -0.124061 
0.816075 0 0.628716 0 0.729053 -0.130585 
0.816141 0 0.629935 0 0.731925 -0.137121 
0.816226 0 0.631179 0 0.73481 -0.143648 
0.816313 0 0.632423 0 0.737682 -0.150144 
0.816397 0 0.633658 0 0.740527 -0.156595 
0.816474 0 0.634877 0 0.743341 -0.162984 
0.816548 0 0.63608 0 0.746121 -0.1693 
0.816619 0 0.637268 0 0.748868 -0.175532 
0.816693 0 0.638443 0 0.751585 -0.181673 
0.816773 0 0.639609 0 0.754275 -0.187716 
0.816863 0 0.64077 0 0.756941 -0.193654 
0.816971 0 0.641933 0 0.75959 -0.199484 
0.817101 0 0.643101 0 0.762225 -0.205202 
0.817257 0 0.64428 0 0.764852 -0.210806 
0.817442 0 0.645472 0 0.767475 -0.216294 
0.817657 0 0.646678 0 0.770095 -0.221665 
0.817899 0 0.647893 0 0.772713 -0.226918 
0.818164 0 0.649113 0 0.775329 -0.232054 
0.818446 0 0.650329 0 0.777938 -0.237072 
0.818737 0 0.651532 0 0.780539 -0.241975 
0.819029 0 0.652711 0 0.783128 -0.246762 
0.819315 0 0.653855 0 0.785701 -0.251435 
0.819587 0 0.654956 0 0.788256 -0.255996 
0.819841 0 0.656003 0 0.790789 -0.260446 
0.820072 0 0.656988 0 0.793301 -0.264787 
0.820274 0 0.657905 0 0.795788 -0.269019 
0.820446 0 0.658747 0 0.798251 -0.273146 
0.820584 0 0.659508 0 0.800689 -0.277167 
0.820686 0 0.660183 0 0.803101 -0.281085 
0.820752 0 0.660768 0 0.805489 -0.284902 
0.820778 0 0.661259 0 0.807851 -0.288617 
0.820765 0 0.661652 0 0.810189 -0.292232 
0.821066 0 0.662506 0 0.812911 -0.295749 
0.821362 0 0.663297 0 0.815633 -0.299166 
0.821613 0 0.663972 0 0.818314 -0.302486 
0.82182 0 0.66453 0 0.820953 -0.305707 
0.82198 0 0.66497 0 0.82355 -0.30883 
0.822091 0 0.66529 0 0.826104 -0.311854 
0.822152 0 0.665487 0 0.828614 -0.314777 
0.821697 0 0.66478 0 0.829914 -0.317598 
0.821063 0 0.663753 0 0.830904 -0.320313 
0.820494 0 0.662819 0 0.832026 -0.32292 
0.82007 0 0.662165 0 0.833484 -0.325413 
0.819657 0 0.66144 0 0.834975 -0.327788 
0.81817 0 0.658654 1 0.834141 -0.330062 
0.816732 0 0.656009 1 0.833139 -0.332288 
0.815503 0 0.653887 1 0.832494 -0.334489 
0.814264 0 0.651885 1 0.831776 -0.336663 
0.813015 0 0.649999 0 0.830985 -0.338813 
0.811767 0 0.64812 0 0.830147 -0.340849 
0.810517 0 0.646252 0 0.829257 -0.342771 
0.809266 0 0.644398 0 0.828313 -0.344575 
0.808014 0 0.642561 0 0.827313 -0.34626 
0.80676 0 0.640742 0 0.826256 -0.347824 
0.805504 0 0.63894 0 0.825142 -0.349264 
0.804248 0 0.637152 0 0.823972 -0.350577 
0.802983 0 0.634991 0 0.822259 -0.35176 
0.801658 0 0.632643 0 0.820197 -0.35281 
0.800331 0 0.630315 0 0.818055 -0.353724 
0.799002 0 0.628005 0 0.815836 -0.354498 
0.797818 0 0.625962 0 0.813838 -0.355127 
0.79668 0 0.624002 0 0.811859 -0.355607 
0.795543 0 0.622049 0 0.809818 -0.355933 
0.794407 0 0.620103 0 0.807715 -0.356101 
0.793273 0 0.61816 0 0.805551 -0.356104 
0.792141 0 0.616221 0 0.803329 -0.355938 
0.791049 0 0.614345 0 0.801129 -0.355597 
0.789984 0 0.612509 0 0.798923 -0.355073 
0.788938 0 0.610696 0 0.796695 -0.354361 
0.787908 0 0.6089 0 0.794441 -0.353451 
0.786895 0 0.607121 0 0.792161 -0.352335 
0.7859 0 0.605358 0 0.789859 -0.351001 
0.784923 0 0.603609 0 0.787534 -0.349436 
0.783966 0 0.60187 0 0.785184 -0.347621 
0.783027 0 0.600262 0 0.783065 -0.345536 
0.782131 0 0.598698 0 0.780987 -0.343154 
0.781253 0 0.597129 0 0.778875 -0.340442 
0.780975 0 0.596681 0 0.77834 -0.337363 
0.780542 0 0.595556 0 0.776602 -0.333871 
0.779958 0 0.594067 0 0.774323 -0.329916 
0.779393 0 0.59257 0 0.772025 -0.325447 
0.778834 0 0.591025 0 0.769636 -0.320411 
0.778282 0 0.589426 0 0.767147 -0.314759 
0.777737 0 0.587768 0 0.764553 -0.308448 
0.777201 0 0.586047 0 0.761849 -0.301444 
0.776675 0 0.584262 0 0.759034 -0.293727 
0.776159 0 0.582412 0 0.75611 -0.285292 
0.775653 0 0.580498 0 0.753083 -0.276153 
0.775158 0 0.578526 0 0.749963 -0.266337 
0.774676 0 0.576501 0 0.746762 -0.255889 
0.774205 0 0.574433 0 0.743497 -0.244863 
0.773746 0 0.57233 0 0.740182 -0.233325 
0.77332 0 0.570219 0 0.736832 -0.221344 
0.772908 0 0.568077 0 0.733418 -0.208992 
0.772504 0 0.565908 0 0.729956 -0.19634 
0.772109 0 0.56373 0 0.726477 -0.183458 
0.771726 0 0.56156 0 0.723011 -0.170409 
0.771357 0 0.559411 0 0.719578 -0.157255 
0.771003 0 0.557296 0 0.716195 -0.144047 
0.770665 0 0.55522 0 0.71287 -0.130835 
0.770343 0 0.553193 0 0.709611 -0.117659 
0.770037 0 0.551219 0 0.706426 -0.104557 
0.769748 0 0.549305 0 0.703317 -0.0915587 
0.769476 0 0.547453 0 0.700287 -0.0786907 
0.769222 0 0.545667 0 0.697337 -0.0659747 
0.768985 0 0.543949 0 0.694465 -0.0534281 
0.768767 0 0.542301 0 0.69167 -0.0410646 
0.768566 0 0.540721 0 0.688951 -0.0288948 
0.768383 0 0.53921 0 0.686304 -0.0169255 
0.768218 0 0.537765 0 0.683725 -0.00516043 
0.76807 0 0.536386 0 0.681212 0.00639931 
0.767939 0 0.535068 0 0.678762 0.0177557 
0.767824 0 0.533809 0 0.676371 0.0289123 
0.767725 0 0.532603 0 0.674036 0.0398741 
0.767642 0 0.531454 0 0.671768 0.0506454 
0.767577 0 0.530362 0 0.669572 0.0612286 
0.767529 0 0.529327 0 0.667449 0.0716231 
0.7675 0 0.52835 0 0.6654 0.0818257 
0.767488 0 0.527432 0 0.663423 0.0918312 
0.767496 0 0.526575 0 0.661516 0.101634 
0.767524 0 0.525781 0 0.659674 0.111228 
0.767571 0 0.525052 0 0.657895 0.12061 
0.767638 0 0.52439 0 0.656173 0.129776 
0.767725 0 0.523796 0 0.654506 0.138725 
0.767833 0 0.523271 0 0.65289 0.147454 
0.767962 0 0.522815 0 0.651325 0.155965 
0.768111 0 0.522427 0 0.64981 0.164258 
0.768281 0 0.522109 0 0.648346 0.172333 
0.768193 0 0.52144 0 0.646402 0.180191 
0.767989 0 0.520755 0 0.644481 0.187834 
0.767639 0 0.519991 0 0.642499 0.195262 
0.767128 0 0.519014 0 0.640246 0.202477 
0.766771 0 0.518345 0 0.638355 0.209479 
0.766433 0 0.517743 0 0.636534 0.216268 
0.766114 0 0.517209 0 0.634784 0.222845 
0.765814 0 0.516741 0 0.633105 0.229209 
0.765533 0 0.516336 0 0.6315 0.23536 
0.765272 0 0.515993 0 0.629968 0.241297 
0.765032 0 0.515712 0 0.62851 0.247019 
0.764812 0 0.515491 0 0.627129 0.252525 
0.764615 0 0.51533 0 0.625824 0.257812 
0.764442 0 0.515227 0 0.624598 0.262879 
0.764293 0 0.515184 0 0.62345 0.267722 
0.764169 0 0.515198 0 0.622383 0.27234 
0.764072 0 0.515269 0 0.621394 0.27673 
0.764001 0 0.515395 0 0.620484 0.280889 
0.763954 0 0.515573 0 0.619649 0.284813 
0.763765 0 0.51571 0 0.61905 0.2885 
0.763578 0 0.515866 0 0.618483 0.291947 
0.763441 0 0.516157 0 0.618062 0.295147 
0.76335 0 0.516552 0 0.617767 0.298099 
0.763255 0 0.516959 0 0.617499 0.300797 
0.763155 0 0.517378 0 0.617257 0.303236 
0.763051 0 0.517805 0 0.61704 0.305412 
0.762941 0 0.518241 0 0.616846 0.30732 
0.762826 0 0.518685 0 0.616676 0.308954 
0.762705 0 0.519136 0 0.616529 0.31031 
0.762578 0 0.519593 0 0.616404 0.311383 
0.762484 0 0.520112 0 0.616372 0.312169 
0.762383 0 0.520635 0 0.616361 0.312664 
0.762274 0 0.521163 0 0.616371 0.312864 
0.762056 0 0.521759 0 0.616537 0.312767 
0.761688 0 0.522335 0 0.616758 0.312371 
0.761218 0 0.522905 0 0.617034 0.311672 
0.760738 0 0.523552 0 0.617445 0.310671 
0.760248 0 0.524245 0 0.617938 0.309367 
0.759999 0 0.525196 0 0.618689 0.30776 
0.759611 0 0.525818 0 0.619 0.305852 
0.759191 0 0.526337 0 0.61917 0.303644 
0.758763 0 0.526824 0 0.619293 0.301136 
0.758336 0 0.527326 0 0.61945 0.29833 
0.75791 0 0.527845 0 0.619642 0.295227 
0.757487 0 0.528383 0 0.61987 0.291828 
0.757067 0 0.52894 0 0.620135 0.288134 
0.756649 0 0.529516 0 0.620435 0.284147 
0.756233 0 0.530109 0 0.620771 0.279868 
0.755818 0 0.530721 0 0.621143 0.275296 
0.755405 0 0.531352 0 0.62155 0.270432 
0.755003 0 0.532035 0 0.622024 0.265276 
0.754605 0 0.532744 0 0.62254 0.259828 
0.754255 0 0.533503 0 0.623131 0.254087 
0.75386 0 0.534212 0 0.623666 0.248051 
0.753456 0 0.534916 0 0.624203 0.241721 
0.753059 0 0.535638 0 0.624771 0.235096 
0.752646 0 0.53635 0 0.625342 0.228176 
0.75225 0 0.537125 0 0.625993 0.220963 
0.751853 0 0.537909 0 0.626675 0.21346 
0.75145 0 0.538709 0 0.627387 0.205671 
0.751044 0 0.539529 0 0.628135 0.197603 
0.750643 0 0.540376 0 0.628927 0.189265 
0.750651 0 0.54169 0 0.630189 0.180668 
0.750658 0 0.543025 0 0.631491 0.171826 
0.750662 0 0.544381 0 0.63283 0.162756 
0.750661 0 0.545755 0 0.634207 0.153478 
0.750654 0 0.547145 0 0.63562 0.144012 
0.750642 0 0.54855 0 0.637068 0.134381 
0.750624 0 0.549967 0 0.638548 0.124608 
0.750599 0 0.551394 0 0.640059 0.11472 
0.750567 0 0.552827 0 0.641599 0.10474 
0.750527 0 0.554265 0 0.643165 0.094694 
0.750479 0 0.555703 0 0.644757 0.0846063 
0.750422 0 0.557139 0 0.646371 0.0745009 
0.750355 0 0.558569 0 0.648006 0.0644002 
0.750278 0 0.559988 0 0.649659 0.0543257 
0.750191 0 0.561393 0 0.65133 0.0442971 
0.750093 0 0.562781 0 0.653016 0.0343328 
0.749983 0 0.564148 0 0.654715 0.0244493 
0.749861 0 0.565488 0 0.656429 0.0146616 
0.749726 0 0.566799 0 0.658155 0.0049832 
0.749578 0 0.568077 0 0.659893 -0.00457427 
0.749416 0 0.569317 0 0.661644 -0.0140002 
0.749254 0 0.570486 0 0.66337 -0.0232857 
0.750606 0 0.572605 0 0.665826 -0.0324228 
0.751971 0 0.57469 0 0.668298 -0.0414049 
0.753331 0 0.57675 0 0.670809 -0.0502262 
0.754686 0 0.578781 0 0.673359 -0.0588817 
0.755524 0 0.580172 0 0.675284 -0.0673678 
0.756061 0 0.58121 0 0.676923 -0.0756815 
0.756495 0 0.58214 0 0.678562 -0.0838207 
0.756927 0 0.583026 0 0.680235 -0.0917841 
0.757561 0 0.584263 0 0.68245 -0.0995712 
0.758193 0 0.585445 0 0.684695 -0.107182 
0.75882 0 0.586572 0 0.686963 -0.114619 
0.759443 0 0.587643 0 0.689254 -0.121884 
0.760062 0 0.588659 0 0.69156 -0.128981 
0.760675 0 0.589622 0 0.693879 -0.135918 
0.761266 0 0.590562 0 0.696311 -0.142703 
0.761851 0 0.59146 0 0.698745 -0.149347 
0.762431 0 0.592321 0 0.701174 -0.155863 
0.763006 0 0.593151 0 0.70359 -0.162263 
0.763575 0 0.593959 0 0.705985 -0.168559 
0.764139 0 0.594749 0 0.708352 -0.174758 
0.76467 0 0.595522 0 0.710724 -0.180864 
0.765209 0 0.596419 0 0.713255 -0.186877 
0.765692 0 0.597289 0 0.715749 -0.192795 
0.766246 0 0.598393 0 0.718558 -0.198615 
0.76677 0 0.599591 0 0.721531 -0.204334 
0.767228 0 0.600788 0 0.724534 -0.20995 
0.767622 0 0.601955 0 0.72752 -0.215459 
0.767966 0 0.603089 0 0.730475 -0.220861 
0.768272 0 0.604191 0 0.733391 -0.226154 
0.768546 0 0.605255 0 0.736254 -0.231337 
0.768906 0 0.606455 0 0.73928 -0.236411 
0.769231 0 0.6076 0 0.742225 -0.241375 
0.76952 0 0.608685 0 0.74508 -0.24623 
0.769772 0 0.609708 0 0.747842 -0.250976 
0.769988 0 0.610667 0 0.750508 -0.255614 
0.770223 0 0.61167 0 0.753235 -0.260146 
0.770446 0 0.612649 0 0.755966 -0.264572 
0.770636 0 0.613564 0 0.758602 -0.268893 
0.770793 0 0.614413 0 0.761143 -0.273111 
0.770909 0 0.614982 0 0.763189 -0.277228 
0.77096 0 0.615355 0 0.764932 -0.281244 
0.770997 0 0.615651 0 0.766555 -0.285161 
0.771042 0 0.615908 0 0.768093 -0.288981 
0.771103 0 0.61617 0 0.769641 -0.292707 
0.771157 0 0.61641 0 0.771179 -0.296338 
0.771208 0 0.616623 0 0.77271 -0.299878 
0.771209 0 0.616713 0 0.774121 -0.303328 
0.771281 0 0.6168 0 0.775511 -0.30669 
0.771345 0 0.616816 0 0.776841 -0.309964 
0.771394 0 0.616767 0 0.778137 -0.313154 
0.771456 0 0.616678 0 0.779428 -0.31626 
0.771525 0 0.616549 0 0.780724 -0.319283 
0.771618 0 0.616396 0 0.782043 -0.322224 
0.771723 0 0.616209 0 0.783384 -0.325086 
0.771853 0 0.615999 0 0.78476 -0.327867 
0.771998 0 0.615757 0 0.786167 -0.33057 
0.772219 0 0.615635 0 0.787834 -0.333194 
0.772502 0 0.615586 0 0.789672 -0.33574 
0.772857 0 0.615603 0 0.791649 -0.338207 
0.77326 0 0.615648 0 0.793723 -0.340594 
0.773709 0 0.615715 0 0.795875 -0.342901 
0.774181 0 0.615781 0 0.798085 -0.345124 
0.774682 0 0.615852 0 0.800354 -0.347263 
0.775194 0 0.615915 0 0.80267 -0.349314 
0.775727 0 0.615983 0 0.805035 -0.351271 
0.776265 0 0.616046 0 0.807434 -0.35313 
0.776817 0 0.616118 0 0.809865 -0.354884 
0.77737 0 0.616191 0 0.812311 -0.356524 
0.777932 0 0.61628 0 0.814766 -0.358041 
0.778489 0 0.616379 0 0.817212 -0.359424 
0.778261 0 0.615315 0 0.81783 -0.360659 
0.777716 0 0.613746 0 0.817486 -0.361734 
0.777147 0 0.61212 0 0.816835 -0.362635 
0.776587 0 0.610556 0 0.816081 -0.363348 
0.776048 0 0.60907 0 0.815224 -0.36386 
0.775519 0 0.607655 0 0.814252 -0.364159 
0.775013 0 0.606324 0 0.813171 -0.364237 
0.774374 0 0.604785 0 0.811485 -0.364086 
0.773705 0 0.603451 0 0.810058 -0.363701 
0.772777 0 0.601881 0 0.808215 -0.363078 
0.771705 0 0.600178 0 0.806084 -0.362216 
0.770577 0 0.598385 0 0.8037 -0.361115 
0.76948 0 0.596648 0 0.801255 -0.359776 
0.7684 0 0.59495 0 0.798755 -0.358201 
0.767352 0 0.593298 0 0.796214 -0.356392 
0.766324 0 0.591677 0 0.793638 -0.354351 
0.765399 0 0.590237 0 0.791246 -0.352082 
0.764512 0 0.588856 0 0.788876 -0.349589 
0.763657 0 0.587507 0 0.786496 -0.346874 
0.762825 0 0.586179 0 0.784106 -0.343943 
0.762026 0 0.58488 0 0.781717 -0.340799 
0.761268 0 0.583642 0 0.779362 -0.337447 
0.760554 0 0.582454 0 0.777038 -0.333892 
0.759863 0 0.581283 0 0.774722 -0.330139 
0.759207 0 0.580141 0 0.772422 -0.326193 
0.758374 0 0.578758 0 0.769967 -0.322056 
0.757438 0 0.577242 0 0.767371 -0.317731 
0.756443 0 0.575649 0 0.764703 -0.313219 
0.755445 0 0.574039 0 0.762031 -0.308516 
0.754461 0 0.572459 0 0.759429 -0.303617 
0.753465 0 0.570798 0 0.756707 -0.298512 
0.752541 0 0.569256 0 0.754106 -0.293186 
0.751651 0 0.567735 0 0.75153 -0.28762 
0.750785 0 0.566221 0 0.74897 -0.28179 
0.749879 0 0.564632 0 0.746346 -0.275671 
0.748944 0 0.562986 0 0.743666 -0.269233 
0.748005 0 0.561313 0 0.740955 -0.262447 
0.747063 0 0.559611 0 0.738222 -0.255287 
0.746134 0 0.557897 0 0.735474 -0.24773 
0.745207 0 0.556159 0 0.732706 -0.239758 
0.744291 0 0.554408 0 0.72992 -0.231363 
0.743374 0 0.552632 0 0.727111 -0.222543 
0.742466 0 0.550843 0 0.724287 -0.213308 
0.741554 0 0.549033 0 0.721447 -0.203672 
0.740796 0 0.547333 0 0.718867 -0.193662 
0.739935 0 0.54546 0 0.715938 -0.183308 
0.738986 0 0.543451 0 0.712745 -0.172646 
0.738043 0 0.541444 0 0.709575 -0.161715 
0.737131 0 0.539471 0 0.706459 -0.150557 
0.736237 0 0.537525 0 0.703398 -0.139215 
0.735373 0 0.535623 0 0.700401 -0.127729 
0.734528 0 0.533756 0 0.697465 -0.116139 
0.733713 0 0.53194 0 0.694601 -0.104483 
0.732917 0 0.530167 0 0.691802 -0.0927958 
0.732151 0 0.528451 0 0.689078 -0.0811093 
0.731404 0 0.526782 0 0.686421 -0.0694524 
0.730687 0 0.525174 0 0.683838 -0.0578504 
0.729989 0 0.523616 0 0.68132 -0.0463257 
0.72932 0 0.522121 0 0.678872 -0.0348975 
0.72867 0 0.520677 0 0.676486 -0.0235815 
0.72805 0 0.519296 0 0.674165 -0.0123904 
0.727448 0 0.517965 0 0.6719 -0.00133422 
0.726769 0 0.516538 0 0.669474 0.00958111 
0.726031 0 0.515037 0 0.666929 0.0203516 
0.725322 0 0.5136 0 0.664527 0.0309763 
0.724541 0 0.512092 0 0.662001 0.041456 
0.723718 0 0.51053 0 0.659383 0.0517928 
0.722882 0 0.508938 0 0.656689 0.0619881 
0.722071 0 0.507395 0 0.654049 0.072041 
0.721274 0 0.505891 0 0.651459 0.0819479 
0.720503 0 0.504436 0 0.648926 0.0917019 
0.719747 0 0.50302 0 0.646441 0.101294 
0.719017 0 0.501654 0 0.644009 0.110715 
0.718303 0 0.500328 0 0.641619 0.119956 
0.717616 0 0.499054 0 0.639273 0.129009 
0.716944 0 0.49782 0 0.636959 0.137868 
0.7163 0 0.496641 0 0.63468 0.146527 
0.715672 0 0.495503 0 0.632423 0.154985 
0.715071 0 0.494419 0 0.630194 0.163238 
0.714395 0 0.493181 0 0.627854 0.171285 
0.713729 0 0.491957 0 0.625454 0.179127 
0.713067 0 0.490773 0 0.623104 0.186762 
0.712443 0 0.489672 0 0.620848 0.194191 
0.711835 0 0.48861 0 0.618609 0.201413 
0.711257 0 0.487602 0 0.616404 0.208429 
0.710709 0 0.486665 0 0.614289 0.215239 
0.710192 0 0.485781 0 0.612213 0.221841 
0.709694 0 0.484936 0 0.610169 0.228237 
0.709238 0 0.48417 0 0.608229 0.234423 
0.708811 0 0.483462 0 0.606367 0.240401 
0.708415 0 0.482802 0 0.604551 0.246167 
0.708048 0 0.482196 0 0.602816 0.251719 
0.70772 0 0.48165 0 0.601159 0.257056 
0.707419 0 0.481147 0 0.599568 0.262174 
0.70719 0 0.480731 0 0.597931 0.26707 
0.707015 0 0.480387 0 0.596356 0.27174 
0.706891 0 0.48011 0 0.594845 0.27618 
0.706794 0 0.479858 0 0.593353 0.280386 
0.706753 0 0.479685 0 0.591963 0.284352 
0.706745 0 0.479537 0 0.590614 0.288075 
0.706789 0 0.479463 0 0.589367 0.29155 
0.706864 0 0.479409 0 0.588165 0.294771 
0.706989 0 0.479423 0 0.587059 0.297734 
0.707133 0 0.479444 0 0.585975 0.300433 
0.707337 0 0.479542 0 0.585006 0.302862 
0.707563 0 0.479657 0 0.584068 0.305016 
0.707839 0 0.479836 0 0.583226 0.306889 
0.708129 0 0.480012 0 0.582393 0.308473 
0.708475 0 0.480261 0 0.58167 0.309763 
0.708854 0 0.480552 0 0.581016 0.310752 
0.709262 0 0.480858 0 0.580391 0.311434 
0.709707 0 0.48121 0 0.579845 0.311804 
0.710194 0 0.481611 0 0.579372 0.311857 
0.710712 0 0.482045 0 0.57896 0.311588 
0.711272 0 0.482523 0 0.578613 0.310994 
