0.427214 0 0.541213 0 0.541212 0.500001 
0.427614 0 0.542424 0 0.542217 0.498858 
0.428204 0 0.54395 0 0.543474 0.497143 
0.429114 0 0.545817 0 0.545217 0.494706 
0.430195 0 0.54794 0 0.547282 0.491449 
0.431308 0 0.550252 0 0.549554 0.487355 
0.432318 0 0.552604 0 0.552005 0.482461 
0.433316 0 0.555204 0 0.554711 0.476797 
0.434317 0 0.558106 0 0.557715 0.470333 
0.435366 0 0.561369 0 0.56106 0.462968 
0.436459 0 0.56496 0 0.564735 0.454552 
0.437595 0 0.568833 0 0.568698 0.444928 
0.438759 0 0.572911 0 0.572882 0.433979 
0.439931 0 0.577104 0 0.577209 0.421669 
0.441102 0 0.581334 0 0.581608 0.408059 
0.441942 0 0.585432 0 0.585517 0.393301 
0.442585 0 0.58931 0 0.589152 0.377604 
0.44311 0 0.592939 0 0.592574 0.361201 
0.443646 0 0.596408 0 0.595832 0.344318 
0.444195 0 0.599683 0 0.598883 0.327152 
0.444858 0 0.602741 0 0.601877 0.309868 
0.445537 0 0.605513 0 0.604679 0.292596 
0.446217 0 0.607996 0 0.607247 0.275433 
0.446726 0 0.610123 0 0.609329 0.258453 
0.447219 0 0.611981 0 0.61107 0.241709 
0.447701 0 0.613558 0 0.612524 0.225238 
0.448067 0 0.614741 0 0.613661 0.209066 
0.448488 0 0.61573 0 0.614565 0.193211 
0.448824 0 0.616383 0 0.615205 0.177683 
0.449212 0 0.616857 0 0.615624 0.162489 
0.449585 0 0.617094 0 0.615837 0.14763 
0.449942 0 0.617109 0 0.61585 0.133108 
0.450326 0 0.616969 0 0.61569 0.118921 
0.45062 0 0.616563 0 0.615338 0.105066 
0.450958 0 0.61604 0 0.614823 0.0915374 
0.451323 0 0.615407 0 0.614188 0.0783317 
0.451644 0 0.6146 0 0.613424 0.0654432 
0.451986 0 0.613702 0 0.612544 0.052866 
0.452333 0 0.612711 0 0.611573 0.0405943 
0.452686 0 0.611638 0 0.610522 0.0286218 
0.453035 0 0.610484 0 0.609394 0.0169424 
0.453372 0 0.609249 0 0.608192 0.00554971 
0.453695 0 0.607942 0 0.606923 -0.00556251 
0.454012 0 0.606582 0 0.605601 -0.0164004 
0.454321 0 0.605174 0 0.604231 -0.0269703 
0.454614 0 0.60372 0 0.602817 -0.0372782 
0.454894 0 0.602226 0 0.601366 -0.0473301 
0.455166 0 0.600708 0 0.599889 -0.0571319 
0.455429 0 0.599169 0 0.598389 -0.0666895 
0.455677 0 0.597607 0 0.596867 -0.0760084 
0.455909 0 0.596025 0 0.595329 -0.0850941 
0.456133 0 0.594436 0 0.593781 -0.0939521 
0.456347 0 0.592841 0 0.592225 -0.102587 
0.456542 0 0.591235 0 0.590659 -0.111005 
0.456719 0 0.589619 0 0.589086 -0.11921 
0.456885 0 0.588004 0 0.58751 -0.127207 
0.457035 0 0.586388 0 0.585931 -0.135001 
0.457162 0 0.584763 0 0.584345 -0.142595 
0.457265 0 0.583129 0 0.582751 -0.149994 
0.457349 0 0.581493 0 0.581152 -0.157201 
0.457409 0 0.579851 0 0.579546 -0.164219 
0.457436 0 0.578193 0 0.577926 -0.171052 
0.457426 0 0.576518 0 0.576289 -0.177702 
0.457384 0 0.574831 0 0.574639 -0.18417 
0.457303 0 0.573128 0 0.572972 -0.190458 
0.457174 0 0.5714 0 0.571281 -0.196566 
0.456993 0 0.569649 0 0.569569 -0.202492 
0.456767 0 0.567886 0 0.567843 -0.208236 
0.456493 0 0.566114 0 0.566106 -0.213794 
0.456168 0 0.564334 0 0.564362 -0.219162 
0.455797 0 0.562556 0 0.562622 -0.224336 
0.455392 0 0.560799 0 0.560901 -0.229308 
0.454959 0 0.559075 0 0.559211 -0.234074 
0.4545 0 0.557386 0 0.557559 -0.238626 
0.454023 0 0.555743 0 0.555958 -0.242957 
0.453541 0 0.554163 0 0.554422 -0.247058 
0.453059 0 0.55265 0 0.552955 -0.250923 
0.452573 0 0.551203 0 0.551561 -0.254545 
0.452089 0 0.549823 0 0.550242 -0.257917 
0.451614 0 0.548522 0 0.549003 -0.261037 
0.451149 0 0.547298 0 0.547844 -0.2639 
0.450686 0 0.546144 0 0.546758 -0.266502 
0.450228 0 0.545061 0 0.545748 -0.268842 
0.449782 0 0.544061 0 0.544818 -0.270915 
0.449376 0 0.543165 0 0.543974 -0.272719 
0.449044 0 0.542393 0 0.543238 -0.274251 
0.448757 0 0.541733 0 0.542609 -0.275508 
0.448502 0 0.541176 0 0.542076 -0.276489 
0.448266 0 0.540706 0 0.541625 -0.277192 
0.448035 0 0.540306 0 0.541245 -0.277617 
0.447807 0 0.539973 0 0.540936 -0.277764 
0.447587 0 0.539715 0 0.5407 -0.277635 
0.447374 0 0.539529 0 0.540535 -0.277233 
0.447161 0 0.539405 0 0.540435 -0.27656 
0.446948 0 0.539344 0 0.540402 -0.27562 
0.446744 0 0.539353 0 0.540438 -0.274419 
0.446545 0 0.539429 0 0.540541 -0.272959 
0.446347 0 0.539565 0 0.540706 -0.271247 
0.44615 0 0.539761 0 0.540933 -0.269285 
0.445961 0 0.540024 0 0.541228 -0.267075 
0.445779 0 0.540354 0 0.541588 -0.264615 
0.445598 0 0.540745 0 0.542012 -0.261901 
0.445418 0 0.5412 0 0.542503 -0.25892 
0.445246 0 0.541732 0 0.543071 -0.255656 
0.445082 0 0.542347 0 0.543721 -0.25208 
0.444919 0 0.543046 0 0.544458 -0.248156 
0.444758 0 0.54384 0 0.545294 -0.243836 
0.444606 0 0.544753 0 0.546249 -0.239063 
0.444462 0 0.545799 0 0.547335 -0.233773 
0.44432 0 0.546985 0 0.548566 -0.227902 
0.44418 0 0.548329 0 0.549958 -0.221388 
0.44405 0 0.549852 0 0.551529 -0.214182 
0.443929 0 0.551561 0 0.553285 -0.206253 
0.44381 0 0.553453 0 0.555227 -0.197592 
0.443695 0 0.555527 0 0.557353 -0.188218 
0.443591 0 0.557784 0 0.55966 -0.178171 
0.443496 0 0.560209 0 0.562134 -0.167513 
0.443405 0 0.562778 0 0.564752 -0.156321 
0.443319 0 0.565472 0 0.567496 -0.14468 
0.443246 0 0.568279 0 0.570349 -0.132677 
0.443184 0 0.571175 0 0.573287 -0.120398 
0.443127 0 0.574134 0 0.576286 -0.107924 
0.443077 0 0.577137 0 0.579327 -0.0953275 
0.443041 0 0.580175 0 0.582397 -0.0826724 
0.443019 0 0.583231 0 0.585478 -0.0700144 
0.443003 0 0.586285 0 0.588553 -0.0574005 
0.442995 0 0.589324 0 0.59161 -0.04487 
0.443003 0 0.592348 0 0.594644 -0.0324553 
0.443024 0 0.595346 0 0.597644 -0.0201828 
0.443053 0 0.598305 0 0.6006 -0.00807393 
0.44309 0 0.601218 0 0.603506 0.0038547 
0.443142 0 0.604089 0 0.606363 0.0155899 
0.443207 0 0.606912 0 0.609164 0.0271214 
0.443278 0 0.609677 0 0.611904 0.0384416 
0.443355 0 0.612382 0 0.61458 0.0495453 
0.443446 0 0.615032 0 0.617197 0.0604287 
0.443547 0 0.617625 0 0.61975 0.0710898 
0.443652 0 0.620152 0 0.622237 0.0815271 
0.443761 0 0.622613 0 0.624658 0.0917411 
0.44388 0 0.625016 0 0.627017 0.101732 
0.444008 0 0.627358 0 0.629312 0.111502 
0.444137 0 0.629632 0 0.631543 0.121052 
0.444268 0 0.63184 0 0.633709 0.130385 
0.444407 0 0.633989 0 0.635817 0.139504 
0.444552 0 0.63608 0 0.637865 0.148411 
0.444696 0 0.638104 0 0.639853 0.15711 
0.44484 0 0.640064 0 0.641781 0.165604 
0.444991 0 0.641969 0 0.643657 0.173896 
0.445146 0 0.643818 0 0.645478 0.181991 
0.445299 0 0.645605 0 0.647245 0.189891 
0.445451 0 0.647332 0 0.648959 0.197601 
0.445609 0 0.649008 0 0.650626 0.205123 
0.44577 0 0.650633 0 0.652246 0.212463 
0.445929 0 0.6522 0 0.653818 0.219623 
0.446086 0 0.653713 0 0.655343 0.226607 
0.446248 0 0.655179 0 0.656828 0.233418 
0.446414 0 0.6566 0 0.658273 0.240062 
0.446578 0 0.657969 0 0.659675 0.24654 
0.44674 0 0.659288 0 0.661039 0.252856 
0.446907 0 0.660566 0 0.662368 0.259014 
0.447078 0 0.661805 0 0.663663 0.265018 
0.447247 0 0.662997 0 0.664923 0.27087 
0.447416 0 0.664143 0 0.66615 0.276574 
0.447591 0 0.665256 0 0.667349 0.282133 
0.447771 0 0.666333 0 0.66852 0.28755 
0.44795 0 0.667369 0 0.669663 0.292829 
0.448129 0 0.668366 0 0.670779 0.297973 
0.448317 0 0.669333 0 0.671873 0.302985 
0.448511 0 0.670271 0 0.672947 0.307868 
0.448707 0 0.671173 0 0.673998 0.312625 
0.448906 0 0.672041 0 0.67503 0.317259 
0.449115 0 0.672886 0 0.676047 0.321773 
0.449334 0 0.673707 0 0.67705 0.326172 
0.449558 0 0.674497 0 0.678038 0.330457 
0.449789 0 0.67526 0 0.679015 0.334633 
0.450035 0 0.676006 0 0.679986 0.338702 
0.450296 0 0.676735 0 0.680951 0.342669 
0.450567 0 0.67744 0 0.681912 0.346538 
0.450852 0 0.678125 0 0.68287 0.350311 
0.451159 0 0.678801 0 0.683834 0.353994 
0.451489 0 0.679468 0 0.684805 0.35759 
0.451839 0 0.680121 0 0.685784 0.361103 
0.452213 0 0.680763 0 0.686775 0.364538 
0.452621 0 0.681406 0 0.687787 0.367899 
0.453065 0 0.682052 0 0.688822 0.371189 
0.453542 0 0.682696 0 0.689882 0.374414 
0.454058 0 0.683342 0 0.690972 0.377575 
0.454622 0 0.684003 0 0.6921 0.380676 
0.455237 0 0.684679 0 0.693268 0.383719 
0.455898 0 0.685366 0 0.694476 0.386706 
0.456607 0 0.686067 0 0.695725 0.389636 
0.457372 0 0.686793 0 0.697018 0.39251 
0.458189 0 0.687543 0 0.698352 0.395328 
0.459049 0 0.688309 0 0.699721 0.398088 
0.459949 0 0.689089 0 0.701119 0.400791 
0.460891 0 0.689892 0 0.702546 0.403435 
0.461867 0 0.690712 0 0.703994 0.406021 
0.462866 0 0.69154 0 0.705454 0.408548 
0.463883 0 0.692371 0 0.706921 0.411017 
0.464922 0 0.693213 0 0.708396 0.413427 
0.465974 0 0.694061 0 0.709872 0.415779 
0.467032 0 0.694903 0 0.711343 0.418075 
0.468091 0 0.695738 0 0.712809 0.420315 
0.469157 0 0.696573 0 0.714269 0.4225 
0.470226 0 0.697404 0 0.715723 0.424631 
0.471289 0 0.69822 0 0.717164 0.42671 
0.472345 0 0.699021 0 0.718594 0.428737 
0.473401 0 0.699815 0 0.720016 0.430714 
0.474454 0 0.700599 0 0.721428 0.432641 
0.475495 0 0.701363 0 0.722826 0.434521 
0.476526 0 0.702106 0 0.724212 0.436354 
0.477553 0 0.702838 0 0.725589 0.438141 
0.478573 0 0.703555 0 0.726956 0.439883 
0.47958 0 0.704248 0 0.728309 0.441582 
0.480574 0 0.704918 0 0.729651 0.443239 
0.481563 0 0.705572 0 0.730985 0.444854 
0.482544 0 0.706209 0 0.73231 0.446429 
0.48351 0 0.706819 0 0.733623 0.447964 
0.484463 0 0.707403 0 0.734925 0.449461 
0.48541 0 0.707969 0 0.736221 0.450921 
0.486349 0 0.708516 0 0.737509 0.452344 
0.487273 0 0.709033 0 0.738787 0.453732 
0.488183 0 0.709522 0 0.740055 0.455085 
0.489087 0 0.709991 0 0.741319 0.456404 
0.489983 0 0.710438 0 0.742576 0.45769 
0.490864 0 0.710854 0 0.743824 0.458944 
0.491732 0 0.711239 0 0.745064 0.460167 
0.492594 0 0.711603 0 0.7463 0.461359 
0.493448 0 0.711943 0 0.747531 0.462521 
0.494288 0 0.71225 0 0.748755 0.463654 
0.495114 0 0.712524 0 0.749971 0.464759 
0.495935 0 0.712774 0 0.751185 0.465837 
0.496748 0 0.712999 0 0.752395 0.466887 
0.497548 0 0.713188 0 0.753597 0.467911 
0.498334 0 0.713343 0 0.754794 0.468909 
0.499115 0 0.713472 0 0.755988 0.469883 
0.499889 0 0.713573 0 0.757179 0.470832 
0.500649 0 0.713637 0 0.758364 0.471758 
0.501396 0 0.713663 0 0.759543 0.47266 
0.502138 0 0.713661 0 0.76072 0.47354 
0.502874 0 0.71363 0 0.761894 0.474398 
0.503595 0 0.713558 0 0.763062 0.475234 
0.504304 0 0.713447 0 0.764224 0.476049 
0.505008 0 0.713306 0 0.765384 0.476844 
0.505705 0 0.713132 0 0.766542 0.47762 
0.506389 0 0.712915 0 0.767692 0.478375 
0.507059 0 0.712657 0 0.768837 0.479112 
0.507724 0 0.712365 0 0.769979 0.479831 
0.508383 0 0.712038 0 0.771118 0.480531 
0.509027 0 0.711666 0 0.772249 0.481214 
0.509659 0 0.711249 0 0.773373 0.48188 
0.510284 0 0.710797 0 0.774494 0.482529 
0.510647 0 0.710519 0 0.775204 0.483162 
0.5108 0 0.710358 0 0.775599 0.48378 
0.510845 0 0.71026 0 0.775805 0.484382 
0.510856 0 0.710176 0 0.775938 0.484968 
0.510911 0 0.710128 0 0.776106 0.48554 
0.510991 0 0.710087 0 0.776301 0.486098 
0.511093 0 0.710043 0 0.776523 0.486642 
0.511221 0 0.710001 0 0.776774 0.487172 
0.511372 0 0.709956 0 0.777053 0.487689 
0.511535 0 0.709899 0 0.777352 0.488193 
0.511712 0 0.70983 0 0.777671 0.488685 
0.511908 0 0.709756 0 0.778016 0.489164 
0.512123 0 0.709676 0 0.778384 0.489631 
0.512348 0 0.70958 0 0.77877 0.490087 
0.512528 0 0.70958 0 0.779051 0.490531 
0.512692 0 0.709648 0 0.779274 0.490964 
0.512862 0 0.709756 0 0.779477 0.491386 
0.513042 0 0.70988 0 0.779679 0.491798 
0.513238 0 0.710017 0 0.779895 0.492199 
0.51346 0 0.710178 0 0.780131 0.49259 
0.513707 0 0.710368 0 0.780385 0.492972 
0.513973 0 0.710581 0 0.780653 0.493344 
0.514259 0 0.71082 0 0.780935 0.493706 
0.514573 0 0.711096 0 0.781237 0.49406 
0.514916 0 0.711408 0 0.781558 0.494405 
0.51528 0 0.711746 0 0.781894 0.494741 
0.515667 0 0.712113 0 0.782248 0.495069 
0.516085 0 0.712518 0 0.782624 0.495388 
0.516531 0 0.71296 0 0.783022 0.4957 
0.516999 0 0.713431 0 0.783436 0.496004 
0.51749 0 0.713932 0 0.783869 0.4963 
0.518009 0 0.714474 0 0.784325 0.496589 
0.518556 0 0.715058 0 0.784803 0.49687 
0.519122 0 0.715674 0 0.785299 0.497145 
0.519708 0 0.716327 0 0.785816 0.497412 
0.52032 0 0.717028 0 0.78636 0.497673 
0.520955 0 0.717781 0 0.786932 0.497928 
0.521606 0 0.71858 0 0.78753 0.498176 
0.522273 0 0.719432 0 0.78816 0.498418 
0.522962 0 0.720353 0 0.788831 0.498654 
0.523672 0 0.72135 0 0.789546 0.498884 
0.524394 0 0.72242 0 0.790307 0.499108 
0.525129 0 0.723572 0 0.79112 0.499326 
0.525885 0 0.724821 0 0.791993 0.49954 
0.526463 0 0.726168 0 0.792648 0.499747 
0.526936 0 0.727542 0 0.793249 0.49995 
0.527362 0 0.728946 0 0.793869 0.500147 
0.527781 0 0.730404 0 0.794533 0.50034 
0.528363 0 0.732053 0 0.795372 0.500528 
0.529053 0 0.733812 0 0.796367 0.500711 
0.529807 0 0.735658 0 0.797455 0.500889 
0.530606 0 0.737578 0 0.798601 0.501063 
0.531489 0 0.739543 0 0.799868 0.501233 
0.532291 0 0.741437 0 0.801074 0.501399 
0.5333 0 0.743522 0 0.802439 0.50156 
0.534137 0 0.745528 0 0.803585 0.501717 
0.53507 0 0.747523 0 0.804854 0.50187 
0.536043 0 0.749505 0 0.806146 0.50202 
0.537052 0 0.751462 0 0.807454 0.502166 
0.538103 0 0.753391 0 0.808777 0.502308 
0.539193 0 0.755282 0 0.810108 0.502447 
0.540313 0 0.757118 0 0.811441 0.502582 
0.541462 0 0.758891 0 0.812771 0.502713 
0.542558 0 0.760584 0 0.813998 0.502842 
0.543763 0 0.762294 0 0.815248 0.502967 
0.544987 0 0.763887 0 0.816504 0.503089 
0.546228 0 0.76538 0 0.817747 0.503208 
0.547488 0 0.766785 0 0.818963 0.503324 
0.548759 0 0.768103 0 0.820134 0.503437 
0.550031 0 0.769321 0 0.821248 0.503548 
0.5513 0 0.770435 0 0.822298 0.503655 
0.552572 0 0.771448 0 0.823278 0.50376 
0.553843 0 0.772354 0 0.82418 0.503862 
0.555104 0 0.773137 0 0.824992 0.503962 
0.556356 0 0.773791 0 0.825709 0.504059 
0.557606 0 0.77432 0 0.826328 0.504154 
0.558853 0 0.774718 0 0.826843 0.504246 
0.560089 0 0.774973 0 0.82725 0.504336 
0.561318 0 0.775086 0 0.827548 0.504424 
0.562547 0 0.775069 0 0.827745 0.50451 
0.563776 0 0.774925 0 0.827844 0.504593 
0.565001 0 0.774654 0 0.82785 0.504675 
0.566222 0 0.774267 0 0.827776 0.504754 
0.567449 0 0.773787 0 0.827635 0.504831 
0.568683 0 0.773227 0 0.827442 0.504907 
0.569916 0 0.772592 0 0.827207 0.50498 
0.571152 0 0.7719 0 0.826946 0.505052 
0.572398 0 0.771174 0 0.826678 0.505122 
0.573464 0 0.770255 0 0.826403 0.50519 
0.574515 0 0.769431 0 0.825992 0.505257 
0.575356 0 0.768555 0 0.825466 0.505321 
0.576234 0 0.767825 0 0.824848 0.505385 
0.57713 0 0.767187 0 0.824224 0.505446 
0.577862 0 0.766475 0 0.823628 0.505506 
0.578642 0 0.765919 0 0.823022 0.505565 
0.579453 0 0.765482 0 0.822465 0.505622 
0.580143 0 0.765013 0 0.822019 0.505678 
0.580893 0 0.764745 0 0.821603 0.505732 
0.581528 0 0.764458 0 0.82126 0.505785 
0.582223 0 0.764375 0 0.820944 0.505836 
0.583196 0 0.764307 0 0.821071 0.505887 
0.58419 0 0.763956 0 0.821781 0.505936 
0.585405 0 0.763701 0 0.822841 0.505984 
0.586785 0 0.763587 0 0.824168 0.50603 
0.588276 0 0.763611 0 0.825707 0.506076 
0.589838 0 0.763756 0 0.827422 0.50612 
0.591446 0 0.764014 0 0.829287 0.506163 
0.593093 0 0.76439 0 0.831286 0.506206 
0.594764 0 0.764878 0 0.833402 0.506247 
0.596444 0 0.765463 0 0.835621 0.506287 
0.59813 0 0.76614 0 0.837934 0.506326 
0.599824 0 0.766914 0 0.840332 0.506364 
0.601521 0 0.767776 0 0.842806 0.506401 
0.603221 0 0.768699 0 0.845355 0.506437 
0.604914 0 0.769709 0 0.847963 0.506472 
0.606606 0 0.770794 0 0.850624 0.506507 
0.608307 0 0.77193 0 0.853345 0.50654 
0.609993 0 0.773132 0 0.8561 0.506573 
0.611452 0 0.774441 0 0.858483 0.506605 
0.61269 0 0.775764 0 0.860541 0.506635 
0.613763 0 0.777108 0 0.862353 0.506665 
0.614718 0 0.778466 0 0.864023 0.506694 
0.6156 0 0.779836 0 0.865638 0.506723 
0.616443 0 0.781221 0 0.867245 0.506751 
0.61726 0 0.782614 0 0.868854 0.506778 
0.618051 0 0.784007 0 0.870456 0.506804 
0.618818 0 0.785399 0 0.87204 0.506829 
0.619571 0 0.7868 0 0.873601 0.506854 
0.620309 0 0.788211 0 0.875133 0.506878 
0.621027 0 0.78962 0 0.876634 0.506901 
0.621726 0 0.791029 0 0.878106 0.506923 
0.622416 0 0.792443 0 0.87955 0.506945 
0.623094 0 0.793862 0 0.880966 0.506965 
0.623755 0 0.795276 0 0.882351 0.506985 
0.624399 0 0.796684 0 0.883705 0.507004 
0.625035 0 0.798095 0 0.885029 0.507022 
0.625618 0 0.799724 0 0.886324 0.507039 
0.626219 0 0.801417 0 0.887545 0.507056 
0.626404 0 0.803471 1 0.887649 0.507085 
0.626466 0 0.805492 1 0.887671 0.507091 
0.626458 0 0.807438 1 0.887678 0.507099 
0.626409 0 0.809328 1 0.887659 0.507091 
0.62633 0 0.811178 1 0.88761 0.507078 
0.626228 0 0.812985 1 0.887543 0.507048 
0.626111 0 0.814747 1 0.887468 0.506996 
0.625988 0 0.81647 1 0.887406 0.506903 
0.62587 0 0.81817 1 0.887395 0.506752 
0.625709 0 0.819846 1 0.887382 0.506516 
0.625598 0 0.82146 1 0.88734 0.506156 
0.625493 0 0.823176 1 0.887164 0.50562 
0.625392 0 0.824847 1 0.886975 0.504836 
0.62527 0 0.826447 1 0.886803 0.503715 
0.62513 0 0.827959 1 0.88656 0.502136 
0.624987 0 0.829384 0 0.886212 0.499955 
0.624841 0 0.830782 0 0.88585 0.497855 
0.624687 0 0.832152 0 0.885481 0.495833 
0.624524 0 0.833494 0 0.885109 0.493896 
0.624359 0 0.834299 0 0.884681 0.492049 
0.62421 0 0.834959 0 0.884209 0.490294 
0.624048 0 0.835467 0 0.883668 0.488633 
0.623872 0 0.835859 0 0.883088 0.487068 
0.623691 0 0.836218 0 0.882509 0.4856 
0.623504 0 0.836545 0 0.881935 0.48423 
0.623451 0 0.837257 1 0.881788 0.482959 
0.623406 0 0.837756 0 0.881441 0.481099 
0.623353 0 0.838119 0 0.881045 0.479382 
0.623294 0 0.838396 0 0.880634 0.477804 
0.62323 0 0.838622 0 0.88022 0.476364 
0.623159 0 0.838808 0 0.879799 0.475057 
0.623077 0 0.838948 0 0.879365 0.47388 
0.62298 0 0.839032 0 0.878908 0.472828 
0.622884 0 0.839185 0 0.878395 0.471896 
0.622786 0 0.839325 0 0.877842 0.471078 
0.622859 0 0.839599 0 0.877499 0.47037 
0.623033 0 0.839918 0 0.877273 0.469764 
0.623249 0 0.840231 0 0.877078 0.469256 
0.623431 0 0.840533 0 0.876859 0.468839 
0.623581 0 0.840791 0 0.876607 0.468507 
0.623706 0 0.841131 0 0.876533 0.468255 
0.623796 0 0.841435 0 0.876485 0.468077 
0.623858 0 0.841676 0 0.876406 0.467968 
0.623895 0 0.841857 0 0.8763 0.467922 
0.623981 0 0.842031 0 0.876236 0.467934 
0.624103 0 0.842215 0 0.876216 0.468 
0.624244 0 0.842418 0 0.876258 0.468114 
0.62439 0 0.842625 0 0.876339 0.468272 
0.624533 0 0.842819 0 0.876439 0.46847 
0.624654 0 0.843051 0 0.876508 0.468704 
0.624776 0 0.843271 0 0.876584 0.468971 
0.6249 0 0.843473 0 0.876671 0.469267 
0.625029 0 0.843663 0 0.876776 0.46959 
0.625167 0 0.843846 0 0.876904 0.469935 
0.625314 0 0.844022 0 0.877056 0.470301 
0.62547 0 0.844192 0 0.877233 0.470686 
0.625636 0 0.844354 0 0.877432 0.471086 
0.62581 0 0.844509 0 0.877652 0.471499 
0.625993 0 0.844655 0 0.877895 0.471925 
0.626184 0 0.844794 0 0.878158 0.472361 
0.626385 0 0.844924 0 0.878443 0.472805 
0.626594 0 0.845045 0 0.878749 0.473256 
0.626812 0 0.845158 0 0.879076 0.473713 
0.627039 0 0.845261 0 0.879423 0.474174 
0.627275 0 0.845356 0 0.87979 0.474638 
0.627253 0 0.845553 1 0.879752 0.475104 
0.627244 0 0.84587 1 0.879704 0.475425 
0.627302 0 0.846312 1 0.879665 0.475553 
0.627418 0 0.846828 1 0.879643 0.475424 
0.627509 0 0.84731 1 0.879717 0.474959 
0.627615 0 0.847809 1 0.879737 0.474062 
0.627759 0 0.84831 1 0.879727 0.472615 
0.627857 0 0.848572 1 0.879503 0.470483 
0.627924 0 0.848614 0 0.879077 0.467522 
0.627982 0 0.848665 0 0.878738 0.464824 
0.628036 0 0.848735 0 0.878457 0.462386 
0.628091 0 0.848826 0 0.878218 0.460202 
0.62815 0 0.848938 0 0.878017 0.458266 
0.628213 0 0.84907 0 0.877852 0.456571 
0.628277 0 0.849216 0 0.877722 0.455106 
0.628341 0 0.849373 0 0.877624 0.453861 
0.628404 0 0.849538 0 0.877558 0.452825 
0.628465 0 0.84971 0 0.877523 0.451984 
0.628524 0 0.84989 0 0.877519 0.451327 
0.628583 0 0.850079 0 0.877547 0.450839 
0.62864 0 0.850276 0 0.877607 0.450507 
0.628697 0 0.850482 0 0.877696 0.450318 
0.628751 0 0.850694 0 0.877813 0.450259 
0.628756 1 0.850773 0 0.877873 0.450318 
0.628725 1 0.850819 0 0.877953 0.45059 
0.628684 1 0.85081 0 0.878088 0.451026 
0.628639 1 0.850762 0 0.878265 0.451591 
0.628595 1 0.850684 0 0.878473 0.452255 
0.628554 1 0.850581 0 0.878708 0.452992 
0.62852 1 0.850461 0 0.878967 0.45379 
0.628528 1 0.850576 1 0.879009 0.454633 
0.62859 1 0.850618 1 0.878835 0.455324 
0.628687 1 0.850659 1 0.878612 0.455838 
0.628809 1 0.850725 1 0.878376 0.456132 
0.628956 1 0.850813 1 0.878142 0.456177 
0.629106 1 0.850939 1 0.877864 0.455923 
0.629284 1 0.851084 1 0.877605 0.455333 
0.629505 1 0.85125 1 0.877378 0.45435 
0.629779 1 0.851441 1 0.877191 0.452931 
0.630114 1 0.851663 1 0.87705 0.451022 
0.630519 1 0.851908 1 0.876964 0.448589 
0.631 1 0.85218 1 0.876941 0.445591 
0.631562 1 0.852484 1 0.876983 0.442008 
0.632225 1 0.852825 1 0.877095 0.437821 
0.632966 1 0.853204 1 0.877272 0.433023 
0.633793 1 0.853615 1 0.877507 0.427635 
0.634725 1 0.854064 1 0.877809 0.421684 
0.63575 1 0.85455 1 0.878179 0.415206 
0.636832 1 0.855058 1 0.878595 0.408253 
0.638001 1 0.855593 1 0.879053 0.400877 
0.639213 1 0.856122 1 0.879525 0.393137 
0.640501 1 0.856636 1 0.880003 0.385088 
0.641814 1 0.8571 1 0.880482 0.376799 
0.643153 1 0.857501 1 0.88097 0.368315 
0.64444 1 0.857741 1 0.881355 0.359691 
0.645689 0 0.857861 0 0.88167 0.350967 
0.646909 0 0.858276 0 0.882327 0.343605 
0.648108 0 0.858946 0 0.883278 0.337453 
0.649066 0 0.859537 1 0.883777 0.33237 
0.650028 0 0.860092 1 0.884152 0.326267 
0.650971 0 0.860501 1 0.884403 0.319172 
0.651965 1 0.86073 0 0.884887 0.311139 
0.652949 1 0.861289 1 0.885133 0.304879 
0.654002 1 0.861788 1 0.885413 0.298224 
0.655119 1 0.862279 1 0.885689 0.291191 
0.656295 1 0.862769 1 0.885981 0.283816 
0.657523 1 0.863268 1 0.886296 0.276099 
0.658826 1 0.863784 1 0.886639 0.268063 
0.66019 1 0.864312 1 0.887008 0.259684 
0.661578 1 0.864834 1 0.88738 0.250949 
0.663031 1 0.865358 1 0.887751 0.241835 
0.664543 1 0.865874 1 0.88812 0.232303 
0.666111 1 0.866376 1 0.888492 0.222298 
0.667733 1 0.866859 1 0.888865 0.211776 
0.669408 1 0.867325 1 0.889245 0.200693 
0.67128 1 0.867908 1 0.88956 0.189044 
0.673308 1 0.868595 1 0.889875 0.176838 
0.675431 1 0.86935 1 0.89021 0.164155 
0.677595 1 0.870127 1 0.890572 0.151123 
0.679774 1 0.870892 1 0.890963 0.137871 
0.681961 1 0.871582 1 0.891428 0.124528 
0.684055 1 0.872209 1 0.891797 0.1112 
0.68609 1 0.872737 1 0.892068 0.0979745 
0.688077 1 0.873215 1 0.892295 0.0849091 
0.69002 1 0.873651 1 0.89249 0.0720528 
0.691922 1 0.874053 1 0.892655 0.0594295 
0.693784 1 0.874426 1 0.892791 0.0470593 
0.695607 1 0.874775 1 0.892896 0.0349568 
0.69739 1 0.875102 1 0.892971 0.0231282 
0.69913 1 0.875408 1 0.893017 0.0115684 
0.700828 1 0.875694 1 0.893035 0.00028702 
0.702482 1 0.875958 1 0.893027 -0.0107281 
0.704091 1 0.876202 1 0.892996 -0.0214795 
0.705658 1 0.876427 1 0.892941 -0.0319749 
0.70718 1 0.876634 1 0.892865 -0.0422082 
0.708659 1 0.876822 1 0.892768 -0.0521901 
0.710095 1 0.876993 1 0.892651 -0.0619265 
0.711489 1 0.877145 1 0.892518 -0.0714204 
0.71284 1 0.877279 1 0.892368 -0.0806765 
0.714149 1 0.877397 1 0.892202 -0.0897066 
0.715417 1 0.8775 1 0.892021 -0.0985096 
0.716644 1 0.877587 1 0.891825 -0.107096 
0.717831 1 0.877659 1 0.891616 -0.115465 
0.718978 1 0.877717 1 0.891393 -0.123631 
0.720086 1 0.877761 1 0.891157 -0.131591 
0.721156 1 0.877791 1 0.890909 -0.139352 
0.722349 1 0.877912 1 0.890683 -0.146918 
0.723635 1 0.878083 1 0.890529 -0.154297 
0.724936 1 0.878265 1 0.890413 -0.161492 
0.726213 1 0.878442 1 0.890298 -0.168508 
0.727457 1 0.878602 1 0.890183 -0.175347 
0.72867 1 0.878745 1 0.890067 -0.182016 
0.729852 1 0.878876 1 0.889949 -0.188519 
0.731006 1 0.878997 1 0.889828 -0.19486 
0.732135 1 0.879112 1 0.889704 -0.201042 
0.73324 1 0.879222 1 0.889579 -0.207069 
0.734321 1 0.879328 1 0.889451 -0.212942 
0.735379 1 0.879428 1 0.889323 -0.218671 
0.736413 1 0.879524 1 0.889193 -0.224258 
0.737425 1 0.879615 1 0.889061 -0.229704 
0.738414 1 0.879702 1 0.88893 -0.235012 
0.739381 1 0.879785 1 0.888797 -0.240192 
0.740385 1 0.87986 1 0.888726 -0.245244 
0.741394 1 0.879936 1 0.888683 -0.250164 
0.742393 1 0.880015 1 0.888648 -0.254964 
0.743378 1 0.8801 1 0.888615 -0.259645 
0.74434 1 0.880196 1 0.888561 -0.264206 
0.745286 1 0.880302 1 0.888499 -0.268652 
0.746218 1 0.880416 1 0.888435 -0.272985 
0.747135 1 0.880533 1 0.888371 -0.277212 
0.748038 1 0.880651 1 0.888308 -0.281337 
0.74875 1 0.880544 1 0.888349 -0.285353 
0.749491 1 0.880472 1 0.888353 -0.289271 
0.750173 1 0.880419 1 0.888274 -0.293093 
0.750884 1 0.880396 1 0.888208 -0.296822 
0.75161 1 0.880404 1 0.888151 -0.300454 
0.752343 1 0.880434 1 0.888099 -0.303995 
0.753078 1 0.880483 1 0.888052 -0.307447 
0.753812 1 0.880544 1 0.888009 -0.310815 
0.754545 1 0.880614 1 0.887972 -0.314098 
0.755276 1 0.880693 1 0.887944 -0.317298 
0.756007 1 0.880779 1 0.887923 -0.320419 
0.756712 1 0.88084 1 0.887921 -0.323462 
0.757454 1 0.880958 1 0.887927 -0.32643 
0.758204 1 0.88109 1 0.887938 -0.329323 
0.758949 1 0.88123 1 0.887951 -0.332144 
0.759691 1 0.881375 1 0.88797 -0.334893 
0.76043 1 0.881525 1 0.887994 -0.337575 
0.76117 1 0.881684 1 0.888027 -0.340189 
0.761914 1 0.88185 1 0.888071 -0.342736 
0.762662 1 0.882026 1 0.888126 -0.345221 
0.763413 1 0.882209 1 0.888192 -0.347642 
0.764168 1 0.8824 1 0.888268 -0.350005 
0.764925 1 0.882597 1 0.888355 -0.352307 
0.765687 1 0.882802 1 0.888451 -0.354552 
0.766452 1 0.883015 1 0.888558 -0.356743 
0.767222 1 0.883235 1 0.888675 -0.358879 
0.767997 1 0.883463 1 0.888802 -0.360961 
0.768778 1 0.883699 1 0.88894 -0.362991 
0.769565 1 0.883943 1 0.889088 -0.364967 
0.770359 1 0.884195 1 0.889247 -0.366896 
0.77116 1 0.884455 1 0.889416 -0.368779 
0.771968 1 0.884723 1 0.889596 -0.370614 
0.772784 1 0.884999 1 0.889786 -0.372404 
0.773609 1 0.885284 1 0.889986 -0.374144 
0.774442 1 0.885577 1 0.890197 -0.375845 
0.775285 1 0.885878 1 0.890417 -0.377505 
0.776137 1 0.886188 1 0.890648 -0.379122 
0.777 1 0.886505 1 0.890889 -0.380698 
0.777873 1 0.886831 1 0.891141 -0.382235 
0.778757 1 0.887165 1 0.891402 -0.383731 
0.779652 1 0.887507 1 0.891673 -0.385192 
0.780559 1 0.887857 1 0.891954 -0.386616 
0.781479 1 0.888215 1 0.892244 -0.388004 
0.782412 1 0.888581 1 0.892544 -0.389358 
0.783358 1 0.888955 1 0.892854 -0.390677 
0.784318 1 0.889337 1 0.893172 -0.391965 
0.785292 1 0.889727 1 0.893499 -0.393219 
0.78628 1 0.890123 1 0.893836 -0.394441 
0.787284 1 0.890528 1 0.894181 -0.395632 
0.788303 1 0.89094 1 0.894535 -0.396796 
0.789338 1 0.891359 1 0.894896 -0.39793 
0.790389 1 0.891785 1 0.895266 -0.399034 
0.791457 1 0.892217 1 0.895644 -0.400112 
0.792543 1 0.892655 1 0.896029 -0.401164 
0.793646 1 0.8931 1 0.896421 -0.402188 
0.794767 1 0.893551 1 0.89682 -0.403187 
0.795907 1 0.894007 1 0.897226 -0.40416 
0.797065 1 0.894469 1 0.897638 -0.40511 
0.798243 1 0.894936 1 0.898056 -0.406035 
0.79944 1 0.895407 1 0.898479 -0.406939 
0.800658 1 0.895884 1 0.898907 -0.407817 
0.801895 1 0.896363 1 0.89934 -0.408674 
0.803154 1 0.896846 1 0.899777 -0.409513 
0.804433 1 0.897332 1 0.900218 -0.410328 
0.805734 1 0.897822 1 0.900662 -0.411123 
0.807057 1 0.898313 1 0.901108 -0.411898 
0.808402 1 0.898805 1 0.901557 -0.412655 
0.809769 1 0.899298 1 0.902007 -0.413392 
0.811159 1 0.899792 1 0.902458 -0.414111 
0.812571 1 0.900286 1 0.902909 -0.414812 
0.814006 1 0.90078 1 0.903359 -0.415496 
0.815465 1 0.901272 1 0.903809 -0.416161 
0.816946 1 0.901762 1 0.904257 -0.41681 
0.818452 1 0.902248 1 0.904702 -0.417443 
0.819981 1 0.902732 1 0.905144 -0.41806 
0.821533 1 0.903211 1 0.905582 -0.418662 
0.82311 1 0.903685 1 0.906016 -0.419248 
0.82471 1 0.904153 1 0.906444 -0.419819 
0.826335 1 0.904614 1 0.906865 -0.420377 
0.827983 1 0.905068 1 0.907278 -0.420919 
0.829655 1 0.905513 1 0.907684 -0.421448 
0.829088 1 0.905466 1 0.907259 -0.421973 
0.828657 1 0.905419 1 0.907023 -0.422473 
0.828299 1 0.905353 1 0.906821 -0.422965 
0.827961 1 0.905281 1 0.906642 -0.423445 
0.827625 1 0.905198 1 0.906476 -0.423911 
0.827292 1 0.905106 1 0.906317 -0.424364 
0.826967 1 0.905008 1 0.906165 -0.424809 
0.826656 1 0.904908 1 0.906023 -0.425242 
0.826372 1 0.904811 1 0.905887 -0.425664 
0.826113 1 0.90472 1 0.905761 -0.426075 
0.825876 1 0.904634 1 0.905643 -0.426476 
0.825657 1 0.904554 1 0.905531 -0.426866 
0.825456 1 0.90448 1 0.905425 -0.427248 
0.825271 1 0.90441 1 0.905326 -0.427619 
0.825105 1 0.904346 1 0.905232 -0.427979 
0.824957 1 0.904287 1 0.905145 -0.428332 
0.824828 1 0.904234 1 0.905065 -0.428676 
0.824718 1 0.904186 1 0.904991 -0.429011 
0.824626 1 0.904145 1 0.904924 -0.429338 
0.824553 1 0.904109 1 0.904864 -0.429657 
0.824499 1 0.904079 1 0.904811 -0.429968 
0.824463 1 0.904056 1 0.904764 -0.430272 
0.824446 1 0.904039 1 0.904724 -0.430567 
0.824447 1 0.904028 1 0.904691 -0.430854 
0.824467 1 0.904023 1 0.904665 -0.431135 
0.824507 1 0.904024 1 0.904645 -0.431408 
0.824564 1 0.904032 1 0.904632 -0.431674 
0.824641 1 0.904046 1 0.904625 -0.431934 
0.824736 1 0.904067 1 0.904625 -0.432185 
0.82485 1 0.904094 1 0.904632 -0.432433 
0.824983 1 0.904127 1 0.904645 -0.432673 
0.825135 1 0.904167 1 0.904664 -0.432907 
0.825305 1 0.904213 1 0.90469 -0.433136 
0.825495 1 0.904264 1 0.904723 -0.433358 
0.825703 1 0.904322 1 0.904762 -0.433576 
0.825931 1 0.904386 1 0.904807 -0.433789 
0.826177 1 0.904456 1 0.904858 -0.433996 
0.826442 1 0.904532 1 0.904916 -0.434195 
0.826726 1 0.904614 1 0.904979 -0.43439 
0.827029 1 0.904701 1 0.905049 -0.434581 
0.827352 1 0.904794 1 0.905123 -0.434766 
0.827693 1 0.904892 1 0.905204 -0.434948 
0.828053 1 0.904997 1 0.90529 -0.435125 
0.828432 1 0.905106 1 0.905381 -0.435297 
0.82883 1 0.90522 1 0.905478 -0.435464 
0.829246 1 0.905339 1 0.905579 -0.435627 
0.829682 1 0.905463 1 0.905686 -0.435787 
0.830137 1 0.905592 1 0.905797 -0.43594 
0.830611 1 0.905724 1 0.905913 -0.43609 
0.831103 1 0.905862 1 0.906033 -0.436236 
0.831615 1 0.906003 1 0.906157 -0.436379 
0.832145 1 0.906148 1 0.906285 -0.436517 
0.831841 1 0.906044 1 0.906166 -0.43665 
0.831615 1 0.905986 1 0.906093 -0.43678 
0.831424 1 0.905928 1 0.90602 -0.436906 
0.831252 1 0.905877 1 0.905953 -0.437029 
0.831091 1 0.90583 1 0.905891 -0.437148 
0.830943 1 0.905785 1 0.905832 -0.437263 
0.83081 1 0.905745 1 0.905777 -0.437377 
0.830696 1 0.90571 1 0.905726 -0.437489 
0.830602 1 0.905682 1 0.90568 -0.437596 
0.830529 1 0.905662 1 0.905638 -0.437699 
0.830474 1 0.905649 1 0.9056 -0.4378 
0.830438 1 0.905642 1 0.905568 -0.437897 
0.830421 1 0.905643 1 0.905539 -0.43799 
0.830422 1 0.90565 1 0.905516 -0.43808 
0.830442 1 0.905663 1 0.905496 -0.438166 
0.830481 1 0.905683 1 0.905483 -0.438252 
0.830538 1 0.905708 1 0.905473 -0.438334 
0.830614 1 0.90574 1 0.90547 -0.438413 
0.830708 1 0.905765 1 0.905461 -0.438489 
0.830819 1 0.905762 1 0.905428 -0.438562 
0.830946 1 0.905734 1 0.90537 -0.438632 
0.831089 1 0.905678 1 0.905284 -0.438698 
0.831247 1 0.905592 1 0.905142 -0.438759 
0.831421 0 0.905475 0 0.904948 -0.438817 
0.831616 0 0.905429 0 0.904814 -0.438862 
0.831832 0 0.905439 0 0.904727 -0.438892 
0.83207 0 0.905491 0 0.904678 -0.438903 
0.83233 0 0.905573 0 0.904655 -0.438891 
0.832231 0 0.905529 0 0.904785 -0.438852 
0.832129 0 0.905551 0 0.904915 -0.438779 
0.832029 0 0.905645 0 0.904997 -0.438665 
0.831938 1 0.905536 0 0.905284 -0.438504 
0.831865 1 0.90571 1 0.905235 -0.438252 
0.831784 1 0.905761 1 0.905208 -0.438015 
0.831716 1 0.905754 1 0.905194 -0.43779 
0.831666 1 0.905743 1 0.90519 -0.437576 
0.831633 1 0.905704 1 0.905158 -0.437366 
0.831615 1 0.905622 1 0.90508 -0.437162 
0.831609 1 0.905494 1 0.904945 -0.436957 
0.831603 1 0.905313 1 0.904716 -0.436748 
0.831684 0 0.90523 0 0.904343 -0.436531 
0.831629 0 0.905085 0 0.904149 -0.436203 
0.831611 0 0.905011 0 0.904058 -0.435744 
0.831621 0 0.905002 0 0.90404 -0.435129 
0.831628 0 0.905063 0 0.904085 -0.434333 
0.831632 0 0.905169 0 0.904185 -0.433328 
0.831628 0 0.905309 0 0.90433 -0.432084 
0.831615 0 0.905477 0 0.90451 -0.430569 
0.831588 0 0.905667 0 0.904717 -0.428747 
0.831522 0 0.905853 0 0.904932 -0.426578 
0.831424 0 0.906045 0 0.905143 -0.424018 
0.831272 0 0.906223 0 0.905349 -0.421017 
0.831084 0 0.906398 0 0.905547 -0.417522 
0.830852 0 0.90657 0 0.905735 -0.413474 
0.830574 0 0.906743 0 0.905916 -0.408815 
0.830252 0 0.906918 0 0.906094 -0.403485 
0.829882 0 0.907095 0 0.906273 -0.397432 
0.829462 0 0.907277 0 0.906453 -0.390615 
0.829037 0 0.907518 0 0.906631 -0.383006 
0.828584 0 0.907755 0 0.90685 -0.374596 
0.828103 0 0.907985 0 0.907097 -0.365399 
0.827605 0 0.908226 0 0.907344 -0.355445 
0.827076 0 0.908459 0 0.907589 -0.344788 
0.826518 0 0.908674 0 0.90782 -0.333494 
0.825907 0 0.908842 0 0.908027 -0.32164 
0.825259 0 0.908975 0 0.908181 -0.30931 
0.824575 0 0.909071 0 0.908282 -0.296592 
0.823861 0 0.909122 0 0.908331 -0.283569 
0.823127 0 0.909122 0 0.908328 -0.270323 
0.822378 0 0.909068 0 0.908271 -0.256929 
0.821621 0 0.908959 0 0.908159 -0.243455 
0.820859 0 0.908793 0 0.907991 -0.229964 
0.820094 0 0.908573 0 0.907768 -0.216509 
0.819331 0 0.908301 0 0.907493 -0.20314 
0.818572 0 0.907979 0 0.907169 -0.189898 
0.81782 0 0.907611 0 0.906797 -0.176821 
0.817077 0 0.9072 0 0.906383 -0.163939 
0.816345 0 0.90675 0 0.905929 -0.151282 
0.815626 0 0.906264 0 0.905438 -0.138873 
0.814922 0 0.905745 0 0.904914 -0.126732 
0.814232 0 0.905197 0 0.90436 -0.114878 
0.813559 0 0.904622 0 0.903778 -0.103325 
0.812902 0 0.90402 0 0.90317 -0.0920834 
0.812263 0 0.903395 0 0.902537 -0.081165 
0.811642 0 0.902746 0 0.90188 -0.0705755 
0.811038 0 0.902074 0 0.901201 -0.060318 
0.810452 0 0.90138 0 0.900499 -0.0503942 
0.809884 0 0.900662 0 0.899775 -0.0408029 
0.809333 0 0.899921 0 0.899027 -0.0315385 
0.808799 0 0.899157 0 0.898256 -0.0225944 
0.808282 0 0.898368 0 0.897463 -0.0139608 
0.807781 0 0.897557 0 0.896646 -0.00562697 
0.807297 0 0.896722 0 0.895808 0.00242194 
0.806827 0 0.895867 0 0.894949 0.0102009 
0.806373 0 0.894992 0 0.894071 0.0177233 
0.805933 0 0.8941 0 0.893178 0.0250059 
0.805508 0 0.893194 0 0.89227 0.0320626 
0.805096 0 0.892277 0 0.891353 0.038907 
0.804699 0 0.891352 0 0.890428 0.0455526 
0.804315 0 0.890423 0 0.8895 0.0520087 
0.803944 0 0.889494 0 0.888572 0.0582855 
